2.062997489711719723e+01
9.950898388731353350e+00
1.037700441981391108e+01
1.387157465678818014e+01
5.320777914908429551e+00
1.071257043255021202e+01
2.314837740937010935e+01
1.260458873737903218e+01
1.312178675566006270e+01
9.220245858333001365e+00
1.464858836458148517e+01
1.717412270770417493e+01
2.348622556937595718e+01
9.709062162198275558e+00
1.027361594730130712e+01
1.290866016408904571e+01
1.799764771055714974e+01
9.546997812147090201e+00
9.249385767764186639e+00
8.206505806786676516e+00
5.541014935825699261e+00
3.765062584228265674e+00
1.214817734286356909e+01
1.674860224552258714e+01
1.655427099864728291e+01
1.070089797344357052e+01
8.887127816637939048e+00
1.187665493332340638e+01
6.219856066634341651e+00
1.259525293697598869e+01
1.089418831787996567e+01
1.000424127107787875e+01
1.257235929627805859e+01
1.399760108990001939e+01
5.829452087443243613e+00
6.143665712500244069e+00
9.446724026803686058e+00
1.801086848792223805e+01
1.233585562285734483e+01
1.161374937436854538e+01
1.332455834302975362e+01
1.280120218697209467e+01
1.445275940280605198e+01
1.234999039980957392e+01
1.081763561339619706e+01
1.121265352959724027e+01
6.638378689480212813e+00
7.483431516347133439e+00
1.310751644622049561e+01
1.263422488609723437e+01
1.647765159443950012e+01
1.198282775601891359e+01
1.469291993726607259e+01
9.234959880363048157e+00
1.485085909004647498e+01
8.718087409839309743e+00
7.763547363533621848e+00
1.227207500280873553e+01
1.323916938429053047e+01
1.532725853642871705e+01
1.632822354426201628e+01
1.543223603013111145e+01
1.212033731358771682e+01
1.350668957166011452e+01
1.880960381316619845e+01
1.374168801943961959e+01
1.530459538310509338e+01
8.509204192969651359e+00
1.127161871069398380e+01
1.609248453902159781e+01
1.619198016613321656e+01
1.404515805734714107e+01
1.512392882510564540e+01
1.383906451308724250e+01
1.321368252653648412e+01
1.852291722942614527e+01
1.375339717329103451e+01
1.169664042371575619e+01
1.053664931580268771e+01
1.621545245479989816e+01
1.592025839197486192e+01
8.772875135533555024e+00
1.456042672163759377e+01
1.082327564657808772e+01
1.188964882206446916e+01
1.359287434134808237e+01
1.301024561671587776e+01
1.054838793154680587e+01
8.608151710241877197e+00
1.150935665342404768e+01
1.441644283706492402e+01
1.174387696180232332e+01
1.631455683445112115e+01
1.727010062348707820e+01
1.329457370569877384e+01
1.300109091552058871e+01
1.408434955217982321e+01
1.127648140360903461e+01
1.616300191641882478e+01
8.541338049093202045e+00
1.345879126539188952e+01
1.109369958148750790e+01
9.848189383611929415e+00
1.187513659510806718e+01
1.458730946676928397e+01
1.046722668896726027e+01
1.160641676868376138e+01
1.175548145133588562e+01
1.315508609029910581e+01
1.223762185173490735e+01
1.257680035424652054e+01
1.305301167304915211e+01
9.421305437483795231e+00
1.837412548204117257e+00
1.286780551535079198e+01
1.441359761347487023e+01
1.296864582758823303e+01
8.533227998782795254e+00
7.311923834638826669e+00
1.008315190266728933e+01
1.657670101023018461e+01
1.374404257393862139e+01
8.960529693630657988e+00
9.756469313286439515e+00
1.027877526626700799e+01
1.056713444874967678e+01
1.213004812631094076e+01
1.493589462046881167e+01
9.767297575946138011e+00
1.034157627806333757e+01
1.266604754907820229e+01
1.026286484470870164e+01
1.219243489308255768e+01
1.177212849208518719e+01
1.837358296226110355e+01
1.425224675499302229e+01
1.448467617315984413e+01
1.428944492370578701e+01
1.126627080989422325e+01
1.090678896013354482e+01
1.444380864214545390e+01
9.394545227176386959e+00
9.443610008858419391e+00
1.123250936239012887e+01
9.836667490119756607e+00
1.107145079295861478e+01
1.397144362961002706e+01
9.885910471908022856e+00
1.273921809558056140e+01
1.562701262246137013e+01
1.262266323536501922e+01
4.952507721446830047e+00
1.362573977957080551e+01
6.263182849504997485e+00
1.009935847062602043e+01
1.323667469626498594e+01
1.281792439626736169e+01
1.218727676565596418e+01
9.457063763650900512e+00
1.096036806718116807e+01
1.319092739801044090e+01
1.233543297981988829e+01
1.223938841947511058e+01
1.306592621880646377e+01
9.731664282135238153e+00
1.013954823123586024e+01
2.098675360649609800e+01
1.759977612501972644e+01
1.450494032700064295e+01
1.450642898817247328e+01
1.073301606517790319e+01
1.549345804783236069e+01
1.135013222923765852e+01
9.100747258508777193e+00
1.017831061683166283e+01
1.179273782568397522e+01
1.052722114777106377e+01
1.378119807069340652e+01
9.269261987581216999e+00
1.380732559992233988e+01
1.072515429444388246e+01
1.177442934193766355e+01
1.503482986086468820e+01
1.506104030474527278e+01
1.349357101511619561e+01
8.044791688289084419e+00
1.297823607089156717e+01
1.230523769660589117e+01
1.698000615618241937e+01
7.693726647541403452e+00
1.427908533230454324e+01
1.174145493963703935e+01
1.150268286518391747e+01
1.353917244860001645e+01
1.496553993116569004e+01
1.091711491542487700e+01
9.435435770538820321e+00
1.447845420677099959e+01
1.117738826665275909e+01
1.517069547050155442e+01
1.144207301856671677e+01
1.008276361097004070e+01
1.213841871686036100e+01
1.535136671579461876e+01
1.557550327660471190e+01
1.330904379289132677e+01
1.319684196570297807e+01
1.374193909692194460e+01
1.518931958253811665e+01
1.477338772413940937e+01
1.308587913056297580e+01
1.109101580084429450e+01
1.493964700837853599e+01
1.111233884787273496e+01
1.074599415674874159e+01
1.170997092269827178e+01
1.279246369209690393e+01
1.185376682970916029e+01
1.218412687205220024e+01
1.015059821582459421e+01
1.055451876793727628e+01
1.343827444465759591e+01
1.386203536367707123e+01
1.114044837955027489e+01
1.064469609726388910e+01
1.199527534926680694e+01
1.298088689241428284e+01
1.350879482759340888e+01
1.339996819381644677e+01
1.154925302886382354e+01
1.018789707093417540e+01
1.379580701426849920e+01
1.093832684114600262e+01
1.164719167712500081e+01
1.300595564768631007e+01
1.447694539380037604e+01
1.413092521306768390e+01
1.286619139137880019e+01
1.194450509664382309e+01
1.017614673912681056e+01
1.026068794401193252e+01
1.269084688791029514e+01
6.850617048529624498e+00
1.488880454453104818e+01
1.293607624157607816e+01
1.195904599289469949e+01
1.282049150247574509e+01
1.079196419368381576e+01
1.531407785993630277e+01
1.591520330206846090e+01
1.074231707128415181e+01
1.226051798761693767e+01
1.105318663420035463e+01
1.394542972663645308e+01
1.359783108222633885e+01
1.075444028036652888e+01
1.289385949144168109e+01
1.312027766005327045e+01
9.576098828622034986e+00
1.075133443180406978e+01
1.197520021867304152e+01
7.028931554773141244e+00
1.107773164880455496e+01
1.336322284618104561e+01
1.115276386242844531e+01
1.353107473952525375e+01
1.649625534741912247e+01
1.247901154307101379e+01
1.124807189238707039e+01
1.733011458138192040e+01
1.170587313721475553e+01
1.833567796809633776e+01
1.385337144532074127e+01
1.291862919379404850e+01
1.560221784112291843e+01
1.250272295161962077e+01
1.727694378244015638e+01
1.649954196084406632e+01
1.142238741106271327e+01
1.102161230632887801e+01
1.122439065178278028e+01
1.432645279591861431e+01
1.320001074608844149e+01
2.181774510638784648e+01
3.940003575630301214e+01
4.396095442819098054e+01
6.593053927897148014e+01
6.914574882027157798e+01
7.538111996524688152e+01
7.519087583278367504e+01
5.789704228698997213e+01
4.788676296219673389e+01
3.040182922227857887e+01
2.107479979408301674e+01
1.869766238508137235e+01
1.300890760840971794e+01
7.680244648182416256e+00
8.545352752217659997e+00
9.032423240722199154e+00
1.024565149104652662e+01
1.037430498203272577e+01
1.225101273972595273e+01
1.157481499620181076e+01
1.771170755529015395e+01
1.358837010555089186e+01
1.235243236573555059e+01
1.187254842292069945e+01
1.459804850158729828e+01
1.371223899553991288e+01
7.023465262522915253e+00
1.103614861856373608e+01
1.349801771421058305e+01
1.254445105905289282e+01
1.189077795439486351e+01
1.309477666928441764e+01
9.533750857046522142e+00
1.076655610437354404e+01
1.206146731965505303e+01
1.308580158823806450e+01
1.077474305264659549e+01
1.427699094449395645e+01
1.712238812880364591e+01
1.566881498682515783e+01
1.362830590767772421e+01
1.738404295483578821e+01
1.337417276945373779e+01
1.418530274046564088e+01
1.740908448416280407e+01
1.428068373327005602e+01
1.110925021114721822e+01
1.047533184571061327e+01
1.413256538818783881e+01
1.321442738700430120e+01
1.040764528598978700e+01
1.592113786072025583e+01
1.447771399282638605e+01
1.112325331630146863e+01
1.491860069319071158e+01
1.444443837337579062e+01
1.662128126893207991e+01
1.568135435088146501e+01
1.560925933471054705e+01
1.687887998302225157e+01
1.433905305250046780e+01
1.457042811833745333e+01
1.609624565877521718e+01
1.940742023528673244e+01
1.886553746635660644e+01
1.601437481368654048e+01
1.291516091291801160e+01
1.555540007895523225e+01
1.553936308423044288e+01
1.664382679226055117e+01
1.799325140844920057e+01
2.059497882743838204e+01
1.887867001638575104e+01
1.998132874689315841e+01
1.642840735048523726e+01
1.742057599533654155e+01
1.804796791069538031e+01
1.183879324550855650e+01
1.084446640507172610e+01
1.684512607459744871e+01
1.308100601809304919e+01
1.457438088656531683e+01
1.522911474562162937e+01
1.310271711376017834e+01
1.063376642880614753e+01
1.301727518335584932e+01
1.301875779587345328e+01
1.210842785554247669e+01
1.122983531409673574e+01
1.302229063848388790e+01
1.336443680671528256e+01
1.231712110321268838e+01
1.903668365533800966e+01
1.593539276784323633e+01
1.623344078306664073e+01
1.625395975788459779e+01
1.478929217752053482e+01
1.691248609714316942e+01
1.436238745972059405e+01
1.707435812607905845e+01
1.618329547266288770e+01
1.812896107634005460e+01
2.036093964985833082e+01
1.777312824369927213e+01
1.438749392287702555e+01
1.636174881186146024e+01
1.647138991259122420e+01
1.603345854148787097e+01
1.901659077686735699e+01
1.403835239738542384e+01
1.232374069053351562e+01
1.410153218033006972e+01
1.389521665960825203e+01
1.669562395622190820e+01
1.758163595432460724e+01
1.213483691430517197e+01
1.360096558916270482e+01
1.472730210578894550e+01
1.016992106039499966e+01
1.647827678787440320e+01
1.220507910080491243e+01
1.465685973156908695e+01
1.566922457221762599e+01
1.318784354541419290e+01
1.195657691952024848e+01
1.089946682862665917e+01
1.064156754795970627e+01
1.228793506119192358e+01
1.134258216795240592e+01
1.222231199969329829e+01
1.202337259333945063e+01
1.126296199345875593e+01
7.632347824339939635e+00
9.172708657355494566e+00
1.317438444874382775e+01
1.103501912093660131e+01
1.465496780386577669e+01
1.534454063681143943e+01
1.868044073235747859e+01
1.442851543874487241e+01
1.725892703134604389e+01
1.830556248307646783e+01
1.609549099995315657e+01
1.401102314261047077e+01
1.516909470589740394e+01
1.472866889718618388e+01
1.873405257107967614e+01
1.956951101205045163e+01
1.786843432660566933e+01
1.319536746639278313e+01
1.655848865083464005e+01
1.658320657645558072e+01
1.416140418397211675e+01
1.418806734013049642e+01
1.664460893058404167e+01
1.414106665596958301e+01
1.793998493280921736e+01
2.067873283618741809e+01
1.749015788182590114e+01
1.364572994823715035e+01
1.610555759105543316e+01
1.834704770355319070e+01
1.612409189435508594e+01
1.972573464795468112e+01
2.343790840020862376e+01
2.992653734206299632e+01
2.760594532865749784e+01
2.521293902995261860e+01
2.658978496238859179e+01
2.142571660466936478e+01
1.870408374561919729e+01
1.669715538614796912e+01
1.307326351321711577e+01
1.418653705033726453e+01
1.823695943858627544e+01
1.843285032536327961e+01
1.654885449132400410e+01
1.456755891850436413e+01
1.147579134385929933e+01
1.292180010676463908e+01
1.640570721579566538e+01
1.327775735188340356e+01
1.365876128720922189e+01
1.219148451923762622e+01
1.430554364559806579e+01
1.373215246818457835e+01
1.306630029868174780e+01
1.513242279060239071e+01
1.276301522000437849e+01
1.568888385611298020e+01
1.484778923424456742e+01
1.278365733248770475e+01
1.245353803191343189e+01
1.668594913867119089e+01
1.623093421246337797e+01
1.660793033100098626e+01
1.627476258548472288e+01
1.295729258651775417e+01
1.424478272811964352e+01
1.453844598823911127e+01
1.802710350566756148e+01
1.820732521385076552e+01
1.720223760985012618e+01
1.590692050608581098e+01
1.715613479510152928e+01
1.705959352614930680e+01
1.897491965248960710e+01
1.353276966430183137e+01
1.434767924884879164e+01
1.559225699905691442e+01
2.064991093126491606e+01
1.492162690536341252e+01
1.919072452750266322e+01
1.763940285175726430e+01
1.676083304424879827e+01
1.610793589565179929e+01
2.068444207960368075e+01
2.043295239230059579e+01
1.775756288339935196e+01
2.100935007376938302e+01
1.639497414319585999e+01
1.469714914657831351e+01
1.839587215153193256e+01
2.051767377726121566e+01
1.579553562309334147e+01
1.555636526931521857e+01
1.843160644305897478e+01
1.529243946981561031e+01
1.781983753291302008e+01
1.953177529123540523e+01
1.580364817173791181e+01
1.740464914316734735e+01
1.544819015691026287e+01
1.395570463347400292e+01
1.318581119470209018e+01
1.311081086620577807e+01
1.060625919658908423e+01
1.610467004535025026e+01
1.176569410950277828e+01
1.384286022470261734e+01
1.132126640807200602e+01
1.302993017599237469e+01
1.315341470833075199e+01
1.465388346896501837e+01
1.397854642642775680e+01
1.492426663840906187e+01
1.745010835903673296e+01
1.638672440401851915e+01
1.503535335858383704e+01
1.618023403338075994e+01
1.667184831532463463e+01
1.779472136452169551e+01
1.607796951514290740e+01
1.784905108967358345e+01
1.659805144842568225e+01
1.775554446984183343e+01
1.716316693168781882e+01
1.562847169856016372e+01
1.925006105262595568e+01
1.770637254278183903e+01
1.755574079596302184e+01
1.839548790946490797e+01
1.612415856632711808e+01
1.760315766781366165e+01
1.607833427159211581e+01
1.732401706501013194e+01
1.842256767342259494e+01
1.682635526720019570e+01
1.702419946663935946e+01
1.465849327381364908e+01
1.275299871436954291e+01
1.046491325218503832e+01
1.419948011075719663e+01
1.577558128010580418e+01
1.476186496723067343e+01
1.343929504531396724e+01
1.448094013917806144e+01
1.440123560151498339e+01
1.311794394411592357e+01
1.507269175884280976e+01
1.317902789784897166e+01
1.466104341597243454e+01
1.171453722124159214e+01
1.162900206571821293e+01
1.219056885401523793e+01
1.557642408751641305e+01
1.369514594378339289e+01
1.346761942696138448e+01
1.884807010356106360e+01
1.670053676647700058e+01
1.781416135709901738e+01
1.690701665229210704e+01
1.607516374684734473e+01
1.945236398274039047e+01
1.676722894930902186e+01
1.912562189871804463e+01
1.752456055429308179e+01
1.873845220045461346e+01
2.270814918028577267e+01
2.221807518894044620e+01
1.782921336095879994e+01
2.101511427656668474e+01
2.022191956939914093e+01
1.749696936176217577e+01
1.690724085881924310e+01
1.846279057981515592e+01
1.700300060856936568e+01
2.054005888396164892e+01
1.904356646719931234e+01
1.889766627612747740e+01
2.123013709086464473e+01
1.940090467565674714e+01
2.023601405117178942e+01
1.843839789567669385e+01
1.884802053805839961e+01
1.738941237175773225e+01
2.011433327860912357e+01
1.783287391740934424e+01
1.827844187794535813e+01
1.643444446956862137e+01
2.066873645261093273e+01
1.876002499920988598e+01
1.638350379367396670e+01
1.959033703931126169e+01
1.907106336825464510e+01
1.936732378514068742e+01
1.820367820312263873e+01
2.320850035755822915e+01
1.901154302606322943e+01
1.984191235025772215e+01
1.861445469199679437e+01
2.076394606413629518e+01
1.788742283554619306e+01
1.659215414754998008e+01
1.873313213106208863e+01
2.174741309314031668e+01
1.925171966567075188e+01
2.128450711529964678e+01
2.182812368090959865e+01
2.153959059342066240e+01
1.889522590662873469e+01
2.282522908167149467e+01
2.113732611573174935e+01
2.033199857571405289e+01
2.277726565760693944e+01
1.775950890790882042e+01
1.656940197038660756e+01
1.756484396885784349e+01
1.879622336840257546e+01
1.752357841346633904e+01
2.075419964642887294e+01
2.056362637655783843e+01
2.157914152583725098e+01
2.017861948871147959e+01
2.346667938343517079e+01
2.044465322801895368e+01
1.689443657269081811e+01
2.023281327160474063e+01
1.977581725028880300e+01
2.370140335589720237e+01
1.818687575552571545e+01
1.717237416735262556e+01
1.986089092668296985e+01
2.122229792244760560e+01
2.046420359816645629e+01
1.896714497621510631e+01
2.083138462045041450e+01
1.969109057833781051e+01
2.074766338114067921e+01
1.729647179811506774e+01
1.890823278466284663e+01
1.891427953935234640e+01
1.905514074196028318e+01
1.878833997927161548e+01
1.961604755207669015e+01
1.926732701877478249e+01
1.994583178036962678e+01
1.879131827454062886e+01
2.063821570833646746e+01
1.809222958570880380e+01
1.667320412283577724e+01
1.762980275937187358e+01
1.824499178696458301e+01
1.537451181724182092e+01
1.825006420735133972e+01
2.141456054723506242e+01
2.182098770434247470e+01
2.329885673706908733e+01
1.836526779115529706e+01
1.981512969986847494e+01
1.803602111859944301e+01
1.898127241286248434e+01
1.895302538821264093e+01
1.852220968689796976e+01
1.760818246857503766e+01
1.848583483786227433e+01
1.681728985829923317e+01
1.983086152577604722e+01
1.697304645998145034e+01
2.035770332894990986e+01
1.972798530831358477e+01
1.940663674819814943e+01
1.672788055061760559e+01
1.845482105255571881e+01
1.909224182696713612e+01
1.895471854565791503e+01
1.987047328247435729e+01
1.961472145762569497e+01
1.873788975793192435e+01
1.901767973411575596e+01
1.873158396094899558e+01
1.860502751057164161e+01
1.817153163704194441e+01
1.823501269905031563e+01
1.668833308206898280e+01
1.588013851431076873e+01
1.513925326113635705e+01
1.735132903324259956e+01
1.642883014684556997e+01
2.143690538971213755e+01
1.921351768697585527e+01
2.192902965977347307e+01
1.980606781784979376e+01
1.751213623066507097e+01
1.867537511685667440e+01
1.812597627431282632e+01
1.665954330756611412e+01
1.400680762777993493e+01
1.834435328664986287e+01
1.544325109366291748e+01
1.931226492176385534e+01
1.817210345469319677e+01
1.710391736782267103e+01
1.763457769729576796e+01
2.151493523731686608e+01
2.142501639398787816e+01
1.688012613695457986e+01
1.851982608934012831e+01
1.733582280766205130e+01
1.581590725954294996e+01
1.902275832170088421e+01
1.916561098437725263e+01
1.998067726735828487e+01
1.744710387060377599e+01
2.077034210704606210e+01
1.914614563633141842e+01
2.090312672064436939e+01
1.670721638207909621e+01
1.850171203687429866e+01
1.901829169632753747e+01
1.743570654345587556e+01
1.714523802015008869e+01
1.682323482248553859e+01
1.698069908264665173e+01
1.676888997011009153e+01
2.070101231271541309e+01
1.591070353830114747e+01
1.832132054857231296e+01
2.090768326688072065e+01
1.896392377518928285e+01
1.768559800912762014e+01
1.987898203921336204e+01
2.115316147711544303e+01
1.976860619433345789e+01
1.859427759879211806e+01
1.826353260953117541e+01
2.096417433651418705e+01
1.900080032628535420e+01
1.882346786684539097e+01
1.895718860404930339e+01
2.028669668892620237e+01
1.945775475014505318e+01
1.722941500927534264e+01
1.798496512831513172e+01
2.104765891532404254e+01
1.886936777623610340e+01
1.810523050063506290e+01
1.957944156033597949e+01
2.299269014794926136e+01
1.780890620235556909e+01
2.117305641525036108e+01
1.953261159031690397e+01
2.068634760028361796e+01
2.146363265319469349e+01
1.945801284432397793e+01
1.897216158535239217e+01
2.134947765794291996e+01
1.913620252485036843e+01
2.051902391695567474e+01
1.796543187761572113e+01
1.540675426458176567e+01
1.985282118130605511e+01
1.871872233061433377e+01
1.886235549044718240e+01
1.671433653878590775e+01
1.710843336081316579e+01
1.577911234223336834e+01
1.970008083550668232e+01
2.135562568374528425e+01
1.696186191773922047e+01
2.124016753447946826e+01
1.795950618413563760e+01
1.797344418215347872e+01
1.901792681724049672e+01
1.947091435297891948e+01
2.009934836469269115e+01
1.997780670346637777e+01
1.674594248530029361e+01
1.834181491261809072e+01
1.659470704328592561e+01
1.847761575776134180e+01
2.144433592279379752e+01
1.799896516407248370e+01
1.921649866662375672e+01
1.935550479329081242e+01
1.664254542825612404e+01
1.851912921498055198e+01
2.069488398929092909e+01
1.637546863920541895e+01
1.820701061362679951e+01
2.003704895833849875e+01
1.985703458358023354e+01
1.802258755579551064e+01
1.853120952179966352e+01
1.721866261927535291e+01
1.864730197978714799e+01
1.813481093910986885e+01
1.972887319647941951e+01
2.032672412918807225e+01
1.998787764535950018e+01
2.300750962900330521e+01
2.264224791542757131e+01
2.108680667746950732e+01
2.008373934027373053e+01
1.930139003878639059e+01
1.897183843321611718e+01
1.884989683889341094e+01
1.931205570336146593e+01
1.728062060751069495e+01
1.867341059751582222e+01
1.838666530771651253e+01
2.054342821371148631e+01
2.051370990957469687e+01
1.862363158207134006e+01
1.783446614831952814e+01
1.993477555992600614e+01
2.089720631496143355e+01
1.725257064057536383e+01
1.913065976914123922e+01
2.200081004361433301e+01
1.530718459504371332e+01
1.903210088462862970e+01
1.794974301184187837e+01
1.899773673824950748e+01
1.729359049620811106e+01
2.027908257536167369e+01
2.006976357566522040e+01
1.997942987221282252e+01
1.871506986109730519e+01
1.877487906661036021e+01
1.912420811931187714e+01
1.725824603398094581e+01
1.999117767263205891e+01
2.029752494674338692e+01
1.628849340417816549e+01
1.723819437540097610e+01
2.125723474424937720e+01
1.990306173956529889e+01
1.934310810403095715e+01
2.135892661040807994e+01
2.045233651785181905e+01
1.962510440123143951e+01
1.955413940897201641e+01
1.710683032924711355e+01
2.009711386024205737e+01
1.898504629986159031e+01
2.049971217653934730e+01
1.896235888870804942e+01
1.744000379230456588e+01
1.714266169530051798e+01
2.045192388760920110e+01
1.966563722724804819e+01
1.699875825422768116e+01
1.899177314518772874e+01
1.976905380164500414e+01
1.993898349473133536e+01
1.623463778887978393e+01
1.770069161918053524e+01
2.248294136856137726e+01
2.036557164221762406e+01
2.117135533098538858e+01
1.978250255061830742e+01
1.871318075971168682e+01
2.011969598784084923e+01
2.155910325696138585e+01
1.682820129549546806e+01
1.881119205553877549e+01
1.811085506835219405e+01
1.727847315350020452e+01
1.742272406718786470e+01
1.834255524589623576e+01
2.308530270333904966e+01
2.131719278703715403e+01
2.048764176126460868e+01
2.445427323314027390e+01
1.949790278460465132e+01
1.716128946005505540e+01
1.808512435664269802e+01
1.495016431808126534e+01
1.871098885944635981e+01
1.739512212097116262e+01
1.710820747455636237e+01
1.821558487459764564e+01
2.134294025445965559e+01
1.946273082974700941e+01
1.852099487076560536e+01
1.810945498912415275e+01
1.787211480776709038e+01
1.715664118277349814e+01
2.004790528337180433e+01
1.686138097672679947e+01
1.868662210924163958e+01
1.846150180701097909e+01
1.419732729325522058e+01
1.494979454120255014e+01
1.512306924112649398e+01
1.972140460398771111e+01
1.627621524156296573e+01
1.564393826399265564e+01
1.761311968719667576e+01
1.679381085971949616e+01
1.479691414922860027e+01
1.563204714197011924e+01
1.585664083752106102e+01
1.815802806288245819e+01
1.628710955756396928e+01
1.811484630148749986e+01
1.597971898836666327e+01
1.293127683666081751e+01
1.743338420741525496e+01
1.881755342420551358e+01
2.061605788660574490e+01
2.263989458423588275e+01
1.823578231048788112e+01
2.094880576634522740e+01
1.961956097752510786e+01
2.315165189068177654e+01
1.973725465421765080e+01
1.788270774705165422e+01
1.834130076411639365e+01
1.857835072822642175e+01
1.658904995023766560e+01
1.778836748814784130e+01
1.857194149534563365e+01
1.651806386856080167e+01
1.737997933430906272e+01
1.889436140871583802e+01
2.272407036589914142e+01
1.825398812005290239e+01
1.707477801051310351e+01
1.858091176093774877e+01
1.630583878291581712e+01
1.870865449693853222e+01
1.985037830935162617e+01
2.486689916502616171e+01
2.729169731372293839e+01
2.996619031210866879e+01
2.670587837037461298e+01
2.526848975575821044e+01
2.185918249749982678e+01
1.893508209779762552e+01
1.955579104742896135e+01
1.784655988817132410e+01
1.932827793392009497e+01
1.986725040096267847e+01
1.789700270629756673e+01
1.994383013392317139e+01
1.948687606356374857e+01
1.931244884896633707e+01
1.927137847824442574e+01
1.783357946519220150e+01
1.962045349922096804e+01
2.012498063540362381e+01
1.999217185343783143e+01
2.052337877216488948e+01
2.040552961345994021e+01
2.111388593628868193e+01
2.029357891035252948e+01
2.526521268605769421e+01
2.318280764033184127e+01
2.215722718965962557e+01
2.052095930947285751e+01
1.966317559681357352e+01
2.095121531655488667e+01
1.787077049622322988e+01
2.141402492629896415e+01
2.261338528733932307e+01
1.969212726518349399e+01
1.826399384045882002e+01
1.617241841150227444e+01
1.873574896737794759e+01
1.850359981953943844e+01
1.921623651319320203e+01
1.997287669430238566e+01
2.017477511318240957e+01
2.002440428798042760e+01
1.817351388173985427e+01
1.716385974706743767e+01
1.875117441699786625e+01
1.954264042175604033e+01
1.747092635611697631e+01
1.635611474146113764e+01
2.013129992298761195e+01
1.983077352117851788e+01
1.941645757098613956e+01
2.012633529545426825e+01
1.954651025868814429e+01
2.028274053311567826e+01
2.187875337802834608e+01
1.830667256551326716e+01
1.910762221422051610e+01
2.030062118338780053e+01
2.005878934161136584e+01
2.092786521561864532e+01
2.108680726554026208e+01
1.722056661671177835e+01
1.991144946193610821e+01
2.289495132573395964e+01
1.932227679392802955e+01
1.966925766569704237e+01
1.712190391390105759e+01
1.888986806987348643e+01
1.765490869942986762e+01
2.005622489982361856e+01
1.991703215671745397e+01
1.991882425661262346e+01
2.114703762404694487e+01
2.319170131765986298e+01
2.057797314696115620e+01
1.668416172000190656e+01
1.858612982472793362e+01
2.010258691046606572e+01
1.986055351105583355e+01
1.845235777767869223e+01
2.036236090008089050e+01
2.170357862302322971e+01
2.186621319678512165e+01
2.082682827009999826e+01
2.122857592903975643e+01
2.169060659711362860e+01
1.821279218152060864e+01
2.016131362151240936e+01
1.848452761804024647e+01
2.107547790528042242e+01
1.929916787831912472e+01
1.919987364626265247e+01
2.070156445792127897e+01
1.818711192947291977e+01
1.948336886922696465e+01
1.964157988305804992e+01
2.238775548708421681e+01
2.001060951921119013e+01
2.176735813743368908e+01
1.933324320959528464e+01
1.886882266563789301e+01
2.020029486162998111e+01
2.115877133955859435e+01
1.985410342520444260e+01
2.178998215279849049e+01
1.953455552121256389e+01
2.193892578837781215e+01
2.187281431971788237e+01
2.004813535779136657e+01
2.342828161070956483e+01
2.289907205349138408e+01
2.101697175923098371e+01
2.001215011395836640e+01
2.176455379440045235e+01
2.253574242223102786e+01
1.904502400136981777e+01
1.899931913747377976e+01
1.885159313233577549e+01
2.133998545463949625e+01
1.720700607403984606e+01
2.078971916559023114e+01
2.200528710633441065e+01
2.102534232892719501e+01
2.181002139921273297e+01
2.134362017144147217e+01
1.957822245004533457e+01
2.023581905109333334e+01
2.145265804779671370e+01
2.306067222170494446e+01
2.072072084603765774e+01
2.025552899203323420e+01
2.016675326469293950e+01
2.243896739920581140e+01
2.021902129300477924e+01
1.890563975831673105e+01
2.079465894306535034e+01
2.488686579048344427e+01
2.083655218136756915e+01
2.174419159162247084e+01
2.206531717770737799e+01
1.997683972583805811e+01
2.088452157120470787e+01
1.979887226578554760e+01
2.091144412811465614e+01
1.676875577994742272e+01
2.041152783779495650e+01
2.133595416712987713e+01
2.001411617334084525e+01
2.040319374889457649e+01
2.113489035699212693e+01
2.117363232143087615e+01
1.914062593788212752e+01
1.933032708201492156e+01
2.047795588208332518e+01
1.788119942156003006e+01
2.048064752624787488e+01
2.145078295987536521e+01
1.961108717502068188e+01
2.148456699199257969e+01
2.089256887121349493e+01
2.371234499585643363e+01
2.316656168156091766e+01
2.352969049110436117e+01
2.310666394192864104e+01
2.348658062891258425e+01
2.018039982353126405e+01
2.202898163805037868e+01
2.308116851755259447e+01
2.319878341480557893e+01
2.284864550120003912e+01
2.463274238322281207e+01
2.073327574932118011e+01
2.065338362452824583e+01
2.408089061079848037e+01
2.017604922616988361e+01
2.312855822761968128e+01
2.189182164575583300e+01
2.032552732029815346e+01
2.049513917572418720e+01
1.959216521391750732e+01
2.299020454316019624e+01
2.247505747344720817e+01
2.021205299424221380e+01
2.178881800807615221e+01
1.682301934992755577e+01
2.032574481563990787e+01
1.949126446951712310e+01
1.962072268167042921e+01
1.862099106917496627e+01
1.979854226595333699e+01
2.094835979596036424e+01
1.945119301912735565e+01
2.043418051678962044e+01
2.195969517288850881e+01
2.032708169214485494e+01
1.998693809717948966e+01
2.122220188239522543e+01
1.906494158412814954e+01
2.035164928704809384e+01
2.134279136837541913e+01
2.154866248565728881e+01
1.890099150528309835e+01
1.922265329138423340e+01
2.147604136701896493e+01
2.235875868373963726e+01
2.087193280082493985e+01
1.964989652026597966e+01
2.053475797878414610e+01
2.099527425889124288e+01
2.000013599155569111e+01
2.027562984569223659e+01
2.056473537910418514e+01
2.043762351332033234e+01
2.025764081952884510e+01
2.222012272373291708e+01
2.007484269065700389e+01
1.994870018589887550e+01
2.290898690199495391e+01
2.225617062291160053e+01
1.999770422196875330e+01
2.154011452180840536e+01
2.179301565165557619e+01
2.326283063515818128e+01
1.976873131356039792e+01
2.181256070313088458e+01
2.204740058887889020e+01
2.215749590347683551e+01
2.089878376196807608e+01
2.180547664982895384e+01
2.330043371238204131e+01
2.169886540303350131e+01
2.338850794855700954e+01
2.130644334623556091e+01
2.136173106876886507e+01
2.180677482755239538e+01
2.159778460310113957e+01
2.215829972775182100e+01
2.321099549180990351e+01
2.036290274955025126e+01
2.125898731360015148e+01
2.131830470217910545e+01
2.040472338948428188e+01
2.251593327945984058e+01
2.149090618071452141e+01
2.109109781017465579e+01
2.085206873796159144e+01
2.093310657236925820e+01
2.142851917981869292e+01
2.075593078574721773e+01
1.953301100278767422e+01
1.912022917789497356e+01
2.190517835302862437e+01
2.285781893999017811e+01
1.827418187181558906e+01
2.038985764073906282e+01
2.119805622645123222e+01
2.047604549311363442e+01
1.972332983706598597e+01
2.109970408419203025e+01
2.012435584243399589e+01
2.159538658161391211e+01
2.100868638821262380e+01
2.241074708467419185e+01
2.377073252403093306e+01
2.073827355691492969e+01
2.064379245760184034e+01
2.247782327683080084e+01
2.165508200248085657e+01
2.397839521782211136e+01
2.319343597485713104e+01
2.246860205601298688e+01
2.161680094530176532e+01
2.120286955822489361e+01
2.045252809938889627e+01
2.260262529373808960e+01
2.291343486585938649e+01
2.159296655252992991e+01
2.186310872328779098e+01
1.983025778373582426e+01
2.176260736035942500e+01
2.398335861463231211e+01
2.122888867775888500e+01
2.302256391361537169e+01
1.964053866163152051e+01
1.850088444092567741e+01
2.099991154120576553e+01
2.030503207671582189e+01
2.246941621615533435e+01
2.231825503299968716e+01
2.065866821922787366e+01
1.946547930658238812e+01
2.111030905145090841e+01
2.148970632541921333e+01
2.156465428972911269e+01
2.021359727197070555e+01
2.066719566006892350e+01
2.195958208447875748e+01
1.916093400676905745e+01
2.295332213499463592e+01
2.063723338123299555e+01
2.102540096137127890e+01
2.097518927905541020e+01
2.411596722127829651e+01
2.320405588249831652e+01
2.087544302738873725e+01
2.127013539314331680e+01
2.199808135862463487e+01
2.048755006445358973e+01
2.163291863767454259e+01
2.194824951602038610e+01
2.277468929889689520e+01
2.276997308752847360e+01
2.134689024931276435e+01
2.202308602774142088e+01
2.555393208408335681e+01
1.835729071765425147e+01
2.094389558865977818e+01
1.983352571156897781e+01
1.983463977125858335e+01
2.161927717096295609e+01
1.871655229903659645e+01
1.966247984937062654e+01
2.036515082317994185e+01
2.348932623488119376e+01
1.937103370406178016e+01
2.237453262144206079e+01
1.856006101031755406e+01
2.054139951300726707e+01
2.189563216138612489e+01
2.204391986127451730e+01
2.164912773571031224e+01
2.549913646981281801e+01
2.322055062648530566e+01
2.417665012475192299e+01
2.791701465968857931e+01
2.591024585910194133e+01
2.473387388522542807e+01
2.205849818856566458e+01
2.199326626113428418e+01
2.239161113713641527e+01
2.051787393832759321e+01
1.964875143108428190e+01
2.111094144608778223e+01
1.940408671170392196e+01
2.229896733590074476e+01
2.005457442961098025e+01
2.115219871210511116e+01
2.097154038434787182e+01
2.147139057363936132e+01
1.937549562403750869e+01
1.890322319948255014e+01
2.171748673462674617e+01
2.191386720229860785e+01
2.214150215442757386e+01
2.416836881778052870e+01
1.832136923165291265e+01
2.300453517266651104e+01
2.232867383650256699e+01
2.270644304829052018e+01
2.076790474101625961e+01
2.224250318939740012e+01
2.251964835745881643e+01
2.132691569967956013e+01
2.158363601472342452e+01
2.390687943566004847e+01
2.056189468453598934e+01
2.084954142870315152e+01
1.973311640233782427e+01
2.347824018261090728e+01
2.363723407024934886e+01
2.100999403575715618e+01
2.307226437982357226e+01
2.196282033648494547e+01
1.752467878941401835e+01
2.025693181266308329e+01
2.066756611321834924e+01
2.071151867660362100e+01
2.057024630990328262e+01
2.347041914814544583e+01
2.218229063935376644e+01
2.180852274067257923e+01
2.251149582889546963e+01
2.244325876102577055e+01
2.150827668112949809e+01
2.166599541902798975e+01
2.095077115239313059e+01
2.414618847472021912e+01
2.251252341431221993e+01
2.266113689341347737e+01
2.077449711865301651e+01
2.264794489057857163e+01
2.425227401999069698e+01
2.282437549489309703e+01
2.184357935486466928e+01
2.159243715257354168e+01
1.989007389442498308e+01
1.987208751098343740e+01
1.815747839916592454e+01
2.032088066041362495e+01
2.113405113532592239e+01
2.160968402012444756e+01
2.138104800342196299e+01
2.360892889707605846e+01
2.322138605558948754e+01
1.928500523073905271e+01
2.000239135212663655e+01
2.122519074551055240e+01
2.064964942908651224e+01
1.992000741905274452e+01
2.091169657606107890e+01
1.960044831341861027e+01
2.285278556657348048e+01
2.157408702460139338e+01
2.186918741801115829e+01
2.124012509146533034e+01
2.275674025668623912e+01
2.435759632524851170e+01
2.217273647368562450e+01
2.448431072137150721e+01
2.202161414147947127e+01
2.236495051528237354e+01
2.174973514669432006e+01
2.202406483826886685e+01
2.335895752746335319e+01
2.350651736997104990e+01
2.171477837895474039e+01
2.127609507099865382e+01
2.040787392152585511e+01
2.034823659813298846e+01
2.203802371735456589e+01
2.123064435377794013e+01
2.298926200396237007e+01
2.239866518397145256e+01
2.215466341379802984e+01
2.198108703376020401e+01
2.126292093971347086e+01
1.990644546668426074e+01
2.213162881407722082e+01
1.997372453223872668e+01
2.078624984882505800e+01
2.136943054237787720e+01
2.091931677615946228e+01
2.346966087925656197e+01
2.104593420447147878e+01
2.100456585550439215e+01
1.888820422372558738e+01
2.154632743030658659e+01
2.214667820343665028e+01
2.363988417358844885e+01
1.963258715577828895e+01
2.010107044425019041e+01
2.173392264674836838e+01
2.364598752475329135e+01
2.272534703652608812e+01
2.197689881170204629e+01
2.369323108552610080e+01
2.005088793378806145e+01
2.148127679705967097e+01
1.940466944493268642e+01
2.101610775378631146e+01
1.920032141488231403e+01
2.179352066915820174e+01
1.884821167221424076e+01
1.977068750062966984e+01
2.066817823382303132e+01
2.368323326193015532e+01
1.992012836526883035e+01
2.195921740623167295e+01
2.095921267894354401e+01
1.931278037982858820e+01
1.998375926261844882e+01
2.203022325789169855e+01
2.262498910425794207e+01
2.086849348345083754e+01
2.130788703319592159e+01
1.878804494519909696e+01
1.986327472971906261e+01
2.242971294255911374e+01
2.247131738152138070e+01
2.028209033998330924e+01
2.239605371065027839e+01
2.062906278936445048e+01
2.367312376211057412e+01
2.038522617170185924e+01
2.015964490879746407e+01
1.966046936294496916e+01
2.274195332137168890e+01
1.879335402264533528e+01
1.883251821244201452e+01
1.769656964330293292e+01
2.145119585994410016e+01
2.658398654758868318e+01
3.341222877524609203e+01
4.744222046589279529e+01
4.699375262956250765e+01
4.662849213826691397e+01
4.054441154679509651e+01
3.017707130383032421e+01
2.322731712412370797e+01
2.090515511099593127e+01
1.954006104872534877e+01
1.965196814819287141e+01
1.706941174824916274e+01
1.742438247846306254e+01
2.114160475205821399e+01
1.919392588338884309e+01
2.206333309664986331e+01
2.044932433017531892e+01
2.207077646837133500e+01
2.129763057181856922e+01
2.136845582989621306e+01
2.351822689466990468e+01
2.121290561079879922e+01
1.978932211630240090e+01
2.077528954174429288e+01
1.987644121923664287e+01
1.955311703329114437e+01
2.056639211380780807e+01
2.117589288117895308e+01
1.944688399552181934e+01
1.858598678177764896e+01
1.960308948573934629e+01
2.211181558866075392e+01
2.081999820161846415e+01
2.144352091458494058e+01
2.233769641538540540e+01
2.229308195439974583e+01
2.255244722282199632e+01
2.279564723984815089e+01
2.297697877466931615e+01
2.210999759146166710e+01
2.239682124963975696e+01
2.104942497042826943e+01
2.266198935043799878e+01
2.018337927660163444e+01
2.126016677891723106e+01
2.115807550937635639e+01
2.075131304589293535e+01
2.148351298770471374e+01
2.224291648986234193e+01
1.942585921381268577e+01
2.010230939225553826e+01
2.418524418508557261e+01
2.177705738148357995e+01
2.217686228628621237e+01
2.001862917421806998e+01
1.917348645078745051e+01
1.927748242443879079e+01
2.100316993443610869e+01
2.044488435230071133e+01
2.264795132546775491e+01
1.952556034440934241e+01
2.259317845371215228e+01
2.117292561027396047e+01
2.389102080800154582e+01
1.946906031086498956e+01
2.287463486976315963e+01
2.308183630880772697e+01
2.103114527232280651e+01
2.102473933315354770e+01
2.079008371426655444e+01
2.262732157544757072e+01
2.258048259760852616e+01
2.212791937769723560e+01
2.103045370515345169e+01
2.194818328692577580e+01
2.194266725672322238e+01
2.020343312959640869e+01
2.058794191452353672e+01
2.161634048791948715e+01
2.268679566434776618e+01
2.385562980537695665e+01
2.192123048234817517e+01
2.184367250686814899e+01
2.103866436065947454e+01
2.261376610600051507e+01
2.545550006048999236e+01
2.968556504967856924e+01
4.544387321480505193e+01
5.844897010631388667e+01
7.006600821847366944e+01
6.757804011397843169e+01
5.421010918854340588e+01
3.943964947152602463e+01
2.766724070997877050e+01
2.344535930055828743e+01
2.322501928255869785e+01
2.034252370862024506e+01
1.959041774290972882e+01
2.325311153350146043e+01
2.028346848232781596e+01
2.136644494863516286e+01
1.993790953625446605e+01
2.232779456346552749e+01
2.029521018317208103e+01
2.202831904773685068e+01
2.055706379138668538e+01
2.171331695125152805e+01
1.890442730201445443e+01
1.935954064096170413e+01
2.114591712344795837e+01
1.862819753761715447e+01
1.973519538784418614e+01
1.939093636522004971e+01
2.033935812171545265e+01
2.194388527539049250e+01
2.074025894407383674e+01
2.151280296557146698e+01
2.350488705798232303e+01
2.260197856623214108e+01
2.055123270984861250e+01
2.121471005444183788e+01
2.122615072502562938e+01
2.204034714678327234e+01
2.375470044082493715e+01
1.954564796963607876e+01
2.170026370355058631e+01
2.451377839334277553e+01
3.080165045181609074e+01
5.499278481501292504e+01
9.602656356826685169e+01
1.500527922318456149e+02
1.674722206276283316e+02
1.452985931876876293e+02
1.097701222326758312e+02
6.728071243980245697e+01
3.979693219121631387e+01
2.807560448966920674e+01
2.121052033430270356e+01
2.078646803300891577e+01
2.066246525064953943e+01
1.979088081766547802e+01
2.056066912794792856e+01
2.020078166327290248e+01
1.991850833787293951e+01
1.895967709749416841e+01
2.174876120826536408e+01
2.132986547759418272e+01
2.132605648085515071e+01
1.973490676525856458e+01
1.958997427589635265e+01
2.161609049558955675e+01
2.281489778570938398e+01
2.364670176298196225e+01
1.987792423225573302e+01
2.173001505570168135e+01
1.992424864432849674e+01
2.096812476974336903e+01
2.252396480068642504e+01
1.959420375846441331e+01
1.720231238944645114e+01
1.929806061339129641e+01
2.110187874438557643e+01
1.976443630927306216e+01
2.197764538877155260e+01
2.121165807202639542e+01
2.271593010116416878e+01
2.352096693119505488e+01
2.230353750311471828e+01
2.040537129129140581e+01
2.094796183737369333e+01
1.998662677794400011e+01
2.008758061558266306e+01
1.970332243508735459e+01
2.149911637199919312e+01
2.273611289943416836e+01
1.995073461998473618e+01
2.063867483556932925e+01
2.375540708122609246e+01
2.147104705860767737e+01
1.996480656819808885e+01
2.241832644569903010e+01
1.939271734015020243e+01
2.008455410900468152e+01
1.909953644035666187e+01
2.213165968362672231e+01
2.183387735876024394e+01
2.036922810142742790e+01
1.957761257678924949e+01
2.080047794423726870e+01
2.055184151233926215e+01
2.185167031146597338e+01
2.011582244125905561e+01
2.052687958477657304e+01
2.092446132206231368e+01
2.012392399297577228e+01
2.111924429019072846e+01
1.967086644821960206e+01
1.864302238612981100e+01
2.110469313192052354e+01
2.057365371294481093e+01
2.089564825680929872e+01
2.102734084379870083e+01
2.006865295239736469e+01
2.220929220016121164e+01
2.351913397631340885e+01
2.129737400660837920e+01
2.048117563016955600e+01
2.137245249265338742e+01
2.253272328964619220e+01
1.945001253671853547e+01
2.050792780219581246e+01
1.961002286808713890e+01
2.118886231328943026e+01
1.818156679069766568e+01
2.028101844824162470e+01
2.070855753898400309e+01
2.054491568421008552e+01
1.928165627356023037e+01
2.099794452134219114e+01
2.678265817952567218e+01
1.733762238723249638e+01
8.973472894302489067e+00
2.242691029510296374e+01
3.116027641469753462e+01
2.199299830052434146e+01
2.077961018008237559e+01
2.415552292619963026e+01
2.165905555010174766e+01
2.217294088544232622e+01
2.037121274048217856e+01
2.224331985237984100e+01
1.926901941530259421e+01
2.056663868081675872e+01
2.094315793585245089e+01
1.910039345192980065e+01
2.002406717003178116e+01
2.084436702826818077e+01
1.781313836887440516e+01
2.231202463379168321e+01
2.081814248430835690e+01
2.054353935485128702e+01
2.074649627596059887e+01
2.081720166177474240e+01
1.845514806640376193e+01
1.882181169033928825e+01
1.885323652479881673e+01
2.078576304277352804e+01
1.901907626239384186e+01
1.933767538781966877e+01
2.079158403416326450e+01
2.024390109022991524e+01
1.886385662746965863e+01
1.951797588029605635e+01
1.945337727438713671e+01
1.956306054987143384e+01
2.225757215813911571e+01
2.114302164484312740e+01
1.992206268362074439e+01
2.132118839416437694e+01
2.068627854407078104e+01
2.073256988478403784e+01
2.302453740543274563e+01
2.092763528012175556e+01
2.309763840870498441e+01
2.060287725101805023e+01
1.979751737281871016e+01
1.913599834028322633e+01
1.888508816007388447e+01
1.635059073429316712e+01
1.722339707279299503e+01
1.722690582847505070e+01
1.450188437484837856e+01
1.559896290456470958e+01
1.774852801077108566e+01
1.915815810816548037e+01
2.035223629755878605e+01
1.790585408934850875e+01
1.833982964045003783e+01
2.129393274176361928e+01
1.860980463324339240e+01
1.760793837764164849e+01
1.801151129684395613e+01
1.709302346754768109e+01
1.932702436721293537e+01
1.742782671675578854e+01
1.941674882557564885e+01
1.943432599135716998e+01
2.254498266112277349e+01
1.962051291440263512e+01
1.998694968865644483e+01
1.965872578905552714e+01
1.988299095092771296e+01
2.102369471981520377e+01
2.386946670531089154e+01
2.167836737041652029e+01
2.210617299951144687e+01
2.287799880297687238e+01
2.113498778889925589e+01
2.204844723791865491e+01
2.025096073308584721e+01
1.903890157538040384e+01
1.621168987925370075e+01
1.940073394868720413e+01
1.770221119585356817e+01
2.113700577768435096e+01
1.993525408052650150e+01
2.070880866003117049e+01
1.948481338009458597e+01
2.241249186206618305e+01
2.252791730797949654e+01
1.993815972370025236e+01
2.044692037583661204e+01
2.299263009302375949e+01
2.006408657564957210e+01
2.099042699330304629e+01
2.126124857893037046e+01
2.058655502196027243e+01
1.842170355233901446e+01
1.589271838310792084e+01
1.976660396975017164e+01
1.920953423416388972e+01
1.893437238652842325e+01
2.168287108294582310e+01
2.091293485300890609e+01
2.013044203213386751e+01
2.201352020261310827e+01
1.979313108913583363e+01
2.300130477709481625e+01
2.096508135724417343e+01
2.195778416139596700e+01
2.244890622255089241e+01
2.143012963541450233e+01
2.188783929206095280e+01
2.379026942651988463e+01
2.103628260420895657e+01
2.115437817910003915e+01
2.046586650645491190e+01
2.030460367698406898e+01
1.891146919088417633e+01
2.007614502140184243e+01
1.909880105511290793e+01
2.095381188560062924e+01
2.060922191858710661e+01
2.050466780899187569e+01
2.373885951210500522e+01
2.184954545376982793e+01
2.005459977327735288e+01
2.050314798990336485e+01
2.073338559983376683e+01
1.925387337476269067e+01
2.159256443880405385e+01
1.733169634592038122e+01
2.080998358400823633e+01
1.873252535677813313e+01
1.628873193384822926e+01
1.967308974231589858e+01
2.042122593122462249e+01
2.050220563116864270e+01
2.143177978385537585e+01
2.087806346533242419e+01
2.095585213539984082e+01
2.043221362483891212e+01
2.065582139303964837e+01
2.049186038999235393e+01
2.046726650343665099e+01
2.297729680586847323e+01
2.436212912132662467e+01
2.306741979832773026e+01
2.272942027024312850e+01
2.429774679018650829e+01
2.363802402526635404e+01
2.340326946777565098e+01
2.311478448722105483e+01
2.228615401416855946e+01
2.519128820499880916e+01
2.261165609755421002e+01
1.950593267664413943e+01
2.150313228820704126e+01
2.142263094287615743e+01
2.139611072428350624e+01
2.414963388364060393e+01
2.322780912795701269e+01
2.174196404401108040e+01
2.471527788991622998e+01
2.195085066929071971e+01
2.241956251334404371e+01
2.252288369879278918e+01
2.252010906048425198e+01
2.166812057404709080e+01
2.116916945862568156e+01
2.111845631060309714e+01
2.099345209233482379e+01
2.290664593098824042e+01
2.311323355670001689e+01
1.966001024555566801e+01
2.175243045505790462e+01
2.031644673135154733e+01
2.414876820787382528e+01
1.980895690537490239e+01
2.137350102754719572e+01
2.134146891983143490e+01
2.065720954785809127e+01
2.047374665883830502e+01
1.832573651404087656e+01
2.197421771218111175e+01
2.300617540901788516e+01
2.193432600811685518e+01
2.112021955908400273e+01
2.193433468243858186e+01
2.274881350197320273e+01
2.118239654852719767e+01
2.169684788220467908e+01
2.287981486627567662e+01
2.342537425504524862e+01
2.098842194475128053e+01
2.356842537360385137e+01
2.262221901013795744e+01
2.266266225440678284e+01
2.163438604484774785e+01
2.158057360880370723e+01
2.081238553100487465e+01
2.122326959458830586e+01
2.030458043885639796e+01
2.203084163415517693e+01
2.188516411441161580e+01
2.197555224449103406e+01
2.182348561614312388e+01
2.270487011053005233e+01
2.166731122669432708e+01
2.211946989297205590e+01
2.265200352825522145e+01
2.006185887366736154e+01
2.189761701764108892e+01
2.271607248654819955e+01
2.193200367246922511e+01
2.008345798143788485e+01
2.139352198440644059e+01
2.181013759211298719e+01
2.237274441394508528e+01
2.327947765076553921e+01
2.318899789471848649e+01
2.306836514946089878e+01
2.364614992868253296e+01
2.319217498740066574e+01
2.238649902349732912e+01
2.083047290666241480e+01
2.331599121191384327e+01
2.254542634075185603e+01
2.301554173103359702e+01
2.227436476310700542e+01
2.370485029218544781e+01
2.227385941680975634e+01
2.278468321801599572e+01
2.057192253592169351e+01
2.080590199441184396e+01
1.950365234510714529e+01
1.807430195666294992e+01
1.543747192950715785e+01
1.917433308139926140e+01
2.151818516892084787e+01
2.200411155939750074e+01
1.989334978579339008e+01
1.909264650105664174e+01
1.946104475531672762e+01
2.266925255913733750e+01
2.058142723526210105e+01
2.091264607350198190e+01
1.942262458537608438e+01
1.916837158218787707e+01
2.205877157880176043e+01
2.335683481842039200e+01
2.170963006310314469e+01
2.386058053623021280e+01
2.242487844852144008e+01
2.245299838754596777e+01
2.183376332155090438e+01
2.251556993333793244e+01
2.077934579501827272e+01
2.080130098223942881e+01
2.228194171159620751e+01
2.304140447026138361e+01
2.320197774023826298e+01
2.234431003440637653e+01
2.229846103865564544e+01
2.002000241006867043e+01
1.896434416408243706e+01
2.038887253265389532e+01
2.387549488737009185e+01
2.003518336187857685e+01
1.822406883490740981e+01
2.394720231355413276e+01
2.211396187472519514e+01
2.301643110411684745e+01
2.231635643075816589e+01
2.349300030564199204e+01
2.157954064210662892e+01
2.010353787267714054e+01
2.079638734837465108e+01
1.860533032480979898e+01
2.229274977554281634e+01
2.228143621683690867e+01
2.099403216145599416e+01
2.163604414506476203e+01
2.062510607912290084e+01
1.722885589982169918e+01
2.188794129012993395e+01
2.276100727447171934e+01
2.116489500466038365e+01
1.887505891270511427e+01
1.916535481019207410e+01
2.218865255692222149e+01
2.442699536742139799e+01
2.146147249477752084e+01
2.156215153848165400e+01
2.393308259469597132e+01
2.178223988029372649e+01
2.135317996169199972e+01
2.164705027543720206e+01
2.182031715970771302e+01
2.090230932127852626e+01
1.923057289859415775e+01
1.997479395203106023e+01
2.096845719254305607e+01
2.134560986757072243e+01
2.047527629220141066e+01
2.143948261222290341e+01
1.977750094124816727e+01
2.127957361073879028e+01
2.189943798837575173e+01
2.089246290848722865e+01
2.259542207428403771e+01
2.113262920976306347e+01
2.326045044142744089e+01
2.366120509228439772e+01
2.299589172187383923e+01
2.179268895451088284e+01
2.347453555339790654e+01
2.153316031321470092e+01
2.248914392579596111e+01
2.118880474164436478e+01
2.154668981243704096e+01
2.073882673983037606e+01
2.050967763566961466e+01
2.225946082472243148e+01
2.078448450393621627e+01
2.041858611899883158e+01
1.983314473246086962e+01
2.221858551060785913e+01
2.023421172109616606e+01
2.187329650741473586e+01
2.073402772562317509e+01
2.164569509976587014e+01
2.091907869309867252e+01
2.270609261752243313e+01
1.884751095274430455e+01
2.062483634357227658e+01
2.190759201813177270e+01
2.115787573158619495e+01
2.086465651826419077e+01
2.239575927935246824e+01
2.164963173773691807e+01
2.163469895022506506e+01
2.088532442149793411e+01
2.271201435266505086e+01
2.235291811582995436e+01
2.284907655943327143e+01
2.407495153225416828e+01
2.245003795876137431e+01
2.151782566030053800e+01
2.268950532105721862e+01
2.387105369859929738e+01
2.022369534417446602e+01
2.096197605529937391e+01
1.998467656052322639e+01
2.300247088078918267e+01
1.996975873205883190e+01
2.309846018073312024e+01
2.117940820821097958e+01
2.186666288886613074e+01
2.352265352586888270e+01
2.260180966770872857e+01
2.304369492051185375e+01
2.325913370728073915e+01
2.151507849116784499e+01
2.316837565139087829e+01
2.349251389253015532e+01
2.166099169433361382e+01
2.160533184098315118e+01
2.134660074170681909e+01
2.168512906851894684e+01
2.179831416695786928e+01
2.187282603467251718e+01
2.012043948281354133e+01
2.026338667460391108e+01
2.076653329042731855e+01
2.273225116769468812e+01
2.137745563500338974e+01
2.368348502035232173e+01
2.449847192408739716e+01
1.922240904627046731e+01
2.250608835081436609e+01
2.257966023844228687e+01
2.332967831456803864e+01
2.105366911447814005e+01
2.032386315771513807e+01
2.142340192073083927e+01
2.057431785797520973e+01
2.079420833341129793e+01
1.993150185563286669e+01
2.032874650731025667e+01
2.074965985152086034e+01
2.156441017805359905e+01
2.138196639235034979e+01
2.004983219777946601e+01
2.261541866982822313e+01
2.112054479806037577e+01
1.931095945864877450e+01
2.185795277247497737e+01
2.056233016424590687e+01
2.055075996022986118e+01
2.338978329209446372e+01
2.185715914452072539e+01
2.173304762774374055e+01
2.079573933092881788e+01
2.297930983918333325e+01
2.094624424356964454e+01
2.391167096175435702e+01
2.360669436171678015e+01
1.996759963879263822e+01
2.143721894632818348e+01
2.026919586028933296e+01
2.041277621196749692e+01
2.051100493120619817e+01
2.018182888358392901e+01
2.093719193624349728e+01
2.053674618704503985e+01
2.061863000654646072e+01
2.043518630104752987e+01
2.067595747703478892e+01
2.136704119342877917e+01
2.232614184571651705e+01
2.101635936059781784e+01
2.243616005556771853e+01
2.252383111332228438e+01
1.971376420357257686e+01
1.859736545294199317e+01
2.242853412602882557e+01
2.116962044557351774e+01
2.213268527589370294e+01
2.206993105189053495e+01
2.190137861642919148e+01
2.185272576705947500e+01
2.411081009459816116e+01
2.238513702225290558e+01
2.040251597616405377e+01
2.462375803376644967e+01
2.149009212167113247e+01
2.264621739314728188e+01
2.014165882614722847e+01
2.060918407765863947e+01
1.951134871260367731e+01
2.013565356747658086e+01
2.077184900381528010e+01
2.041633687566526945e+01
1.940430813380570640e+01
1.951373371565178516e+01
2.046523329395949986e+01
2.097852609207356878e+01
2.159045548542661308e+01
1.939217837430030045e+01
2.222467958015089806e+01
2.091965659262718802e+01
2.101772881278526839e+01
2.147764430778177314e+01
2.182830189626421813e+01
2.140723562044106032e+01
2.199329031763513953e+01
2.431354757896430741e+01
2.119874487878970726e+01
2.266314593921932641e+01
2.060278207983265375e+01
2.153491414500945211e+01
2.191569602057682786e+01
2.268378569897407360e+01
2.147900898964500271e+01
2.037190239872710507e+01
1.993943115372367458e+01
2.297865104950847481e+01
2.254558055021232121e+01
2.298215866250120598e+01
2.022429178981099795e+01
2.179661082821010609e+01
2.111356281611231367e+01
2.168738496651862491e+01
2.169637748149414236e+01
1.960106805144287989e+01
2.086903190001746111e+01
2.348952851327604208e+01
2.213962446496692849e+01
2.067984739985459797e+01
2.273071565410479167e+01
2.178326907453904226e+01
2.085160769072844644e+01
2.069184501374003204e+01
2.243934737780891808e+01
2.085559717963995752e+01
1.915894156748383992e+01
2.082572309206631544e+01
2.168980720308003285e+01
2.279607947832606030e+01
2.049777612393392090e+01
2.384209717742012202e+01
2.455949987223831954e+01
2.240665315959737214e+01
2.134036069750737852e+01
2.136698235074345931e+01
2.136013977449473344e+01
2.229740335850813793e+01
2.340615953349833944e+01
2.154625698673892842e+01
2.180062270061968377e+01
2.090837848880230965e+01
2.074886654843116318e+01
2.128747015847542912e+01
2.318301032622787972e+01
2.327027468771269270e+01
2.049166885736753230e+01
2.294259966019630781e+01
2.265687863351856635e+01
2.257201943953049650e+01
2.344514992666212549e+01
2.100847765358360419e+01
2.187495614421445467e+01
2.319156247053265574e+01
2.173767593487177052e+01
2.156631821475271593e+01
2.323017109106492839e+01
2.088921150453657205e+01
2.350787525488434682e+01
2.008774899075781306e+01
2.037829023651555360e+01
2.184572370011444065e+01
2.196639306399244873e+01
1.912540363998119020e+01
2.263337088750349224e+01
2.199532126596407267e+01
2.304202513727052093e+01
2.260533095737503473e+01
2.249185475977377990e+01
2.051013037071985678e+01
2.112933527975551939e+01
2.351814994239975576e+01
2.083071911332264747e+01
2.102793517000982959e+01
1.980884075898259766e+01
2.155833304848767185e+01
2.058492976148956899e+01
1.929531536764405431e+01
1.909194900402894746e+01
2.112081900959038805e+01
2.072223860451813593e+01
2.275427758888173102e+01
2.169483926185992928e+01
2.084149157884770887e+01
2.316674229545467867e+01
2.219868739270952318e+01
2.148798725650796726e+01
2.181294241993569472e+01
2.246911709938334667e+01
2.132906166820087535e+01
2.254957170589440096e+01
2.360266568937401033e+01
2.424311272250300675e+01
2.065185380997741049e+01
2.163614763008298070e+01
2.141157386944388463e+01
2.133109940508703772e+01
2.178230672350930774e+01
2.327045270195788262e+01
2.258007934268539785e+01
2.318618679383587988e+01
2.369894789521080725e+01
2.164012257254009342e+01
2.105458746744772469e+01
2.130246710411409339e+01
2.202717513423777973e+01
1.965816552913422299e+01
2.235690143812098896e+01
2.238363005380625381e+01
2.088225268656338329e+01
2.233537082357095827e+01
2.307568263855418778e+01
2.315714619321190781e+01
2.159257989647569431e+01
2.206441193687431834e+01
2.467867643720900617e+01
2.246685744740263857e+01
2.249102967516163076e+01
2.303250345577287561e+01
2.342058088595937093e+01
2.429462940012830430e+01
2.224501621490457737e+01
2.018912922819638922e+01
2.165204003626314133e+01
2.189688074327141720e+01
2.237727693402847251e+01
2.272766384948133833e+01
2.098807623522780474e+01
2.369872208120371937e+01
2.271676962892514240e+01
2.231843977298259318e+01
2.069606895491199339e+01
2.129855130226761162e+01
2.107489294798963542e+01
2.062956800417783754e+01
1.864141373455530015e+01
2.178291972556485234e+01
2.123989366575829152e+01
2.187748215702013255e+01
2.172869181532999150e+01
2.107779692479827105e+01
2.167047180660519601e+01
2.170324327061344150e+01
2.327963711345057973e+01
2.422492981287981806e+01
2.430862519789069509e+01
2.498256694212352613e+01
2.579932804456790763e+01
2.567054767903794144e+01
2.285134783032493644e+01
2.324779892068304221e+01
1.998262251133558820e+01
2.074825743808321477e+01
2.202057565034440856e+01
2.225687558370934838e+01
1.914939173444680165e+01
2.031774302630926954e+01
1.888685991398907049e+01
2.030812255304258329e+01
1.867606849346978137e+01
1.932224376002024613e+01
1.836786573596736716e+01
1.972334008506319236e+01
2.033838143511935570e+01
2.070060779392921901e+01
2.130091112202105208e+01
2.011947541020422392e+01
2.159413817363004284e+01
2.145483248927748221e+01
2.131390056165135505e+01
2.245824124164335700e+01
2.218496839012667010e+01
2.115057392505364220e+01
2.204005223051151319e+01
2.176528556812487025e+01
2.087650439208206166e+01
2.205749269984939076e+01
2.148499660560367985e+01
2.151866370183512345e+01
2.272014546641642596e+01
2.080457180892373614e+01
2.320906196523615606e+01
2.085540763083058380e+01
2.179564174538505128e+01
2.051850066253837568e+01
2.142138720335616497e+01
2.227711935111531716e+01
2.169022947787233591e+01
2.044543441133500394e+01
2.218326702415420471e+01
2.187821228969364284e+01
2.148256259199909479e+01
2.004708813338507412e+01
2.135687597387551406e+01
2.187925978970248764e+01
2.191071485222464332e+01
2.169951009641782136e+01
2.262756879933407106e+01
2.273101511661165830e+01
2.350442478428783843e+01
2.215662554933032524e+01
2.122768653980509868e+01
2.242080655216826557e+01
2.048759012790438305e+01
2.052595709695743409e+01
2.193691120015119367e+01
2.157564349779192980e+01
2.280221729202571268e+01
2.118441109914056852e+01
2.052616181695302089e+01
2.150356772728462218e+01
2.122674674683404561e+01
2.182087424740496928e+01
2.208057514983501690e+01
2.162664279131692169e+01
2.340964528734655303e+01
2.113233284530996059e+01
2.172029424825328192e+01
2.308129121272855855e+01
2.212765425281087772e+01
2.266311257221574493e+01
2.147535383956195076e+01
2.171840796353126635e+01
2.156655924872297803e+01
2.098760528197019326e+01
2.093501581675197087e+01
2.217545957932662049e+01
2.084688982336236762e+01
2.086385099051257086e+01
2.054354878660882378e+01
2.177953742006516435e+01
1.937306439768711996e+01
2.158396361578520839e+01
2.208374056923579332e+01
2.158805624792385203e+01
2.135147680388056202e+01
2.134956760229676220e+01
2.077924854914835961e+01
2.144955607340176229e+01
2.219298243992547270e+01
2.128452649543013564e+01
2.137875335533435006e+01
1.930432738288715555e+01
2.180880257490695229e+01
2.175284705940925178e+01
2.123379202502810514e+01
2.151781197387853695e+01
2.156193726136420707e+01
2.083814311513096840e+01
2.083762134649125386e+01
2.090454520892254209e+01
2.177340053210939175e+01
2.166442019415001141e+01
2.065348964138478749e+01
2.145044924919512397e+01
2.106607081763119993e+01
2.109620948249520822e+01
2.306502180877196650e+01
2.266645780904303109e+01
2.243972137640670539e+01
2.060967730566274980e+01
2.118892768039486185e+01
2.359573317637561374e+01
2.187155511750533421e+01
2.096913962727784408e+01
2.138785695880494586e+01
2.178538840593164139e+01
2.282273149057956374e+01
2.110729623184945325e+01
2.124660965862671702e+01
2.233255188561175686e+01
2.154597065036638170e+01
2.131164259041878850e+01
2.327352922726156947e+01
2.235976155067742255e+01
2.264458864964655049e+01
2.104459965294180179e+01
2.110562878792942243e+01
2.305684039846560651e+01
2.241977021628564160e+01
2.075308086399395791e+01
2.154030702726091562e+01
2.178544819666081978e+01
2.126634163518176024e+01
2.124558082560486838e+01
2.332935125269628784e+01
2.246391532263136170e+01
2.407126479027639121e+01
2.119681171562892530e+01
2.542233651240494297e+01
2.460293218688710581e+01
2.440237599250126621e+01
2.451212305928624247e+01
2.297723511397046181e+01
2.260672810033538127e+01
2.295000630631009741e+01
2.209802158428239238e+01
2.275369578801243620e+01
2.371492619749841779e+01
2.350240093882982251e+01
2.441069084875057982e+01
2.352429395107051135e+01
2.337830420788417030e+01
2.399164842493616945e+01
2.273417052221006074e+01
2.061938140127303143e+01
2.045950639685473149e+01
2.335162519140636661e+01
2.033976980644445831e+01
2.170559592087251488e+01
2.253758254256195670e+01
2.199650726019842750e+01
2.123772446152376503e+01
2.024529158607528601e+01
2.124044407915014077e+01
2.222796139010865346e+01
2.110597124811947722e+01
2.430978697924298615e+01
2.195355956547429699e+01
2.041507251882537233e+01
2.234329673631651758e+01
2.142064734381469648e+01
2.079529154081167519e+01
2.068105780619790224e+01
2.122832427266728317e+01
2.183024742267637208e+01
2.087358031613377918e+01
2.181460442964812430e+01
2.205574347853170991e+01
2.094947215587368561e+01
2.110441863457244338e+01
2.226698218941650254e+01
2.281793403098212281e+01
2.060339204680504110e+01
2.107601827382642767e+01
1.991694092965007101e+01
2.093929403078670504e+01
2.210012052943473648e+01
2.085049341340520712e+01
2.167902700551507067e+01
2.206572054548546902e+01
2.177515303945641278e+01
2.214720681657766477e+01
2.277259533243341849e+01
2.195517034276332424e+01
2.014203421007275097e+01
2.052264693546202778e+01
2.169009076768303856e+01
2.073540937054948330e+01
2.188199210698223141e+01
2.221768206336552609e+01
2.155661269572985361e+01
1.893251369463392564e+01
2.027429398934983595e+01
2.027437906178755611e+01
2.061631543755048313e+01
1.896583892389871551e+01
2.051492983840955731e+01
2.127810260836533729e+01
1.904676772599922430e+01
2.035101546638886560e+01
2.043059224275030772e+01
2.035661838948690061e+01
2.086245456674670962e+01
2.058758802375088948e+01
2.041979885020237973e+01
2.078876815827960556e+01
2.142900926511692461e+01
2.167002048815920290e+01
2.133954594464593058e+01
2.342102383979124625e+01
2.038320325847718806e+01
1.815123403420766834e+01
2.049319746856028601e+01
2.197009452524249440e+01
2.129847603318254201e+01
2.000604335225584762e+01
2.134862724563189573e+01
1.949855237941844521e+01
2.223123572411126503e+01
2.243687431653501463e+01
2.128610565438678748e+01
2.107764341562582189e+01
2.103340119068403169e+01
2.282826146910129239e+01
2.123950607380367828e+01
2.025611724484122433e+01
2.123700874193580290e+01
2.139305993499478120e+01
1.866440506157004720e+01
2.012628638797191627e+01
2.034992695949424757e+01
1.891986736188845342e+01
2.187237627433781384e+01
2.129993373562403036e+01
2.147523899235109468e+01
1.979538699226149490e+01
1.968476411964690698e+01
2.107817967030307926e+01
1.934628888179440764e+01
2.033768466470590752e+01
2.005913280357667716e+01
2.003680984394759435e+01
2.097230744659448476e+01
1.931189173416505511e+01
2.023429616163465639e+01
2.069361327564093500e+01
2.148099053075029374e+01
2.092065214174744980e+01
2.104250116517432900e+01
2.167865102498255681e+01
1.943953353924755234e+01
2.023922990951909284e+01
2.040294067930924982e+01
2.219533984910575697e+01
2.107519383518522105e+01
2.114722943744782313e+01
2.170325858809887265e+01
2.140331067426456713e+01
1.966972630674352374e+01
2.098467710155177102e+01
2.060562193940424081e+01
2.053605223780903444e+01
2.037044762502914708e+01
2.086124772587926302e+01
2.064714979761457769e+01
2.083228643143850789e+01
2.026582920203792781e+01
2.088603345591558025e+01
2.071245794946501917e+01
2.057314430285631346e+01
2.106094749178134862e+01
2.073132545252433090e+01
2.086466919465784997e+01
1.905966080515105432e+01
2.230820734918915349e+01
2.146185054330802444e+01
2.038272235861133552e+01
2.041925784876498895e+01
2.020388085036769965e+01
2.056416636729316849e+01
2.160662192309673912e+01
1.906426717281624050e+01
1.911556186179448247e+01
1.924582493410408901e+01
1.825631216249839994e+01
2.332438891361073274e+01
2.393968335619746668e+01
2.577695855332279962e+01
2.377056131439728759e+01
2.551494911463066018e+01
2.505039285267314142e+01
2.388559998619989244e+01
2.181761410836503856e+01
2.145449504892661707e+01
2.034618650766235248e+01
2.237140109313429548e+01
2.150719243226087229e+01
2.186718806138779669e+01
2.090990908168791407e+01
2.094045016673758752e+01
2.084507543026101573e+01
2.090830646468888432e+01
1.992618890483204552e+01
2.081145676315587068e+01
2.151906759839306105e+01
2.291008633836613484e+01
2.028311131728785810e+01
2.263298098380093037e+01
2.109303745165311383e+01
2.161349293398541960e+01
2.169799802153564627e+01
2.152217391787164757e+01
2.051678188764806521e+01
2.222826667824075741e+01
2.057719627198532208e+01
2.066747816678938321e+01
2.098412964989036666e+01
2.309269222902161545e+01
2.003782734602664561e+01
2.219827784782213698e+01
2.091778871124607164e+01
2.025375023438484590e+01
1.995219093204565297e+01
2.044641543321194277e+01
1.991030830773068772e+01
2.231799842751702201e+01
1.996743443340865554e+01
2.135919886915321442e+01
2.055610375436668846e+01
2.101397252908581237e+01
2.144984727450655981e+01
2.176766284554655684e+01
2.271843105968311960e+01
2.276739743054705301e+01
2.114105813207841678e+01
2.271381753170260964e+01
2.167233135251617426e+01
2.320373665426000542e+01
2.226514279741086000e+01
2.278929554121901901e+01
2.396206584378440496e+01
2.272000619298426827e+01
2.145877191119365435e+01
2.268463542385437037e+01
2.253600895620149203e+01
2.424907677881503076e+01
2.169074691290806456e+01
2.102756982273862363e+01
2.193413064917805499e+01
2.198833029194565825e+01
2.089466953646489955e+01
2.158278255460749762e+01
2.275671704004203377e+01
2.109290347294206214e+01
2.030175129054267558e+01
2.195674769167625229e+01
2.139104822922708138e+01
2.169318119292463720e+01
2.191524265981583142e+01
2.230874130328492200e+01
2.154533545763531421e+01
2.054125518575300191e+01
2.342929925764916277e+01
2.182872957443322193e+01
2.212728901723095021e+01
2.173569070588757057e+01
1.934987393273144107e+01
2.248157310313629509e+01
2.282476114903913711e+01
2.130074646760277446e+01
2.185774279056538916e+01
2.197310549246594036e+01
2.239167389702680921e+01
2.407570901026053889e+01
2.342465431308328050e+01
2.246441109900693789e+01
2.325711408128250213e+01
2.219221237178102513e+01
2.105804170152854482e+01
2.122065373234037722e+01
2.200224499952067347e+01
2.182452413499415655e+01
2.316150117179519086e+01
2.187958160443312039e+01
2.193918995786744830e+01
2.334926170374551901e+01
2.310246950736899407e+01
2.308924773381561479e+01
2.250505160206725819e+01
2.181379638423653944e+01
2.228616039392812809e+01
2.214115721974799911e+01
2.253662300007182395e+01
2.301940081473300737e+01
2.195793093399429097e+01
2.199545973830446854e+01
2.412322997361336263e+01
2.249925886239373796e+01
2.182345036021287754e+01
2.348581921211825119e+01
2.156445545227731131e+01
2.188819123583532900e+01
2.314480029336236910e+01
2.271963565566169052e+01
2.235023992317271535e+01
2.311072662062158756e+01
2.246929046274629727e+01
2.395925387157078745e+01
2.478693118377103488e+01
2.236551102703714378e+01
2.422591571973570268e+01
2.433480088750530967e+01
2.348582308720527934e+01
2.462765632418312478e+01
2.651943417948642079e+01
2.412947633556051130e+01
2.498785342436395496e+01
2.440878428421263280e+01
2.421959006874704201e+01
2.203598642879881808e+01
2.078031960676795720e+01
2.234271332513705488e+01
2.258965750508358639e+01
2.358850259729276644e+01
2.254468535323369593e+01
2.324706533716629409e+01
2.436819822902212707e+01
2.355051399504684539e+01
2.463035180808975966e+01
2.425220563415026831e+01
2.229978093338560541e+01
2.456306076972456509e+01
2.461917410807169659e+01
2.432326266041685869e+01
2.524655315278494783e+01
2.558028086743589213e+01
2.486046286377681724e+01
2.523831393434612025e+01
2.506109222342825760e+01
2.490032551887181356e+01
2.495352199842088581e+01
2.503324414145704679e+01
2.415632811442009142e+01
2.494819949693543748e+01
2.529239496173956425e+01
2.567538731274502695e+01
2.471165423676838557e+01
2.470187472643864979e+01
2.548179929553056411e+01
2.590531193554136635e+01
2.582262712306981101e+01
2.650319304990461333e+01
2.562767433999142241e+01
3.001222296758821173e+01
3.128016839597583498e+01
3.594436777105789105e+01
3.930155985818269926e+01
3.513897726476949401e+01
3.436716188242458969e+01
2.742504781424149485e+01
2.632706808445755087e+01
2.766544276172145089e+01
4.009903756427195987e+01
6.794778016995802261e+01
1.005124851062582110e+02
1.177012381217062114e+02
1.254841528893975777e+02
1.023852423813309258e+02
7.135879933697485455e+01
4.394388550635694202e+01
2.675501761214045970e+01
2.530170051582405222e+01
2.283565987731375202e+01
2.380362281178902251e+01
2.439343821389633149e+01
2.669070552008339092e+01
3.249042550226927517e+01
4.261039929597058062e+01
5.672571821633616906e+01
6.154563726315147676e+01
5.823956967238403593e+01
4.888667276513710647e+01
3.683016791164908454e+01
3.238373379355390114e+01
2.737543891932094198e+01
2.323638123798979649e+01
2.285969923652605473e+01
2.332353699715673301e+01
2.379582385299898561e+01
2.576199520077986094e+01
2.515752254071957594e+01
2.529360274394529995e+01
2.443498512298205583e+01
2.476405181611568551e+01
2.406728812983894983e+01
2.526690605870816597e+01
2.337754330809498171e+01
2.457639316768369042e+01
2.537318613433233594e+01
2.486659025958637415e+01
2.289956175355052537e+01
2.454010242325432500e+01
2.482497738665268372e+01
2.519708858256259276e+01
2.466593926870727316e+01
2.386640709762619394e+01
2.337317362467543091e+01
2.363621425449551694e+01
2.277744986441195607e+01
2.405194099991218692e+01
2.438644488368526453e+01
2.514001928126913654e+01
2.315286819163818421e+01
2.383138403797062566e+01
1.938914685392028403e+01
2.108163861962059116e+01
2.297560937827918437e+01
2.583065547321514543e+01
2.294845437442956992e+01
2.291385113778591176e+01
2.567828024285203625e+01
2.148421649671865197e+01
2.287633920812406529e+01
2.426534897295784887e+01
2.340739670028959551e+01
2.361530236395599402e+01
2.124514943419519142e+01
2.316896890640472151e+01
2.220116707498932129e+01
2.390580011016283990e+01
2.439521499092003154e+01
2.336890334286615456e+01
2.217806060500864973e+01
2.404832522779986803e+01
2.218131242070929332e+01
2.228724476798046084e+01
2.237352008977515538e+01
2.377927204172761577e+01
2.332552845763506610e+01
2.220527409674843966e+01
2.233900208917533092e+01
2.215758253822900770e+01
2.120066714940849195e+01
2.214221668923281428e+01
2.328115502380298452e+01
2.388339886342609830e+01
2.031515052139938504e+01
2.235207963643129148e+01
2.129551528971100538e+01
2.058830767524654348e+01
2.197315913517778441e+01
2.147244513134313948e+01
2.106597320599280465e+01
2.217990049784404505e+01
2.159909268051423581e+01
2.077733931656949196e+01
2.180586934021797418e+01
2.232215619361868519e+01
2.032767311401020294e+01
2.162632190625831541e+01
2.216022317408155828e+01
2.204374983534207999e+01
2.248191528066942624e+01
2.561195696534436195e+01
3.226247393690060505e+01
3.983615583518422909e+01
4.005715125333832560e+01
3.983036037538648344e+01
3.389760461786627133e+01
2.909399724365986728e+01
2.308003916615029993e+01
2.256893056549403198e+01
2.480563455578366572e+01
2.859277305757708376e+01
3.566371516419014398e+01
3.603355493957567290e+01
3.684225851104972804e+01
3.332526998926510942e+01
2.644148113928836707e+01
2.429852514177721190e+01
2.225590095927714884e+01
2.205010362367891830e+01
2.243804047634074195e+01
1.995937192158013929e+01
2.180298525441894597e+01
2.080526314066866789e+01
2.069610171742576910e+01
2.159729088288083787e+01
2.162338667800541714e+01
2.518969568247559465e+01
2.305867755711562594e+01
2.024886053914617179e+01
2.015894881703727037e+01
2.037631278506328059e+01
2.169926842744329321e+01
1.905597255444821414e+01
2.110811250492669444e+01
2.214473037662792265e+01
2.077638630545366283e+01
2.251241631897664419e+01
2.000765838579695099e+01
2.171721173674658800e+01
2.003697082854460376e+01
2.303392623692898056e+01
2.172241968651472632e+01
2.062368879496595042e+01
1.974930145130272052e+01
2.100823323611704652e+01
2.164969486474234728e+01
1.987155543808800573e+01
2.245378479953359729e+01
2.092773512302371586e+01
2.034888230234053808e+01
2.080877137498561069e+01
2.087329456081346990e+01
2.207842745393068640e+01
1.953617094668505771e+01
2.217355611154436446e+01
2.086827257301521854e+01
2.107607995143707313e+01
2.221711375095383545e+01
2.129666748388276076e+01
2.047309151949513151e+01
1.959037346026542181e+01
2.217903496146460895e+01
2.205453350518608246e+01
2.167710411864150544e+01
2.081229437945641436e+01
2.202652646487727139e+01
2.113791618849800713e+01
2.109073259980583614e+01
2.145072870263902587e+01
2.118611323173003669e+01
2.179478415113407408e+01
2.212661691712009926e+01
2.079730160487686064e+01
2.087452622883109754e+01
2.124636446561381575e+01
2.205922782111521485e+01
1.903867017808333628e+01
2.196960592124270306e+01
2.159819496712354336e+01
2.104744561504107381e+01
2.014547819074999424e+01
2.058910328604799744e+01
2.063821149406927091e+01
1.878934588315868126e+01
2.008998003936305210e+01
2.126412379077738990e+01
1.999471534952842333e+01
2.124517593053952069e+01
2.051852623102270101e+01
2.203387025688620326e+01
2.143955067773506329e+01
2.220817413370690119e+01
2.097506673199261229e+01
2.027332843094660930e+01
2.071959693444901518e+01
1.975080886940943259e+01
2.012599245750785926e+01
2.046500165677614902e+01
2.082473913065875593e+01
2.142426203924003758e+01
2.076298710213045240e+01
2.036748982704105515e+01
2.124164242021142357e+01
1.960218289589464646e+01
2.035455830771923402e+01
2.198163159817477563e+01
2.125994332371386619e+01
2.245792259810730584e+01
2.195852526447915309e+01
1.980791105614546055e+01
2.011691837239591152e+01
2.258643495886481745e+01
2.094943271327813150e+01
2.158031423884931499e+01
2.099564047845542092e+01
2.184835053979810127e+01
1.982225511383355609e+01
2.239402221113147107e+01
2.059609119904897767e+01
2.219062255821795304e+01
2.249367714033800780e+01
2.142377436381682543e+01
2.185902238740868953e+01
2.020231200962291140e+01
2.277570095075155621e+01
2.063600773424166590e+01
2.128204880224481954e+01
2.105985219107082074e+01
2.210262902934466567e+01
2.201822288939825967e+01
2.145633761669811079e+01
2.189712397811965516e+01
2.104675856407626355e+01
2.243101354127826852e+01
1.914507884057469056e+01
2.149402447324930776e+01
2.121452557443513598e+01
1.962033511409680386e+01
2.193538065798732006e+01
2.141295680273296398e+01
2.097484547372266661e+01
2.109712045046341800e+01
2.175875325183027797e+01
2.134453230323651240e+01
2.154493490348764695e+01
2.152779847292044835e+01
2.075563323857079112e+01
2.177374885280602612e+01
2.069891598118499942e+01
2.112217533463674357e+01
2.061883770188257259e+01
2.108842521560914562e+01
2.007929416363557351e+01
2.129750943835166410e+01
2.091277682723288578e+01
2.159299174756539585e+01
2.174204316420511773e+01
2.219867033947907231e+01
2.008851250388435972e+01
2.036261972158088085e+01
2.187337644608366460e+01
2.266749631043432345e+01
2.333347193526993735e+01
2.028740098307103068e+01
2.173340280578677053e+01
2.356713092530105413e+01
2.430345079992552471e+01
2.250539684303222643e+01
2.176342590773471386e+01
2.088079595154323798e+01
2.196052829111225435e+01
2.134516777639485241e+01
1.991733701374485932e+01
2.089322590488517761e+01
2.239223870046759046e+01
2.275805617790616964e+01
2.243128256288479960e+01
2.180470285719843559e+01
2.057908668051670276e+01
2.201471177476340557e+01
2.223101024109080726e+01
2.012963052839996791e+01
2.246122815589557575e+01
2.036937362813880270e+01
2.123194187786635112e+01
2.159053693456134937e+01
2.211206161452020069e+01
2.179569819538235009e+01
2.192962497665417132e+01
2.007771684628400166e+01
2.154378973043138501e+01
2.126546495608631560e+01
1.985463580319633792e+01
1.973004063185983981e+01
2.132758931268243430e+01
2.096867267596557483e+01
2.250897745703074904e+01
2.188756521558075363e+01
2.116296740945662691e+01
2.051112470097704588e+01
2.295476911570888134e+01
2.305574736152880888e+01
2.087923430544070413e+01
2.173766799023493235e+01
2.186408265286911856e+01
2.175453196554308732e+01
2.159404043790618388e+01
2.267315832631561889e+01
2.187923706539234558e+01
2.194314902035646853e+01
2.382942256515179480e+01
2.222139055929861584e+01
2.013282506444618747e+01
2.168635760936568246e+01
2.057001867542858164e+01
1.939868098108073369e+01
2.215249396226012024e+01
2.113276499501557382e+01
2.271540748709177393e+01
2.103446544437728605e+01
2.008473532385922411e+01
2.003800422177690521e+01
2.143764580614051596e+01
2.263071245494410277e+01
2.263319214735751927e+01
2.094986717522075281e+01
2.172457428822828973e+01
2.267779342143302657e+01
1.846513833199646015e+01
2.213199742294020567e+01
1.933436987643214877e+01
2.248246215690345196e+01
2.021956731963204845e+01
2.112814454828412991e+01
1.907768659098200459e+01
2.052952131491286991e+01
2.006802938477813925e+01
2.061225883398270042e+01
2.134217756231247876e+01
1.947244982166636973e+01
2.052217909017592490e+01
2.139568991053954150e+01
2.078719823129797106e+01
2.086914346468063641e+01
2.118016944198556217e+01
2.025877316778596438e+01
1.965923331361798176e+01
2.285361917806440957e+01
2.014123988350800332e+01
2.040477618302466922e+01
2.198503626260256638e+01
1.861252819895935318e+01
1.927477817708224705e+01
2.029591810986400446e+01
2.002299981666059026e+01
2.205148048313311193e+01
2.143711029673493940e+01
2.018009713644600112e+01
2.042021931145144364e+01
2.068581628447131848e+01
2.151442523075277791e+01
1.843085988228346039e+01
1.912620699499194288e+01
2.282435503609374905e+01
2.146049741946079337e+01
2.181326597131185707e+01
2.185347495222188030e+01
2.364682305228616954e+01
2.252770963132178395e+01
2.342505217336039181e+01
2.033162838270118300e+01
1.982802965954689256e+01
2.072816900909546689e+01
2.120013100452127119e+01
2.090639013614302755e+01
2.057596233698762944e+01
2.169670875311060954e+01
2.158243256671468657e+01
2.066059757267489516e+01
1.899978648744837173e+01
1.930322309912182632e+01
2.095561811117399387e+01
1.856911942783836977e+01
1.914965228640217987e+01
2.218057571601450917e+01
1.899192549971767718e+01
2.098829728543839579e+01
2.071962930927084656e+01
2.029088851198319432e+01
2.109683789447786140e+01
2.073604221000444525e+01
1.990693238561259193e+01
1.971319965385682238e+01
1.954511625886398818e+01
2.064931437373699907e+01
2.118088747675355776e+01
2.160336496792472616e+01
1.994518337551929221e+01
2.088012638586040026e+01
1.981500140618681982e+01
1.866806354452438299e+01
2.086294676009360316e+01
2.014715166188440776e+01
2.294560700481121884e+01
1.952380124272676909e+01
2.012331387394115012e+01
2.090940940328774289e+01
2.068953377207911615e+01
2.019527128310243569e+01
2.143023076873273070e+01
2.055488300850848304e+01
1.988070348197293669e+01
2.096486351420448813e+01
2.035278929007361270e+01
2.098592884076738230e+01
2.109888788674411586e+01
2.148359881033512764e+01
2.043761399415198099e+01
1.962700498762567136e+01
1.939015745134712176e+01
1.972892812815404184e+01
2.017506395403191277e+01
1.850830490253001059e+01
2.289686641235456577e+01
2.025396610180481716e+01
1.998552796731171810e+01
2.011727724812805462e+01
2.088081194235684279e+01
2.127478614318093264e+01
2.136691771806945894e+01
2.024548002870588093e+01
2.149906073551818508e+01
2.007309265710042112e+01
1.954845094021789009e+01
2.259202596527790519e+01
2.220507539679345399e+01
2.162841714235622703e+01
2.133792360013222122e+01
2.105461676287373152e+01
1.927182660479484966e+01
2.008178769071423275e+01
2.127193584749085176e+01
2.138253280604762452e+01
2.107670930535140386e+01
2.066658613392693056e+01
1.789463499197977825e+01
2.669385826077864010e+01
2.632819181520218166e+01
2.238136690191736022e+01
2.003946202813973088e+01
2.252215442476557072e+01
1.991231104352354109e+01
2.111201415805921755e+01
2.107665114424951369e+01
2.042779570636752240e+01
1.987443633330414272e+01
2.064487174635558731e+01
2.224582336276790784e+01
1.957769897972189455e+01
1.940312503691562540e+01
2.040948479180036301e+01
2.201149963138750465e+01
2.207488530997506970e+01
2.247016690592171173e+01
2.035891903401437020e+01
1.795049845692388146e+01
2.113722299876306110e+01
2.159332956481665988e+01
2.048232248715166648e+01
2.207025175060134359e+01
2.101750436302211611e+01
2.339700598366989581e+01
2.210224059881063496e+01
2.094357572320694416e+01
2.106725950897501676e+01
2.019980731782644767e+01
2.154116666339577080e+01
2.169099160147069938e+01
2.118050278428540878e+01
2.365440891250067068e+01
2.552024952372937605e+01
2.374734649329455394e+01
2.095656272016057997e+01
2.078995224961448685e+01
2.324623652503390048e+01
2.193808724359541173e+01
2.178417423881617054e+01
2.204189261407791278e+01
2.120024308128081714e+01
2.295466012439286629e+01
2.211164947534067338e+01
1.967117219948883289e+01
2.064858101703578797e+01
2.053607010125293186e+01
2.140555423167411320e+01
2.177727594928361654e+01
2.369087429008020251e+01
2.054156154466683049e+01
2.191715864766082333e+01
2.193680442771725581e+01
2.048507071609277119e+01
2.255987787106398201e+01
2.279851122120690476e+01
1.811626432527156894e+01
2.153126900340158301e+01
2.227199586515738261e+01
2.142691279882517463e+01
2.240509272148053199e+01
2.216250464475762527e+01
2.160452528948383133e+01
2.163815591799921378e+01
2.168146064497640069e+01
2.259514469815320581e+01
2.179338927375443191e+01
2.314254754357339294e+01
2.373725185275389293e+01
2.121814010954121343e+01
2.280526806237531900e+01
2.066129845701226131e+01
2.156158420601478554e+01
1.997686042588070165e+01
1.951874448626575997e+01
2.293086668820704688e+01
2.248910702545969897e+01
2.099370061404297516e+01
2.177563314225153235e+01
2.396965695090020887e+01
2.302375489926844665e+01
2.327425736287959523e+01
2.282377248385770230e+01
2.048064179895719406e+01
2.455695669942144832e+01
2.187102098291916263e+01
1.947272544221816659e+01
2.077122441825382282e+01
2.187915742207591308e+01
2.161999607933168477e+01
1.976279405604500994e+01
2.471067573090072500e+01
2.665183264985473244e+01
2.106343079691339781e+01
2.040203966467101537e+01
2.249011822523625881e+01
2.206669773866274298e+01
2.207807080023946256e+01
2.074322841104928017e+01
2.155040228320132911e+01
2.205524921331638666e+01
1.934621739028226628e+01
2.074338915525089533e+01
1.929233831131751842e+01
2.119264580277825871e+01
2.192334231562587732e+01
2.253352407293933979e+01
2.255843796300400683e+01
2.178900376045385912e+01
2.415042909248580472e+01
2.267238397936056771e+01
2.194191726559401801e+01
2.025886367183908021e+01
2.026595506198436780e+01
1.842228597397763679e+01
2.097515443364957832e+01
2.249280368057632273e+01
2.174342352902166198e+01
2.043170973509043264e+01
2.002110640881309322e+01
2.279891944362851319e+01
2.258889410303154932e+01
2.173846482659309487e+01
2.173870305011336512e+01
2.174751586043341334e+01
2.192710211941660248e+01
2.327833512083152812e+01
2.244404836948084991e+01
2.298771020129094822e+01
2.014274331777227900e+01
2.317218499401366927e+01
2.272865210212265907e+01
2.125557453623823889e+01
2.228037758319310413e+01
2.379007022404692506e+01
2.257109763836473348e+01
2.272491553682191068e+01
2.347520384299453156e+01
2.289345674742288139e+01
2.319192782181886514e+01
2.132808520251629147e+01
2.306541381013439462e+01
2.225381744250346472e+01
2.024398472419216333e+01
2.279086155638344025e+01
2.176756253634034621e+01
2.146847783538735754e+01
2.274778223017455048e+01
2.233709873082918662e+01
2.469420631433796487e+01
2.136921273747130812e+01
2.137657461211494692e+01
2.368251690237023510e+01
2.054229045952247290e+01
2.294726574602122682e+01
1.978149488819545354e+01
2.402471477674639999e+01
2.257162314017054072e+01
2.258205105829124548e+01
2.132736764108167193e+01
2.193958094442167450e+01
2.048847159684896369e+01
2.319944197457733992e+01
2.149348375267931388e+01
2.246144258585531972e+01
2.187106665745952583e+01
2.263757114081774802e+01
2.346679094239568641e+01
2.078213042830173762e+01
2.212544568862765715e+01
2.181210301867105628e+01
2.226789021000817570e+01
2.068522001214927997e+01
2.334874243645390735e+01
2.011321510862114792e+01
2.219335073960922244e+01
2.210530996257885405e+01
2.219014602706038275e+01
2.339679612120514562e+01
2.294647585471271256e+01
2.255432615115533324e+01
2.176063484395055170e+01
2.364806847129865730e+01
2.422050799221450035e+01
2.361882185918772947e+01
2.307721663604694129e+01
2.195028340856806182e+01
2.513482718657908066e+01
2.409255382184223393e+01
1.987688863313717746e+01
2.197350578857943404e+01
2.053985850258694512e+01
1.942441882867746727e+01
2.463647098428746673e+01
2.415284155331201177e+01
1.954961260904059017e+01
2.322754389557223220e+01
1.996444813136866614e+01
2.176405715479254610e+01
2.220180103176052810e+01
2.068745623748346318e+01
1.956462323492151612e+01
2.432180334644340292e+01
2.056604770077824540e+01
2.067778792293509227e+01
2.099355082277548945e+01
2.109375071506628174e+01
2.188156675904019721e+01
2.141159866535835121e+01
1.951722460870078635e+01
2.028532307368118026e+01
2.019093150903089295e+01
2.091309243745964963e+01
2.139394154030265582e+01
1.979386049895058974e+01
2.392198359200220636e+01
2.235986985186146825e+01
2.080279727955017677e+01
2.428935085023898210e+01
1.839562581254520524e+01
1.984544711478025647e+01
2.086217419181432575e+01
2.181961075213699885e+01
2.183161907013534631e+01
1.802141292436044040e+01
1.846504065473446943e+01
1.937076204818380276e+01
2.039496014133597868e+01
2.079591972011237999e+01
2.110082160597807643e+01
2.093219492770161239e+01
1.914771682464266789e+01
2.047030700464243935e+01
1.980309017410618821e+01
2.078925022501267961e+01
1.993488577550395746e+01
2.088557382646718708e+01
2.073764600072610520e+01
2.037754491014311853e+01
1.885735251427026782e+01
2.073629255496057411e+01
2.012521494125425647e+01
2.033753348410959916e+01
2.109607633223740919e+01
2.216833139068345560e+01
1.855747160559264586e+01
2.268870577662113419e+01
2.123450360230353340e+01
1.866403052079616387e+01
1.913364535798496036e+01
1.985036112959604537e+01
2.108825830061404716e+01
2.121752692219572722e+01
1.961898806544666840e+01
2.074480556196049363e+01
1.857728234697876957e+01
1.884100434415228875e+01
2.133956093443800484e+01
1.878235239734765116e+01
1.925320286052484420e+01
2.032546994131273976e+01
2.266730347480777397e+01
2.160650171624778793e+01
1.879883032899409301e+01
1.498253169820752539e+01
2.169141158467725816e+01
2.227975312005067821e+01
2.073875329284379632e+01
2.065324451518828042e+01
2.047435068949344839e+01
2.297847819252586277e+01
2.214674291061389511e+01
1.891725885279025832e+01
2.119626729389973363e+01
1.914482980532621070e+01
2.093186155781990010e+01
2.008240263540903214e+01
2.153750482249978404e+01
2.212740927321537043e+01
2.093443850545979856e+01
2.047993267465188083e+01
2.044605237697271249e+01
1.766938475746568571e+01
2.322668967612075264e+01
1.852418127766236111e+01
1.959499949717222833e+01
2.099528604689135136e+01
2.298425979283348752e+01
2.100976823315458475e+01
2.124741323205673282e+01
2.070596384002833901e+01
2.018366895389244320e+01
2.038949049093873711e+01
2.030219582653563393e+01
2.099709333172612702e+01
1.889081479199326097e+01
1.984302274597128957e+01
2.168954024443807427e+01
2.191187168787192263e+01
2.099868064706365089e+01
2.251069804221094373e+01
2.447649902303774283e+01
2.076836491875781832e+01
1.867395695507079978e+01
2.005176540343162728e+01
2.017664116631536331e+01
2.149027357467786814e+01
2.170318539946192971e+01
2.169352011800848956e+01
2.154857724698093335e+01
2.299670679299211784e+01
2.046415150939697725e+01
2.283483349086513670e+01
2.286617863273617601e+01
2.095269768088221340e+01
2.289251266476035340e+01
1.955241038980941326e+01
2.349350306283909617e+01
1.978899059418759165e+01
1.952796935064852946e+01
2.104195557889219259e+01
1.933396128510695888e+01
2.067207673962234438e+01
2.044024500302319680e+01
2.197140590822725059e+01
2.060727467210537966e+01
2.026169522248361687e+01
2.119900087339683736e+01
2.108734895065382986e+01
1.989225183602956548e+01
2.158136638866974621e+01
2.202766032886502856e+01
2.276645689831827113e+01
2.165510505594877344e+01
2.230547119826448110e+01
2.095342735709776605e+01
2.007070418869191997e+01
2.201637836578406393e+01
2.041599444831897259e+01
2.277652631206291645e+01
2.057367427080572497e+01
2.199825676748208991e+01
2.125781699620963749e+01
2.056368748898547949e+01
1.745486391718519670e+01
1.983467924199820942e+01
2.067045191846476726e+01
2.101449615919027636e+01
2.194595062477328185e+01
2.104930962712068521e+01
1.919301284134004604e+01
2.442012220844132742e+01
1.939086870397149909e+01
1.972048895634258514e+01
2.072197196374095540e+01
2.439418383027074810e+01
2.163643771558042062e+01
2.053955134251442516e+01
2.040684840204456663e+01
2.360174138812307021e+01
1.978522539828594518e+01
1.927013069109630550e+01
2.133774371277776183e+01
2.089344903640679618e+01
2.111305695066652888e+01
2.261249372907233379e+01
2.138498107139852422e+01
1.756350247705318424e+01
1.998232778239677288e+01
2.230243041695312911e+01
1.915383250809533422e+01
2.063982477873444665e+01
1.989771439668380637e+01
1.888428165540162595e+01
2.062642594167128252e+01
1.632762848876785355e+01
1.758345439621494322e+01
1.889137231971820796e+01
2.230898805905051674e+01
1.642298578194416336e+01
1.696399351682233458e+01
2.309224551632001265e+01
1.991518269813593989e+01
1.944785457524004357e+01
2.465398172580091440e+01
2.154055064022312393e+01
1.913274944138291289e+01
1.761996698422948171e+01
1.840234414359179027e+01
2.191194512025883157e+01
2.369305398135129082e+01
2.168942682320144044e+01
1.969898307799810411e+01
2.169375002348726156e+01
1.885549062576346557e+01
1.978906977738769868e+01
2.070359856711553448e+01
2.011433607663596135e+01
2.024637994240218219e+01
1.996633469240239123e+01
2.003544555252188886e+01
2.160858529111774118e+01
2.128646064938901361e+01
2.166592408551249349e+01
2.415043410224608778e+01
2.184460774030629082e+01
2.217985007313612655e+01
2.091835929642535774e+01
2.143138204285165571e+01
1.915087495436437592e+01
2.174225096940083546e+01
1.938219329729059126e+01
2.042715256168787974e+01
2.096599374774348945e+01
2.130633069925426781e+01
1.890884892485366464e+01
1.900923325765024785e+01
2.105427361426923127e+01
2.080300638522551537e+01
2.138364530734747149e+01
1.969273684155053417e+01
2.471967609644830333e+01
2.326135403193130458e+01
2.253890724801560097e+01
2.054522262147877498e+01
2.213981428321593015e+01
2.007977159972800862e+01
2.170403745412929553e+01
2.033912331064354007e+01
2.231706148505002574e+01
2.035282999717591679e+01
2.189907036817179531e+01
2.326031149513702445e+01
2.525365648025615783e+01
1.420218594030809456e+01
2.882700258091851708e+01
2.136589214543485937e+01
2.419854924278559238e+01
2.182742558460106608e+01
2.161297892163921830e+01
2.311776558841931362e+01
2.181435820346344912e+01
2.370838228609301979e+01
2.066201620561469454e+01
1.989864540946359739e+01
2.063733355251448387e+01
2.190255735284953786e+01
1.753492727214058178e+01
2.516195726917210607e+01
2.278959413564789926e+01
2.207095045860021898e+01
1.946727491836956148e+01
2.030478650688706210e+01
2.091410525730570313e+01
1.858369467430248179e+01
2.170440132419321699e+01
2.269449250038614352e+01
2.195878936363806488e+01
2.222929978282657615e+01
1.861404680115875365e+01
2.145020952653534252e+01
2.465217214992426875e+01
2.346090904591341086e+01
1.377216116029567416e+01
2.102890347357071121e+01
2.154954359359190263e+01
2.219842824846699969e+01
1.811040663480190105e+01
1.476912889711001142e+01
2.070534644187882378e+01
2.121283620006246906e+01
2.073623055688355166e+01
2.037664074779142354e+01
2.073936686571221344e+01
2.044849504122286277e+01
2.148803608657789965e+01
2.335496753944563153e+01
2.279405091189183352e+01
1.994204805568741534e+01
2.185582437873966910e+01
2.138312773507346876e+01
2.337100904199797569e+01
2.306043912708939914e+01
2.149048115927155322e+01
2.305603705234549139e+01
2.120520255181217095e+01
1.974031661615467570e+01
2.280679852482319347e+01
2.091560866241518113e+01
1.949422554452451095e+01
2.452363538694632084e+01
2.638655369568513009e+01
1.933996835427054251e+01
1.894376424390207347e+01
1.690270317644129250e+01
2.215051298827177817e+01
2.117730590306419103e+01
2.221979620734428451e+01
2.155365670114738208e+01
2.508118026566035041e+01
1.913263595123168770e+01
2.046565070795942276e+01
1.805552979961033699e+01
2.178838838261014388e+01
2.394592698278097131e+01
2.407873994168672738e+01
2.100891454636777311e+01
2.436333431951007711e+01
1.965715056463938026e+01
2.090807726989073601e+01
2.087617914311080725e+01
2.009357106859279796e+01
2.292446714094889515e+01
2.053270355561640059e+01
2.242926166815681555e+01
2.337111429145002717e+01
1.863577666419491408e+01
1.931737126098317248e+01
2.311008207083220256e+01
1.892676308727850198e+01
1.684358483814970953e+01
1.859887284996530710e+01
2.018696253343749447e+01
1.980530493420568305e+01
2.222509087051608034e+01
2.172587675192042411e+01
2.039716582779447407e+01
2.381982453178420656e+01
2.705456337399312972e+01
1.839648615467756798e+01
2.362271134570170261e+01
1.778449111923177739e+01
2.003044892313752001e+01
1.854205375719496018e+01
2.158695955324936122e+01
2.086501756954405096e+01
2.251549411382189092e+01
2.008594117909359156e+01
2.250014440878675614e+01
2.173963872009088050e+01
2.000985329367576426e+01
2.540053342771827971e+01
1.969190068833340135e+01
2.040151588754009992e+01
1.976878749706837368e+01
2.028296871086616449e+01
2.080211216187711898e+01
2.208486988339445389e+01
2.051082269169798167e+01
2.239921931981432124e+01
1.976285222696803956e+01
2.134641622091687196e+01
1.797483958649907265e+01
1.970099987564329069e+01
2.189061104083324949e+01
2.213302279223133695e+01
2.045057331329386585e+01
2.008684386965928681e+01
2.105195858225845384e+01
2.095824570347533822e+01
2.449627613950391591e+01
1.996025039807819113e+01
1.924687771430500405e+01
2.194153590806201493e+01
2.090597610892485037e+01
2.170786222763676321e+01
2.310463481003216302e+01
1.565781824900579089e+01
2.547527607358988178e+01
1.965251226087622172e+01
2.091090569994184634e+01
1.732322157225539883e+01
2.411506148627548640e+01
2.163176364690980691e+01
2.157965257396639913e+01
2.088557192380768868e+01
2.045574311355463237e+01
1.956737561738351161e+01
2.137767848994577946e+01
2.196223778686927375e+01
2.112145096606454686e+01
2.240662738570869195e+01
1.974126408261382792e+01
2.087846641563477235e+01
2.188305335180270461e+01
2.119263309149860675e+01
2.129257622783566717e+01
1.961503405943761180e+01
2.117460839477639922e+01
2.055221553552824432e+01
2.098683152727427625e+01
1.851625248560979742e+01
1.886848497682984771e+01
2.105868242861355810e+01
2.054191345999159068e+01
1.944916261899797050e+01
1.992776779142790389e+01
2.166079272394346233e+01
1.976091703355588791e+01
1.822419448346248672e+01
2.261317425597666286e+01
2.190713894135822670e+01
1.952995375376722720e+01
2.014239358395533586e+01
2.159358166068790652e+01
2.341412947019541946e+01
2.272182774003069383e+01
1.973996380048312460e+01
2.004572848977496591e+01
1.914164739865990938e+01
1.963236153210439028e+01
1.785315708666450263e+01
2.039693020440182991e+01
1.927494370544382818e+01
1.763851886832595284e+01
2.002412980206970161e+01
2.006636668439083948e+01
2.123996729641929448e+01
2.040206915289709499e+01
2.016401833637537777e+01
1.914329136143831178e+01
1.832247768937745391e+01
2.077798234341418393e+01
2.071524036649335088e+01
1.923602959412473723e+01
2.754077007837375035e+01
2.359440824716693186e+01
2.120934691655465443e+01
2.073937031566977396e+01
2.242925494604203251e+01
2.022550542751519487e+01
