5.202994088210301626e+00
4.423290632828805968e+00
1.124123766345769759e+01
1.898539343779045652e+01
1.694633042664117184e+01
3.200129034929604988e+00
1.552060966884853510e+00
1.312109011544817072e+01
1.325327977637510024e+01
8.122670251968758137e+00
6.622557186117939310e+00
9.910399780688450733e+00
1.056477343355339293e+01
7.336685627028391998e+00
7.502124602096843731e+00
1.213133033988714793e+01
1.057112788461872199e+01
1.485987972523361123e+01
1.420228868115929899e+01
6.081926077663537100e+00
-2.616275937524630280e-01
5.791817979013578643e+00
7.368496601797963841e+00
6.525066284753963330e+00
9.443917625738787791e+00
1.303209165302155448e+01
1.105684924430066651e+01
9.910449312133854605e+00
1.050313302795062498e+01
8.546617915423183831e+00
2.700722039626720417e+00
8.027994672656907582e+00
1.098406800148642404e+01
5.499724750420130981e+00
7.212443809986672782e+00
7.153736064234151648e+00
3.627220424920258424e+00
7.802882658142982208e+00
3.124671921488399118e+00
9.904823853308171167e+00
3.788914947515738429e+00
4.057171394964075972e+00
7.801698004763715666e+00
5.496421164806633897e+00
9.645457268168764031e+00
6.816491397134649688e+00
8.432947325894398105e+00
1.154616340030721666e+01
1.235901860130586627e+01
4.064661034352146984e+00
5.123895533311187300e+00
8.119200103949143710e+00
6.799378868503801243e+00
1.133995150774261340e+01
9.366631360286822527e+00
2.965502378460353583e+00
7.452878213094673576e+00
8.774161341389739022e+00
8.507661549057742079e+00
9.681360406667412377e+00
9.732780221550619615e+00
8.075039006077465942e+00
8.008437631993363226e+00
1.044468283443255707e+01
8.439840747277115085e+00
7.997836516689154074e+00
7.313560680697121619e+00
6.149319504973964179e+00
7.283476274451048837e+00
4.127689280098628899e+00
2.668826411852562863e+00
4.559904374612096412e+00
1.431734464189806744e+01
1.100258551737176127e+01
9.672246619037574433e+00
6.708022745970779077e+00
9.200143596930951517e+00
7.788109032301034240e+00
8.567066780003257165e+00
5.912813825272825952e+00
4.552127178020208831e+00
1.990063758650116199e+00
8.084274541123683377e+00
3.895598924006366648e+00
1.404864957512134360e+00
1.557592487644326562e+00
5.418745302819698573e+00
6.784374186308905763e+00
9.362002955568557994e+00
1.019781491157754694e+01
2.906856020382514671e+00
8.803576453256550138e+00
5.045975910214730575e+00
4.371734387698796631e+00
5.976246848496269415e+00
1.369697785782879684e+01
1.040181732006808346e+01
4.257463708917121892e+00
6.974264274936905039e+00
4.528208440559703618e+00
7.485260657458515432e+00
3.185230426046988583e+00
6.596662305790412795e+00
1.012018434443496240e+01
7.296954244804862100e+00
9.950693524503398280e+00
5.588396546475984827e+00
7.280682811734404680e+00
1.169076843438775271e+01
5.735581797331386511e+00
4.247606279595233403e+00
4.923721910305028260e+00
2.325085491590468401e+00
3.927983330915958415e+00
7.208205702433070350e+00
1.037786098745328545e+01
4.728296518470797238e+00
8.132801973889138836e+00
4.930653733751955592e+00
3.334616922408788042e+00
7.404847661269888803e+00
9.285364409041966027e+00
2.800005164155625170e+00
4.336873819587809820e+00
6.013872130369330549e+00
4.674090921734788573e+00
1.280408869099245450e+01
8.249889270661896035e+00
1.075316885881882101e+01
8.813635960328594976e+00
8.569750406019460698e+00
6.199312501855037461e+00
7.732832088469661969e+00
1.040491405839101269e+01
1.015609040526682705e+01
1.133899942032482500e+01
1.177685220686627865e+01
5.737959261850147819e+00
8.785945114142943879e+00
1.008299153861433339e+01
8.146274275616786298e+00
6.837259592806864461e+00
5.650282590163885565e+00
4.837398299589773742e+00
9.651801406173859732e+00
1.082608391875477594e+01
7.873734133063287288e+00
4.558875453650503395e+00
9.289287029325100420e+00
6.481558744476818568e+00
5.095149091200283920e+00
4.685372867910489347e+00
1.067825187348362448e+01
6.202935026149841491e+00
4.932210420154495623e+00
6.007608302188051752e+00
5.221692488268354637e+00
4.116363347152216079e+00
1.170945116239022532e+00
7.951487191734539550e+00
7.306481084575423779e+00
7.205925412348010539e+00
4.791700393789448675e+00
6.781820107196834257e+00
5.815897114567665227e+00
7.403488690668699412e+00
8.052269541459443403e+00
5.421655602987174305e+00
4.368954397651769739e-02
3.827250835249170091e+00
7.064620480448184026e+00
7.172151931042243689e+00
3.776779974110860305e+00
1.872505387614752825e+00
1.348690381976709318e+01
8.584439467404113344e+00
7.067128989299112263e+00
7.877412865116331098e+00
9.009656408317427534e+00
5.263967401131424140e+00
3.972143794544429785e+00
8.780012815073048316e+00
6.067272556094569502e+00
1.030011760084495442e+01
3.698898185105091496e+00
6.180443355304578112e+00
9.569380311964900798e+00
5.077639417546038203e+00
8.557926887527317561e+00
9.344220635902546590e+00
5.194030023528055651e+00
4.296587898866972566e+00
9.588495569724345913e+00
1.018578708744166228e+01
4.807076125310273618e+00
6.880099736758919171e+00
6.104231819900252098e+00
4.862271353303485810e+00
1.063835213089937781e+01
5.163281013384224849e+00
6.380629395619682676e+00
6.495257308161352938e+00
3.325076414531999536e+00
7.504251967530013445e+00
6.195847425179784373e+00
8.058490362681809405e-01
6.607249077747276544e+00
3.643228408159888243e+00
5.693335407953345140e+00
3.953990765677702246e+00
7.176606359652549116e+00
7.788050645779402537e+00
6.309663976613436809e+00
8.043800275555989643e+00
6.470084073304796846e+00
7.673799781535315390e+00
7.599716179257076654e+00
7.335016214381127497e+00
5.539277813390133254e+00
5.459874148685438300e+00
9.870162991790994766e+00
7.044169411211533394e+00
6.851895265009408043e+00
7.708146333970628206e+00
1.004443062902071127e+01
8.149689626902453909e+00
8.835396446826971228e+00
4.523816679070914226e+00
4.728932947987072311e+00
1.324248569402730835e+00
2.821658830310596056e+00
2.978072156074545784e+00
inf
-inf
-inf
-inf
inf
inf
-inf
inf
-inf
-inf
6.626177952517988246e+00
3.959683211032089645e+00
5.004214180256139066e-01
4.780125034359766545e+00
7.139868051782276126e+00
7.683677461140645981e+00
-3.355345265246896247e-01
7.387263725740480069e+00
6.330972639837820992e+00
5.502585443575564561e+00
4.267978567257958211e+00
6.811193511260871247e+00
8.736463931586371245e+00
4.162883844203498107e+00
2.573384950061634591e+00
7.584172951643197713e+00
6.857451924596931647e+00
3.925955219326214163e+00
7.767146903561059190e+00
9.258328397105037411e+00
4.850440933269747568e+00
3.999731609036113689e+00
1.035201796895380966e+01
6.764656684893541438e+00
4.333226968141675073e+00
1.068927360057054265e+01
8.166134814354744975e+00
7.280503585300306391e+00
1.036385208520309931e+01
5.666898151847148846e+00
4.362048541326124962e+00
3.590376074856141742e+00
7.504795645057203757e+00
6.644592677322742169e+00
5.018052135589754492e+00
4.421355414319492638e+00
6.513317804285673418e+00
5.295922587549262595e+00
4.170021993203421928e+00
8.315294978347800736e+00
1.070591478852744416e+00
4.487441349698447546e+00
7.719103320022486336e+00
3.920536870840644283e+00
4.965398505527155670e+00
7.076768252744025212e+00
4.064788869269111871e+00
4.100239564209807952e+00
5.900994669710399876e+00
9.146782029045294138e+00
8.855176536501279116e+00
5.802569495903910024e+00
5.046210876552592595e+00
4.284760636795779121e+00
4.446656821032129336e+00
6.107881869076101644e+00
3.705430231687379727e+00
5.519258825724882911e+00
7.667585099808485793e+00
5.070836942738754516e+00
7.175736758749702737e+00
3.241461714257756199e+00
7.018403074821506493e+00
7.367985749878032564e+00
3.157285762834132647e+00
8.491616817639581427e+00
3.983681722991986529e+00
4.757637481491266307e+00
5.242112939829304707e+00
6.227524615378072781e+00
5.663337175615854591e+00
4.097079712005091245e+00
6.109638134741697257e+00
4.999571672644131048e+00
5.719339525800945623e+00
7.165545162801516987e+00
6.661183224656365809e+00
1.257993428606864583e+00
2.605914874508051149e+00
4.384205535915488561e+00
6.790956730667523367e+00
5.883820021683384915e+00
8.954622018184323906e+00
5.579694836751976084e+00
1.070028584563640983e+01
6.375032847168874639e+00
8.069993705388574412e+00
6.744375445881908959e+00
4.952620304427171938e+00
3.799804664055445258e+00
9.275201921307159481e+00
6.489789249760415935e+00
3.485744703275697187e+00
6.014810237214301303e+00
3.066702598364504428e+00
5.783873099239781546e+00
5.971295075902058436e+00
7.591817802461880760e+00
5.855650277221348787e+00
4.370516971342395252e+00
8.814011782176319088e+00
6.662342960307048756e+00
6.425201418002842502e+00
8.512734542089001266e+00
9.393604920914162548e-01
8.500093657421599502e+00
7.010041377055336476e+00
8.313743520683406274e+00
2.796970114650572548e+00
5.597410253667875146e+00
5.651092793395443792e+00
3.634858316250589194e+00
4.976729703372525293e+00
9.001741800056674236e+00
6.500341952138797730e+00
7.452572121783706649e+00
8.489863273612172634e+00
6.332932394410853760e+00
8.465755415538600559e+00
8.244336181486978887e+00
7.438580219342972200e+00
6.950094493979905863e+00
1.960928028205269680e+00
3.172587256766386865e+00
5.923439758275706346e+00
6.887144301449237282e+00
4.163105109229769063e+00
5.943682046603425917e+00
6.126977603361158486e+00
6.244703196455184013e+00
6.815510919322449901e+00
7.868665422699069545e+00
3.491287303206212833e+00
4.225005114629003522e+00
5.220519145954617635e+00
7.224235664397130385e+00
6.255947177588606856e+00
2.254109903449840413e+00
8.507987551163443740e+00
5.815106766091663104e+00
4.223918072764734966e+00
1.078381669349887950e+01
3.549982261274157391e+00
6.002193723408536741e+00
5.644022661958578269e+00
9.307129257732182026e+00
7.857948273651887305e+00
3.445790939189746105e+00
5.008481107463486737e+00
9.729569745233664690e+00
6.378794850238425518e+00
8.039699216342377497e+00
8.910701749694460716e+00
5.550841750180960155e+00
1.006364770849953949e+01
9.355993277936610397e+00
9.789148440350063041e+00
6.311061378031117997e+00
6.026237247052925738e+00
7.022734314470692851e+00
6.524373046755082228e+00
1.002702257063437408e+01
6.882723993280901453e+00
7.662856433786154220e+00
7.042703129841417997e+00
1.032110067314041224e+01
8.620338281975765682e+00
6.021139969833622985e+00
8.161702805371438885e+00
1.414996968306348357e+00
6.022627265734948665e+00
6.291282552115191606e+00
9.938067721358397222e+00
5.957046300549539097e+00
5.272590563925757756e+00
6.031599565157065967e+00
6.327372480113497843e+00
6.437572303312879107e+00
5.840040089313971450e+00
4.410202276098849516e+00
4.414478545052141989e+00
6.458285691686651120e+00
1.111575549854347855e+01
4.990357365412186219e+00
8.902427380282503577e+00
7.862272631945031343e+00
9.701764355735296164e+00
8.426697818810865215e+00
5.397421446788421839e+00
5.341485320587615604e+00
1.216971650255860515e+00
7.070294545812216391e+00
1.295845486941979985e+01
1.287784020736932789e+01
4.778351026066286700e+00
6.819399822893696061e+00
7.658687631722283840e+00
1.015996057174557876e+01
1.017174666700417163e+01
9.874110756787818133e+00
7.258176908166380059e+00
6.398594649564799397e+00
9.616100998560520807e+00
8.922181909232472563e+00
7.205957414693943797e+00
1.056907043128389567e+01
4.034911969155347222e+00
3.831683074761730534e+00
6.605907625821210161e+00
7.006442087624267678e+00
5.549277840164116959e+00
4.742285964270751997e+00
6.375285233572062005e+00
7.225900825463188681e+00
7.087488753435056132e+00
8.530354947079537453e+00
8.652905405333493505e+00
9.604451350442207769e+00
8.074838698437618589e+00
7.039137289629457506e+00
7.732612347440086076e+00
7.983364718772793189e+00
7.476608066597039581e+00
8.351749718281507029e+00
8.507633259833077943e+00
8.465841798526749784e+00
8.403001764811330432e+00
5.266229609106142462e+00
5.535032957563633005e+00
1.001439008180438783e+01
6.777927154123418063e+00
6.856926457964065413e+00
9.064152074796167469e+00
6.056554126260826010e+00
8.451903965048229495e+00
1.095808824530716663e+01
9.913673679510335290e+00
6.015874207193633971e+00
5.137846145108659002e+00
5.547049723271250343e+00
9.941830292712259265e+00
8.127732196891187755e+00
8.416254019724870972e+00
6.801805770146820862e+00
1.103376488522037668e+01
5.991499024714056709e+00
8.239511306070369301e+00
7.773690817743034387e+00
1.012821069602120438e+01
5.502430911622889553e+00
6.693960357684973772e+00
7.132013098038913590e+00
5.199329421537748352e+00
7.057732456662272114e+00
8.682501428462828130e+00
5.566950052324270537e+00
7.863947464969355039e+00
5.401299237048236002e+00
1.020712283826823885e+01
7.296333725133106185e+00
8.301681205509863659e+00
7.536070730495850967e+00
4.617513724237115369e+00
6.015506032866698938e+00
5.943015115299528972e+00
4.707484354445428565e+00
4.270559405559740895e+00
4.020201080321402998e+00
6.823703458771035457e+00
8.934622066207429825e+00
6.165454725369110101e+00
7.493694176893256120e+00
1.105199766786862803e+01
5.439385730833871335e+00
4.355498053692709703e+00
6.338792257998045798e+00
8.646913786766825538e+00
8.686931330662366335e+00
8.150277913383828121e+00
9.107615742503677225e+00
7.467169741508365099e+00
9.357238163010158871e+00
8.388196629378816382e+00
6.190439168570258666e+00
3.699735159152231834e+00
6.856355459172546851e+00
5.591865771470921231e+00
2.882862307905284194e+00
9.522685576821235287e+00
6.939587194101655143e+00
5.683875332050758900e+00
6.384141154523252482e+00
6.750344777095777182e+00
8.497772428374327447e+00
8.727374742630106041e+00
7.178531693047535356e+00
8.838202059726615545e+00
4.003208344759272563e+00
6.249382171285567722e+00
5.676545725758004757e+00
5.316688371447895634e+00
3.032058755441525921e+00
6.253814066842478425e+00
8.353886067915018643e+00
6.038652045865609885e+00
4.055911575219774079e+00
4.475145016666764342e+00
6.724338448484832753e+00
9.175484460279356824e+00
6.229613515549189628e+00
5.808066956921012824e+00
6.708398624708573621e+00
6.104255035914343708e+00
7.522105293917945801e+00
9.737667356270350183e+00
6.510139614301547084e+00
6.357582088772136153e+00
8.690016592006431395e+00
7.655166764685299441e+00
5.331935489012469276e+00
3.835822385205355900e+00
5.393787304203592647e+00
7.374201538573509573e+00
8.175792300969456861e+00
9.750834594861832016e+00
5.650993790867358868e+00
7.718191890829460000e+00
8.357288746268919155e+00
6.499139576212751734e+00
4.053056450917443598e+00
1.054088169698940902e+01
1.010073173751574416e+01
8.213501150598983003e+00
9.746398188707992460e+00
7.436299628028569586e+00
3.856438708210231603e+00
6.537028312352261672e+00
4.260334620341794221e+00
8.050130981380453576e+00
7.369078370249414256e+00
5.728216329587422884e+00
1.040490858894136039e+01
7.545695619005421406e+00
6.445971424473141198e+00
8.363427018633604604e+00
7.249219745750419719e+00
6.009737417351937339e+00
5.170369109526926188e+00
6.824497297987592859e+00
9.469344187313950556e+00
8.390158892724320694e+00
8.507586503985301363e+00
4.663464215865830376e+00
8.000004564623241166e+00
6.392635377037934497e+00
6.737717056972917895e+00
5.082775798208744256e+00
9.197983289349735969e+00
8.243865880905204335e+00
1.080887924491320540e+01
5.135101183798256308e+00
8.132469691207152351e+00
6.904601060536035284e+00
4.970132990019932251e+00
7.977632742849895209e+00
6.919980888589626566e+00
9.182673356194031911e+00
5.812546871194686382e+00
5.563426007936559614e+00
7.031058283531682385e+00
7.664162280609252420e+00
5.906455010523418814e+00
7.157049515395547346e+00
4.992392981587796541e+00
4.125689626535224974e+00
5.227782162573813451e+00
8.684498447968755031e+00
3.875054968942301947e+00
5.362951030695386478e+00
8.029597033271617335e+00
6.234467217994822619e+00
5.426960804185881670e+00
6.413758340092374333e+00
9.006317486550546647e+00
4.248309628432640039e+00
7.778387383623488027e+00
6.155486092720935609e+00
5.805032392447451173e+00
7.071874397100220477e+00
5.696211718145774761e+00
4.080260720218097603e+00
7.295043096030457086e+00
6.579425440530360270e+00
5.754192036307842706e+00
7.822467744366305098e+00
7.455221581851517954e+00
7.997135763946647380e+00
9.887063403905521852e+00
4.205459974216781305e+00
8.404108751309243175e+00
3.689017849936732318e+00
9.863340032864581275e+00
6.047081612725522248e+00
7.877443314561985765e+00
6.872842271050115137e+00
3.268353192374873650e+00
5.812202854365010829e+00
7.951737034380414570e+00
6.652011828326168441e+00
2.266933758076369987e+00
9.943232848159089698e+00
9.307469616880949204e+00
4.793107732752037720e+00
6.433783267521466342e+00
5.657057085961208820e+00
4.386869309673670614e+00
7.508398633261715638e+00
5.156203930682793590e+00
8.312178274351877505e+00
6.095850819432653722e+00
4.968603607880007544e+00
7.319114500233575349e+00
9.252636736443541565e+00
8.221386275080375228e+00
4.602868734861757183e+00
4.591502790660928923e+00
4.124317331937037423e+00
8.658530776221439851e+00
6.638357490896146018e+00
6.644058480367092123e+00
5.720165611429096408e+00
7.767126989451519137e+00
8.228278733032436065e+00
6.760266068810108386e+00
4.763980701829357400e+00
4.901420746499992376e+00
8.129120409962117932e+00
8.342036580076507946e+00
6.471721148359145914e+00
9.125241875608820052e+00
6.033071544582384149e+00
6.458742801167542069e+00
4.658159746915361943e+00
8.605565794771838029e+00
4.957404549227113044e+00
2.995022515041060540e+00
4.740241724268890344e+00
3.942417254369420032e+00
5.668672020143385559e+00
6.794699916335461332e+00
6.143848054586427132e+00
7.459168449980934312e+00
4.091431310661157283e+00
5.101386069741829843e+00
4.893493029380130643e+00
5.036476490689289598e+00
5.661187829992762488e+00
6.008653107599911003e+00
4.664131047852400513e+00
5.318027674552382678e+00
9.400734235232370395e+00
3.692504134766704027e+00
6.703904885455680862e+00
6.210259080504824780e+00
5.755078940203950388e+00
3.991296097620968375e+00
4.325156438938038583e+00
7.833046908848726453e+00
6.165693789841328432e+00
7.992943668994681339e+00
6.851075285658814629e+00
5.087741741198049894e+00
5.939171643363566844e+00
4.816866940560234234e+00
3.399338700572411387e+00
6.079374131482755850e+00
5.583634162586506022e+00
3.801481824407454191e+00
5.590631465249030541e+00
6.127582456401621691e+00
6.379463857754271494e+00
7.982575264475253896e+00
7.054487470141985739e+00
5.252898632306711946e+00
5.503644582229182625e+00
7.788718508796605100e+00
6.855046402868067545e+00
7.847296319685656663e+00
7.092498524838174667e+00
4.421501584059199352e+00
6.092103478375043402e+00
5.432880298661904916e+00
5.984659556179462214e+00
8.067662220598094791e+00
3.314020742707123546e+00
9.666319034186566128e+00
7.531838234461813997e+00
7.214296857863476298e+00
7.254255333478146994e+00
6.321864421056931249e+00
7.293775109537310897e+00
6.280444443089548301e+00
4.778487402979746612e+00
5.921253704630313308e+00
9.083625309899034050e+00
7.708226075454909676e+00
3.235595106203161375e+00
4.915655739947839109e+00
2.252877360534208506e+00
5.145942132317744111e+00
5.370304248806072600e+00
5.131945385706297103e+00
5.297968070406900765e+00
6.322641976612803028e+00
5.534330212364855228e+00
4.229599457387334560e+00
7.996468771863192160e+00
6.889022798031030348e+00
5.537468321938221472e+00
1.097400574079492053e+01
5.452665312432146472e+00
9.681169371471462171e+00
6.632999516196971257e+00
4.834085717802057758e+00
8.362954064813296284e+00
5.951679735865228693e+00
7.026694216204912635e+00
9.807778438838528956e+00
6.006667083381779904e+00
6.775707468970688652e+00
6.926826267034010165e+00
7.768220666714340084e+00
3.273718025123069086e+00
9.690247107300201890e+00
7.843539848248724411e+00
9.100538251943710577e+00
6.853146855114346181e+00
5.816315933166519514e+00
9.392375724932797709e+00
7.076529134200142401e+00
8.899997357462535064e+00
6.639582608998309432e+00
5.458549825341206585e+00
3.972448342075684202e+00
7.507673147699986949e+00
6.206974632652952018e+00
4.564557070777714998e+00
7.619952596565417124e+00
9.173727210820960210e+00
4.499443979137586425e+00
5.667446621740703350e+00
8.338100554647104090e+00
6.495793134690778459e+00
6.782438996235846673e+00
5.123153885736620339e+00
3.300078217508014333e+00
5.614867664911563416e+00
6.375853919084487842e+00
4.241326844426541065e+00
5.497080313605283486e+00
6.216743897901404914e+00
5.061890617380540469e+00
5.243113102433970774e+00
7.271747903105182154e+00
5.944975207925686789e+00
3.478406279681975022e+00
5.527531949463210914e+00
2.665257565981936416e+00
7.022272867225906268e+00
7.474717475203338068e+00
7.088077587329232543e+00
6.054679570667278909e+00
7.052069818990930550e+00
6.194793197240526794e+00
6.308144595870032845e+00
6.262010092585025944e+00
6.915163301987631961e+00
6.980976785707661669e+00
7.724273999943266134e+00
7.103233378831990130e+00
4.780288354932668682e+00
6.027539247018246726e+00
7.611149894393570925e+00
5.230420677098229554e+00
5.411844167499310743e+00
6.738711191731669103e+00
7.127449098880857647e+00
6.365849018083652666e+00
4.202400288083527613e+00
6.829259117953058400e+00
5.305691406578384672e+00
7.261188339006117154e+00
5.746515820319035406e+00
5.693538592101449858e+00
6.580350130729650360e+00
4.830409285133536734e+00
4.983278814305968751e+00
4.494527086857178944e+00
5.180917775109287859e+00
7.245172061471832237e+00
5.261262296186774101e+00
7.528964376689844862e+00
5.947052388848018900e+00
7.248986338592296796e+00
3.929156854594917814e+00
7.860050827141912499e+00
5.245271755774587596e+00
6.509949276385307293e+00
5.502491981943411048e+00
7.596787264823567476e+00
9.024023280259054758e+00
5.690493077293208302e+00
8.039939344833998192e+00
6.047751093442454540e+00
5.930605492956773972e+00
7.732157787836835716e+00
6.849772867031148849e+00
5.516814288448484760e+00
4.721537278782982128e+00
6.667847059240292751e+00
6.593873655049549143e+00
7.034725921584357167e+00
6.561527205775639082e+00
5.367861367234795011e+00
6.008563897806080689e+00
7.113428292024996935e+00
6.437589140890148443e+00
6.633687069349996968e+00
7.150674069578303538e+00
5.963923833486020953e+00
6.155660975502883936e+00
4.542423639398884383e+00
6.141143225729831734e+00
5.380880517840875399e+00
2.591110195867185606e+00
5.746388664372928723e+00
7.407599717898799341e+00
1.132604132918929984e+01
6.797653407818929239e+00
5.495476310188525559e+00
5.578569361860188813e+00
5.950154651728257527e+00
5.556523217975078310e+00
2.592646945340043807e+00
4.392434504705631682e+00
5.343531383296598491e+00
5.865178615451511313e+00
5.813216617127666908e+00
8.603582988598837744e+00
5.160860042129417735e+00
3.330353887552634617e+00
5.068431903670957972e+00
8.049866192898971207e+00
3.886838196211495067e+00
6.740795382773220545e+00
4.145781755812103064e+00
5.070660708253668325e+00
8.044462474759258797e+00
4.636820957169478952e+00
5.817712958270020884e+00
7.606764486908860867e+00
7.719706178797087759e+00
4.817026015990119703e+00
6.770569882281510132e+00
6.715326074817003388e+00
5.706532528400159343e+00
4.605834353198786424e+00
5.521622144850510061e+00
4.710004220203514613e+00
5.136436927808862407e+00
7.524276868541975638e+00
4.732863821179370767e+00
6.308529363214065988e+00
5.076148724465787687e+00
5.504072910127847607e+00
8.098885523597932234e+00
5.461878027413805015e+00
6.922106602448462098e+00
5.616880356336293900e+00
3.944520195703559384e+00
6.564834939269761804e+00
4.521207991281929850e+00
8.153618568309454417e+00
7.148869031191387613e+00
6.456059169535710573e+00
7.034881945937600634e+00
5.023890157400845879e+00
4.908592875955135604e+00
4.857575004275874520e+00
4.675871860727180085e+00
5.490372765861577520e+00
3.012877397827451453e+00
6.302744319431523579e+00
6.350403819496025726e+00
5.310227863086317335e+00
5.240511454003413228e+00
4.976739822717558326e+00
5.844356316276545726e+00
7.852281381104582181e+00
4.252820958141571239e+00
5.142460127491465194e+00
5.218561428424016491e+00
5.262405373945086673e+00
4.684761387183732140e+00
5.808476445797710497e+00
5.667941287997505739e+00
2.821496247616719355e+00
4.624752196825085093e+00
5.545660964801785831e+00
5.653027723454095543e+00
4.577288844485399188e+00
4.003407164268996787e+00
5.745806154379798691e+00
6.783354733886000076e+00
6.709547667543318994e+00
6.180293756254227944e+00
5.787298283901936458e+00
4.980877173051498907e+00
5.065709542825119094e+00
4.988472796586004065e+00
3.581415658681398106e+00
4.054042119028098412e+00
5.634373745687660140e+00
5.185155712932143501e+00
3.903645344108323645e+00
3.930060228397658229e+00
6.461123620974960957e+00
5.307321213975975560e+00
3.072531486885167418e+00
5.913743720724744080e+00
5.255372566029289594e+00
4.176486990436356628e+00
4.756429713089307398e+00
6.040983812362087590e+00
3.984373772823131876e+00
6.752472901610127032e+00
6.617504167973744522e+00
5.326410585523501773e+00
3.894432199267024775e+00
5.913433853326505840e+00
4.991011153321291083e+00
4.411590741403809801e+00
3.808402808992243926e+00
6.494226304589300725e+00
5.714094638364192846e+00
3.076801809479928096e+00
5.471147970783888148e+00
5.159371877289125052e+00
5.875015914617927493e+00
6.389454574254664010e+00
3.756109779007275051e+00
6.355265829812741352e+00
7.334419096440398356e+00
5.821102044208667614e+00
4.631031741686777004e+00
3.551537283059886363e+00
6.788249168752892082e+00
6.682745784851118032e+00
3.648888695213853062e+00
7.281345446849693204e+00
5.710109519336662665e+00
4.255074320594171233e+00
6.296460272321552587e+00
6.885919343857755948e+00
5.751959447956151550e+00
5.118314592532087204e+00
6.227497097749537858e+00
6.635930249157848237e+00
5.970753561807487841e+00
6.848696074469048156e+00
4.313802765713410814e+00
4.772222894986561492e+00
4.241933262278186234e+00
6.173395881298014309e+00
5.432004100014470538e+00
6.091260426947724405e+00
4.617328705403759948e+00
7.874506345441220745e+00
6.001475661379055637e+00
6.017053003444066128e+00
9.462389860411910547e+00
7.829823580343137301e+00
6.174629228657377844e+00
5.558921190440224258e+00
7.765211287207009150e+00
6.164953408757447129e+00
2.477331954406325032e+00
3.908956802077966586e+00
6.542284778471317175e+00
6.888097826523191358e+00
6.578154786875530569e+00
5.438128130199480381e+00
4.849765276775822365e+00
5.675270894384925491e+00
3.242230329262405952e+00
5.892958087459185812e+00
5.154398500377932457e+00
4.896239398238454221e+00
3.711004876313378276e+00
4.653640257971251692e+00
5.567728267230894090e+00
3.623714795653417475e+00
7.676671913980463557e+00
4.809283305538616382e+00
5.840537997323380637e+00
6.874230351725339361e+00
7.183608118212006843e+00
4.869110447980034451e+00
4.900273307633848496e+00
4.980448263308742796e+00
4.310421428785295994e+00
6.631073884487819647e+00
7.460702097883951112e+00
8.535066349572222322e+00
5.700642918826122951e+00
4.234153581970228508e+00
6.439278855953087799e+00
4.648055345617172485e+00
5.399785798958488314e+00
5.386762000895910063e+00
6.066994136475136301e+00
8.554963187376381839e+00
7.104292261697148447e+00
6.076712435356347974e+00
7.737095390879056289e+00
5.921316329504674236e+00
4.389207482725514531e+00
7.447888463515437429e+00
9.393437705715363961e+00
5.843634603284108664e+00
8.020955821824390597e+00
6.836676917646330232e+00
4.616838961987855150e+00
5.812286821006820148e+00
5.780736262974325079e+00
5.203084151827730430e+00
7.190387522514427587e+00
5.352664798152473757e+00
4.779638552318244749e+00
8.240719298657102954e+00
8.309248010893178105e+00
5.251978037983162650e+00
6.007362395415125178e+00
6.174026790809571175e+00
5.756784236741012251e+00
6.608292669004377728e+00
5.961485643218897401e+00
3.536653846176406990e+00
6.340506213970882321e+00
6.756226902692951342e+00
5.736083922246955957e+00
7.852863081610827578e+00
6.901604417116942614e+00
6.990392691105069112e+00
7.264860211250444344e+00
5.698981860082311002e+00
6.893060397579334975e+00
4.242569741867126432e+00
3.256131222030486327e+00
5.740630312705652827e+00
6.460524176223006343e+00
5.998172003582084244e+00
3.035105335269410620e+00
6.859311499634983100e+00
5.464533281895914030e+00
7.845570719598079279e+00
5.235506771459317754e+00
4.347476814130083689e+00
6.601972278837015651e+00
5.292771314213999823e+00
6.194811111803618431e+00
7.168576561455621388e+00
7.299454719693503790e+00
6.003972667856609213e+00
4.337273734249617263e+00
4.639770886210833112e+00
4.853047620571819820e+00
5.631470633197896980e+00
7.614170012566392032e+00
6.158619254962494516e+00
5.215134451058259124e+00
6.381950094958378727e+00
5.027158061289348723e+00
4.910711408013971990e+00
4.104673797357163423e+00
5.031830705035224227e+00
5.397169508742302391e+00
7.116443425587259952e+00
4.288307298640988918e+00
8.401518744735902544e+00
4.959462421561827483e+00
4.807608987368906739e+00
8.064162806623560442e+00
5.707923232381474143e+00
5.813453888535368819e+00
5.401082780680392936e+00
3.750833242086254238e+00
8.074472026842954619e+00
6.097014898801091043e+00
6.879423261847679605e+00
9.768836171748912278e+00
7.202428766609298094e+00
1.036412318737914084e+01
8.320070524717145588e+00
8.809156057585811439e+00
7.785454180197553420e+00
7.031637720288507865e+00
8.848813217472837778e+00
6.812389025850399626e+00
6.079447071847810413e+00
6.399541229121603614e+00
2.487460519334232956e+00
5.850871662994434175e+00
4.805823549925538174e+00
5.681096853896153931e+00
5.638858742524785583e+00
5.462818548200096380e+00
9.682083306877737883e+00
6.192799600505695778e+00
4.288124545337290705e+00
3.619386363733284373e+00
5.651427420881563357e+00
5.262779082578630252e+00
5.851771847067415599e+00
5.275388385766127008e+00
2.818867738804726741e+00
4.801577789973803689e+00
6.172118350012302024e+00
5.886869330122361355e+00
5.605355301732656059e+00
4.174231344272945954e+00
3.401680259992652999e+00
5.928705171866462287e+00
7.138599387938438845e+00
6.452109850838116500e+00
7.361994118213201155e+00
4.787883681102610645e+00
4.398387112421858980e+00
5.286275727379647904e+00
3.116019541145204741e+00
4.144420544471492995e+00
7.100457354974558655e+00
5.574738203295577676e+00
3.057695707812574160e+00
4.719350015349380811e+00
5.523214590415965297e+00
5.430897606430238334e+00
5.937485971337640223e+00
4.775650003552458500e+00
8.097371700344748291e+00
6.998293271912172209e+00
4.224294512713370864e+00
3.084228180981163359e+00
5.595262351076085494e+00
5.430780659091648310e+00
4.570806228200979149e+00
7.447281618684588267e+00
4.782910581327648458e+00
3.623270229974885126e+00
5.757773054690222381e+00
3.800798631857289500e+00
5.703240616836887433e+00
5.064250560779734123e+00
6.404912214250296110e+00
7.268475527563096783e+00
4.753493580598037838e+00
6.449508350033289261e+00
5.319400414708182367e+00
2.873257072367733311e+00
5.744042269622055663e+00
4.283666339546774893e+00
4.649276363382761623e+00
4.273101965741845198e+00
2.184605838235471165e+00
8.216953200074367913e+00
3.263983610866756813e+00
6.087909919880259757e+00
6.859580815407264609e+00
5.112164702725690013e+00
4.520391658815707814e+00
4.672255289237085663e+00
3.711496598506983879e+00
3.362247152220094293e+00
4.150542208634458774e+00
6.114621386042104589e+00
4.554024176972628624e+00
5.314032663219538044e+00
6.230983608211154490e+00
4.826021362634168810e+00
5.109064939267371486e+00
3.087547065071035490e+00
7.095518460620899859e+00
5.746031549099440028e+00
5.585190095193421911e+00
4.471221341099691493e+00
5.915441832749972484e+00
5.634514649994938118e+00
5.726465474746702533e+00
4.684938295830794353e+00
3.502609338404119921e+00
5.217253292439574253e+00
5.673407167279730601e+00
3.983622581529575157e+00
5.435594882876564782e+00
4.349123653277866097e+00
5.095380578172038710e+00
4.849223647988834429e+00
3.865612361121296026e+00
2.864335243791136243e+00
3.586659047319019411e+00
2.978105433043703787e+00
4.172313616253513047e+00
4.799290712031024420e+00
5.205538552483336190e+00
1.904718039201578117e+00
4.383751025861546857e+00
3.068260252102903429e+00
6.263876060431400106e+00
3.391647373191507331e+00
3.735829331035033896e+00
6.498124417713096790e+00
4.882301655003066010e+00
4.088152097595989964e+00
2.362060913389174122e+00
6.549949285512520980e+00
3.449363214332494376e+00
1.767027270163175512e+00
3.423135566800689755e+00
4.041757117487562390e+00
4.752341557267190986e+00
3.897484531561493881e+00
4.095338422204077844e+00
5.193131651622166167e+00
4.794496214698455994e+00
3.304994687884871940e+00
4.832616338945834755e+00
5.915608872491298520e+00
4.758397863311987663e+00
4.788076223422683242e+00
3.884806546394522719e+00
4.284894009629161893e+00
6.462374106224769044e+00
3.640613539676319288e+00
4.677632044349075535e+00
5.704007507293302304e+00
3.757214579867049764e+00
5.486410319941524172e+00
6.068869698351085695e+00
5.001284950845280797e+00
2.651889561163676134e+00
6.413891929744850451e+00
4.547354972298471409e+00
6.017431775564223706e+00
5.544094250635962950e+00
4.740986729101959618e+00
3.075633151278686750e+00
4.906864729711120532e+00
8.068493709633685285e+00
4.316414611999510598e+00
6.663598824871461268e+00
6.954402661061142688e+00
6.753630224481962152e+00
8.294412752767664543e+00
8.190382695194067253e+00
6.276710033871329308e+00
9.782918952374039634e+00
5.291534672531665429e+00
4.375861378580758299e+00
4.323235405838390832e+00
6.057008250724288168e+00
5.600378564430334549e+00
6.060914681886965916e+00
6.069999394524064229e+00
3.743561826820819505e+00
3.983281199874591394e+00
2.928074711945104713e+00
4.918354397703200931e+00
7.133153173056076213e+00
4.749767062495881653e+00
5.250546447419452534e+00
2.757181969531348642e+00
4.237562272275895658e+00
4.589394594199852406e+00
4.703571592354586883e+00
6.169656421595884233e+00
6.299010017597993283e+00
4.478776272242623868e+00
4.463123259506372342e+00
5.830229600472378593e+00
5.202861363648951354e+00
3.610400736597450422e+00
5.642474307247107745e+00
4.600458215893920233e+00
5.932549523268664693e+00
5.189405429373185719e+00
7.298029654545120870e+00
7.091251038761403613e+00
6.166754768506805817e+00
4.122678705398254984e+00
6.125175274989821617e+00
6.754680476107446374e+00
6.042558908223051972e+00
6.887572902929480989e+00
6.403619937566682907e+00
5.119690341949983292e+00
3.186241076904754443e+00
5.460734057898962490e+00
5.301778584401918515e+00
4.124250127499297314e+00
4.339927228227481670e+00
4.409021124057276531e+00
6.042717599833344444e+00
3.756929592192157497e+00
5.003402702758798171e+00
3.760333967975646896e+00
5.600954708933627124e+00
7.260754939708419897e+00
5.150177034732310588e+00
4.534000278257351191e+00
6.228430716625734220e+00
8.540077177748976567e+00
5.574767368244846644e+00
4.566920692844347762e+00
6.172946229313438060e+00
5.019796921234411791e+00
4.201723217385547215e+00
4.115856412322475677e+00
5.537191061824904281e+00
3.034935284135832134e+00
3.914079560620014941e+00
5.881445454878650558e+00
3.933427705035517086e+00
3.227653045306293489e+00
3.976755899292375940e+00
4.288135528665922180e+00
4.600863762160900983e+00
9.285259085344121921e-01
5.321450099479902995e+00
4.319210354164003007e+00
2.613035566195166748e+00
3.236799890209379083e+00
5.957561214819259376e+00
4.434058168902575758e+00
3.194598248904406912e+00
3.446457521232641152e+00
4.568431152758699376e+00
5.842660095734444781e+00
4.427592461874509056e+00
4.159454416928469733e+00
3.205664325392494796e+00
3.952407849190629818e+00
3.976840181766773341e+00
4.726027263174644055e+00
7.144499243410260547e+00
5.153508186097592869e+00
5.941640023039710172e+00
6.845643808142939157e+00
4.903509535913183726e+00
5.138589432314375038e+00
5.080713978150886767e+00
7.048947904839163670e+00
5.694214288270532442e+00
6.713492155766825675e+00
5.033564047690947341e+00
5.657177285941981104e+00
4.294598618581925820e+00
7.116908695591784628e+00
4.770493821948050162e+00
3.661539798236767673e+00
4.700400306684231921e+00
5.841129987198876883e+00
4.652831472780739830e+00
3.619741771522449358e+00
4.980699379530192594e+00
4.965727239367058843e+00
2.470774906530605719e+00
5.645858774927379642e+00
5.424757454575803273e+00
4.164612372901926207e+00
6.285487568837911709e+00
3.058088989991863738e+00
3.328012899583741024e+00
5.454889273314243781e+00
4.904387889205068518e+00
4.833170193447693386e+00
4.722017759157944639e+00
5.125993186035570304e+00
6.102431164272578812e+00
6.101846182450402445e+00
3.251921557417511544e+00
8.330011216131421037e+00
4.794282763906466016e+00
4.772254227459642451e+00
5.421272229181986368e+00
5.573835540051089055e+00
6.340585376048529120e+00
6.969807445844390159e+00
5.285258958885840741e+00
3.114060933010671661e+00
5.168360097142802090e+00
5.820073389711208023e+00
6.838661736570454508e+00
3.002397496737735594e+00
6.369224939775851801e+00
5.659668960846754970e+00
5.946827203654638794e+00
5.680994610201172357e+00
6.251229334973326779e+00
5.967917592541540195e+00
5.251603325636093444e+00
5.909937314827434562e+00
6.089973968579673880e+00
9.035212568536177713e+00
3.263666894865576928e+00
6.390407116151103573e+00
4.793670715238040891e+00
4.990490097336174102e+00
4.086443453867117270e+00
6.772620635653794352e+00
3.773791303610495973e+00
5.372396696251391823e+00
5.902590190696518135e+00
7.402103494677893636e+00
6.957969829141446461e+00
5.240751570566075657e+00
7.311443361069603242e+00
5.857632744719118101e+00
7.593482995285709691e+00
7.093121499955672427e+00
4.158123713920856446e+00
5.206946688935156331e+00
7.318446546898877081e+00
6.950939300449544334e+00
6.399078887142228389e+00
7.142085207407339986e+00
5.419447019125252396e+00
6.149359467228995513e+00
6.806723235388836279e+00
3.769287046750364745e+00
3.574136038522524927e+00
4.412949557776727261e+00
4.003026372929777921e+00
5.953698841967027811e+00
4.736144424664296970e+00
4.516357725442204263e+00
4.657044027224781502e+00
4.987734398970639305e+00
5.765423669816668983e+00
4.044743935293026560e+00
4.022071152898506696e+00
6.756986075060869901e+00
6.734802887158479301e+00
5.983331271942136098e+00
4.966729929196868731e+00
5.821972266671504137e+00
4.313671366201785595e+00
3.715872326823279614e+00
4.880527653400950960e+00
6.948817389597948591e+00
7.262304321487929926e+00
5.436429292118156731e+00
6.155700163321792928e+00
4.442027756421795814e+00
6.378645933881201380e+00
5.368655677647735658e+00
5.070338216873775394e+00
5.554748319132955636e+00
6.947038035599395478e+00
5.635796258442133499e+00
4.532196378438740680e+00
3.320497487819681570e+00
4.608930602882901795e+00
5.593445885334034529e+00
4.954755604250111745e+00
6.884907693547779317e+00
5.239175953464875413e+00
4.992554780788765356e+00
5.235358353588045688e+00
6.185746098214207400e+00
8.411113648918554730e+00
7.351845567593153774e+00
5.202132709778216402e+00
6.980956653278038715e+00
6.257950400529389334e+00
6.899669062416315946e+00
6.534480924339736596e+00
5.445493651439041294e+00
6.807789763965951479e+00
5.125986887995410690e+00
5.081538733950048403e+00
8.008974748790524956e+00
6.309795233685943749e+00
6.233511397210819815e+00
5.842601772069197175e+00
5.223527014862140661e+00
5.394448543406857866e+00
5.058530994691557758e+00
8.198807526544733548e+00
6.050182974772241096e+00
5.628402226506326933e+00
6.414827109589708698e+00
6.651330480487315455e+00
6.108138244640723968e+00
3.368716515608569662e+00
7.748513010617933183e+00
7.700156196669167841e+00
6.512092690905756598e+00
6.085353499893778384e+00
6.007522513638391182e+00
3.050207469407681504e+00
6.869664154651976773e+00
6.902706815329315404e+00
5.793212359835987257e+00
4.803496962418260630e+00
4.319295610354610737e+00
4.028192270796151497e+00
5.649831728623157190e+00
6.711205963249365247e+00
4.818418010944188978e+00
5.217492057694402163e+00
6.847934283692381996e+00
7.026829622312131818e+00
7.258333576522421282e+00
6.346397887741082933e+00
6.149922600171622733e+00
6.304828540571409512e+00
6.221870910905674457e+00
8.843458104719671198e+00
6.585659805395742694e+00
4.479538659338561324e+00
6.249019728594023881e+00
5.715746973330639413e+00
5.882073920263698241e+00
5.225994340554305673e+00
5.876871395151358257e+00
4.558457724327370286e+00
5.342741733090139000e+00
4.928001911847457173e+00
5.207490593095307041e+00
4.834661073359744599e+00
5.629062568495378116e+00
6.134821417287692036e+00
7.715636344345134567e+00
5.751494101354466260e+00
3.996238118563875119e+00
6.233254016851058843e+00
6.568364085781395190e+00
3.698999710602234536e+00
4.774472737506846975e+00
4.601140254877256197e+00
4.593777234369445850e+00
6.060841631956723319e+00
4.982104227366830784e+00
5.914780502040370536e+00
7.498590471759131404e+00
5.272772334919308967e+00
5.299164857608452017e+00
4.006095989054983875e+00
5.465208000938853949e+00
7.187087682064401406e+00
5.144992737469166855e+00
7.396188269048094455e+00
7.473800276709610557e+00
6.243200385864716040e+00
5.395131523540131369e+00
4.443118719181385678e+00
6.285304915877890863e+00
8.869257616340522787e+00
5.757236514114249637e+00
3.847659956504203116e+00
4.543433980787332516e+00
4.236658204247785164e+00
6.506267603277921197e+00
5.063727312743449893e+00
5.113566240316428591e+00
6.254389550591135993e+00
7.161454932893319025e+00
5.576414538548261746e+00
5.516522734997707289e+00
5.358584677513589689e+00
6.212549561368796880e+00
6.870647391367604051e+00
6.849654863457278253e+00
5.190117848516629273e+00
5.301134901522989828e+00
6.431025442835587747e+00
5.380109393666488771e+00
6.113244532894791305e+00
6.642455859856192468e+00
5.156035029021789562e+00
5.641183970857784225e+00
4.481779138277446783e+00
5.571995747879189054e+00
4.596195055919442218e+00
4.617255975214299646e+00
6.196167223995967532e+00
3.608362706323104074e+00
3.764025859066521207e+00
3.398038817845631776e+00
5.702856447176015031e+00
5.849882817710096106e+00
5.058312886389240148e+00
2.702828309763639414e+00
4.500805645038413516e+00
7.151375493591810795e+00
7.634634090565612041e+00
6.463967629274670834e+00
6.496445777274657551e+00
4.977331609440600602e+00
6.344805578293577497e+00
5.239496232173461721e+00
5.539976921377125052e+00
5.098746261954778092e+00
5.488443353008420900e+00
4.829774189917166005e+00
5.064215735811175456e+00
2.759437578645827394e+00
4.002605850433586632e+00
4.708565141156151768e+00
5.511787508848353667e-01
7.244351761849717519e+00
5.434011624034399190e+00
3.624380304770479011e+00
6.151186987251778149e+00
4.321436391476474626e+00
5.596422783102466880e+00
6.403253288647786867e+00
6.893923529964274266e+00
6.018617749672837469e+00
6.576394067404555344e+00
3.188682402532499793e+00
4.895446158782119639e+00
6.650106978776578082e+00
4.699908046510642201e+00
7.568955344451844702e+00
4.532719065953112469e+00
6.606231840913629583e+00
7.200032036527576729e+00
5.263528790285580961e+00
3.543493668739340130e+00
5.396384374016284013e+00
7.142025101540932397e+00
6.912783734847354644e+00
6.797770998920032781e+00
5.013212832676646080e+00
4.243211273120114591e+00
4.173895377847905763e+00
5.296465842431156368e+00
5.016175990137343277e+00
7.155259227740656591e+00
7.152536923294340987e+00
3.759296593921797935e+00
5.347457459455601914e+00
6.141877656760187598e+00
4.241490624740247739e+00
3.513259788971985653e+00
5.826598554149279963e+00
4.961646603335279515e+00
6.731319780395651264e+00
5.668331824003999486e+00
6.891919253550726765e+00
7.796866820120415653e+00
3.925664972478814185e+00
6.280095713089426823e+00
6.150104361612410919e+00
6.571425134687399527e+00
5.563520082923696819e+00
6.376190118152896602e+00
4.787983515560835457e+00
6.473426803832806442e+00
5.980647626783588855e+00
4.713245619774521167e+00
4.383393101384616131e+00
6.582579722987237147e+00
5.935446812894216606e+00
5.844387378927047294e+00
3.887060684426691282e+00
6.907995747678623566e+00
4.530569498600867995e+00
6.840315098607576694e+00
6.031322499664189429e+00
4.135865877562163284e+00
6.196587499181443803e+00
5.228917473820166251e+00
4.825676779241856451e+00
6.573182919360220033e+00
6.099312013694063062e+00
6.321648607440134349e+00
5.437265562601316660e+00
7.356312014815478584e+00
5.409157310926002715e+00
2.178846347277517914e+00
4.798682106791654078e+00
5.654034075574390528e+00
4.882212662864073849e+00
4.226085645089932008e+00
4.657177989827153475e+00
4.626500901612052630e+00
6.374397910251001775e+00
5.178286742905759965e+00
4.081887221380749331e+00
6.520152182691385967e+00
4.859847019338029206e+00
6.201119573954715136e+00
5.630776085340055914e+00
4.786993114365724722e+00
4.537435324493156230e+00
5.921760729602852713e+00
3.553143308685282165e+00
4.937982455584381647e+00
6.088763113010164041e+00
5.699849441080517387e+00
6.443297110232556690e+00
5.200934571514265414e+00
5.026727464039451476e+00
5.930223312949646441e+00
6.154852367318211392e+00
6.308472353159349844e+00
6.085387592908251264e+00
6.186667185574605377e+00
6.213107058345339162e+00
4.650814213085700644e+00
5.892574394134687310e+00
4.683756360839748112e+00
5.666990945551698466e+00
6.011798241794457098e+00
4.080628782817774969e+00
6.672390208618692142e+00
2.600855113070056568e+00
4.546244226523231902e+00
4.872286175683938403e+00
6.722910129816750846e+00
2.430380294620451576e+00
5.107692836521432689e+00
5.628759949152873254e+00
5.706236420881608318e+00
6.063201032124703183e+00
5.511392524534333148e+00
9.170456810385630320e+00
7.609489998241222963e+00
6.841949601148078486e+00
7.148982963648954581e+00
7.122927137136994880e+00
5.611923616732291897e+00
6.531712728760783016e+00
7.594175853296554202e+00
8.473714442110559020e+00
5.644804885948328632e+00
8.257579145561759759e+00
6.406670695233863455e+00
4.183616193931332994e+00
6.195721238131268294e+00
8.104388812559667699e+00
8.988471186547130287e+00
7.583127077890233991e+00
5.543646809085373661e+00
8.370388573935294119e+00
9.839082365049499401e+00
6.883069169029815804e+00
7.530466062637007241e+00
8.803119523776832267e+00
7.322586315715650329e+00
6.649554954250187500e+00
9.062311114931992151e+00
6.780520728292593446e+00
5.591914801391665080e+00
5.212562199624912296e+00
7.247391003089873607e+00
6.906103720084322717e+00
6.243829979332722324e+00
7.399776038780277787e+00
6.294103742686535163e+00
5.221830215423292287e+00
7.716073138154858846e+00
1.073240574608148989e+01
8.475832182763022971e+00
5.997142324537517055e+00
5.129689333017847019e+00
8.396291557306991393e+00
8.093870521844323207e+00
8.551628188136078279e+00
7.854369046503520302e+00
6.341877241568314894e+00
5.135862840266129048e+00
6.373353107610019386e+00
7.563012004567723601e+00
8.096472508093059517e+00
8.116075145713409711e+00
8.431115532943055157e+00
7.674401034151411061e+00
6.484090576863549060e+00
5.898599246831063958e+00
6.982634878263496603e+00
7.601365937812291307e+00
7.744690873881475923e+00
7.817350883569733178e+00
9.250992263146212480e+00
5.111317992578017666e+00
7.602515676301934811e+00
5.211613237084629979e+00
7.030481947347903215e+00
5.489468563398852474e+00
6.200433867679874922e+00
6.569652209690281630e+00
6.751323452528533942e+00
6.564952973656923874e+00
9.031927254846150888e+00
7.596930913931829288e+00
5.333363347341816052e+00
5.031611321418749228e+00
6.502352848208792224e+00
9.239116849589247948e+00
4.886919887422317643e+00
7.625826636101192157e+00
5.620677224598076727e+00
6.693422965512797695e+00
8.475010579974057379e+00
7.563546747825309780e+00
8.322059494850574168e+00
5.543618288920150405e+00
7.540876653957944598e+00
5.601789765796459264e+00
6.606503859022033076e+00
6.701623690072602280e+00
5.649796394692624624e+00
4.516931797237116797e+00
5.019888964699346090e+00
6.799103882965581214e+00
8.927038288579465686e+00
5.738415593270709714e+00
6.788011858514158448e+00
7.775177536921400012e+00
8.356486208731221055e+00
6.590989280412625995e+00
8.560076409366731198e+00
2.727272157157956123e+00
4.357715521913592127e+00
5.744082689212023141e+00
6.338721655994343784e+00
8.155893760921568258e+00
6.667413196003626474e+00
6.840872463030025052e+00
7.208816388802876673e+00
7.033528826746632490e+00
6.358731720006921329e+00
7.897199754068930488e+00
6.043590020127648899e+00
6.976159290691835047e+00
4.197234002368921857e+00
9.576193068073607151e+00
5.872339621188075398e+00
4.074832751221609151e+00
5.434563249660984141e+00
4.514338377559926840e+00
8.094584154371899487e+00
7.810435887949749301e+00
7.265445873253982612e+00
4.642185316807124096e+00
1.064223957061172143e+01
6.504698530758155073e+00
9.598959117995539359e+00
6.200291561544574392e+00
9.153305594219840913e+00
7.531952843504696737e+00
6.774677052659676235e+00
5.187067553717885637e+00
8.594450491927371871e+00
8.822985189233623515e+00
5.444402808099892965e+00
6.629376940750368874e+00
8.573211895472736543e+00
7.351180349110835621e+00
7.251869214158635835e+00
5.868122488705930451e+00
5.264274204654855183e+00
7.076892675897842544e+00
6.271809112966934663e+00
4.787659940194947339e+00
5.868670641317041081e+00
4.385235114580815718e+00
4.879583086496204203e+00
4.900380714040021068e+00
5.770618030269505816e+00
5.720619599862036608e+00
2.623949992595858483e+00
5.092706292086790043e+00
7.927918121913186233e+00
6.333036002452852919e+00
7.178171441896694205e+00
6.571497067025574346e+00
6.239625626895310972e+00
6.161749054512027257e+00
8.506679238770239238e+00
6.847507826418890886e+00
6.680246000529754369e+00
6.592013143155927679e+00
5.947589664318289948e+00
8.134180269382497386e+00
7.337312832950455999e+00
6.170834029896528072e+00
6.861990728181446286e+00
7.297777521969644354e+00
8.382435024686136771e+00
9.724697115120704893e+00
5.862178963259266240e+00
8.600103084338956094e+00
8.055454377461371607e+00
6.468575772961845161e+00
6.283770757336366586e+00
5.686841603153196978e+00
8.943764462755751765e+00
6.183373651315280384e+00
5.689979403964541937e+00
6.285106352615541958e+00
5.195699901826450251e+00
4.402729687709781459e+00
5.008431338048914938e+00
7.330887532038671495e+00
6.036228621028585373e+00
5.472840947478556650e+00
1.080066903823178670e+01
7.417632049612307377e+00
6.231499812009628769e+00
6.793333678505721451e+00
6.885846236972086309e+00
6.260429937325324268e+00
6.474707300770171869e+00
7.997834315118580228e+00
9.188530049078099893e+00
5.665907302277926050e+00
8.864152453785722585e+00
6.897444021678293069e+00
6.082782154685517639e+00
6.881902814622291586e+00
8.149786554631665680e+00
7.606430773604927253e+00
6.763665861442829552e+00
9.125531851453038357e+00
5.520788565563599093e+00
7.101164947910818093e+00
8.352991737620534707e+00
5.785148169768153714e+00
7.647494513234965652e+00
6.506422064811312467e+00
6.382535762871730967e+00
5.101910704226695792e+00
6.069400596299383110e+00
4.732473151917626630e+00
6.542072497532805286e+00
6.520503459222676490e+00
5.266366561881651087e+00
5.934249644062442819e+00
5.866655402373275763e+00
7.511384102295077803e+00
6.234937981179030864e+00
5.982339823905345355e+00
7.443046064730817868e+00
7.691380188166635712e+00
7.690067669059729383e+00
7.656747778464398024e+00
6.624594799662860467e+00
7.998177505195281256e+00
7.043284645629096730e+00
7.966938580500396938e+00
6.443019698199345058e+00
7.035492061023774113e+00
7.054204207580243136e+00
6.172580966396468583e+00
7.365372118235979926e+00
6.579074481335778657e+00
6.688270090454149219e+00
8.879535296027894375e+00
7.859295920638019517e+00
6.707136864856389380e+00
6.967621442006296739e+00
8.028249397445101465e+00
7.280296467983448316e+00
5.316970205170411745e+00
5.727344659416045758e+00
7.433776251903655208e+00
8.545597248211192820e+00
5.302214037571433281e+00
7.818272982306829988e+00
7.951084195456282977e+00
7.691914659878960947e+00
7.815106029075068683e+00
6.683767651167099366e+00
9.549235529055362548e+00
8.494454730874975823e+00
7.380037016521044713e+00
9.582857481292146318e+00
8.438496090925601933e+00
5.229827941804465752e+00
7.036104993812529962e+00
7.538456121443009472e+00
4.475434478797204463e+00
5.720141366758278778e+00
6.567084514961821995e+00
5.063843396704774236e+00
7.782467253632148640e+00
7.172986124832195109e+00
8.897394887589907597e+00
6.988715558786008586e+00
5.691508559721262905e+00
1.020425438918291228e+01
7.503643869722335324e+00
1.009802229229256199e+01
5.797633599359638623e+00
6.224573695068728263e+00
6.355702590108331940e+00
6.484746284158381613e+00
8.488749702418125764e+00
6.601401555314220460e+00
7.301889730363242847e+00
9.291088765398614058e+00
6.036464352797635158e+00
6.822091985334894915e+00
7.911405466546053589e+00
5.238258119005758218e+00
6.664267754188796467e+00
7.702043597720918733e+00
7.291409130131630612e+00
7.312828285768112835e+00
7.701895013027461268e+00
6.668317542732149050e+00
5.665309113585051293e+00
8.649399372906533046e+00
7.189620660383618578e+00
6.662180750256571748e+00
8.724657998311313278e+00
9.638617737433040844e+00
6.724666375041194577e+00
7.559751334186697314e+00
7.330103011297301130e+00
7.629960457841043819e+00
7.842921150252112561e+00
7.624373227790800733e+00
7.753877192136798158e+00
8.755686655420657161e+00
6.858002119062343027e+00
7.082899558085437697e+00
6.592378982701269763e+00
7.706428938001658402e+00
6.440580431256057281e+00
8.017495513989125300e+00
5.594178744743805609e+00
8.043416756408456436e+00
8.375330356005180832e+00
6.113280338848174011e+00
6.678832507004136332e+00
6.954676494786686369e+00
6.536408541365067215e+00
7.923370794075792034e+00
7.233236303713584725e+00
7.339922739280780206e+00
6.953088022363862919e+00
5.438464276950265130e+00
7.351782148722543653e+00
6.098637488977474597e+00
6.687504440018139817e+00
7.261266883863178201e+00
5.820164681785676919e+00
6.116363278698122130e+00
5.933460848342747340e+00
6.372638255275313135e+00
6.314979317782825063e+00
6.172086834675804212e+00
6.073840222458173344e+00
8.530313851623526844e+00
8.112909595953192721e+00
7.615369401217831680e+00
6.577411722649033621e+00
7.482824934810627049e+00
7.422971546742862969e+00
5.339901065193160434e+00
7.498366745404426936e+00
7.177765530939854699e+00
7.450299311294862115e+00
5.777367734865210380e+00
7.530511937293264957e+00
5.463997584863315993e+00
6.741598686572496391e+00
6.159662595775094118e+00
7.855026703710509928e+00
8.259871136638006206e+00
6.995157737183072655e+00
7.068588173186566515e+00
7.029796540474819722e+00
6.804939230960606267e+00
8.352349611394210172e+00
6.873256207628189784e+00
5.770456277437261861e+00
7.989507474965871658e+00
6.548756639588968476e+00
8.542931770797189017e+00
6.987047326028950067e+00
8.791417547217598383e+00
7.264138153935546960e+00
7.618882490893374992e+00
6.041369204626160894e+00
7.004590354574243172e+00
9.381305923482834430e+00
8.716312046544446801e+00
7.460093714057197900e+00
6.538161128911021081e+00
7.903139187765799711e+00
8.852458025531309005e+00
6.816897571080887452e+00
6.785713210198343504e+00
6.553509457664447702e+00
8.209616690160739694e+00
5.957391757723327963e+00
6.805668877110020887e+00
6.312619345005202831e+00
7.583287667620117745e+00
5.600861461428336519e+00
7.779099650624828222e+00
5.427762063744332011e+00
6.251761739929172279e+00
6.160411299042575450e+00
7.343612605865017073e+00
5.625947296038231293e+00
7.432031985455612499e+00
6.327396417690106745e+00
7.593620797269567291e+00
6.219509268942203128e+00
6.727926210982256627e+00
8.748727599711523695e+00
7.522659658515530090e+00
8.013765861580919747e+00
8.206218328164309739e+00
7.928618232965151336e+00
7.984276457970922891e+00
8.289867446931371120e+00
5.800957729415557651e+00
8.353114689266062598e+00
6.740621476283783053e+00
9.014288354202165010e+00
5.724497038085869960e+00
7.711777383944106390e+00
6.371189273404007203e+00
8.347578937378585806e+00
7.482715723398772667e+00
7.037371602894423539e+00
8.374557553984271152e+00
5.630390649672975201e+00
6.143740534078772519e+00
7.294086302156488344e+00
8.019713679825454022e+00
3.438002962352741498e+00
9.858513075507765677e+00
5.581004010830590722e+00
7.863538900307649016e+00
7.840442783715955599e+00
7.463088243835068525e+00
7.888864895013790068e+00
6.536740391738699252e+00
9.943022646253300678e+00
7.316726166326581904e+00
6.961715759696751604e+00
8.039235551408165037e+00
8.052156135335092557e+00
6.796096256447517803e+00
8.651694582066006944e+00
7.043305887625662010e+00
7.279771259828684116e+00
8.025674163427199304e+00
7.540709260890906762e+00
6.370880269421344444e+00
7.589306935851834801e+00
5.970092740385773311e+00
7.984224373557699650e+00
9.008269786185746142e+00
7.089400561793699040e+00
8.039223980481347454e+00
6.134175954946130105e+00
7.410238667671959156e+00
8.207391233758349003e+00
6.825102757620148175e+00
6.659278030566989415e+00
7.058244783800608602e+00
6.210606676364601064e+00
7.454250187375395242e+00
7.384854536160870175e+00
6.835168273266877925e+00
7.336452472888941756e+00
5.421854378964778398e+00
7.243744828404745206e+00
7.170501598153436795e+00
5.939685341730143620e+00
6.185868634879515326e+00
8.209570377809287223e+00
7.934519015869539338e+00
9.691672692100359754e+00
6.596872491778978720e+00
7.329198200029060750e+00
7.093004926978774272e+00
8.120919327653805198e+00
8.660062965849634864e+00
6.382334301719561509e+00
7.150055770918998022e+00
7.754792316406044606e+00
8.070561543241979052e+00
7.443405166250721905e+00
7.791162902878082441e+00
6.769075767021934809e+00
7.630338727153868739e+00
9.337866447273745152e+00
8.099818698452336818e+00
7.633117496658483603e+00
7.046205792881472973e+00
7.166206997033351733e+00
7.152321452412825131e+00
8.003181614225985285e+00
8.232131717676443472e+00
8.258285309698420562e+00
8.462776249992645106e+00
7.923944258531753881e+00
8.035561103119151838e+00
8.252226058446114010e+00
8.425389621315355626e+00
7.611513137381729521e+00
8.858643489902750190e+00
8.585856474341310829e+00
8.736612797417379284e+00
7.429158492430296690e+00
9.626010272249846622e+00
8.272701550473540166e+00
7.994476833648974434e+00
7.172496256720511276e+00
8.717260109604252349e+00
9.188003215836067383e+00
8.127911312547537293e+00
6.668422769968620045e+00
8.607833469107001534e+00
9.469516249525241847e+00
8.397462443647924601e+00
8.260348216233843743e+00
9.447254955689114553e+00
9.637366619859495387e+00
8.597357183353173227e+00
7.449400125813658846e+00
9.537076037512809634e+00
9.699350565227710774e+00
1.104113538544687145e+01
1.001482317610252437e+01
8.447076424614232693e+00
8.543590609727363727e+00
1.007165634013895605e+01
9.763064796359028463e+00
9.985941063068597856e+00
1.012859847953694548e+01
9.492657968589327311e+00
9.826242768998685762e+00
1.042100620824698254e+01
1.008101968864235687e+01
1.005878059828200932e+01
9.799641308472359924e+00
9.297408896025277869e+00
9.504893963073348218e+00
8.637225370743077946e+00
1.001053286105210027e+01
1.005395883845390337e+01
8.680823981077821827e+00
1.082203721811561969e+01
8.162062020952673080e+00
9.683797247610396397e+00
1.076700247957301926e+01
8.470075246726187501e+00
7.849150572003447124e+00
9.302169876085770284e+00
7.117527948442099017e+00
8.344234766252776936e+00
9.684400300457159716e+00
8.217901232239322340e+00
9.988119258568106673e+00
9.408447916978046166e+00
8.103486962451425413e+00
9.726033158287934910e+00
9.052069890698190235e+00
8.153177323114393360e+00
9.370625927424491408e+00
9.370608600634380281e+00
9.290024280666846934e+00
1.008323366014269240e+01
9.824037389948214738e+00
8.756396476546882468e+00
9.664958489617017534e+00
9.674768476188786437e+00
8.494738666571613805e+00
8.402972574903071035e+00
8.963906102856808999e+00
8.896059888715539543e+00
9.129580066627651647e+00
7.961867273073553797e+00
7.169155426538827314e+00
8.073753395330069083e+00
7.771716633544810016e+00
8.289253382945650728e+00
8.934340327981084684e+00
9.555928384302115219e+00
9.938791047222224506e+00
8.054505607743193352e+00
7.696153604078347144e+00
8.545027747495939963e+00
8.016076146069593733e+00
6.921242670090344440e+00
9.311627581022738909e+00
8.479404091884170214e+00
8.735777754648243132e+00
8.147504223519415945e+00
7.562756537858988715e+00
7.476412571324358325e+00
7.355923822888518870e+00
8.573355664290366107e+00
7.248904163049196825e+00
7.507766207437134298e+00
7.701256097774820120e+00
7.484426214105341479e+00
7.853057837652003492e+00
7.743595483122066803e+00
9.774229924848802042e+00
7.144155990277238466e+00
6.441761651799777333e+00
8.044017591748183094e+00
7.298509510097955122e+00
7.634046254149774668e+00
8.546175663728469374e+00
9.679251746573971360e+00
7.798566240021925999e+00
7.831186117152348025e+00
7.660717736644474307e+00
8.366864830543297771e+00
8.612379658585794573e+00
7.802342500627353239e+00
6.084742917930040740e+00
7.088318777519051039e+00
8.907327555326592261e+00
7.884399683100622447e+00
8.817534480923169937e+00
1.125890148450412909e+01
1.106067333081318793e+01
1.276096960111442513e+01
1.217157056747104704e+01
1.065046529064193059e+01
9.237823132480135868e+00
9.446883037350055190e+00
8.882751418580181024e+00
8.705783690518105189e+00
7.679873643099981884e+00
7.245486149175616397e+00
6.841798221213782227e+00
8.267841425705251268e+00
8.177689280635656033e+00
7.840012419119297249e+00
7.050434322486752059e+00
8.221642879509705182e+00
8.138312487333202228e+00
6.521572608217332423e+00
5.816054532720451142e+00
7.204328006253224892e+00
7.235255539022700688e+00
6.662407634127416323e+00
6.469694351690549183e+00
6.355369794418569640e+00
6.824614970769253830e+00
8.049715689106362149e+00
8.291685739914310460e+00
8.037273315829912335e+00
6.637379615118310205e+00
6.518543633577955632e+00
7.011163220966401433e+00
7.547422097223051907e+00
7.675957170093403725e+00
7.209176918612090645e+00
7.945072540514967585e+00
7.878952659165633143e+00
8.645620746825994019e+00
9.218010117572447371e+00
8.642095811202899824e+00
1.068010998052552019e+01
1.335414745536214376e+01
1.404756730207404658e+01
1.678671520818330620e+01
1.712536953328671174e+01
1.870253716419414758e+01
1.570468168170812895e+01
1.315360713560136929e+01
1.194437065408292220e+01
8.831032620456587878e+00
7.944665316587383508e+00
7.394066693196863049e+00
8.494507467079374763e+00
6.676631585109645606e+00
7.246068737928824000e+00
7.018764457638042131e+00
6.350359603507508055e+00
8.112461919461111393e+00
6.477111572601629952e+00
6.185091364693015237e+00
6.927677918465590778e+00
7.649781918595260244e+00
7.538474513465943438e+00
7.745645789672297887e+00
7.936826129220753145e+00
8.653131201775877912e+00
7.354961385713810529e+00
7.703572425548436797e+00
7.580084303441910087e+00
8.506592400842317048e+00
7.173681369228676274e+00
6.086880165931249920e+00
7.116440814820101046e+00
6.400846825765193593e+00
6.661640796874351622e+00
7.741027619599499587e+00
7.988786688915380019e+00
6.709249556806428316e+00
6.453182472464152220e+00
6.758867157721315522e+00
6.036117816624689603e+00
6.667977180247671498e+00
7.312723262269826385e+00
8.257951974730385558e+00
6.832618033074686181e+00
7.135639990660807896e+00
8.217865074100275891e+00
6.191248705050858447e+00
6.543580824438480548e+00
7.307806016828074291e+00
6.552261558103028349e+00
7.390613244102393509e+00
7.196939955847617476e+00
5.957949906983142085e+00
7.166279936132087691e+00
5.971284901598673756e+00
5.791973968644942516e+00
7.591966485841044943e+00
6.416380670248065243e+00
6.059541157967324843e+00
6.930204084026446942e+00
5.088356820208955078e+00
6.850417713314183921e+00
6.290649575296073159e+00
6.917454104175083884e+00
6.394544542126137543e+00
6.136654651498694157e+00
5.876334345274485393e+00
6.706012610963378862e+00
6.976045805856541548e+00
6.572053645847200087e+00
5.982170398663213540e+00
5.687315568430872048e+00
6.116311310956628944e+00
7.343986411609912501e+00
6.724994732497484584e+00
5.777409235176969027e+00
7.081890171644408483e+00
7.398158172712273384e+00
7.156218876383915628e+00
8.241696169404002958e+00
6.849805853728264893e+00
6.988987422355351420e+00
7.007077733921290630e+00
6.186997521975040826e+00
6.686555707141276450e+00
7.630007902850598711e+00
6.225408404208366164e+00
6.085423437729849283e+00
6.577841561385961988e+00
6.377761826066635109e+00
6.075602707028984639e+00
6.341703377715936618e+00
5.700377548643308145e+00
6.663737103366986325e+00
5.788429469453394205e+00
6.440849916035750411e+00
7.601184179259570683e+00
5.982036228647234388e+00
7.080066826297054305e+00
6.197212072552179762e+00
7.033560567513514883e+00
7.803533989541440619e+00
6.576547827588464123e+00
7.719366162809073728e+00
6.528753514864058971e+00
5.803683115118794866e+00
6.821345664832694666e+00
6.910850860754884195e+00
6.526493127488675938e+00
6.834574031077001344e+00
6.855855717041130504e+00
5.817980148621999525e+00
6.225514812848325086e+00
6.987640362127041982e+00
6.913029208519012592e+00
6.281912960321512251e+00
5.917071206382124693e+00
6.872673296758527783e+00
7.620502273437566032e+00
5.910787314789570424e+00
8.345560658140284360e+00
6.624894704600334805e+00
9.185064032621934160e+00
7.231954962966907985e+00
5.296992897991097848e+00
7.016432166644227308e+00
6.922136218103402960e+00
6.928756579592685760e+00
7.060610119146240926e+00
7.987908649954185591e+00
7.967855041677721850e+00
6.000348992304671114e+00
6.790487896379897137e+00
6.515824094486540652e+00
7.236571900938424839e+00
7.333237237433062994e+00
6.052710687465541639e+00
7.686267441722677063e+00
5.018698833088010680e+00
7.054927140296390675e+00
7.653197099933501057e+00
3.751237837655655660e+00
7.083610790118807898e+00
5.258360622454336664e+00
6.645380174874077284e+00
7.610588612986590284e+00
4.812349424296514577e+00
4.758416086882331086e+00
5.079787263643561701e+00
5.036153295706093047e+00
6.016774018251682676e+00
5.270756931589880345e+00
5.622812859596080237e+00
6.786698635617470110e+00
5.069100811824130304e+00
6.372529103462023947e+00
7.092110817722189431e+00
6.686508811865867763e+00
7.323971206340069706e+00
8.887393104045992587e+00
7.997045447595244383e+00
7.827852200794876758e+00
7.462852132532769467e+00
7.638156711121632192e+00
9.679666712881360269e+00
1.006656668808624389e+01
8.681704627702275801e+00
8.467626112254347248e+00
7.521444717991801809e+00
7.180826487953986259e+00
8.383983785983533110e+00
8.763895745741670851e+00
7.387994741603932880e+00
8.083899602190641076e+00
4.185176239319458702e+00
9.710980394912738234e+00
5.499104112024395974e+00
8.877249969087479542e+00
8.842825834216187175e+00
6.781197125720870744e+00
6.576925303314636650e+00
7.287446752673822914e+00
6.196180303833154213e+00
7.209330917154264995e+00
5.730652496368349169e+00
7.756088224398219211e+00
7.035969463501540844e+00
7.677185283111549907e+00
6.897295341762184506e+00
7.171647693278813129e+00
7.516757364657474128e+00
6.642930121424287293e+00
6.770526709191339698e+00
7.415825501985310986e+00
7.792449743073689206e+00
6.095773054367433552e+00
6.142099893486243189e+00
6.246817079138927475e+00
6.700375690712604637e+00
7.076652426096056381e+00
7.526860353852153906e+00
6.626809565985954720e+00
7.985310887861794882e+00
6.894325771179080853e+00
6.812145811859041444e+00
7.216661819426346547e+00
8.544645984044908715e+00
7.088244228193143925e+00
9.373460499917019462e+00
7.902348747745739033e+00
8.382930838752493230e+00
7.559677949197348923e+00
7.121231112072006653e+00
7.438330365961455470e+00
5.637183075831757151e+00
5.765307388195201277e+00
8.250177909790098241e+00
6.344755980301691523e+00
6.582962505844440315e+00
7.861046048782307949e+00
6.594662253751853775e+00
7.359768500639369826e+00
6.223638438012249807e+00
5.800892133872517675e+00
5.630795014276397836e+00
7.106289191441509168e+00
5.172443459650651221e+00
7.243411175459005591e+00
6.515856852389078746e+00
6.158263987213093316e+00
6.664485930766436361e+00
6.981397064370019834e+00
7.471515576754453214e+00
8.158722476586014238e+00
8.910725997394406406e+00
8.404757190564575708e+00
6.741433663031363821e+00
7.129209263550966291e+00
8.144218520614122880e+00
6.141807490580756479e+00
8.615762121361047576e+00
8.338349506114486331e+00
8.942100373282833914e+00
8.699523958680968505e+00
8.247783908054914903e+00
6.733320420289595987e+00
7.629712190315462550e+00
7.496152876012659227e+00
8.098355209752176265e+00
8.051469573134859559e+00
8.074759811289803579e+00
6.011523710554101285e+00
7.294764752056056345e+00
8.607902664455673758e+00
7.345697760779039243e+00
6.773021200173341860e+00
7.264498450334004431e+00
8.240724478494811933e+00
8.093776721956800202e+00
7.016857413117371323e+00
7.187681343446000071e+00
6.768178037396302749e+00
8.147048104359955190e+00
7.336969726548283610e+00
7.368301115785730104e+00
7.088450526841761246e+00
6.583684185150964652e+00
6.759742693665440783e+00
7.022997876763316327e+00
6.171910777109228974e+00
6.696092034813449168e+00
6.667800414714982082e+00
7.919423801576634503e+00
6.540702334895279080e+00
7.036390231514736193e+00
6.837248228706579667e+00
6.573493276809911912e+00
8.094917768589137808e+00
6.338452416861167116e+00
7.003443792064642182e+00
6.809537917443325483e+00
7.315376144334456932e+00
6.722398091050653335e+00
7.685867513369696091e+00
8.292291916022513476e+00
7.365857059879208357e+00
6.130425044056549311e+00
7.639706920843716276e+00
7.808290371902653959e+00
8.484900935362308161e+00
6.906690122633289519e+00
7.318623201504471432e+00
7.593606313269884112e+00
6.982260394606034204e+00
6.229672129574647776e+00
7.535260371630860377e+00
9.090709026398570813e+00
7.665635851203364659e+00
7.239434339177740263e+00
7.460669533019135713e+00
8.028052849557653303e+00
6.931118583743494099e+00
7.234635395299044980e+00
6.848172446810213643e+00
7.457636842276475164e+00
5.968002245916187221e+00
7.973584092911111476e+00
8.900820143022903252e+00
5.622763847606443655e+00
7.100953382270285275e+00
8.586047663390584006e+00
7.652824706340378036e+00
8.014771797544641529e+00
7.670550080159599382e+00
7.655784766395631991e+00
7.902787118111655573e+00
7.362700131860033359e+00
8.596958715179276567e+00
8.605906857945718968e+00
7.076557740081025116e+00
7.806841016870553318e+00
6.988028479257813785e+00
7.998666086535236808e+00
6.969073767415523868e+00
6.709298359853514526e+00
6.763505125128539852e+00
6.499944971800869276e+00
8.066977468224514780e+00
7.013731853207024969e+00
7.641528971854183006e+00
6.154709869390723398e+00
6.631564395256513755e+00
6.711318345401433128e+00
6.963789984908273389e+00
8.505249676016195082e+00
6.544415091177069321e+00
7.358114741877794351e+00
6.621848593826411999e+00
7.080652915254781021e+00
6.046722342582071974e+00
6.703012832040267099e+00
7.112186458300869596e+00
8.308009933671627323e+00
7.525894641863839496e+00
7.177906663323522451e+00
6.486425900416329604e+00
7.046782483759390203e+00
8.157732998686842762e+00
5.897666553117778321e+00
6.586671498177706141e+00
7.915328602475867115e+00
7.325541517626667165e+00
5.546873551206878972e+00
7.921986947615831554e+00
6.969125106044178786e+00
7.134108105887006168e+00
5.743547833117815138e+00
7.294096219098619827e+00
7.485137530370600700e+00
7.532133405627391198e+00
7.726145575591491621e+00
6.171094328033899679e+00
6.683946981512162822e+00
6.922226974559318791e+00
8.343569660129704246e+00
7.443308064436903848e+00
7.477303524426211823e+00
7.426307740528199197e+00
8.221219730701855966e+00
8.183584197622343126e+00
8.276668775959544533e+00
7.960498153570267910e+00
8.176698071966185921e+00
8.936301792028922719e+00
6.050171132217261771e+00
7.202912135949627981e+00
8.276653035229832867e+00
7.571304573189902243e+00
5.324414423619018066e+00
6.483388963982768871e+00
7.201697092885324558e+00
6.173577116468487169e+00
7.105188801968847834e+00
6.629723945959283604e+00
7.443874967300024181e+00
6.219524560934385882e+00
7.190026879322821252e+00
7.951499207603293762e+00
6.696240330115178274e+00
8.484250808296671664e+00
7.266491114000452889e+00
7.374513148058021272e+00
5.434060507844279186e+00
5.860783552776258176e+00
6.129735538564726305e+00
7.337521060965112696e+00
6.918098271787892273e+00
5.272697718318630322e+00
5.794562678083004847e+00
8.361479133187938118e+00
7.810130739616801598e+00
7.363840387099876317e+00
7.506114700080114055e+00
6.665585561789352909e+00
6.502352754817934510e+00
6.738714579960714879e+00
7.555133191657223968e+00
6.362163284345736081e+00
6.747895830844607978e+00
6.397631451133447555e+00
8.029455803266605685e+00
7.536636607491774775e+00
6.897001616387345102e+00
6.902725353658769158e+00
6.595016763502423274e+00
6.395532938459649763e+00
5.552494073653178042e+00
5.198578446016223431e+00
7.149057969845682869e+00
5.735125948910931193e+00
6.801394583106789682e+00
6.746791595566086208e+00
7.761322070077234514e+00
5.167061322164417270e+00
7.168577899809625009e+00
1.066138719958697401e+01
6.577454253576612508e+00
6.202153824363358048e+00
5.698800686483937561e+00
8.251342004007199193e+00
6.166823686591084375e+00
8.457634976183287634e+00
7.532592354113049282e+00
4.218431396099519226e+00
6.677228190084952608e+00
7.035990602647167691e+00
6.851585294214910249e+00
5.991861463716393388e+00
8.371684568593565245e+00
7.965262628088757069e+00
6.224545604029899870e+00
7.550999533295254196e+00
9.644652092720470193e+00
1.001689567270375214e+01
6.864737470971444822e+00
7.937410064500118878e+00
6.945849856503569342e+00
6.470098536940223077e+00
7.302489823488086174e+00
7.316674648290769412e+00
8.477831799000249191e+00
7.488254366271568152e+00
6.887472863074242113e+00
7.390234234053082218e+00
8.081029861883679999e+00
7.241481175394770986e+00
6.662057515653284412e+00
7.303619888791389236e+00
8.425461388221386017e+00
7.239088519475725292e+00
7.609244157472184966e+00
6.293170513300855085e+00
7.669636330816747893e+00
7.281536503537337168e+00
6.715632799088620430e+00
5.557517481722265451e+00
7.281128991959388230e+00
7.799671665915711039e+00
9.321732853412813213e+00
7.167864801884520354e+00
6.659496141912433664e+00
8.105914224243029764e+00
5.501538482869803737e+00
7.183619384520274487e+00
7.081526926769845076e+00
7.122633254152786364e+00
7.819983920355271678e+00
6.782265606366503441e+00
5.806707848056633203e+00
6.232907902208399520e+00
7.279966508407958337e+00
5.849252703276328624e+00
5.850446808994321124e+00
5.415580510402373093e+00
7.900192135450463837e+00
7.921537881970325934e+00
5.682183911154224276e+00
6.314157695738000342e+00
6.235522073330307613e+00
7.849246121380402563e+00
6.199213977301682554e+00
5.497737265141216412e+00
7.369848353588356105e+00
6.358249580429815140e+00
6.870056818347604732e+00
7.100595944347872113e+00
7.369760224057993803e+00
7.341372733736399425e+00
7.266750106239835638e+00
7.876250477468124345e+00
7.497271065143532809e+00
6.993033532829150190e+00
8.357437720032118378e+00
7.853411504908932805e+00
6.720226342764825667e+00
7.465168600920361719e+00
6.903728176749335255e+00
8.019107869562995816e+00
6.121167482426660200e+00
6.967847723213971278e+00
5.935516418084907819e+00
5.525583324351353021e+00
8.330892338071841152e+00
8.046236306214849421e+00
7.659205294615425430e+00
9.328687555296323097e+00
7.778951491575616828e+00
6.460407001566736973e+00
7.215296080116948119e+00
6.557707953749647878e+00
5.690767576012592421e+00
7.193001444940364308e+00
7.860413095645399473e+00
6.549097457186364046e+00
8.132275228948302015e+00
6.337371739245147850e+00
7.426252478771289134e+00
7.508477880897948431e+00
7.828691979448787919e+00
6.760378038599938577e+00
7.931100303458070044e+00
7.063835787253487375e+00
6.010668285576878489e+00
6.378795627383061273e+00
6.008780043709590402e+00
6.500781495741747129e+00
6.186974545551332305e+00
7.654529011047519482e+00
8.995270117947240962e+00
7.233343671753046600e+00
5.681069060857019792e+00
7.567868976481124221e+00
7.861038052608856574e+00
6.591135807852098516e+00
8.606030238105965680e+00
6.842949347771406288e+00
8.422839668097775956e+00
7.274350606984187451e+00
7.733838241753029585e+00
6.846803043819367218e+00
6.577326119355251244e+00
5.964545495674306252e+00
8.776045682526337544e+00
8.205867803990186005e+00
5.964737519593579229e+00
6.217487384930315386e+00
5.222010183742480827e+00
4.885146884414518276e+00
6.438083615169095886e+00
8.947978696285183275e+00
7.299140090088880761e+00
8.337542088093277570e+00
6.915000454030507449e+00
6.373665738101482070e+00
5.585276667854161659e+00
6.117020222799090412e+00
7.220330366735453254e+00
9.915155323025006240e+00
7.691694058004377332e+00
7.583404574605154380e+00
6.033810532486127087e+00
7.096406124895558776e+00
6.020137592345134792e+00
7.727200415799662991e+00
7.216529958331417305e+00
7.187781540172835548e+00
7.758145109532241790e+00
6.505341308962913516e+00
8.106124278583882514e+00
7.675529082954329674e+00
4.315761684990886415e+00
5.669293740296803996e+00
1.022072139855514550e+01
8.127114678241534662e+00
5.082140316136842806e+00
6.227950991878315357e+00
9.739272585695440299e+00
8.002697577238572890e+00
5.603543947983909312e+00
6.419299375795891827e+00
6.630623082208369823e+00
6.706939536141570457e+00
8.472925035907323377e+00
5.980860610834325186e+00
6.600679016090993834e+00
6.475118892559057038e+00
4.635578851125648825e+00
8.599694324374032917e+00
8.474539918447790754e+00
8.413027694332837925e+00
6.715292535976761457e+00
6.909878242996700948e+00
7.919644765783908191e+00
6.754095160052033364e+00
7.161772500048576795e+00
7.013320825002636205e+00
6.008010429296962940e+00
6.643314185818391948e+00
5.796127500165326296e+00
7.483349851846934797e+00
8.219506926250899070e+00
5.855705141937519009e+00
8.539625138082357125e+00
7.341471830117145991e+00
7.653790390305889701e+00
8.018831270604168893e+00
8.314248041046472082e+00
8.080466350942831610e+00
8.127923819949842255e+00
6.787869114755330280e+00
6.773717387049042138e+00
6.872346609739730994e+00
7.030131606716242487e+00
6.659266601259295371e+00
5.373435567913838362e+00
7.516778015890533737e+00
5.794162066954017476e+00
7.694006164280980720e+00
6.246560829752310084e+00
6.985428517048287489e+00
8.031256813100577929e+00
7.135320774178019576e+00
8.240265902748907578e+00
7.343844387066248203e+00
5.609758466406965738e+00
7.424282468938161905e+00
7.670448565137203190e+00
8.376804685207462242e+00
5.653359709147491863e+00
6.189488080056442243e+00
9.588238810896656972e+00
7.722945992383056790e+00
8.415374583390004659e+00
7.670942861303371885e+00
5.545176719345844774e+00
7.444364431713909269e+00
8.874196144676597342e+00
1.008579449120108862e+01
8.097176843581381789e+00
9.190092403910432139e+00
6.108624555858644278e+00
6.787942304314714903e+00
5.707227291324152851e+00
7.665416452245852774e+00
6.288162353298940133e+00
6.482997712892587749e+00
7.415862929857767405e+00
7.520888072796993562e+00
8.574023217228008420e+00
7.235730139644156900e+00
6.800475358156006678e+00
8.140198657130554238e+00
7.509733802000550185e+00
8.184989699240617256e+00
6.942844710341219638e+00
8.958046238209975698e+00
9.667758021535789226e+00
1.033099994933010279e+01
8.346491147338278793e+00
7.566438390764488098e+00
7.613583083831557019e+00
7.381056483756562869e+00
7.978529358616862410e+00
8.411263040986840522e+00
8.905935555013144267e+00
7.919337017748290464e+00
9.106428725655209888e+00
7.487717371831366542e+00
5.278109936236285549e+00
6.566925330150009898e+00
7.676055379932840594e+00
8.159946264943625849e+00
7.037512551811888173e+00
6.122532819055262365e+00
7.712950362639244162e+00
8.379381359239618021e+00
6.455804812200466536e+00
8.192796800889373898e+00
6.352162425012256364e+00
7.137452355904988721e+00
7.747407497263143483e+00
6.279288185256103993e+00
7.257061471822852994e+00
7.946463373084674764e+00
7.737580960008884290e+00
7.336856261625454678e+00
9.155159507295909549e+00
8.274932254993428771e+00
7.488581808724384281e+00
7.989617768061256342e+00
6.167367344240733296e+00
7.351583538591355271e+00
7.001310637511569013e+00
6.675371745238561694e+00
7.217074787436419392e+00
6.050009806053116890e+00
8.668891978584849056e+00
9.824502958969864252e+00
8.445030324670423028e+00
6.303269957672934964e+00
5.650455603528095949e+00
5.508432428291405003e+00
8.257918909161753973e+00
7.469703873587227427e+00
6.167159845429746490e+00
6.983997804076465421e+00
6.382783647270240834e+00
6.958761742763801550e+00
7.219917788056759100e+00
9.473651705964952541e+00
8.582039074940173151e+00
7.937720592681131393e+00
6.691866807499034842e+00
7.213880400565524376e+00
8.318475669711279608e+00
1.120469550572891393e+01
8.800449486009608080e+00
7.109471721463211935e+00
7.095476322929191504e+00
8.212989130117952286e+00
7.699193698141867159e+00
6.793289832249683080e+00
6.103516420072237381e+00
7.574935580772889310e+00
9.951384880564845048e+00
7.482729254610866576e+00
8.610659211643952204e+00
5.075009979298511276e+00
7.652644189900539295e+00
6.853200114341085225e+00
7.888600713203051562e+00
8.400687357498840768e+00
6.933144935658680730e+00
8.610167217659238759e+00
8.519177862612743013e+00
9.576419407843541620e+00
8.531898765056467937e+00
8.289654088216110495e+00
6.843653641812443844e+00
7.227665421860551831e+00
6.711475305607100594e+00
7.973896919387359006e+00
6.533894015957536716e+00
6.927999902572335778e+00
7.834297675899364322e+00
7.834743028345691584e+00
1.013598241007840528e+01
7.005388523078790897e+00
6.659015271634626032e+00
9.324202658548696121e+00
5.503694207185791498e+00
8.016854192482060881e+00
1.206190686362670839e+01
1.047043492178616297e+01
7.146136458020432514e+00
6.652708615283582816e+00
7.930463445663949784e+00
6.235047071348516212e+00
8.952697197851851030e+00
4.514527997900740885e+00
6.896322208194407111e+00
6.581488613211229577e+00
7.087701034291626456e+00
7.951824298770303834e+00
8.346469524540127694e+00
8.554627542901627635e+00
8.675416108953456273e+00
7.508578441128925363e+00
8.415843063540300761e+00
7.739739495373541445e+00
6.436140766485280551e+00
7.313887026045926554e+00
6.396596233396271813e+00
5.462375174972597058e+00
7.747404626934158323e+00
7.806737262879247297e+00
1.294942919777536261e+01
5.547518808467573059e+00
6.915645522119644006e+00
6.132371127524336885e+00
6.990776816413145411e+00
6.870154257506747797e+00
6.568015814425354648e+00
7.354136559085743485e+00
5.886125567855270191e+00
9.313467823847416227e+00
7.770802702214531621e+00
7.892449196599670813e+00
8.030296539414690571e+00
5.945692974481309179e+00
6.794860092109002103e+00
1.404368549136942512e+01
9.048239631386181259e+00
6.532432414662253883e+00
7.425383413363298324e+00
5.902509966063935742e+00
6.963457518783734201e+00
7.385031383136695382e+00
7.120005958569916693e+00
8.240708876441294350e+00
7.321963177133443246e+00
5.809627595505860498e+00
8.196504925426145505e+00
9.723902329311282955e+00
6.140868077404938674e+00
9.688682251846552518e+00
7.162669568921742780e+00
8.371262421863963965e+00
6.265893005845624586e+00
1.072059236539368854e+01
7.434753924737829145e+00
5.348283629731954925e+00
7.772975518008527374e+00
5.955985059146273741e+00
6.121285842555945322e+00
6.848965765689682073e+00
7.294364458162043263e+00
6.868051496121530874e+00
5.741178774560328435e+00
7.770045400134088176e+00
6.578573855288899708e+00
7.605671341518538853e+00
9.342395017543763558e+00
1.077122934350399142e+01
6.807414363263376345e+00
8.586912878621802747e+00
8.771254659269654752e+00
7.163854331661726249e+00
7.761319349211995622e+00
9.902030778565888980e+00
7.613710570990049220e+00
5.963681959826375945e+00
8.795172984347223277e+00
7.299059538199005104e+00
8.311197250521187740e+00
7.536737482492411822e+00
6.783629736602376781e+00
7.823187951607502910e+00
6.970894577053554642e+00
7.777981097383400488e+00
8.214461371984588922e+00
7.025295202872833045e+00
8.351517900654435778e+00
6.979757087025610041e+00
5.827813624360846489e+00
8.265019305199521327e+00
6.851161530395984300e+00
7.371175677888831324e+00
7.141749813821689052e+00
9.456751239380393415e+00
9.082848537955715784e+00
6.143273955794770202e+00
6.458368676448973389e+00
8.142180405057205306e+00
6.978926850146730310e+00
7.064620186052877671e+00
7.431681608518247550e+00
8.903363246311503332e+00
7.691508285837173275e+00
7.744740544150220174e+00
6.939375860375871063e+00
8.389709336687575458e+00
8.105974820447762852e+00
7.538649470715672152e+00
6.618106201199832839e+00
8.698850956410476343e+00
9.038087857460002539e+00
7.816244862860332709e+00
7.121910324546296245e+00
5.901402215525730632e+00
7.462758645561263116e+00
6.836726416903365688e+00
6.551790925302352520e+00
7.222757877437082641e+00
8.318509588465305526e+00
6.569851528085092873e+00
6.318996819851595781e+00
9.032816343235710477e+00
6.357905478626901363e+00
6.061084263651768111e+00
7.043535452241039607e+00
8.200966366916269124e+00
7.445822823766029330e+00
7.028303776883310761e+00
7.721686151333198467e+00
7.636805292339666096e+00
7.094257924190813469e+00
5.718860014665072100e+00
7.755565759484983168e+00
5.889937440167483551e+00
5.250179660437908957e+00
6.660717595834391602e+00
7.924200406828791010e+00
6.879977022830975564e+00
6.161605925640061265e+00
8.662747841580815233e+00
6.889187790255298260e+00
6.265695626112480987e+00
6.826985571870360481e+00
7.788320202069843212e+00
5.178853646361295304e+00
7.143361284442222292e+00
6.050759082218190699e+00
6.489472604485102103e+00
7.279432240782635510e+00
6.678283931802001305e+00
7.954176243753170006e+00
7.488290662892255867e+00
7.366283503605879801e+00
7.450915045772771528e+00
7.859959443657558609e+00
6.967251019313485116e+00
7.435431027392867875e+00
7.523799670063301193e+00
7.430004177780573649e+00
6.663082232064078347e+00
5.899486567029232020e+00
6.381790978551673987e+00
7.396852177510540471e+00
7.517516509148611803e+00
6.296049833333648316e+00
5.957719723656657251e+00
8.123984186216430814e+00
7.367384401977473019e+00
7.190489994731157353e+00
8.122180488059033365e+00
5.564835644047528618e+00
5.939981565737077140e+00
7.962958162556232899e+00
7.652819177277604190e+00
4.678226504172021016e+00
7.827080105968208912e+00
6.856343816902290556e+00
7.594302640914365021e+00
6.739691395457553469e+00
7.312617418115848089e+00
6.167430043589764210e+00
5.786525535337746717e+00
5.283983431890590055e+00
6.939084144130518439e+00
7.313667269799041470e+00
3.756381902847579113e+00
6.634809117253367639e+00
1.013694806390826209e+01
9.512938102267018081e+00
6.269236690399116796e+00
8.880822459053325346e+00
6.174557190231904968e+00
1.118121931062757390e+01
3.786308346589354112e+00
7.469680942249087963e+00
5.871354848278159899e+00
6.769515183488546306e+00
7.444757926207041798e+00
7.924684763930506470e+00
6.505699476204994447e+00
1.011869016997894732e+01
4.359323873933629301e+00
6.527060261379261874e+00
7.170854398478289760e+00
7.549685895412928005e+00
2.995352639366513081e+00
5.852151243726980034e+00
5.130949764297515259e+00
5.854997835894952374e+00
7.986276635724475881e+00
6.480180099828769968e+00
6.340264306949244144e+00
7.915561604235933579e+00
6.332945724755572492e+00
6.690439781663980234e+00
5.670351606600327443e+00
6.554608725715619144e+00
7.376942070548610175e+00
6.814438362939356786e+00
6.870855482002633075e+00
7.426351780435372696e+00
1.173197491719697538e+01
6.047359582836954850e+00
1.400513704553162242e+01
1.030764821336197556e+01
4.611026507482627323e+00
7.858810024653098303e+00
7.733492718287442891e+00
8.921191011138940752e+00
7.154004847062828354e+00
8.374833494071800999e+00
8.622140491818328201e+00
6.751876158536907369e+00
9.941220390213121760e+00
6.893659219988911957e+00
7.700933475713800824e+00
7.928257028205472956e+00
7.766873932404811498e+00
6.783412500401011513e+00
5.339666919710415627e+00
7.594112001480109342e+00
5.679079202893181133e+00
1.014761634892925457e+01
5.888797186758226054e+00
5.081779547339314362e+00
5.785947019366737720e+00
8.671424201671149135e+00
5.837351938411230456e+00
5.308074975872314916e+00
9.345366001164684633e+00
1.484355816796224481e+01
2.588601741197734007e+00
1.521919999342157404e+01
7.228238106307548705e+00
8.067774983906673469e+00
5.269522718327732669e+00
5.948289805722128953e+00
8.005788766956781544e+00
1.053837992579570404e+01
7.430497037762143542e+00
7.624559586136923528e+00
4.336860205132449408e+00
4.794124198289387628e+00
4.668320540533526852e+00
7.338999167791151024e+00
1.202742509887611888e+01
1.097029923091112558e+01
1.218443033543809051e+01
7.720574853061879850e+00
6.941857910877301308e+00
7.536114266076950230e+00
7.038965242870824035e+00
7.436305390145705019e+00
6.896239072736653597e+00
7.070709598283962727e+00
5.718630171123521677e+00
6.742291862388698043e+00
7.889149707935446010e+00
4.766646999447765154e+00
9.120183917365400461e+00
7.175757280822496753e+00
6.595066241825056075e+00
5.675821497692624007e+00
6.786696847652850195e+00
1.126726575042461675e+01
1.130353221218382664e+01
1.147962043711873648e+01
5.825183417346747383e+00
9.081467471260857849e+00
8.909240443505488827e+00
8.347145397131651379e+00
6.906566273942795320e+00
5.828196840836594284e+00
7.918265241516999176e+00
5.273152660293101590e+00
7.479969958737249236e+00
7.204223093860246507e+00
7.585493705033467648e+00
9.871640290588374000e+00
7.912421516585144587e+00
1.066129294954640017e+01
7.738612752930086103e+00
5.837380925329279435e+00
6.715749935168427776e+00
9.285351233220353606e+00
4.568372330219503397e+00
8.818218575694366734e+00
6.363719546389524417e+00
7.401693600313408616e+00
7.154904390946297710e+00
6.914180230034452812e+00
7.483067999990453245e+00
7.224102657037789754e+00
5.782798902309994382e+00
7.602823208939167188e+00
7.220052077867977758e+00
6.687574324794777425e+00
7.310890051078935414e+00
6.674247377972710282e+00
1.150978231789011375e+01
9.845420058829255083e+00
7.229006046207612002e+00
7.452333247259108617e+00
5.366997580556557956e+00
9.150741700953155089e+00
9.272191584722124347e+00
1.186961031117278864e+01
1.114128686310269067e+01
8.325963117900931465e+00
7.020399998301350308e+00
9.027830741083139543e+00
6.906629460048323566e+00
7.402837868117293496e+00
5.983767369254809232e+00
6.872801703846791455e+00
6.586945654985902010e+00
6.603380730453213943e+00
7.276229106506295174e+00
5.229867670173260485e+00
6.730422229619409613e+00
9.351149300498660111e+00
8.173762035237727375e+00
6.695198874776284725e+00
6.421391047615974124e+00
6.395040287822243208e+00
5.650783548148771374e+00
8.361260110113063249e+00
7.231293056622113191e+00
4.681871652489263624e+00
1.040309090475515497e+01
9.308446784456727130e+00
1.162085137513717825e+01
1.146969695134721334e+01
7.204722569626236250e+00
7.914851551259777018e+00
7.890503718670945688e+00
9.233352753232233923e+00
1.108720831849001343e+01
8.914272206104294938e+00
8.389799471174487877e+00
5.911499682619498763e+00
8.560037861767112233e+00
8.087578393141383160e+00
5.718525439508487018e+00
6.206927646097367912e+00
1.043018833668170586e+01
8.865381375831120181e+00
5.878551910278515535e+00
9.804124001291171453e+00
9.809848662093820337e+00
7.896193265902337721e+00
7.834390047481074149e+00
9.553465119171699271e+00
9.665363492671284362e+00
8.741776726844458167e+00
9.708405644465164741e+00
9.099675784340924167e+00
1.084988967908323687e+01
8.898074069757200277e+00
9.755349167813699651e+00
1.413805197580144224e+01
1.043153951569646942e+01
1.051914229016578695e+01
1.553003199167520343e+01
1.322185644467873011e+01
9.838670671099539078e+00
9.497240060100686776e+00
1.075400792572956732e+01
1.257325291828296265e+01
1.030209687866245893e+01
1.101592194100344102e+01
1.110263989665384265e+01
1.413290730779482551e+01
1.640180503504644349e+01
1.364474217776099607e+01
1.601259169024087115e+01
1.196972782155842729e+01
1.379716445737556896e+01
1.673898982459712670e+01
1.640243149530953204e+01
1.580364205013555789e+01
1.617870238257956572e+01
1.724105075277387655e+01
1.510843025089040204e+01
1.686965796654408223e+01
1.581481994834870797e+01
1.423914839524451814e+01
1.678516055782474936e+01
1.604178248719083300e+01
1.624395304126593231e+01
1.591844654581583285e+01
1.821113303568439790e+01
1.746678532378964377e+01
1.922098425874136751e+01
1.885261894076916178e+01
1.688723580457950035e+01
1.434690150215007343e+01
1.509230982995132742e+01
1.193336645516430217e+01
1.485579140963374556e+01
1.100164731661448947e+01
1.486564524432023937e+01
1.325199132003958802e+01
1.961945033253869397e+01
1.593620919539019454e+01
1.974245061273724389e+01
2.039329001689358023e+01
1.925630615370956988e+01
1.493670594228474435e+01
2.091855319477271635e+01
1.778650437813108809e+01
1.757781244874271920e+01
1.419119531224600550e+01
1.651031962791882890e+01
1.529696174967488176e+01
1.363320141133421082e+01
9.744153429478602746e+00
7.786224978494027837e+00
1.926679408343137823e+01
1.457940176039873492e+01
1.085589478939603048e+01
1.375701503602106435e+01
1.649974224795384004e+01
1.817135320630482198e+01
9.755886847873117773e+00
1.176815601060608074e+01
1.075048883347239936e+01
1.015026264248975707e+01
1.058247928868989263e+01
1.409555451500652623e+01
1.387395444860356086e+01
1.159977435890565012e+01
1.055368563746119470e+01
1.084141570155913037e+01
9.877837798415232129e+00
1.081836326708021367e+01
8.001082890968648442e+00
9.561767747333776768e+00
8.826894061682896364e+00
1.048012238321628686e+01
8.604919920357408714e+00
6.134318913380635507e+00
8.765433066938516760e+00
9.236057713536467872e+00
8.574285800519280798e+00
9.548782016829376218e+00
8.146499662375305206e+00
1.531838743757555044e+01
1.094731865201747567e+01
1.056494959358295382e+01
1.382654495474342227e+01
7.794283867155307632e+00
1.511230483429574534e+01
5.828012421816375799e+00
7.405853435892441716e+00
4.483319534930421568e+00
7.605039652962648944e+00
7.745719191382762325e+00
4.274271447386691847e+00
9.512624295146242304e+00
6.988947499480595127e+00
9.326856119634010511e+00
9.997732234029992782e+00
6.516811803816025872e+00
6.414924857809255698e+00
1.038452296067570835e+01
6.988696662637944534e+00
1.166652223734144478e+01
7.998701438608613934e+00
8.077491251717750842e+00
8.689340640548433470e+00
9.333478055620595626e+00
6.981405508479694433e+00
8.453223820839665947e+00
9.405902549849681549e+00
1.499059045178413463e+01
1.581239912227893640e+01
1.008351951430303117e+01
4.472865082575562035e+00
7.303477703145650146e+00
8.098980325009371484e+00
6.839095012909341520e+00
1.012389406061144470e+01
1.049981744871848477e+01
1.072410054261354517e+01
4.039427915528601254e+00
4.369317491871928638e+00
7.297957866510220271e+00
8.423883617277430957e+00
1.205006714060314721e+01
1.189219514117534260e+01
1.542406373588765511e+01
7.082541830767407731e+00
1.995478825709206205e+01
7.431093702883873497e+00
1.045686528805356375e+01
7.822081544269102515e+00
8.183276453548483431e+00
9.958783290308888425e+00
8.572225442659863859e+00
8.218996999854581986e+00
9.922367513424857677e+00
1.329894423943654047e+01
5.059198657861561976e+00
7.100293056909835698e+00
4.557160416595691821e+00
5.860888692248748200e+00
1.032758948587208359e+01
6.852847657288496208e+00
1.054274772402909655e+01
7.065089805547433599e+00
2.126765240583253558e+01
4.626402414158958365e+00
7.434373430937245786e+00
8.004689579453845738e+00
8.456253188452963698e+00
5.761902167524908691e+00
7.996610803605382678e+00
7.242690296658774507e+00
7.835103137157644504e+00
5.360287310276129702e+00
7.294597924048312976e+00
1.015412744516040178e+01
8.505321594289434017e+00
1.357323029298931516e+01
5.467313873152471970e+00
1.081659550418338078e+01
7.594596727644930212e+00
7.905851234955646234e+00
6.126706590423022902e+00
7.085095277686376036e+00
5.480480125147243697e+00
2.221032072746134389e+01
1.003920726322668600e+01
6.517162856981454588e+00
7.282534715949385173e+00
7.956482692876598151e+00
5.941543057207693046e+00
7.560435047547234610e+00
6.145380108938417685e+00
7.535363215436859718e+00
6.142556154914039723e+00
6.745430678537791991e+00
7.130916142244789313e+00
8.795875263254623988e+00
6.117576402240145761e+00
6.811189646372366902e+00
7.974426504611508371e+00
6.906868436780692733e+00
6.067928823380524861e+00
1.254978776346216840e+01
7.800614849277883067e+00
6.573143104001897719e+00
8.516220636620404960e+00
4.781494531851897989e+00
1.362496735425704841e+01
7.006111028453885226e+00
8.511936727706295613e+00
8.049328035632559164e+00
7.700826046126814539e+00
7.302364335110988591e+00
6.526289475660081330e+00
4.545916450588902258e+00
7.101820107317802666e+00
4.562779817411040995e+00
3.775045847006222477e+00
8.469270876780342405e+00
8.385735869410016363e+00
7.866488990739278542e+00
7.871112163939224082e+00
4.923427229093144675e+00
8.013448342388576506e+00
7.329999119738269897e+00
9.517891369607566432e+00
3.784696460396325346e+00
9.957288114143530322e+00
7.212532283043512571e+00
5.822929995322958518e+00
7.572960551938982654e+00
9.802600140164672737e+00
7.401890194174963966e+00
9.992954505767691842e+00
7.990782620443951600e+00
6.951543085707101000e+00
4.696746825204751730e+00
6.153621994164642395e+00
5.237259118162484128e+00
5.854019723337750669e+00
7.761098674424842692e+00
6.001097801282647026e+00
6.786802256330435767e+00
9.129880678269991279e+00
8.510148144635209633e+00
7.864293467273640204e+00
7.180779644317768273e+00
5.967903825509093707e+00
8.821620682182190976e+00
7.969577123590491752e+00
8.735014521577358693e+00
4.939611107264574308e+00
7.724297326569041999e+00
6.883819261205117890e+00
5.250688838088135135e+00
8.813980266910794725e+00
7.865641135902481373e+00
9.728961069901995273e+00
8.864303110856569745e+00
8.233765237078655375e+00
1.130653375826816465e+01
7.019640478198842182e+00
9.212583217047509265e+00
9.640257883367173264e+00
1.072667954040058902e+01
7.810846197063787244e+00
8.530278323518146522e+00
6.934235686156477563e+00
8.352567346855535035e+00
5.424641440470123754e+00
6.203458696044420684e+00
5.731549800832868691e+00
7.048625600925907619e+00
7.819498640429632275e+00
4.804084756852875948e+00
1.029267759772860735e+01
3.807920525985094340e+00
