7.484550917616157761e+00
6.734340561565897332e+00
-2.469523449740251841e-01
1.394766658213519861e+01
7.117246679041474344e+00
8.085201383005891529e+00
1.756513017951410660e+01
2.641451095678006844e+00
5.243183439852092675e+00
7.628306647829344200e+00
5.188411330604204785e+00
7.211922979374953968e+00
2.294427266336638294e+00
8.406303909298625143e+00
7.511600772612023746e+00
9.746440032251030061e+00
7.293958816066576034e+00
1.316455291833701935e+01
5.971727311253675730e+00
1.227718986915519395e+01
1.925254729151614885e+00
-6.031440135152259074e+00
1.956889104348365649e+01
2.576843587063418894e+01
8.727203620417512298e+00
2.650360480560241427e+00
5.334553855304299930e+00
6.286503790882508547e+00
1.666267944051547190e+01
6.451796484504169094e+00
1.487981505906440738e+00
3.977427365287873773e+00
8.823002115432849735e+00
6.605576959158892869e+00
7.992842680047870019e+00
4.268681706800045106e+00
1.129789563604248137e+01
6.846370297181926468e+00
1.665800591177053924e+00
9.721654756052764412e-01
1.471856587802206029e+01
8.337771766262459749e+00
8.711077663222926759e+00
1.561743389608441035e+01
6.439416447044163050e+00
6.738129784302588021e+00
2.141024359520915521e+00
-4.694229937463719970e+00
2.954141230910880545e+00
6.677222117061679008e+00
6.304917370836524704e+00
1.085959356520101338e+01
7.857418965237092046e+00
1.480070773144144702e+00
4.320688281515550067e-01
4.351248154221447173e+00
5.968347206664418536e+00
4.004305889468870561e+00
-1.519091524104032587e-02
6.360046581017999578e+00
7.052314578180196580e-02
5.720868172655323214e+00
5.670657041458957437e+00
2.886042478889548235e+00
-5.125133421606817841e-01
2.859330121336837838e+00
1.453469876478360234e+01
8.529128307298883271e+00
8.366508942765532808e+00
9.878025424582165925e+00
-5.228141355050381911e-01
2.023856764347579329e+00
4.982301520305726150e+00
1.246272044823106828e-01
7.407233111512151247e+00
9.278905437453474292e+00
-4.368844630823505604e+00
-4.427694690385729714e+00
1.311435942268870392e+01
8.234417259097639885e+00
7.874639239507674304e+00
4.513087007376573867e-01
1.299533624384549491e+01
1.211468740832314950e+01
2.446655890305507786e+00
5.355531323869897165e+00
9.177326603730918464e+00
4.287030520992905380e+00
8.695396252033193107e+00
1.415870014862186821e+01
4.535625452774915800e+00
5.698966593073470754e+00
1.422767884009679129e+01
3.302178494994842950e+00
7.564126876451439330e+00
1.563856175502678969e+00
4.963690425156414676e+00
3.872029005149479897e+00
2.619015638451722694e+00
-4.248027591830163985e+00
6.735972700451594797e+00
9.023454247084359281e+00
4.903918933202085384e+00
9.082429274407011199e-01
5.009783854343497822e+00
3.810261928597779679e+00
4.408960603000823930e+00
3.617944252140244732e+00
8.155725770643327266e+00
1.109578226075320373e+01
1.395875969627063284e+01
3.581400584269256449e+00
2.790326131779550245e+00
2.621799681029193252e-01
1.253726641812715670e+01
2.864663156364565921e+00
2.731426909854641316e+00
6.089996782026669386e+00
2.694563074999555496e+00
5.663314893469841849e+00
5.827919094145598500e+00
2.596393259215345584e+00
5.114210967420391718e+00
4.564123436142951462e+00
1.113792652066311106e+01
1.068781148579102691e+01
9.598903941729615141e+00
1.230052105531094853e+01
4.023186575849460489e+00
9.790345411770882578e+00
1.202451485406879428e+01
5.390430764796687590e+00
1.071872712490619772e+00
-2.708899211227944193e-01
2.652701341882821140e+00
2.754059728214309555e+00
2.937697280012381285e-01
3.328346591794710374e+00
3.353219728961576607e+00
9.721361658937611949e+00
9.862798567290869123e-01
2.030881617149657981e+00
2.862270104069315924e+00
5.633873843740062171e+00
-1.109260102078263088e+00
4.128690474549440381e+00
5.481399593441931728e+00
8.508617129904767040e+00
7.202791263001057764e+00
-1.310082232595932705e-01
5.885070673976970035e+00
6.573445263545984574e+00
1.465049655589881006e+01
7.672218888027384054e+00
4.664830762669492259e+00
4.479603408127157849e+00
2.810917838349780595e+00
1.910782148979018658e+00
5.004123503194920275e+00
1.297023564139925433e+01
7.556259071410133643e+00
3.490839061325492487e-01
4.464575303108469839e+00
8.899377203596591457e+00
6.274670709100441890e+00
3.415942056247227576e-01
8.298055606359159952e+00
4.167575069232270835e+00
7.720272984667476912e+00
7.732914927170703834e+00
8.016896976506995287e+00
9.526182729030050922e+00
1.999432546533145727e+00
4.383345190980151074e+00
3.470285272093752038e+00
3.937634245089533636e+00
7.377456585351117369e+00
1.418745712428039152e+00
5.457195986561636403e+00
4.124845187727462559e+00
3.733338775623055827e+00
1.136922606959555360e+01
5.816964678828989932e+00
5.545040381495551784e+00
2.861259017220648460e+00
1.722503906771451376e+00
8.944562342741892991e+00
-2.047384804840085337e+00
6.926134953587046894e+00
3.989962586080972429e+00
-6.930876680467430440e-01
6.377153356704758913e+00
-1.690827886068331676e+00
3.801283731150073120e+00
7.699084710306079771e+00
7.544369495713977969e+00
5.589622510386967669e+00
6.642439163484887388e+00
1.736055406429468206e+01
8.350018244231742770e+00
1.075532844943780653e+01
7.340411254543869113e+00
8.803709713696468597e+00
9.784283364629933644e+00
8.362335444243893079e+00
4.449331954897962405e+00
7.965231823470004358e+00
1.070008009512208247e+01
8.107709978743447010e+00
-2.399353234796939738e+00
1.088825175310150328e+01
1.394104597155939729e+01
3.436178410821284945e+00
4.297366619038347935e+00
5.226752879450962119e+00
7.199150554384866396e+00
1.104799856860623919e+01
8.050448498608927750e+00
8.326796154872917910e+00
1.784014679137624348e+00
4.143725136661988717e-01
4.769930082213893918e+00
3.449510561860130942e+00
9.334965580736243496e+00
5.697710854252770574e+00
4.018273237546276633e+00
1.022212503308233167e+01
1.025169435151999764e+00
3.723758694283920256e+00
6.220442728237856045e+00
-1.705313578062084723e+00
2.192312366707276361e+00
1.385408246297669876e+01
9.789163627721070071e+00
4.498204953316753851e+00
6.619471608977530508e+00
7.188517367270653047e+00
6.080505695956453849e+00
5.096647713448843930e+00
2.999274759056674622e+00
-1.334530309312071950e-01
7.197960870993107996e+00
-4.992739414182066682e+00
7.938600510332676663e+00
1.415555916526596469e+01
8.221733953663619587e+00
3.286783303506267462e+00
8.693821875798874999e+00
-2.225966222706499131e+00
2.019496225318979210e+00
4.277721416198904336e+00
1.061815298896799220e+01
7.604792040154700672e+00
7.220579479970889558e+00
7.220534504845131707e+00
3.983116623666609346e+00
5.310152617092933625e+00
1.094081445808238762e+01
3.440511631063903675e+00
5.900091797551605843e+00
1.103061741844500965e+01
8.897601977153396291e+00
1.784027107674238000e+00
3.325695177570647143e+00
7.884948569464212298e+00
-1.039566427015147454e+00
9.614238465404829626e-01
3.654635079913105766e+00
4.113159489209337494e+00
5.864132411277967805e+00
5.766572718497035233e+00
2.826239959207067720e+00
5.514712117135495362e+00
9.315322660455453985e+00
4.115948664957903347e+00
8.470104951906353818e+00
1.187591221274571396e+00
-7.630618370126853733e-01
1.238845376539051024e+01
9.377311589683415605e+00
4.193843173815636760e+00
7.756451618507975709e+00
7.395962588698987261e+00
9.793972660615732906e+00
4.795285671469489586e+00
1.036622987266137486e+01
7.600749030097697201e+00
8.232405423626663055e-01
9.331313569257861928e+00
6.377770273335125140e+00
-1.973883715802167149e+00
2.319484310253352888e+00
4.088470843364064855e+00
2.421093631669522406e+00
1.905705888473791187e+00
4.564735272431247992e+00
4.091397189782767896e+00
7.224049209007811001e+00
5.267557043432569586e+00
9.563021183857918217e+00
5.929784712929244250e+00
1.844556936686245763e+00
1.127744793728381190e+01
8.668765731390514873e+00
6.836450041810403278e+00
2.522398148496650894e+00
8.721472304838853162e+00
3.527544843192453428e+00
3.725794705861378731e+00
1.152879838493764098e+01
-4.904811690344021979e-01
6.584832043107966548e-01
4.718337817522579414e+00
2.060505612231636086e+00
4.164307457241101851e+00
1.500347477529730744e+00
6.677527154546828214e+00
8.190860745792456044e+00
-1.594743120183448770e+00
5.194374979790144842e+00
1.017396021976109921e+01
1.034507455941202814e+01
6.744332293104646325e+00
4.834739340765258575e+00
4.909324543006591490e+00
-2.996921270697535888e+00
3.558373079887339863e+00
1.012776629455431099e+01
3.453615638947562072e+00
4.813489560170957304e+00
5.451591768019929063e+00
4.937880507045655065e+00
4.505049031054438657e+00
3.019324757892790867e+00
5.221735054203898052e+00
7.466452058111173073e+00
6.296806158555298794e+00
2.460209035987128701e+00
3.916354602459803935e-01
3.330889337887143142e+00
4.456607200657096257e+00
1.480097405944252387e+01
8.755374288921620618e+00
4.442405629482080620e+00
6.623412061577690579e+00
5.174497418865851017e+00
8.497032972819500429e+00
2.375899348012170176e+00
7.798822686052131026e+00
4.133619875377181785e+00
3.084169947305145598e+00
1.082550836201702005e+01
3.038646953436187292e+00
2.448170482623998279e+00
2.048709929674610741e+00
9.266698449787522662e-01
8.358664588444678856e+00
5.523210197365942875e+00
6.051792812194669580e+00
3.384996698274066684e+00
2.841975263274766572e+00
4.504240479147124887e+00
6.032980860621483643e+00
1.328327177949174764e+00
8.530004034951002012e+00
5.518767343875872200e+00
1.377721469311048885e+00
3.443454517104568513e+00
4.579999814638479272e+00
4.508317708764575826e+00
4.373346424460901716e+00
1.124524292849732277e+01
6.293308130634304831e+00
3.766093044351271235e+00
7.208854989493103105e+00
2.669596466647331745e+00
5.479516550378438211e+00
4.077430192153278732e+00
8.468309381974302497e+00
1.070370292274872792e+00
3.247830777361662591e+00
4.742024227447650730e+00
3.857489857818167778e+00
8.665595132058692585e+00
5.710591999200991253e-01
1.274142388865706010e+01
6.363416811990344257e+00
4.507969654762429279e+00
3.677072734165119705e+00
5.120355091697314620e+00
3.689386107334117870e+00
6.683116927321697709e+00
8.433618194049289585e+00
1.195282664712153498e+01
4.564212502361282731e+00
5.233113368803192778e+00
9.115657920433243078e+00
7.395344134003910774e+00
1.556856055309942199e+00
2.545268849263291333e+00
6.279397005538465137e+00
5.415154086441626546e+00
6.196680675603902344e+00
1.447489201444318585e+00
5.187274407160106904e+00
3.050330673416831839e+00
6.301414284114714270e+00
5.582112629382161018e+00
5.424952533434693080e+00
5.124291260487498612e+00
7.379384115605262195e+00
7.221527968827158972e+00
7.486904647713608973e+00
4.311060000211552001e+00
3.068603583500426613e+00
4.912261158757057267e+00
6.584681521758379397e+00
8.008345946046631525e+00
5.096527716033977917e+00
7.801848417731539698e+00
5.142993232292767836e+00
8.429474822708233006e+00
6.467935944056673492e+00
8.068526845418716675e+00
5.049359525598010379e+00
7.845815335746068264e+00
6.637258657710262355e+00
7.255297180096284215e+00
4.751719138529950648e+00
3.468306546784517774e+00
9.077396722065746104e+00
7.392414431389367380e+00
5.516997505158031778e+00
3.185694007906521463e+00
3.006797607057184241e+00
4.191300094009612565e+00
4.824181815375104598e+00
8.656692926741989424e+00
4.317236381447764337e+00
6.736005951367971534e+00
4.761925062523030050e+00
7.396663874215154699e+00
4.738394853659432471e+00
2.847220291533139491e+00
8.743728330027854767e+00
7.601608879944192765e+00
5.858214298682892895e+00
9.606348163271521301e+00
1.443077939403921484e+00
4.508597606148588177e+00
3.960216505680577370e+00
3.978699310353519536e+00
6.019298538622217976e+00
4.629514156787723600e+00
5.383077334510699252e+00
8.999444028751916846e+00
9.688299615384368124e+00
3.687751873514458545e+00
5.273218686795485333e+00
5.660250626503865234e+00
5.260660156540311938e+00
3.604923512547497211e+00
1.382602883051334386e+00
2.395374567795279575e+00
7.196837380795718886e+00
6.454156697044973079e+00
-9.288097889785174033e-02
5.449896311065927534e+00
1.132804426945669185e+01
7.281309255030100402e+00
7.760822110965063025e+00
4.526754527395720373e+00
4.549969423664473211e+00
5.126646517273030668e+00
9.280052332092800782e+00
7.811794347995274279e+00
4.959166809798485787e+00
2.788496862103983176e+00
4.734229955356682673e+00
4.885388400684875343e+00
4.430316548237975383e+00
3.290295663934892811e+00
6.613729204369076520e+00
1.659705704673606563e+00
6.055259283389870184e+00
3.779267371407255105e+00
2.128119302189391160e+00
2.735198893593826952e+00
4.593857889044620890e+00
3.922889624876891634e+00
5.012263289609592221e+00
4.210577048059785277e+00
7.231632961378159585e+00
3.983144379167759652e+00
6.633216518665970618e+00
6.410118858526547392e+00
4.513573217058119980e+00
5.107719570460657721e+00
4.028487051795629270e+00
8.470088345898680871e+00
5.019834283199856806e+00
9.848995193765834877e-01
1.714999472293317506e+00
1.699205614975973111e+00
7.045711498290708974e+00
6.454958819417851323e+00
5.471645812476329418e+00
7.217123249395281270e+00
2.672332244208580398e+00
3.167390224176178215e+00
2.659719368381887161e+00
6.993931394287863590e+00
7.929398345175496132e+00
5.863485307476856256e+00
5.126944354051761188e+00
9.362089998693990722e+00
5.577824024972724004e+00
4.111197186116288371e+00
3.067691594712723457e+00
7.151154351708600032e+00
7.496928299023914555e+00
5.259499094222777060e+00
6.262834233168677933e+00
8.306586984439071841e+00
4.125216280766252908e+00
5.891399466100701865e+00
1.069812001481807551e+00
5.938917124125415725e+00
5.156117941054768394e+00
1.839886577175993798e+00
4.604379464741947814e+00
4.963502920895289883e+00
2.072529295774761859e+00
4.224956852144130082e+00
8.158430362556671867e+00
1.044379120494184754e+01
3.816443468574769682e+00
6.460737119739459189e+00
8.696967526898788492e+00
6.945740375368216313e+00
4.976330566436862668e+00
3.919993166945805463e+00
4.043931816998383333e+00
3.297477048983568970e+00
2.388577908769236480e+00
4.939971016333542408e+00
4.271145027969616592e+00
3.424877076087229355e+00
6.196352231165486835e+00
4.383076790348642504e+00
2.303746094447577164e+00
2.923980096256766359e+00
5.891245050928529459e+00
5.065634961846995132e+00
7.058227327467110790e+00
2.771856732101144694e+00
5.044249208212613134e+00
7.975047368806910342e+00
5.303114430560198045e+00
4.251947992062201642e-01
6.427217290231557634e+00
4.627960650038295043e+00
6.314282594230541612e+00
9.726830009900504947e+00
4.202949820311452811e+00
2.837203081442042141e+00
3.392142200640852590e+00
6.822854737858171426e+00
4.830502775229363444e+00
6.853407410572137870e+00
6.020019805831375415e+00
7.804908200381856176e+00
5.969681503823931479e+00
2.576879307654291740e+00
1.582205150323405363e+00
9.938697093618454659e+00
6.743492879605176071e+00
1.157079905387304031e+01
6.620133154267637821e+00
4.979608082422346094e+00
4.754948136739443498e+00
6.374683177882163321e+00
6.722232899531534578e+00
5.122738449286821094e+00
4.039857570597211733e+00
9.702841715880092810e-01
2.324805668891369415e+00
7.109123798408319317e+00
7.994565280145493169e+00
4.555036122123022224e+00
4.946949114959446447e+00
5.052610379318265288e+00
6.574444703280510893e+00
4.662695180074868162e+00
2.536044976327608502e+00
5.189032808971273170e+00
5.459685131251297285e+00
3.980396646368050018e+00
6.812946145247104068e-01
1.059616378232375311e+01
4.937932584542343406e+00
6.249954346755826062e-01
3.579851983788300274e-01
4.351527740588467807e+00
6.897815274290619136e+00
5.743116890447512723e+00
5.488317826090810314e+00
3.328814035822908579e+00
7.113025553600689221e+00
4.822228328968430233e+00
5.330120042127103552e+00
3.940710408717990720e+00
6.646002691862063827e+00
4.934664491441151490e+00
4.710105739476285081e+00
2.128061637746069934e+00
2.939380690867476886e+00
7.982162821756555005e+00
4.452112279871853318e+00
5.280605923166810101e+00
5.286434194770503581e+00
5.712286311459770616e+00
5.259390281548652624e+00
5.321766409992596536e+00
7.760810208299266932e+00
2.898683842116149378e+00
2.986988086960665978e+00
6.802675344814246294e-01
4.578698835537888812e+00
8.898617799988409516e+00
6.164311916974584804e+00
2.770826671783050532e+00
6.808831212867589855e+00
5.613570070115823540e+00
5.877565655115889243e+00
6.771521066341224859e+00
3.403664998013540277e+00
5.258765843239435966e+00
6.401795630405617388e+00
6.898288903057850696e+00
1.036121877657401846e+01
4.007683410622066233e+00
5.007865428652824136e+00
4.625723015522056336e+00
2.880985833116990857e+00
6.907121185900751748e+00
5.685331100499249501e+00
3.456728709860745763e+00
4.281597974489290692e+00
7.443467125709078758e+00
4.766148427637898699e+00
3.653067144341251904e+00
7.094947188169820507e+00
5.825827126787662458e+00
3.392242062553758153e+00
6.173250993111387253e+00
6.469631413448643897e+00
2.271512739285768134e+00
4.828138359042291938e+00
2.673777317099434114e+00
3.329740680198749470e+00
1.135705413593289803e+00
3.671629912811054997e+00
5.689387917210768641e+00
3.581821661835259629e+00
4.514004854223369279e+00
6.972627834327187912e+00
7.094087720500536598e+00
6.668769601947017733e+00
7.295530258870513762e+00
5.216410239651199099e+00
8.796979236252209233e+00
6.807769790772993268e+00
2.956026302769347414e+00
3.882709409235927112e+00
5.485752955742721149e+00
3.226123538050516881e+00
4.473305674546887545e+00
1.878610886038293071e+00
4.937866451496750742e+00
5.577819212011640992e+00
4.308970600975241538e+00
5.185956219827818181e+00
5.982260829484076226e+00
1.189409325802210038e+00
6.205533734803960755e+00
3.420405681612755711e+00
4.510979639630820159e+00
6.060588796006462609e+00
7.449382955046539578e+00
3.192055659982310889e+00
4.197447580578133497e+00
6.684063285283142086e+00
2.569338172271766751e-01
6.640531343047313406e+00
5.141684861034459431e+00
3.743699096075578492e+00
4.446974175149199127e+00
4.055491387058570041e+00
6.441822002768287092e+00
7.569818755159121615e+00
8.994396269834071589e+00
2.870819660109654503e+00
3.145377733100724882e+00
1.763998956206122015e+00
6.332832844471711908e+00
4.065534600339169025e+00
5.427081220412578233e+00
6.452325042186233262e+00
7.123585486962608293e+00
3.796695392450112116e+00
6.145645870382987042e+00
5.097048929930481087e+00
6.504371954136087375e+00
1.140067222526232094e+01
1.025631222586398117e+01
7.986049669054165356e+00
6.576737257443984852e+00
2.115566302782901253e+00
4.660382423615775593e+00
6.348856848896653027e+00
5.489563987794015887e+00
7.648690832427969433e+00
4.229326052196348940e+00
7.164864512204880853e+00
6.102709112126191826e+00
5.092413812674064566e+00
3.586213877158819674e+00
4.497226601458250705e+00
2.037015016789132105e+00
4.643226394045405492e+00
6.295773613101439459e+00
7.818816557817730661e+00
4.356701542624930035e+00
4.849249999657613941e+00
4.155903830593498327e+00
5.140993326719741852e+00
5.235096718702012986e+00
2.829908620997973134e+00
4.367205035205215857e+00
9.826718365271018385e+00
4.321579907507743457e+00
6.613587016168706256e+00
9.908331231212775592e+00
8.565373713435036507e+00
7.330952389806492775e+00
8.435582930556904557e+00
8.771443287105782360e+00
6.211450264191986648e+00
6.024099285632845024e+00
8.243912918303367476e+00
6.851417148076837549e+00
9.267699926463050630e+00
5.045737663299914466e+00
6.585822903069889378e+00
6.761830373829398333e+00
7.424812772970839525e+00
7.026264385795510492e+00
1.590822798781208025e+00
7.080800239276262786e+00
3.256038725494478037e+00
3.767424799113957334e+00
6.473353302721997160e+00
2.872877170758756371e+00
5.155706206467701058e+00
5.902110177129126001e+00
3.562251505992639178e+00
6.369128198554605547e+00
5.221147426945691450e+00
4.901124849902406488e+00
4.604770242366932997e+00
8.326849078337380305e+00
8.005797332901863683e+00
3.215135264908508539e+00
5.652095894590355663e+00
5.669157641683375104e+00
3.944865621889555474e+00
7.434708263433735809e+00
5.131274261542414727e+00
8.066829070923184020e+00
5.618720955333582623e+00
4.193212698227065438e+00
5.626143156483855989e+00
4.880938886480222116e+00
6.693511440267442936e+00
7.472129881397066242e+00
9.526986456082779497e+00
9.158452079323108563e+00
1.248473794337050435e+01
1.127869923280426612e+01
7.780505568438690567e+00
6.499732593156001492e+00
1.782865597524881274e+00
4.840659866804227107e+00
4.513125350137033642e+00
4.892149537086305067e+00
2.991009885638796995e+00
3.140818169287370676e+00
5.841032610231825295e+00
6.749466440171809190e+00
4.575470921294630955e+00
7.787575828351156026e+00
9.315265490237084833e+00
5.483381162670840858e+00
2.149618981520318606e+00
6.219623588467269926e+00
6.442812633891609408e+00
7.404019889987116798e+00
2.939189683287454891e+00
1.631353421516282376e+00
6.331779759824699205e+00
8.051405414358669077e+00
4.855215151202033397e+00
4.570392806589962831e+00
8.841050171832346649e+00
2.522599600092908734e+00
5.695853806201093050e+00
6.821910839240882041e+00
6.637644440650161570e+00
6.658893874374415489e+00
6.515864598021754439e+00
4.271250278673527134e+00
8.977628441255468772e+00
7.426967341427850755e+00
9.143487220819858763e+00
8.247660937392327085e+00
4.160748116578502298e+00
5.400930504209458860e+00
5.492232608439139518e+00
5.637719316222122856e+00
5.983179265402959857e+00
8.631990956363020828e+00
5.889985675894518380e+00
4.730449674535566196e+00
7.394377797196115765e+00
5.079771006919132859e+00
5.712302361870800205e+00
6.406581912861781802e+00
6.197793544869640847e+00
4.581147977823218476e+00
6.809125395374788781e+00
6.388799474460199690e+00
3.378043104080044934e+00
4.639395035962939673e+00
9.536403516782975487e+00
5.072135729478104871e+00
3.844375993366470290e+00
5.606319360736428337e+00
6.466299617463081795e+00
5.590885749302846541e+00
6.237238780628186596e+00
6.912881504934256682e+00
4.685967696282419936e+00
4.921579463117295994e+00
8.092319532203248400e+00
5.860107333649065886e+00
5.005816200075154043e+00
6.391821576723666354e+00
1.931947118188441337e+00
8.905515928754143218e+00
5.145506413499282061e+00
3.231320397952000878e+00
3.472596702885589082e+00
3.653824855105833436e+00
6.882160573095423395e+00
3.980513993431721076e+00
3.743688525974950387e+00
4.057606392100703729e+00
4.283481320123010860e+00
6.969220617415563979e+00
3.568983852397575873e+00
4.874318853936995488e+00
4.977108744153164288e+00
4.585278502835734571e+00
4.228987155296038303e+00
4.490039043365372962e+00
5.450415689570678346e+00
4.455542661297679174e+00
4.368643627333919532e+00
5.669256712718057756e+00
6.841460264090523324e+00
6.659948585388336895e+00
6.219888124984979783e+00
3.044419681430044378e+00
3.918340630636050648e+00
5.049950062274723983e+00
3.035951733581143230e+00
5.596198328050463466e+00
2.563634488075361872e+00
6.294714419831307417e+00
4.872254724874385268e+00
6.243890342617224753e+00
5.323759225906233183e+00
6.077618633104421519e+00
2.514431650644245231e+00
3.864506940875109819e+00
4.543690175681659227e+00
3.284548606566930928e+00
5.279975303126920316e+00
-1.868117682910440003e+00
1.043562467135939142e+00
6.152248077218314570e+00
2.324794947787476751e+00
2.304719522186178704e+00
9.166060261617197114e-01
5.791150432479608590e+00
7.386970231019535760e+00
4.111710151331610774e+00
2.457378575628117456e+00
4.369501012315588184e+00
4.195666888208982037e+00
3.354333959666507159e+00
2.778809300905366264e+00
5.486713861119998370e+00
6.501002479249454069e+00
4.674812395628198836e+00
3.318619380325197987e+00
4.744656485083973863e+00
4.927738729400056528e+00
6.129617373440600758e+00
6.831002092917973556e+00
6.263233055306548280e+00
3.578737440756370347e+00
4.707645127948572039e+00
2.864011928125502759e+00
4.858358334890245267e+00
7.674067848892828891e+00
5.207702796548566937e+00
3.065129963519966694e+00
3.480332284742606141e+00
4.180060520514527589e+00
2.191775392016709567e+00
3.551785852679449018e+00
4.314946124500209201e+00
4.147219302934811225e+00
3.367786019507696516e+00
3.725867043201896323e+00
4.585776375795682647e+00
6.524437026628860714e+00
4.187915041227736168e+00
4.789364765737091467e+00
3.684700314025882051e+00
4.696723767505565306e+00
8.476213181106324157e+00
4.878761291793250798e+00
6.874486659497929253e+00
5.890638000658455553e+00
6.537926128371910117e+00
6.125467849245437968e+00
5.682283036733871029e+00
5.393629052250668465e+00
7.987670414756240511e+00
7.407489179578173655e+00
5.617208875449470007e+00
5.546986070491854548e+00
6.642906819793519269e+00
5.047147087925925035e+00
5.476248924334626622e+00
3.796862295723822722e+00
4.622052601744234046e+00
5.588581662044899367e+00
4.080323968799624446e+00
5.417139992870829701e+00
5.730588679303697752e+00
4.919383608164295651e+00
5.043691670250850301e+00
3.278348971480973262e+00
6.578178676234646360e+00
4.487447351443353050e+00
7.385184468378721334e+00
3.894915097198274445e+00
4.437706584157385059e+00
3.674384896496894370e+00
8.879908044371264353e+00
7.637364680406390605e+00
1.950310386872432300e+00
6.047403060529791929e+00
7.341173444464401676e+00
8.172117173223774955e+00
5.784947383196946902e+00
6.557683777779902634e+00
7.051851336069647758e+00
5.968473201994117794e+00
7.178982532867613564e+00
5.918220317286617238e+00
7.064044051617798914e+00
2.243583696604591893e+00
3.817555122971449499e+00
3.911633010410396238e+00
4.846953934079827775e+00
6.738736094054678105e+00
7.434964998951181236e+00
4.306663431515331375e+00
3.047580325780605115e+00
4.302687970223269431e+00
6.977363269986565975e+00
3.933227870833939654e+00
5.124454299110499100e+00
7.228935818857568307e+00
6.839049539052394877e+00
5.733313074960949329e+00
4.993056190798575322e+00
6.925105885337631939e+00
6.041885689298134743e+00
3.367631211008884851e+00
4.782996520081505665e+00
6.800803609851366893e+00
7.701636379611585426e+00
6.128388162696391639e+00
4.127018304026455198e+00
3.428574123743943325e+00
4.117366439823112678e+00
5.561873244184569742e+00
3.077703250829780135e+00
5.008683422950902298e+00
5.661421484633993195e+00
2.918779496788076244e+00
4.036967896951707324e+00
1.484345174924246002e+00
5.149206394538113685e+00
4.177251821033242329e+00
4.261165389724935082e+00
3.715200354469983868e+00
1.879165561717098365e+00
3.782077492743754377e+00
4.985568085400839955e+00
2.374197276299821802e+00
4.869940392658150152e+00
4.885450176292740032e+00
5.372295494025901341e+00
4.041147665348287177e+00
5.617595373550936522e+00
4.601135418322864545e+00
4.284894656759481002e+00
3.547512028466339284e+00
5.087098331570657272e+00
5.011867901084523069e+00
9.329008170718015691e+00
6.678569129367625479e+00
5.217827546128956939e+00
5.122578593531690316e+00
6.157682156769283210e+00
9.189948259956290499e+00
1.086314157876010178e+01
6.089151728989905976e+00
7.480729948465493884e+00
5.325171014526119961e+00
6.547638323615286637e+00
4.519585218952024697e+00
4.746504725212829179e+00
4.552240729872991665e+00
4.563800262578020295e+00
3.107940255080220648e+00
3.548776247611306278e+00
3.673410871384501952e+00
1.922670656209501727e+00
6.137967676208040402e+00
2.956929896371248923e+00
4.852413721362920818e+00
4.324576304002405003e+00
5.925801784513144099e+00
2.775450088307593433e+00
5.203019407056026502e+00
4.622205646431665649e+00
5.178330141836029910e+00
6.013521852695708603e+00
4.408239673136545633e+00
6.196734177141179245e+00
7.454323749766302853e+00
7.346660445650782911e+00
6.425543704673502887e+00
8.306242205558152847e+00
8.504809226396554678e+00
6.057005658956934546e+00
8.652724823787565356e+00
7.299109095363657929e+00
7.675842393656933993e+00
7.718230336910774980e+00
8.989754114674731511e+00
7.849466398359628450e+00
5.330513036005227079e+00
1.163118201776031668e+01
5.554505743151982422e+00
4.522582008173857915e+00
8.779819694003835551e+00
7.626078679695402762e+00
7.798376095740715108e+00
6.957500067317866410e+00
7.826263842893777856e+00
7.521959621957924114e+00
7.286879888887974666e+00
7.150152567876699727e+00
8.319967795016040668e+00
8.029184741089856914e+00
9.417277899466002467e+00
7.418039574663220392e+00
8.425816324604999963e+00
8.606717454411636936e+00
6.183169134609432405e+00
6.716998549379582073e+00
6.973291088466680776e+00
4.706514965903808800e+00
8.418494981771505792e+00
1.076345318799589812e+01
6.725806683309333067e+00
1.054135120467021025e+01
6.859970254232868214e+00
7.346172917377916001e+00
7.268305373292941240e+00
8.789171787320981366e+00
1.155965406735333012e+01
6.232593230001683082e+00
7.039937138343240086e+00
9.897842298970568109e+00
1.147709793242509591e+01
9.474730649600902055e+00
8.058685324275710826e+00
9.511499956739598360e+00
9.527697932594858088e+00
8.256225669968586089e+00
8.745788948356208792e+00
1.173804691943879774e+01
9.179509815311481802e+00
8.924111097684226834e+00
9.184111626782259563e+00
8.897264284668050749e+00
1.229321620235891288e+01
8.140408414999193099e+00
7.573735133664365904e+00
7.129336365394356001e+00
2.223732583936238072e+00
7.657078351966648988e+00
9.473345579988226461e+00
1.023564909397679834e+01
9.412480261691612782e+00
6.405759733947665069e+00
6.674908804071487900e+00
6.959395374187168137e+00
6.355330926580857742e+00
8.764520784794690655e+00
8.731800849227887795e+00
9.781229807891412165e+00
8.533894473226091293e+00
1.035870224397012507e+01
7.477585925220244789e+00
6.588216249677782521e+00
5.473851221120949795e+00
1.035788990588379299e+01
7.918751268335484816e+00
5.655507768371281330e+00
1.040714314461421885e+01
8.601382805252487884e+00
6.927936719510401353e+00
7.130111362812129094e+00
7.269835639562179708e+00
7.587344734333468566e+00
7.817586277124490834e+00
7.689879744846703780e+00
7.626799073561021380e+00
6.738837001473330979e+00
6.198777604152585496e+00
6.649639525406849216e+00
8.914316738193456047e+00
1.017416332474384610e+01
5.562552526005873688e+00
9.438808825302951178e+00
9.911998818869404815e+00
6.191022465891116155e+00
1.211231159635417853e+01
9.464781659046369811e+00
8.604105314454946196e+00
9.814643404494546530e+00
7.851496773483884084e+00
1.020170942658346469e+01
9.937766840129031110e+00
9.128722651202252791e+00
8.801809819856323713e+00
7.614990154784924137e+00
7.560650804574842176e+00
8.038983655017206686e+00
8.718806585042260693e+00
1.208452186328681144e+01
5.792802749332631507e+00
1.145117293100624600e+01
8.016299550028334053e+00
8.393545266590141551e+00
8.669385415424807562e+00
1.001500463984119982e+01
9.712954060314039850e+00
1.066128654529746633e+01
9.434630718696860541e+00
1.030320610742344734e+01
6.702804194559316642e+00
1.025777365884535008e+01
1.036640801068455531e+01
7.830157207879330450e+00
1.106751942208161488e+01
8.740492080092947091e+00
8.876281645264020526e+00
8.644182515509731601e+00
7.984829046864621027e+00
7.810907937710773297e+00
9.693840388759646487e+00
8.129240761338612842e+00
7.595474753287014380e+00
6.209160862268333858e+00
7.467564172562627611e+00
6.619470423699423733e+00
7.151864787236287491e+00
7.631984601877976893e+00
8.734526662907683203e+00
7.422896974523095714e+00
1.045368917834447053e+01
9.695003566350941071e+00
8.891899651148550632e+00
5.682212618233897672e+00
8.107402697155396964e+00
6.810501205520343326e+00
7.050226294369657865e+00
7.665844489939586559e+00
1.208988677042817983e+01
5.216924406771036971e+00
7.642789597671876933e+00
1.025629310858060173e+01
8.283368264341516962e+00
8.315850431608872384e+00
6.651780632758311995e+00
1.045561700593893484e+01
7.931330610350880050e+00
1.001948315659126898e+01
8.916978312225491976e+00
6.681070321621793262e+00
7.169001600930783091e+00
8.282943445272930916e+00
8.230359567715094471e+00
5.640732676317234073e+00
7.322708333339468467e+00
8.850118547728529350e+00
7.321503957960262099e+00
5.749834289025612222e+00
7.225341301628736446e+00
9.033673652436513990e+00
5.664400708196366985e+00
6.747989037530551570e+00
9.175214184728652356e+00
4.905302394786960285e+00
7.675108077426524567e+00
1.005683070962894021e+01
9.133284025028844511e+00
9.106219397318648490e+00
7.226254060250608902e+00
4.607829838556710911e+00
1.002151926174234831e+01
9.134780479230125039e+00
6.681946086605021762e+00
3.978478665386421476e+00
6.255205148338450094e+00
6.067894307872856885e+00
7.683661492204577392e+00
6.748083431679073207e+00
6.651504771455226006e+00
7.808080798102857933e+00
7.670152441203199167e+00
1.034897305759988484e+01
1.203022027056038290e+01
1.005348462262646336e+01
7.106073304878604446e+00
6.293627128845049157e+00
9.249803852585250397e+00
9.017498724477922778e+00
7.813081540825070448e+00
5.983805909575224291e+00
6.073326028043297242e+00
7.015072144233495344e+00
8.457375981100781814e+00
7.055230601476148777e+00
6.753320678371263597e+00
8.638885629361464424e+00
7.624714263051648011e+00
7.311047830180201323e+00
5.894744022845134879e+00
7.039804499568265150e+00
7.462765270313472143e+00
1.014911552459774846e+01
9.753809855332908896e+00
1.018079083664578022e+01
7.829752747222120668e+00
6.661882686404779541e+00
1.111215441525252956e+01
1.101275928601597975e+01
6.179324245478437838e+00
6.222763079548427889e+00
7.928734932068389085e+00
7.650383719060203092e+00
7.903155382775861604e+00
6.726702464095022371e+00
6.748199682224247375e+00
1.079120537103332289e+01
8.388194988513632211e+00
7.787874513906839269e+00
5.643038024169456435e+00
9.171879101651022381e+00
7.520256195435605306e+00
7.817231320491279334e+00
3.894441842670760767e+00
8.394724459580974241e+00
9.283281746615754670e+00
7.068996655587477917e+00
7.721883002182588385e+00
9.286610849994614725e+00
7.512278664250811033e+00
9.432332465488144635e+00
9.962509918625176653e+00
8.519640320462283256e+00
7.650392857045071437e+00
7.516891707107486553e+00
8.716715461888533412e+00
8.368466724533643486e+00
9.820618178224346906e+00
7.798884573188247238e+00
1.185742645263511541e+01
1.079232008935202991e+01
1.165656900674741614e+01
1.098799081026502478e+01
8.038227159652988618e+00
1.134650418784086234e+01
9.524049452465886745e+00
8.409687993507469983e+00
6.744218129813888574e+00
8.521253994397648412e+00
7.224530079292262208e+00
8.509908773754290223e+00
7.629970893052938408e+00
8.646009498374269242e+00
7.899029755623519833e+00
9.714390477557092396e+00
9.750821300123604374e+00
9.301470088263643632e+00
9.605299596938428053e+00
6.067629565751304632e+00
7.982260406858237012e+00
5.678961789044587150e+00
9.276410682642090677e+00
9.711850434080936623e+00
8.420429639644513742e+00
1.056881018839004582e+01
1.039323985480417001e+01
8.479069457665167064e+00
8.550889740471580680e+00
9.161764050272488191e+00
9.630372751197421977e+00
9.480651794811127075e+00
1.115159052553292085e+01
1.013436572422718029e+01
9.004604552363543846e+00
8.822931509094683378e+00
9.406923833030667481e+00
8.659944978679114058e+00
8.743016051046271997e+00
8.424776190158221212e+00
7.991280481506826128e+00
9.423840851310094635e+00
6.962787448256198886e+00
1.056143952669507691e+01
8.137240572355628032e+00
9.284960923388512199e+00
8.156040809654587775e+00
6.961370739828320886e+00
9.727448768873623308e+00
9.980328448269457198e+00
9.196073990122753727e+00
1.197006297584508516e+01
1.169440503871841486e+01
8.230180490871422450e+00
8.465982310814185396e+00
1.035726218465396542e+01
7.853122943197601735e+00
7.706176660053573713e+00
9.115073204105412330e+00
7.146084449879228195e+00
9.216156308011425935e+00
9.584311582415764974e+00
7.964646505744701344e+00
8.364858336712677200e+00
9.119386802413545823e+00
9.297475297522025173e+00
5.872290698034548839e+00
9.833111873848748630e+00
8.762902317608517677e+00
9.394150376242588862e+00
8.426032149150332273e+00
5.870731614077957516e+00
9.333611945035309887e+00
8.156719518385603607e+00
6.814362520270016432e+00
9.567773885944703238e+00
8.985126515543059966e+00
9.828456264674287013e+00
7.507388389319005206e+00
7.808636851742880580e+00
7.001408756853981785e+00
8.127048759473879613e+00
6.141373651890959628e+00
7.341950881745536783e+00
6.039840736317900749e+00
6.940755405893878738e+00
7.410688620686481265e+00
6.738134237947705607e+00
5.298442793013649066e+00
7.018778676181876008e+00
6.590861466686571468e+00
6.169286246297932763e+00
6.630748909687796733e+00
7.205878539645964587e+00
7.548819370146407692e+00
5.285963670106196943e+00
8.507603469039931809e+00
8.937097825634296555e+00
8.261866623011366428e+00
7.341555761599257046e+00
7.307350439181464097e+00
6.996098170203977062e+00
9.367808555465025222e+00
1.003099586665395115e+01
9.726437951907342949e+00
8.490709830390361645e+00
9.251783594002196409e+00
9.403756118102888806e+00
8.167033561564943867e+00
8.056787326879536693e+00
9.277106997101391528e+00
8.893878531365615459e+00
8.132054949315795866e+00
9.296984484203937527e+00
8.883105789595269641e+00
9.619521975278081172e+00
1.060802400018538627e+01
1.240603263254619648e+01
1.007763609870337618e+01
1.096604921310904324e+01
1.168416137354874706e+01
1.098221163636655540e+01
6.250624542880123258e+00
1.221752186835054843e+01
8.280937076179421652e+00
1.055994387870981122e+01
9.465973936192522586e+00
7.199760972212911447e+00
1.076109088425133464e+01
9.747280740523072140e+00
9.041032147054908208e+00
8.965051154617484030e+00
7.162929941276608758e+00
1.157074854675548359e+01
1.044099166202935614e+01
1.143665183147300546e+01
1.136821464943194115e+01
8.635320958774903133e+00
9.190677210796074803e+00
8.905508315385709750e+00
1.151677749828754393e+01
1.279390716928188176e+01
1.246013124349456547e+01
1.076542659078620368e+01
1.158786080389167950e+01
1.027385793504768152e+01
1.194027844935228977e+01
1.289447996350063086e+01
1.190058731291777505e+01
1.382905333856440677e+01
9.853211785881946128e+00
1.439727049930049851e+01
1.066205516998562430e+01
1.192860271908579506e+01
1.044006274520005739e+01
9.057430865343242488e+00
8.257143554064231949e+00
9.436621923413614610e+00
1.427691984523826108e+01
1.079179167482292989e+01
1.102937919837975755e+01
1.045859125356085073e+01
9.634072663210375254e+00
1.280443979533617949e+01
6.842472691620381298e+00
9.842118430452300615e+00
9.371253030843918808e+00
1.222943518987776201e+01
1.174868789517822343e+01
9.949679566602229741e+00
4.161165862407114169e+00
9.359875738231510311e+00
9.202652894924753468e+00
8.451994831428690347e+00
7.151969657422890592e+00
1.193019055669973660e+01
1.134537620186732454e+01
1.019384158096696780e+01
8.387504420336751920e+00
1.086846548970476789e+01
9.249676166962025547e+00
1.110222713877089973e+01
7.958834088264905127e+00
9.963405472369776916e+00
9.721429431699066370e+00
8.516017298536240787e+00
1.050606359121034039e+01
1.050933603207686851e+01
1.074054807270596612e+01
9.660222632475637283e+00
7.837958294832624517e+00
9.157669163910769683e+00
9.894733054017194718e+00
1.087695373585336078e+01
7.918858958239400003e+00
9.970609347890793117e+00
1.080862956145069731e+01
9.740620084401530931e+00
1.027508466918489383e+01
9.756439605172140261e+00
1.194409759119606562e+01
1.017357177925856604e+01
1.160602921914070329e+01
9.727282178580729521e+00
1.105178999409225327e+01
9.919304809374452248e+00
1.147405543109178438e+01
1.060903984666919442e+01
8.146789213402442442e+00
1.001211317250765376e+01
9.392655455713931900e+00
9.507078561723067978e+00
1.182560472139259211e+01
1.062328166353122505e+01
1.080357870554780853e+01
1.103779160235706236e+01
9.943390081622775156e+00
9.798464549814134728e+00
8.182006608340781639e+00
1.207568108844990817e+01
1.036427217461945638e+01
9.613188497557169754e+00
9.256047940434305232e+00
1.137188599943402778e+01
1.283696758103395119e+01
1.070930651917461418e+01
1.140671173000321659e+01
1.113218508816711072e+01
1.065442294937648349e+01
9.612231685906932555e+00
9.907779559817752713e+00
1.108921888608611894e+01
1.140154209547155340e+01
1.184052592298597339e+01
1.175489356163612698e+01
1.030435669673555310e+01
1.487754623458630832e+01
1.119837923125536605e+01
9.057114860000055501e+00
1.053749952958313685e+01
9.340921187086996369e+00
9.695019712124295808e+00
1.088043010465032445e+01
1.040158649590953033e+01
1.058162158376272721e+01
9.041192770985389870e+00
1.048167191968033229e+01
1.011831402029344318e+01
1.044676086086142774e+01
1.170889491321595877e+01
1.018218025434888396e+01
1.118450596872250280e+01
1.041058292404540353e+01
1.141706843195341570e+01
9.420216393063485683e+00
1.101206600050482365e+01
1.325099059032108961e+01
1.257723111723290721e+01
1.112488499695167476e+01
1.344513730760764858e+01
1.404141346545745961e+01
1.194498459955186220e+01
1.308245436433636044e+01
1.073169952191144816e+01
1.104410857376214317e+01
1.273091202933916932e+01
1.091484368388704418e+01
1.288645799499832734e+01
1.220281125495462682e+01
1.035796281754501180e+01
1.129204382539261076e+01
9.600329630435481931e+00
1.108959029841443211e+01
9.484918857955795701e+00
1.274559710847420568e+01
1.101318262002978798e+01
1.233484574075712281e+01
8.931860591081036915e+00
1.035618771949329187e+01
1.088416380712367904e+01
9.741846880461405789e+00
9.293882701532876212e+00
1.068752965389379739e+01
1.074493503619378387e+01
1.095676846939793236e+01
1.095412694261643516e+01
1.304428404926486174e+01
1.194931720093257788e+01
1.458349844807052342e+01
1.226214482094610148e+01
1.081396768419257270e+01
1.417165934321256771e+01
1.342614087046315419e+01
1.218473600506037613e+01
1.511470068150125634e+01
1.382475849999989848e+01
1.334586107198772176e+01
1.153753186851271906e+01
1.006575464514707363e+01
1.153074566822148128e+01
1.127659244467069222e+01
1.177271569660190842e+01
1.201960030950348468e+01
1.105306817566606981e+01
1.009341640987104149e+01
1.206796848921252518e+01
1.244507618766862045e+01
1.297724823582244191e+01
1.228355864246505291e+01
1.080470761588299133e+01
7.326561269798251175e+00
1.152132084969716885e+01
1.431142879121222933e+01
1.184143204310323227e+01
1.076421134558520976e+01
1.241145138932951220e+01
8.803521767565383627e+00
1.212252607221402734e+01
1.281969934754560647e+01
1.140296491141207014e+01
9.880641871715983626e+00
1.073802579693880332e+01
1.455703297114220440e+01
1.097421191190074374e+01
1.227739555286338557e+01
1.154973272098390069e+01
1.285923693381931443e+01
1.378469181609520966e+01
9.262244737029046604e+00
1.056888081075190478e+01
1.185250338946034709e+01
1.126220062062414939e+01
9.385770678796275135e+00
1.287744033198212890e+01
1.125195150613148876e+01
1.127987995143694100e+01
1.269298382496919686e+01
1.216964287652845478e+01
1.019535443314094536e+01
1.270488719963351976e+01
1.143344676694762541e+01
1.157976960780164255e+01
1.317346292217815495e+01
1.284446707294914702e+01
1.131002054876275409e+01
1.061061641840512237e+01
1.343433825593539943e+01
1.032670053144315325e+01
1.037762839897847300e+01
-1.905412907404486766e+00
6.593141098044420723e+00
2.094387200184519315e+01
1.633511726186412005e+01
1.305926506317862312e+01
1.259451119593770052e+01
1.216261336880846144e+01
1.349863507127451001e+01
1.403026213544126755e+01
1.281820966107669690e+01
1.122109563419789247e+01
1.054810695942934196e+01
1.078146787069760926e+01
1.405649014206000125e+01
1.170092034170920492e+01
1.125332942338958375e+01
1.076261339664224259e+01
1.180362592261346499e+01
1.402465612812633999e+01
1.274638214164471961e+01
1.263499377603712759e+01
1.277700281785705982e+01
1.197850919165083639e+01
1.378671892506273267e+01
1.187706781569499803e+01
1.257898634285748152e+01
1.273456676498433815e+01
1.033682221393209844e+01
1.389908549484715650e+01
1.232582945204494784e+01
1.161820731668498752e+01
1.236427803949379722e+01
1.236543436346011049e+01
1.083595942478393148e+01
1.053112801567062284e+01
1.383682171510944237e+01
1.569113496221328674e+01
1.197582822479210485e+01
1.085409737048077083e+01
1.396773502243156173e+01
1.393659649192541394e+01
1.277491781418136263e+01
1.376050161980105990e+01
1.357572586473594889e+01
1.410843935694827600e+01
1.323957094847345850e+01
1.003005117041133687e+01
1.274775010370322725e+01
1.400552105142330284e+01
1.080672641700900094e+01
1.182251043352451525e+01
1.111032594757291569e+01
1.185491834282654899e+01
1.301191290320336691e+01
1.363752757069482158e+01
1.243760485569017149e+01
1.219303380801076919e+01
1.462998028429057129e+01
1.507417509347052409e+01
1.290878753649134758e+01
1.024051350226511481e+01
1.205882175908219089e+01
1.304672980957871253e+01
1.289642249279547315e+01
1.242896168222483588e+01
1.117437543672472877e+01
1.221900717856094865e+01
1.221592089046961505e+01
1.258609377852292610e+01
1.061290177799532586e+01
1.100941060337527233e+01
1.300744167139699670e+01
1.419417282781104639e+01
1.112954494486213619e+01
1.042246454649890097e+01
9.757455303495870425e+00
1.134440176398368116e+01
1.131066562857852276e+01
1.064610262125593465e+01
1.184243655560435649e+01
1.134650659752427870e+01
1.344982338952037360e+01
1.329744956949859258e+01
1.344576153727701140e+01
1.552508264916947844e+01
1.369302239327112147e+01
1.077059148580681125e+01
1.149460167748839368e+01
1.145109175548236635e+01
1.303591602602780242e+01
1.598533727783393488e+01
1.256367467088143641e+01
1.235610059951092765e+01
1.054910912319733463e+01
1.386112124268174917e+01
9.365587004258539849e+00
1.064247807013914482e+01
1.159407832329697641e+01
1.020390731049350741e+01
1.128956200877950344e+01
1.002399883281024451e+01
1.151335010972893969e+01
1.233413383595688906e+01
1.038045992995600031e+01
1.220349450672041591e+01
1.087596739058980333e+01
1.275705209101361781e+01
1.144141739119826084e+01
1.117940762066654337e+01
1.245213864752819255e+01
1.160123573863738855e+01
1.373612888098220530e+01
1.050445086778418435e+01
1.160362359525327847e+01
1.098797154313282931e+01
1.306870417922125505e+01
1.317085108628595336e+01
1.193375091184928749e+01
1.284100984661954215e+01
1.378870354056725311e+01
1.170948945375213235e+01
9.119654926358274238e+00
1.325533938637527065e+01
1.231823490809790655e+01
1.310484892123966993e+01
1.336999233695061839e+01
1.019236065791435664e+01
1.131033846925306818e+01
1.095175796537731294e+01
1.139316419630952559e+01
1.387557418671413068e+01
1.160589247754174735e+01
9.908522041109749878e+00
1.343171043700716183e+01
1.209092529105031311e+01
1.447100843843024975e+01
1.318226889876709151e+01
1.240797134083378062e+01
1.075840439446491104e+01
1.335280253896013036e+01
1.034745368789838871e+01
1.522928483519456933e+01
1.466929070844613747e+01
1.256306981407499279e+01
1.398510228891857210e+01
1.206943566765836628e+01
1.332259282609435402e+01
1.145318257339970636e+01
1.157173123897852562e+01
1.311839586818063097e+01
1.338424927185887015e+01
1.380047318080801055e+01
9.962128942282562960e+00
1.470459968834122932e+01
1.187843591365807150e+01
1.419099004684246168e+01
1.069608652075307376e+01
1.229570364764988888e+01
1.374271757681727379e+01
1.166693813175063177e+01
1.237165195393639827e+01
1.284960568610519260e+01
1.052252100371153354e+01
1.312779245203190470e+01
1.478623556934373262e+01
1.501365936900847231e+01
1.459231564987025820e+01
1.540510219965805661e+01
1.109966918391510227e+01
1.331760046181383395e+01
1.176339050443970180e+01
1.350616959797664585e+01
1.347966725817069822e+01
1.119406556529794194e+01
9.622453259322284680e+00
1.372132703963718114e+01
1.315475074466685612e+01
1.414499642437798244e+01
1.142195000829189055e+01
1.312562453573940502e+01
1.167257970204950901e+01
1.384912059308560472e+01
1.645870379843310261e+01
1.495048915743486617e+01
1.323252716465084156e+01
1.281663774654357013e+01
1.474088871933251177e+01
9.399021841451512316e+00
1.157183049466247482e+01
1.353319971487473339e+01
1.550282093879899747e+01
1.209605816616765139e+01
1.281844835580876385e+01
1.132728148146272673e+01
1.170359629617504105e+01
1.385887256247289656e+01
1.441545985263073426e+01
1.419197381342570097e+01
1.497961830471701106e+01
1.507426710566927852e+01
1.367204045498832166e+01
9.980911159330080551e+00
1.391948352761611041e+01
1.439260357069816010e+01
1.342266807705082421e+01
1.293061017119934419e+01
1.350359942510793765e+01
1.389748039828461046e+01
1.352361472943200660e+01
1.309419683485065278e+01
1.249921649071683838e+01
1.241887177968632727e+01
1.094565402588690795e+01
1.019264874830387768e+01
1.511280061641981298e+01
1.166220710359669610e+01
1.083023217828279172e+01
1.358152083569561164e+01
1.494024087898453956e+01
1.411227426480572511e+01
1.230959600177602198e+01
1.441645450616087665e+01
1.396052651971667302e+01
1.278027452630871608e+01
1.261017958737313194e+01
1.260748461597343351e+01
1.158285197906433694e+01
1.233712017322631027e+01
1.201243066815112215e+01
1.393424278875624545e+01
1.224760850433786707e+01
1.317556197999045153e+01
1.249964399601054410e+01
1.236794136661563925e+01
1.574966968870663742e+01
1.016677823289973759e+01
1.386509847793570138e+01
1.338756535471813791e+01
1.145567254498862653e+01
1.104984287328252002e+01
9.649545031565843090e+00
1.395732826771301660e+01
1.464125257994314211e+01
1.231753775621590385e+01
1.248356035782050455e+01
1.074710063162158313e+01
1.316697296083045288e+01
1.233891066694118699e+01
1.177190904693834383e+01
1.184349926039710788e+01
1.227517003616289060e+01
1.152441657445620393e+01
1.099848698072230846e+01
1.291568407221444303e+01
1.246182597040629858e+01
1.228680294827652375e+01
1.403116723789784359e+01
1.398206020764056312e+01
1.441846612591434074e+01
1.346108432515916853e+01
1.438402310347787783e+01
1.430574072036415245e+01
1.339398414649911651e+01
1.546406914006732691e+01
1.165711413292843623e+01
1.016638632145725651e+01
1.069794355616956594e+01
1.118402117257159567e+01
1.329929250558341813e+01
1.413984519129931527e+01
1.225080498992020317e+01
1.127354562034340901e+01
1.211638784650607548e+01
1.255127098760806881e+01
1.151614846570196882e+01
1.351243482341971536e+01
1.481611982449502030e+01
1.131689152619997074e+01
1.263110828043502210e+01
1.208503579904162883e+01
1.254209911294213953e+01
1.349905655609547317e+01
1.330643365874915141e+01
1.199736576941833910e+01
1.318274285200246254e+01
1.194124442882747417e+01
1.336049173104740539e+01
1.318831531345472285e+01
1.181506258205176785e+01
1.063197597094165303e+01
1.208958387321399108e+01
1.429522211026417011e+01
1.191895505562803592e+01
1.150904657556700172e+01
1.158432111005144627e+01
1.251190107226371140e+01
1.307250867399699779e+01
1.165233618197506260e+01
1.590633470342107891e+01
1.271275947686553565e+01
1.320968132097158154e+01
1.421726273204043345e+01
1.515964601227029718e+01
1.291408908348546802e+01
1.203177904827170508e+01
1.211916040168945052e+01
1.227789784112368565e+01
1.371978876011714021e+01
1.243054946242935976e+01
1.308669879834080874e+01
1.231521784798188968e+01
1.106328566915675538e+01
1.401283514951284026e+01
1.305232797209930062e+01
9.951837092786027128e+00
1.356463972169109056e+01
1.407849506788577010e+01
1.316693847037134724e+01
1.127253971113733932e+01
1.160798308164655523e+01
1.325573258213713324e+01
1.155059116127924312e+01
1.287970806681414793e+01
1.301629095131788638e+01
1.344535290078730938e+01
1.169401778782339285e+01
1.198774355478717268e+01
1.251063706729167535e+01
1.289559770814529038e+01
1.362191687887666269e+01
1.405456804499967660e+01
1.332282005741014608e+01
1.477011889713416792e+01
1.414073940445681288e+01
1.302930551519404112e+01
1.359268047361850051e+01
1.480501111324291230e+01
1.237530181149390351e+01
1.492905959286120776e+01
1.500351552214278605e+01
1.389323397516697689e+01
1.307142099057259799e+01
1.347478965900986125e+01
1.325029357265306906e+01
1.439363448871655748e+01
1.294867548343134267e+01
1.245165852385906469e+01
1.404067876716239738e+01
1.602821447986706005e+01
1.407467620609149961e+01
1.480760456145166692e+01
1.499564528187140766e+01
1.452792139926282644e+01
1.241508916185241418e+01
1.381801554306663604e+01
1.683432210473325696e+01
1.785636343352609501e+01
1.642790885931659517e+01
1.705292034424599024e+01
1.537812950437461268e+01
1.313518784798361594e+01
1.390144506833243554e+01
1.202969919178249647e+01
1.267586907964917309e+01
1.250025207324503285e+01
1.280356851328358836e+01
1.379969693423799271e+01
1.568137687400072089e+01
1.214660534429679295e+01
1.074098316412681342e+01
1.429287012066423301e+01
1.382852171537778396e+01
1.234934573561419668e+01
1.369270036951079739e+01
1.113071522508528233e+01
1.375799418107766670e+01
1.353119568198850864e+01
1.317474777032401967e+01
1.224157783870912120e+01
1.516334115295757812e+01
1.314608296061153681e+01
1.368824738228291160e+01
1.418006584915708679e+01
1.484100179410737574e+01
1.322843280835159163e+01
1.237281421889779232e+01
1.365195760558051852e+01
1.589720464997445681e+01
1.271792501888834792e+01
1.445452239980736309e+01
1.388802651714143543e+01
1.577982609803845548e+01
1.485703966784746299e+01
1.656076482996921584e+01
1.755737019923662956e+01
1.780525080449875119e+01
2.054631679002196520e+01
2.299849122546503821e+01
2.457692261216865859e+01
2.259290432131707860e+01
1.774224735813446330e+01
1.934293506025094445e+01
1.685995815077612647e+01
1.551055589849785932e+01
1.395585370476462650e+01
1.412850885613769591e+01
1.444566825871153348e+01
1.325867091748634508e+01
1.366042532385947439e+01
1.360887583823945235e+01
1.293323069232830669e+01
1.135849536492549028e+01
1.242415334379085046e+01
1.414798658387635832e+01
1.291048900170437186e+01
1.242235871580357376e+01
1.241530366127205376e+01
1.268386597990577336e+01
1.181216049526898537e+01
1.250696713853279540e+01
1.324314222704886213e+01
1.293301440008623082e+01
1.294577592957837631e+01
1.184908263525491989e+01
1.369336326155992367e+01
1.322749788084299816e+01
1.218873876814477697e+01
1.092331204859608107e+01
1.141130072867256295e+01
1.197468844408979471e+01
1.036807858159497542e+01
1.200413396922451881e+01
1.199557708069670703e+01
1.354757048726923152e+01
1.239603912431678800e+01
1.123978493097271425e+01
1.447605947807300097e+01
1.241303511422229988e+01
1.233543680484576655e+01
1.284079497807285364e+01
1.316317565987091776e+01
1.370353789218078866e+01
1.256192833065413872e+01
1.179784419444598598e+01
1.386840541281597794e+01
1.377010131809085713e+01
1.402477147005634706e+01
1.360470091157236716e+01
1.244047004816031432e+01
1.228012188116197123e+01
1.119839375454155039e+01
1.069044419253637201e+01
1.127361485442800060e+01
1.397089764965451764e+01
1.275479772847498161e+01
1.236447977785625518e+01
1.296328783776364979e+01
1.194404744751451730e+01
1.310344217605433492e+01
1.285539891205083940e+01
1.068431694189125736e+01
1.304117202756678218e+01
1.199982083329108917e+01
1.329822940401324693e+01
1.252788497733224204e+01
1.215281318709697622e+01
1.293343445705382422e+01
1.322281997758305749e+01
1.152961762401843870e+01
1.403310338880787533e+01
1.174627957748520579e+01
1.303194021930364066e+01
1.400468060384899083e+01
1.190618253851795849e+01
1.327313520235603939e+01
1.130213399145078945e+01
1.184725738080246593e+01
1.258957905571379676e+01
1.318019052601080432e+01
1.353938016544372402e+01
1.156680829736035498e+01
1.207270754032470705e+01
1.260825827812302613e+01
1.222140367231143543e+01
1.197372536873986171e+01
1.373571112290858842e+01
1.454042313300331557e+01
1.323240813487032064e+01
1.314171552832508638e+01
1.478440441588471899e+01
1.230574167623594306e+01
1.333792865340729428e+01
1.176719022725953501e+01
1.374053298077418894e+01
1.251119700490699493e+01
1.308436866805211096e+01
1.232606961329246609e+01
1.254276836251139216e+01
1.199414844409606751e+01
1.293341316985020839e+01
1.144017829078650728e+01
1.018433811812281320e+01
1.113672353275539351e+01
1.165786961204294592e+01
1.163762728484194575e+01
1.163165540009113563e+01
1.412019396825641238e+01
1.436269730880999163e+01
1.323427366964397045e+01
1.194178985943669247e+01
1.291182259705369795e+01
1.281934773315419029e+01
1.294410856472826410e+01
1.241716823573326245e+01
1.214649826272644795e+01
1.267820170013142977e+01
1.162521541955899806e+01
1.269190082252991481e+01
1.330182569272389159e+01
1.292095851764275949e+01
1.163197631637450336e+01
1.265338463386313528e+01
1.239765160373591080e+01
1.166090792635427498e+01
1.237981813281733423e+01
1.313967007782613727e+01
1.197222495068754178e+01
1.340747155928599987e+01
1.422241160816245653e+01
1.221013194633923682e+01
1.153844129161407217e+01
1.299771565843590082e+01
9.575667382139211981e+00
1.306000420753343683e+01
1.150488858966362393e+01
9.118716717008132022e+00
9.665054236964937928e+00
9.985624883116493322e+00
1.046013783701091882e+01
1.007526293768341930e+01
9.924838185668814816e+00
1.021125323319654221e+01
1.001443645623656309e+01
8.551160567623009356e+00
1.036040322591681218e+01
1.136386038059385051e+01
1.131978731730190368e+01
1.087359895134102317e+01
1.175214539608961850e+01
9.888494939270570327e+00
1.031468852751645038e+01
1.079329197716889510e+01
1.107932482390786966e+01
1.129311572454392731e+01
1.149736908340364039e+01
1.042465654474513137e+01
1.213962514796795844e+01
1.301623170713427058e+01
1.062478134579565037e+01
1.253406755674104467e+01
1.299003963415647611e+01
1.262757682000194848e+01
1.361714656368661380e+01
1.297074996885592491e+01
1.290721427279040689e+01
1.279023138461829312e+01
1.168360689537881392e+01
1.020695292235695639e+01
1.171146182336176977e+01
1.250611735938451474e+01
1.081442629037631242e+01
1.009953300043092206e+01
1.118464220199219028e+01
1.510558283160977489e+01
1.386027229668983551e+01
1.272845465021624989e+01
1.292158913322221103e+01
1.298065780118118440e+01
1.275461334035335703e+01
1.345576163431438133e+01
1.270756913004606936e+01
1.235782404786167810e+01
1.290143800811441110e+01
1.295831780294229851e+01
1.287552886843210231e+01
1.187975879779988020e+01
1.273748495734632336e+01
1.188260849811629960e+01
1.300684681294785783e+01
1.265106991906427147e+01
1.228452160353202594e+01
1.165930440272657620e+01
1.225470064522875724e+01
1.259889544799355399e+01
1.258436164564235327e+01
1.335332126917817419e+01
1.389936287773786994e+01
1.320343561049104508e+01
1.306327512409930414e+01
1.299782991119665176e+01
1.270002613342001396e+01
1.310664727312282807e+01
1.377486702923265405e+01
1.205064900395959526e+01
1.181222713241163547e+01
1.325048648599318923e+01
1.327567919472027036e+01
1.278064086094451390e+01
1.174065979508901769e+01
1.310875322765714301e+01
1.386550028181516936e+01
1.316124328349544825e+01
1.263709219987929444e+01
1.193656617078830884e+01
1.127451734542661654e+01
1.337796697725690009e+01
1.308425242756853990e+01
1.084301800878457733e+01
1.236967012237608188e+01
1.028774432130393102e+01
1.169791266303403887e+01
1.107327540430960156e+01
1.121116891672764915e+01
1.140119000011239692e+01
1.190383581187446183e+01
1.248866327098923890e+01
1.121730326035829606e+01
1.344956051216998993e+01
1.323026468073586592e+01
1.317246139136926786e+01
1.410038454155784748e+01
1.430673835104790115e+01
1.241430368052485456e+01
1.477069099062731716e+01
1.414918844211226734e+01
1.504694170895342431e+01
1.484595300968348930e+01
1.352480785928873885e+01
1.481582006418705078e+01
1.282697647503310812e+01
1.378238677978356463e+01
1.466298197281982496e+01
1.109513502075992797e+01
1.251295971088177161e+01
1.400736047281394292e+01
1.407833011517479882e+01
1.426901095690074861e+01
1.401323963107715720e+01
1.375662097565856001e+01
1.477167680534879146e+01
1.334391994816970417e+01
1.579317621989966902e+01
1.574992621268027015e+01
1.440302849401443019e+01
1.484552924678237140e+01
1.706993577900990644e+01
1.583726299941370819e+01
1.622318227592952056e+01
1.518460279782485678e+01
1.426983727828895532e+01
1.225503359591464125e+01
1.261464141761224056e+01
1.316542866652544852e+01
1.539586508129855247e+01
1.329305532310095828e+01
1.166058776524480045e+01
1.291064423613177325e+01
1.479190068874193642e+01
1.274334015886915239e+01
1.378845427862837703e+01
1.338013832864829133e+01
1.390824676679692828e+01
1.308976796717741742e+01
1.227701751854104195e+01
1.381190067006859046e+01
1.265491893556264813e+01
1.400888184527911484e+01
1.325388080017354397e+01
1.358277638853399338e+01
1.426710634361380414e+01
1.328350258179526833e+01
1.507937295199023708e+01
1.287405375843026789e+01
1.306951285055089862e+01
1.426165037043063677e+01
1.402777132203570787e+01
1.488231138134561782e+01
1.365779048714284727e+01
1.355453659270428979e+01
1.333311733865428828e+01
1.477349892481476523e+01
1.562402960283769637e+01
1.726727640091170457e+01
1.483097612616483829e+01
1.588865399805047751e+01
1.551949503248633810e+01
1.515913963727014391e+01
1.425411394774503826e+01
1.369906945341837456e+01
1.484888034241070010e+01
1.491972373962160603e+01
1.432182760316478820e+01
1.178348672565456567e+01
1.421523460233627922e+01
1.516581080299995321e+01
1.430408930351451602e+01
1.277765750740858230e+01
1.448395127522294068e+01
1.357110892219599307e+01
1.290158009843642795e+01
1.434910717261477764e+01
1.426359002957541300e+01
1.524864805797838763e+01
1.504929014499146511e+01
1.304699412804264647e+01
1.369134581375941906e+01
1.298515155000587207e+01
1.259651484685883815e+01
1.448082734525772075e+01
1.404943813490232962e+01
1.151169016363486541e+01
1.290891605889023275e+01
1.201373142696868790e+01
1.299823232874145340e+01
1.217916140868230102e+01
1.314551540216423220e+01
1.502314795662655555e+01
1.228234888710563055e+01
1.493855987590630008e+01
1.417788766871795048e+01
1.327803790717002919e+01
1.176722473399181546e+01
1.174479606763725315e+01
1.316033920622497888e+01
1.290249800481025133e+01
1.278516033495832893e+01
1.328340578155236429e+01
1.267390732514113871e+01
1.453325498335569499e+01
1.361107196723075141e+01
1.433216771862188033e+01
1.532540844263074042e+01
1.440897074466592898e+01
1.495769149053090707e+01
1.422772998796233601e+01
1.518230199517960166e+01
1.355901299873755939e+01
1.356134692043784540e+01
1.257574423268254016e+01
1.355542101001568511e+01
1.332056689191384002e+01
1.374700005757895482e+01
1.348671897009809761e+01
1.488784087247742427e+01
1.412892477328939478e+01
1.299838414750879778e+01
1.375498008571936737e+01
1.308393717975489601e+01
1.480480199795579743e+01
1.488677492321101248e+01
1.610739243181851776e+01
1.425443270498157311e+01
1.528540552371778460e+01
1.515380017692259074e+01
1.384878847813624603e+01
1.379001520129803993e+01
1.308705769270246400e+01
1.440039925681661792e+01
1.278227214940267054e+01
1.373221960540858433e+01
1.227086491082604169e+01
1.375036787231704771e+01
1.468343817915143745e+01
1.195240172279009627e+01
1.346560406644742969e+01
1.378020679822807182e+01
1.457465847696403749e+01
1.389349546363799170e+01
1.423048948120394286e+01
1.395685891095101816e+01
1.327530913453930950e+01
1.226388051762545750e+01
1.269171896049764037e+01
1.398838363976457622e+01
1.341829998408834612e+01
1.420062345869462028e+01
1.386755201530664650e+01
1.319279587088098360e+01
1.307732298889111711e+01
1.333720208461551060e+01
1.388882279127824226e+01
1.300955850805741676e+01
1.473414950109052945e+01
1.433575915808695989e+01
1.440887029663544716e+01
1.405131577328126014e+01
1.361170339041983901e+01
1.453380146239054405e+01
1.278988421809214593e+01
1.357529123201007160e+01
1.439506064487025760e+01
1.333577230784614365e+01
1.466281102940938652e+01
1.403080976630398347e+01
1.262284745139547404e+01
1.310891177219565407e+01
1.402673696081974875e+01
1.391193821564030308e+01
1.303448969307496697e+01
1.392455926773491726e+01
1.224142699358505304e+01
1.479629905829763103e+01
1.450753972915356371e+01
1.355157949847655985e+01
1.282238722026003153e+01
1.299143574421705338e+01
1.402588052364442994e+01
1.453928132599026490e+01
1.302489680794403704e+01
1.354359652133180880e+01
1.425497579174890461e+01
1.423798931200595241e+01
1.432991968722788378e+01
1.471022060346487592e+01
1.306254392567744915e+01
1.472915238119538017e+01
1.456441931913006904e+01
1.399867958423491388e+01
1.355293125096178031e+01
1.400659224999088970e+01
1.364500030391443985e+01
1.518337773978959149e+01
1.247181902137764986e+01
1.451802625073016628e+01
1.336322940727970376e+01
1.262002558557292886e+01
1.340240167229251078e+01
1.480004955985386061e+01
1.297129786338123303e+01
1.345013567794665299e+01
1.545216481401682707e+01
1.391520365059133368e+01
1.375586219630977602e+01
1.383730201058715359e+01
1.615822845498652427e+01
1.537111216700660066e+01
1.405478712546675624e+01
1.422755122756500867e+01
1.445918385277232687e+01
1.497610126368081040e+01
1.448512340956536981e+01
1.364308281196393047e+01
1.471496409149764162e+01
1.370926668252008085e+01
1.458543138700649955e+01
1.449466519847611146e+01
1.428810454745643632e+01
1.456340941664654132e+01
1.297561818086902719e+01
1.338723667395414552e+01
1.377547670961798154e+01
1.296210811106901062e+01
1.378232451413521353e+01
1.349378933177959183e+01
1.390086064477758043e+01
1.346443138432948494e+01
1.397366106985858103e+01
1.416459343578142871e+01
1.354947716905786770e+01
1.303995627118455936e+01
1.342518002316984038e+01
1.238072684992566685e+01
1.197275345566584548e+01
1.456950622257108741e+01
1.343098171132317553e+01
1.397683470959158392e+01
1.391754473489668165e+01
1.220365854095844504e+01
1.469053189604299803e+01
1.273708479946026628e+01
1.454916773635127036e+01
1.297244883216771072e+01
1.360398132201193810e+01
1.159916901950167478e+01
1.304805466073267972e+01
1.339232847173484231e+01
1.235099760786911993e+01
1.289927029104871181e+01
1.395180195987433613e+01
1.407373191400608192e+01
1.439994225896399449e+01
1.388172436559863954e+01
1.451565212723784626e+01
1.429220728414205155e+01
1.438375669933840406e+01
1.350290572210202988e+01
1.344638412894192925e+01
1.305564891302069697e+01
1.317815874433015111e+01
1.280957199885899378e+01
1.287170387869306865e+01
1.248894046962011117e+01
1.462557196088384970e+01
1.157277271709861566e+01
1.326315372899055589e+01
1.378550974755364500e+01
1.144221853627408869e+01
1.389744627792421205e+01
1.194018721726096643e+01
1.327418641611808070e+01
1.427217745787028846e+01
1.271955073552800997e+01
1.472377910529478484e+01
1.343883188082410207e+01
1.448179678539037774e+01
1.396483192107953819e+01
1.493834504418963327e+01
1.578687031317728362e+01
1.368923341533078464e+01
1.475133681977078481e+01
1.629732068830334768e+01
1.388216623090942647e+01
1.453652420949761215e+01
1.285872543300786575e+01
1.511812632874680240e+01
1.378561999843275032e+01
1.293122024347279009e+01
1.301646678337441188e+01
1.182776445673115084e+01
1.276197212987060148e+01
1.337632370163234619e+01
1.292860697434090511e+01
1.456064852126204023e+01
1.372527866384719530e+01
1.215648193917096087e+01
1.472961900433169902e+01
1.315115139776468034e+01
1.438128873136308350e+01
1.488416259858712465e+01
1.404078612165023188e+01
1.312071051741751049e+01
1.430908018143925275e+01
1.369662018348641475e+01
1.195139109025851276e+01
1.392282124187973658e+01
1.604287345919913577e+01
1.430513864163641458e+01
1.487039085212804501e+01
1.358221020091614406e+01
1.458782260454816182e+01
1.549779008454035178e+01
1.525357794057379657e+01
1.460627187506585045e+01
1.369877652444009719e+01
1.494548140341581721e+01
1.289364673269171035e+01
1.396639820561226841e+01
1.569573270999641501e+01
1.360425339308423354e+01
1.427791141106008510e+01
1.249053813324578499e+01
1.373582359603305747e+01
1.460148541354202933e+01
1.322407983838190937e+01
1.384764554644693213e+01
1.419902412445141948e+01
1.395727034011075496e+01
1.279071149200928659e+01
1.274598247490060210e+01
1.459010816088209950e+01
1.428058812912390785e+01
1.359407867868930353e+01
1.454223551877056941e+01
1.563939749076508079e+01
1.425959619103960030e+01
1.372379322236195520e+01
1.490065740531487748e+01
1.543076927664397857e+01
1.392366765108016224e+01
1.574721373590357487e+01
1.542289239266771084e+01
1.496328415339853635e+01
1.637254600365235646e+01
1.538802089084311042e+01
1.467303758746840359e+01
1.500687000594471243e+01
1.467239030074427042e+01
1.435578400500640761e+01
1.639545166527546272e+01
1.638024295216915505e+01
1.319533000251226618e+01
1.397563197045536043e+01
1.547972650885865598e+01
1.347882759246072837e+01
1.457847666561938382e+01
1.626574574546748053e+01
1.385172721084116532e+01
1.561866400245938280e+01
1.335772919480748655e+01
1.464622163530119536e+01
1.549192842694348116e+01
1.429178972248406865e+01
1.407592588357972829e+01
1.352352400543202471e+01
1.401466470273474840e+01
1.415928208830179358e+01
1.460153643163297588e+01
1.469035322798701060e+01
1.447045876720478930e+01
1.544320602041765866e+01
1.529057339530688608e+01
1.436433305219710199e+01
1.448479139614114430e+01
1.319703789359898316e+01
1.571383088634404501e+01
1.520296316266090741e+01
1.604277934938860639e+01
1.577207202413088538e+01
1.510788463112534785e+01
1.482117317089613984e+01
1.404770455817777197e+01
1.417730129202446854e+01
1.438698953796768265e+01
1.385592002791307031e+01
1.322147162130354303e+01
1.438421471963797238e+01
1.497058104691556224e+01
1.446632012101026632e+01
1.434081265056975063e+01
1.398123339162654943e+01
1.468763490445421738e+01
1.323927048233113446e+01
1.379202666268925803e+01
1.443462309937635979e+01
1.474154027548098078e+01
1.467928303769945941e+01
1.420844906057992318e+01
1.505072589652786696e+01
1.304791199268852075e+01
1.478263605736995601e+01
1.447878726486583112e+01
1.604548087696265668e+01
1.502180222643576002e+01
1.394186836033504662e+01
1.332966664977984550e+01
1.540773549248866381e+01
1.396115056223102791e+01
1.901033808635480327e+01
1.623678497227387041e+01
1.401128214754858625e+01
1.456875235590406881e+01
1.574891143258060033e+01
1.520223212867165508e+01
1.509178346445210650e+01
1.519680095726084801e+01
1.530440144581320183e+01
1.544031172545981789e+01
1.533787352087343159e+01
1.487687798817932538e+01
1.656063301339847271e+01
1.529692343647893260e+01
1.490914539271290451e+01
1.393826599812461708e+01
1.502113956065107558e+01
1.464573288631433989e+01
1.744214159168450351e+01
1.474809109587356382e+01
1.428016471482880334e+01
1.519295209553048132e+01
1.549038065448718982e+01
1.481989098294719298e+01
1.650861945176927037e+01
1.514230270819926361e+01
1.534818549992868242e+01
1.532842210620137280e+01
1.515163854962194101e+01
1.435419374990265950e+01
1.475934511049581488e+01
1.484449352429240854e+01
1.333973769407759846e+01
1.407882784709394386e+01
1.412452046111812898e+01
1.488522616825969358e+01
1.509588312208401284e+01
1.486629279426184347e+01
1.343302933315988845e+01
1.395322182022656143e+01
1.645576046064074660e+01
1.570703715823849400e+01
1.498957426526097159e+01
1.456803834598003355e+01
1.420265212083265283e+01
1.314781632522377031e+01
1.420588761587769966e+01
1.499540660195260955e+01
1.361632258661911443e+01
1.529305042601349029e+01
1.298239967779606729e+01
1.363076744088421499e+01
1.401405889848798481e+01
1.402576462796642964e+01
1.417209620870053399e+01
1.250484790885822406e+01
1.100350297197048910e+01
1.275190801762757964e+01
1.132444518558530611e+01
1.122412974124908658e+01
1.177336277958530530e+01
1.074206679919426577e+01
1.123648595925903138e+01
1.313883844415888902e+01
1.257434077185720511e+01
1.196403349510391223e+01
1.380203710770559766e+01
1.442736158652697398e+01
1.253380806016385662e+01
1.507946739786715540e+01
1.317609319958525838e+01
1.481602388367441137e+01
1.341189806820421282e+01
1.563617481982301172e+01
1.312537892802276929e+01
1.269647252280486782e+01
1.535780308783153458e+01
1.426458488834353844e+01
1.332212726894534605e+01
1.287614460735812827e+01
1.282941140713902684e+01
1.511887009037968177e+01
1.413209491456523104e+01
1.367342659320845755e+01
1.433925754001036523e+01
1.474936006416709411e+01
1.415487460513747031e+01
1.385986956477594134e+01
1.294264853397258364e+01
1.573926178144831134e+01
1.468656646174455638e+01
1.494201556192849267e+01
1.487377259185204714e+01
1.404741793809318828e+01
1.299764456768209797e+01
1.296637533421855260e+01
1.463349828170599487e+01
1.528119553043203638e+01
1.534688378101580319e+01
1.367225561974942494e+01
1.465942524982238382e+01
1.426831652094552538e+01
1.393882493325330429e+01
1.436281733750310963e+01
1.420420845417165090e+01
1.407142616502192034e+01
1.269250414801042304e+01
1.688802383285257136e+01
1.717925074815497410e+01
1.413736327390033054e+01
1.439372513266096298e+01
1.403214195276915355e+01
1.588914301314048849e+01
1.422789803231493089e+01
1.489779555060617788e+01
1.575128035145154115e+01
1.504838214201788560e+01
1.379529850449997141e+01
1.250242070990784171e+01
1.489353626751493209e+01
1.506067796156155403e+01
1.534150858635411829e+01
1.567210030270595489e+01
1.365701865555470818e+01
1.407797746074367851e+01
1.590595065757067061e+01
1.516353857803489547e+01
1.366304657932587041e+01
1.431249615402465558e+01
1.338061004941392618e+01
1.309457540027823441e+01
1.370868022336852121e+01
1.434870804735141192e+01
1.284267221667194647e+01
1.400139160796788573e+01
1.400260784747899123e+01
1.384218668203021174e+01
1.471819420527987532e+01
1.556744144233842775e+01
1.455844416987865308e+01
1.597294180205608427e+01
1.213144916242239368e+01
1.402729531197543622e+01
1.347577653711180723e+01
1.382582106281816259e+01
1.611064230471930969e+01
1.686761743690453486e+01
1.305317328879660721e+01
1.230109295398082381e+01
1.540891773153102307e+01
1.460728312657283823e+01
1.342869038428700001e+01
1.425580816917008065e+01
1.475490881858148917e+01
1.575821136409949652e+01
1.541627157044871232e+01
1.575466685771126762e+01
1.228202291140780567e+01
1.562229849949530802e+01
1.543316011181643432e+01
1.426941656360477140e+01
1.421693790411997504e+01
1.659371357773807176e+01
1.692084872578224264e+01
1.563803577750703155e+01
1.296741298338331028e+01
1.554634091075484470e+01
1.440108494231254532e+01
1.512243697854238178e+01
1.616586926676583857e+01
1.542193035244895327e+01
1.432331740599966530e+01
1.460657805454654046e+01
1.646361167710046303e+01
1.390217472353642236e+01
1.230783379974451819e+01
1.499144187640199455e+01
1.574056346644333004e+01
1.454948568156385846e+01
1.418765188649009801e+01
1.515726303658745699e+01
1.643860195544338509e+01
1.756548337660010262e+01
1.604538141461474154e+01
1.510551108682936494e+01
1.584450219858456421e+01
1.421755189371203443e+01
1.567845078811103754e+01
1.624425579063315794e+01
1.648519873153330551e+01
1.571414582345248334e+01
1.630008712800743709e+01
1.543109981352055726e+01
1.592558327610438873e+01
1.521470197859589923e+01
1.447101444429343964e+01
1.357079296775608057e+01
1.411642210271365272e+01
1.476393235801681669e+01
1.377452690231370092e+01
1.692917072917773069e+01
1.581554319793704266e+01
1.388420352027390514e+01
1.427080639790234251e+01
1.483995022282616993e+01
1.622835281260943319e+01
1.338281442752490769e+01
1.465381115746798102e+01
1.364413499878865288e+01
1.384544464665424357e+01
1.433853195643212963e+01
1.372308679053242209e+01
1.476494159729280575e+01
1.307565346526307692e+01
1.556523858964281004e+01
1.358744050124343694e+01
1.531138040188590388e+01
1.414789770563766780e+01
1.385760803209426406e+01
1.348461200440524621e+01
1.424964873618198880e+01
1.540400925174748359e+01
1.401185645674402380e+01
1.279464266628736269e+01
1.527947893306858340e+01
1.271980856210381106e+01
1.575006049315578416e+01
1.450203244235885691e+01
1.439920482710548022e+01
1.457985512042861487e+01
1.328367665657396657e+01
1.495810403622647478e+01
1.560635527569830749e+01
1.242920122706802211e+01
1.438684628582025837e+01
1.342793721094828108e+01
1.292622085393627351e+01
1.364123323295681800e+01
1.342384524886260344e+01
1.485832388688988637e+01
1.540192254628060020e+01
1.394614776910658804e+01
1.387552164496663920e+01
1.560652329489374601e+01
1.512781277928797685e+01
1.473519389722006778e+01
1.386906069622802384e+01
1.567027450101621966e+01
1.390486180397612692e+01
1.378227709087926733e+01
1.467555470990034650e+01
1.334447269746477005e+01
1.458981082800388407e+01
1.379395943263950741e+01
1.306733531621349087e+01
1.343729168433418941e+01
1.401464800230772845e+01
1.343569934877301186e+01
1.261200810287786922e+01
1.324872021467832894e+01
1.313437189144429773e+01
1.453165208408148601e+01
1.533918680651429689e+01
1.397279182110077400e+01
1.417376869526906091e+01
1.548650438069299007e+01
1.366838576884767420e+01
1.508867390990811508e+01
1.398854622966600658e+01
1.353412876852162938e+01
1.527965741761348717e+01
1.583089460770401757e+01
1.484897807470054865e+01
1.334736739779011039e+01
1.341112189000139665e+01
1.390741065734849791e+01
1.510724338564918590e+01
1.354798945004816346e+01
1.467108271212789283e+01
1.276415790028511843e+01
1.351400085374091020e+01
1.308375479570976552e+01
1.289761867986852728e+01
1.548442583157215857e+01
1.554342307820402169e+01
1.414444616609840111e+01
1.352561980313903867e+01
1.146814114389807315e+01
1.401305054458924282e+01
1.410785115960919356e+01
1.408119420247052567e+01
1.270818767978206587e+01
1.410818430826049052e+01
1.380408179084123965e+01
1.206927680071763831e+01
1.247725023039560099e+01
1.355138255349136323e+01
1.610704279727122668e+01
1.373947759925807688e+01
1.268076590489589783e+01
9.895616244786644700e+00
1.177792298185212161e+01
1.303974463295542030e+01
1.259104657558813223e+01
1.047707031748401896e+01
1.207175271039337439e+01
1.300237621201352667e+01
1.463724746540204258e+01
1.290174211952608374e+01
1.435931718306384930e+01
1.454152984351346944e+01
1.381275802226812566e+01
1.418527848034853278e+01
1.283811389081135168e+01
1.038487758850130227e+01
1.358725656883408561e+01
1.482070239039709314e+01
1.304678905720651017e+01
1.298536951503426629e+01
1.280994392834723605e+01
1.209445381516020745e+01
1.225832625817000476e+01
1.316144973546267494e+01
1.502970140428316626e+01
1.582066373648568813e+01
1.239012161973401405e+01
1.483573307015982223e+01
1.244096298941189538e+01
1.432336405336842766e+01
1.342648913386327258e+01
1.457863124116753539e+01
1.293739796419536603e+01
1.364975723976630029e+01
1.553101735776814074e+01
1.275590153952895989e+01
1.466434364718726790e+01
1.435871286919487488e+01
1.443677768944528772e+01
1.518678615272900245e+01
1.428417655697828792e+01
1.372964429338814618e+01
1.490496505088262680e+01
1.441653323005472664e+01
1.400624801984775303e+01
1.366483803171038858e+01
1.528699525576014118e+01
1.556036204346507468e+01
1.527737003928010040e+01
1.555909271867017019e+01
1.480955691863952595e+01
1.449609343575112241e+01
1.480962975769139511e+01
1.410016817528503630e+01
1.371912460112515220e+01
1.351469218673565820e+01
1.414404242724653216e+01
1.462862146749811920e+01
1.364883641309069340e+01
1.379945567483480851e+01
1.306945129943148132e+01
1.472983519081697246e+01
1.454358010620411790e+01
1.090084459927622795e+01
1.378120358695971959e+01
1.664035770568660766e+01
1.398361240746054257e+01
1.449498705580763236e+01
1.472128126385075753e+01
1.372552438830188315e+01
1.221444211956606196e+01
1.454925992351367725e+01
1.484896550758669598e+01
1.533509106502956421e+01
1.459949622972068006e+01
1.421569067356272953e+01
1.491331169105297327e+01
1.545188585533100678e+01
1.388045220600550955e+01
1.483035126602933751e+01
1.515255942530792233e+01
1.535307165509825289e+01
1.588224840671393601e+01
1.399105460175789695e+01
1.175062820767695371e+01
1.375491675796450330e+01
1.567435423972484543e+01
1.622324834435258012e+01
1.512693306987399211e+01
1.389795834067428970e+01
1.367014187622653232e+01
1.497071407770961571e+01
1.381247118720593470e+01
1.332620981806750216e+01
1.506015884912471670e+01
1.591710096534683672e+01
1.520647275333562121e+01
1.492982970793456587e+01
1.421606236524172218e+01
1.489259121061718005e+01
1.538633868184549769e+01
1.659176874115321709e+01
1.708148239902626386e+01
1.527448656353479528e+01
1.605850295576894382e+01
1.700732817372892569e+01
1.632930222173613544e+01
1.760940017261382451e+01
1.412111653265807654e+01
1.275003571824336035e+01
1.574570885009475951e+01
1.611832867357292898e+01
1.478432824844692384e+01
1.495277013611698713e+01
1.512728671882134002e+01
1.336376417272041905e+01
1.281313107681219954e+01
1.683550591684492659e+01
1.479460176938359695e+01
1.336281413332308432e+01
1.734042235069112792e+01
1.643358512604320154e+01
1.343347838544716311e+01
1.241165417186387110e+01
1.328035690943450930e+01
1.507695672787588492e+01
1.453570685931354944e+01
1.526614432644689323e+01
1.571487017293872412e+01
1.723140974867384045e+01
1.623696240443253913e+01
1.513668309263067790e+01
1.360946413008048061e+01
1.423051668175842366e+01
1.696254372197533300e+01
1.434033836653137506e+01
1.582396970033473416e+01
1.579394672730962590e+01
1.686812345117180811e+01
1.703957300123777685e+01
1.773370966629339662e+01
1.591881511924170667e+01
1.632306361397469985e+01
1.633082085650083215e+01
1.556796931364245218e+01
1.737680205634920938e+01
1.583705518344657825e+01
1.536152991616637919e+01
1.723257567458397688e+01
1.827260104847427513e+01
1.406787993453627905e+01
1.600793546301106218e+01
1.555196848458754744e+01
1.511169886493718906e+01
1.691328482696814817e+01
1.742954137901476841e+01
1.685193721679282319e+01
1.863851868897335962e+01
1.777050766068825993e+01
1.653271894388907270e+01
1.580377874844769970e+01
1.648532831040493107e+01
1.726475808444697080e+01
1.684314802904487962e+01
1.696003524080697389e+01
1.967743303548700240e+01
1.661693159636311989e+01
1.556181811147941829e+01
1.848393916542327631e+01
1.821984527752350047e+01
1.723993328881046949e+01
1.842610230175895225e+01
1.937131770002254072e+01
1.723380616419315103e+01
1.921992668726271702e+01
1.854953417555663719e+01
1.745485743144740809e+01
1.758783299474057316e+01
1.576101795050702670e+01
1.792464250412186644e+01
1.743312044101005398e+01
1.635753426612280137e+01
1.647456555347601537e+01
1.581634449660023023e+01
1.402407083491167761e+01
1.672854709584017030e+01
1.704512084166480079e+01
1.692256888529071190e+01
1.696182557502375232e+01
1.611171897312490131e+01
1.701141777694462931e+01
1.645427020973277266e+01
1.769526985405950725e+01
1.853598265114535693e+01
1.680508502439867158e+01
1.565836881661162217e+01
1.713323412171556370e+01
1.659977042346895360e+01
1.498596986448458779e+01
1.693270804836463839e+01
1.549534707944013689e+01
2.104531264700906945e+01
1.748425503583983698e+01
1.775169835674770624e+01
1.824321651044837722e+01
1.746915509595298843e+01
1.681124681444408253e+01
1.773967592508741475e+01
1.598181868716879706e+01
1.723564387765851436e+01
1.442814807038338998e+01
1.750685294951087201e+01
1.704652507098404257e+01
1.494506640070483883e+01
1.870492679656457824e+01
1.697941298138761468e+01
1.809588251572804296e+01
2.118657292318141216e+01
1.695242707370577406e+01
1.635972126166593910e+01
2.008476343874902881e+01
1.873983049529813627e+01
1.639907019629867690e+01
1.596433441884695270e+01
1.805180306115892108e+01
1.773181650519095243e+01
1.777528018329192605e+01
1.856743515835258762e+01
1.850512699627595126e+01
1.697277241841731410e+01
1.659026454057094924e+01
1.629262313847398147e+01
1.658663689585113588e+01
1.807194649206971349e+01
1.595392031384408682e+01
1.894309742211116898e+01
1.609116188032891515e+01
1.726192452856832915e+01
2.088508504733455595e+01
2.183282086492332041e+01
2.343455460176123850e+01
2.266032128792473799e+01
2.128957802428235624e+01
2.074251419162033727e+01
2.136540199913258675e+01
1.907670788108945459e+01
1.800789790957983527e+01
1.771624859300421306e+01
1.749240204314180502e+01
1.716534437697672644e+01
1.656820995200325797e+01
1.626458546661898197e+01
1.572954527257896906e+01
1.674778198358896830e+01
1.859666529319927264e+01
1.656169446307339754e+01
1.643531033996622881e+01
1.599039090568468069e+01
1.719943239124965828e+01
1.601855555956180766e+01
1.878183042090083532e+01
1.603435775388702567e+01
1.569977194807600895e+01
1.609391003996858416e+01
1.673573512338970914e+01
1.531467608243806211e+01
1.638563792392352880e+01
1.752153756609340718e+01
1.701646281075890954e+01
1.602874489184229745e+01
1.619718254003735325e+01
1.536942306887786991e+01
1.504623058296216698e+01
1.646075985297892430e+01
1.643190089078289517e+01
1.440954505641558114e+01
1.582238002681556921e+01
1.558175508608066906e+01
1.694309021541893046e+01
1.417233769383677533e+01
1.548891461879170883e+01
1.607641617496107500e+01
1.490618072710411823e+01
1.552736190857027410e+01
1.556762055045280491e+01
1.734046944686597413e+01
1.636025419739767983e+01
1.591895277655439500e+01
1.568092698001205676e+01
1.510271557153613564e+01
1.330859710593707668e+01
1.458482443161472730e+01
1.659474969673114586e+01
1.616673471411914775e+01
1.293101408775392436e+01
1.493694393023093525e+01
1.631451271009153459e+01
1.476616124200469748e+01
1.504949309522412193e+01
1.490790417985282801e+01
1.426741659407434248e+01
1.490875295182496885e+01
1.567537999905791324e+01
1.412788307222612083e+01
1.518652032012646025e+01
1.515189678627987213e+01
1.600644049948513725e+01
1.426904700941968862e+01
1.504616347566472179e+01
1.346201174729596595e+01
1.349318929941748557e+01
1.450366770685113060e+01
1.622256069175822901e+01
1.067609821732718700e+01
1.569016726487062918e+01
1.440632395675718058e+01
1.270310871084754645e+01
1.382792335381562587e+01
1.423829565303228861e+01
1.547371073352621984e+01
1.445553398018449620e+01
1.401209296602550225e+01
1.393521195821865355e+01
1.556407819224026845e+01
1.312409974579922611e+01
1.363019664547624821e+01
1.603757046284870924e+01
1.638273991319369216e+01
1.714178967253191743e+01
1.651914138360130480e+01
1.441269141462506553e+01
1.537898640387542493e+01
1.426891724271935047e+01
1.382278338892960612e+01
1.381226502980353388e+01
1.461760013843873551e+01
1.553814081434397920e+01
1.659133459304399949e+01
1.460886235479727269e+01
1.617500004565486904e+01
1.495015226059640767e+01
1.559402050021722097e+01
1.508420466979258556e+01
1.332446625761696168e+01
1.476975615480333381e+01
1.330822574877724129e+01
1.430548551971547511e+01
1.331574518807923724e+01
1.373099807520439875e+01
1.382993067466254011e+01
1.299141471966301964e+01
1.309238724476950999e+01
1.509965510124555088e+01
1.162397611697036659e+01
1.437044908567076185e+01
1.499679569961016234e+01
1.470372777774159800e+01
1.553537355997116087e+01
1.349602951502116710e+01
1.409390451755429474e+01
1.369620922280092579e+01
1.488634534935876452e+01
1.453505339042617805e+01
1.483431856081481115e+01
1.598455637560996934e+01
1.634873960032330942e+01
1.448334785900771671e+01
1.515605410380535467e+01
1.428898185619450878e+01
1.325893543355436144e+01
1.664285288600061818e+01
1.520418889363637760e+01
1.611675723852932052e+01
1.610819250511815426e+01
1.270538653400293683e+01
1.272918934240025024e+01
1.228177351274544904e+01
1.302162592161563559e+01
1.369665562173511653e+01
1.354485562836577017e+01
1.609864340335992949e+01
1.492198140809835749e+01
1.484715263742485014e+01
1.450444282935760398e+01
1.387462997702086831e+01
1.554029953592647395e+01
1.311418503502683564e+01
1.260179873833510200e+01
1.421665637235926916e+01
1.323260207465710891e+01
1.382203410877646377e+01
1.495399025707567731e+01
1.308584387499544732e+01
1.245638204491048562e+01
1.584362935591603083e+01
1.340340681322196659e+01
1.350703914874699940e+01
1.298000579045182157e+01
1.578988787358938950e+01
1.438303031433108892e+01
1.477962554451649346e+01
1.479391953899275514e+01
1.828232696995304707e+01
1.743772289675140996e+01
2.247611069952592189e+01
7.062044835815168398e+00
1.635736817644550101e+01
1.585742644933231027e+01
1.263100581215828733e+01
1.300395584620735789e+01
1.700093817752486558e+01
1.433600640493381029e+01
1.642520889518303662e+01
1.465519273758600605e+01
1.475269493655023645e+01
1.062233440339774404e+01
1.397737358678165087e+01
1.493600567439341553e+01
1.485242363941231147e+01
1.188279126354428605e+01
1.190311882825953305e+01
1.621965170997697925e+01
1.387087109455582912e+01
1.447285029202955897e+01
1.744298157434143448e+01
1.373459345535141019e+01
1.498469113136864728e+01
1.405577588456099747e+01
1.571027448540115579e+01
1.373930991725769779e+01
1.527544849504503333e+01
1.187000288445855212e+01
9.431882747947195611e+00
7.482180784326875056e+00
1.524751804870014560e+01
1.354766908578059059e+01
1.467845703110805111e+01
1.268581898460580959e+01
1.290416011958950904e+01
1.352911526908457240e+01
1.521223455582271100e+01
1.659450963057558681e+01
1.577501439082368329e+01
1.564437353000599273e+01
1.301986716749163442e+01
1.406023055101104902e+01
1.458088788614738007e+01
1.527103395743429992e+01
1.952038732752980010e+01
1.717961244635962714e+01
1.736692903554776635e+01
1.638226950256345305e+01
1.591996103826844333e+01
1.343176056663569717e+01
1.431788403098741291e+01
1.559261684376176227e+01
1.533813830559362046e+01
1.523546569272481399e+01
1.373313242161090919e+01
1.715787552325849319e+01
1.477833766215218247e+01
1.700539888966416413e+01
1.388533135270899166e+01
1.476796069285194513e+01
1.353620572596872584e+01
1.450052512424222328e+01
1.391802994869513199e+01
1.700202617614612421e+01
1.423463422906463727e+01
1.618240104424375758e+01
1.348906624660839704e+01
1.519599013171124469e+01
1.347950431889019463e+01
1.324091058535046450e+01
1.536017991934826021e+01
1.438328073205078894e+01
1.277708518995265230e+01
1.474320204719690786e+01
1.430160860715754900e+01
1.660693188897219130e+01
1.374948711233594523e+01
1.350010673717369158e+01
1.275929165557726819e+01
1.569343688277000304e+01
1.520374117378527323e+01
1.192395863804259726e+01
1.712692201720948049e+01
1.419858840085940344e+01
1.442354176943754851e+01
1.361167978131334344e+01
1.244478152962691020e+01
1.647021539220234132e+01
1.322511875785709989e+01
1.397913986403210096e+01
1.356956648712592539e+01
1.386102329946862532e+01
1.554640673344659341e+01
1.348151062417585244e+01
1.295779312613160705e+01
1.332704066161193346e+01
1.264746420273327843e+01
1.469932120474502213e+01
1.398157884859118916e+01
1.394117153010193988e+01
1.283110455807498340e+01
1.181497217421376966e+01
1.302680124704555453e+01
1.389933231389284884e+01
1.297031121842293189e+01
1.612027402652821095e+01
1.340335012489759414e+01
1.403916121341727141e+01
1.159162700505007670e+01
1.552732348442860477e+01
1.477961913422783979e+01
1.488706362667427285e+01
1.435898939071533320e+01
1.333479329233850308e+01
1.456938050705676524e+01
1.613940311317774956e+01
1.356585562258738342e+01
1.374968076482157642e+01
1.355284687178197700e+01
1.167137882748013133e+01
1.365541217409493768e+01
1.466365973726100513e+01
1.527886147151523311e+01
1.424887479696433523e+01
1.633143966147332549e+01
1.499790399656363249e+01
1.473157326509891796e+01
1.514981750683560691e+01
1.311299852361801932e+01
1.444165029032298619e+01
1.628319763530075903e+01
1.587694636235763035e+01
1.345675164173427518e+01
1.468805482388903449e+01
1.361633629706748394e+01
1.569075764668687789e+01
1.553427679550561535e+01
1.422969751957506901e+01
1.671303850287927872e+01
1.286570249440225311e+01
1.508726699450881092e+01
1.176634439790038655e+01
1.650763779032834933e+01
1.343174008560017363e+01
1.439394717891596898e+01
1.173258226083514444e+01
1.477733997833560053e+01
1.217543275859496177e+01
1.097891944549597376e+01
1.524117262763656910e+01
1.555530217792078140e+01
1.478514397442264716e+01
1.206263092487823663e+01
1.369889126431640491e+01
1.245074529759425275e+01
1.483039125408429015e+01
1.506875883940613114e+01
1.261657254582218002e+01
1.401147479784230399e+01
1.293045433086834528e+01
9.988544758067632756e+00
1.361951863006318142e+01
1.068256867965404133e+01
9.932125865539880749e+00
1.436623893556969200e+01
1.410631257244583914e+01
1.271021738434784965e+01
1.624677806510808509e+01
1.156646007776605778e+01
1.130097783459616245e+01
1.673439030534929017e+01
1.335181831678309194e+01
1.562557141900706092e+01
1.477515332931716152e+01
1.453066596926033149e+01
1.159077418226102019e+01
1.273537400991039803e+01
1.431068087222780960e+01
1.213854822118008236e+01
1.269060162176150541e+01
1.216035681112265188e+01
1.131320553148697172e+01
1.301363684510837260e+01
1.181580603841664789e+01
1.562518775575603414e+01
1.108129893533133270e+01
1.199149789131691435e+01
1.291188700902943332e+01
1.230197912391243165e+01
9.929737510615810336e+00
1.211065288935433237e+01
1.239245311096156499e+01
1.147749732781987220e+01
1.450432222470384858e+01
1.220617413138030471e+01
1.337251022596736050e+01
1.280211592121956343e+01
1.281035503454235069e+01
1.584507875926583154e+01
1.252422333371981544e+01
1.246750611163794709e+01
1.345021304942835272e+01
1.341754565000118937e+01
1.471891886243885850e+01
1.212386650054423498e+01
1.323359938758342302e+01
1.255195625554962469e+01
1.238385378389714830e+01
1.149856138601288258e+01
1.494321668480767151e+01
1.470974695157557299e+01
1.724554553428579950e+01
1.987029065091310187e+01
1.769045436138153349e+01
1.235620430014080995e+01
1.687098894296819651e+01
1.269922878442855207e+01
1.200623015062862642e+01
1.070560669014294319e+01
1.625999867409491273e+01
2.054495108204761422e+01
1.352279719013477610e+01
1.186412168327365002e+01
1.239347192494637895e+01
1.078958019079948016e+01
1.345570922878297004e+01
1.338489526970959886e+01
1.634560665605678764e+01
1.452979685829482293e+01
1.179443337139239922e+01
1.479142375256986419e+01
1.564100577514594903e+01
1.088467859835230556e+01
1.331865089060158880e+01
1.423202039556212917e+01
1.239273721535014161e+01
1.151364073402784705e+01
1.531711573568962947e+01
1.342051404264815417e+01
1.408457481199970829e+01
1.401535996345165280e+01
1.406406321564885609e+01
1.529311202077762921e+01
1.236391854805797230e+01
2.122808908120654081e+01
1.305890554811105986e+01
1.120101235494291458e+01
1.408273382534975404e+01
1.563530132659104410e+01
1.628868254690727824e+01
1.914630584749938436e+01
1.339400159756574737e+01
1.552160962687434775e+01
1.171567476179065004e+01
1.331266472299368075e+01
1.293439569264454825e+01
1.156108625906632703e+01
1.280378761297793666e+01
1.473205620096552160e+01
1.685371099982736709e+01
1.301012323247849167e+01
1.163272867399855315e+01
1.253496960732522680e+01
1.437973218920574148e+01
1.120998462122402373e+01
1.320310625169537921e+01
1.325114675919074791e+01
1.374454964423704517e+01
1.417610894670429644e+01
1.289218726722449126e+01
1.231887073712963065e+01
1.310968461363933812e+01
1.064840045036288885e+01
1.792756551187644121e+01
1.959178702961875018e+01
1.490367177850884950e+01
1.270567897570420079e+01
1.444264641116662418e+01
1.449824493395306924e+01
1.141096700873663572e+01
1.370584932931296507e+01
1.667897730986273075e+01
1.643815041537534327e+01
1.331081514607334526e+01
1.496554058603269510e+01
1.103453946674419939e+01
1.460292675401523432e+01
1.504336543404519588e+01
1.014415177317439642e+01
1.565002956611245466e+01
4.024573328542900619e+00
1.583968929856955121e+01
1.035428112755091945e+01
1.549391023427267200e+01
1.558079106359206634e+01
1.416756269032853943e+01
1.230019857605155664e+01
1.454843669650396620e+01
1.427857968422747348e+01
1.433381019391321054e+01
1.395231938926973569e+01
1.752691723064532070e+01
1.132323946834439532e+01
1.229688585929809719e+01
1.406560931386353097e+01
1.170856255431206705e+01
1.334304145149180876e+01
1.500844600130981732e+01
1.553192803338934347e+01
1.876977409574393008e+01
1.463685401935555319e+01
1.490090377439954139e+01
1.382671916646393129e+01
1.768905213792381304e+01
1.479268329087693878e+01
1.458651283631121132e+01
1.243432747854243026e+01
1.246377432122183926e+01
1.240246641344279865e+01
1.599854190053089020e+01
1.409471351332265954e+01
1.297995966819707725e+01
1.352689668425124303e+01
1.453538498809224677e+01
1.655916401107045033e+01
1.988238789204483226e+01
1.604782769696190670e+01
1.301902584939092122e+01
1.866301765405796331e+01
1.483275791629763596e+01
1.532988155498679816e+01
1.574867780450468580e+01
1.686317246820727789e+01
1.206150558874195688e+01
1.289150218831284000e+01
1.382729798233927632e+01
1.621742176945945957e+01
1.621600413471965396e+01
1.202603568978798343e+01
1.666125699080416211e+01
1.405619238728466591e+01
1.329867884989019089e+01
1.562921554806148272e+01
1.474862226730726533e+01
1.466116925958315420e+01
1.330382475127069952e+01
1.418282997945865986e+01
1.521078327206919845e+01
1.487019758260255031e+01
1.135168837053275048e+01
1.244584904651526536e+01
1.378667316052860592e+01
1.522779571802646359e+01
1.528123602419800164e+01
1.105347209810144804e+01
1.387467905375519273e+01
1.491392988397639030e+01
1.538584361442102555e+01
1.344960908805107813e+01
1.652664136422886898e+01
1.541456211985708613e+01
1.410282862863761721e+01
1.684420163788114877e+01
1.812259913402609612e+01
1.595166117908727799e+01
1.400509401807596177e+01
1.715255047064600546e+01
1.290648355527547331e+01
1.858545727648754919e+01
1.272482088445868875e+01
1.574944885298787867e+01
1.305219711366747148e+01
1.649508089115310483e+01
1.631895947608188635e+01
1.159397952285383226e+01
1.528571525583475932e+01
1.554034369815751049e+01
1.313301390914848810e+01
1.567939964137251430e+01
1.265196277536823644e+01
1.301134976751087535e+01
1.659881633831044212e+01
1.548658730397323424e+01
1.704619266094907104e+01
1.492766823616576666e+01
1.636666162476829811e+01
1.662694449768646621e+01
1.582054378413892870e+01
1.594050940787061421e+01
1.237961144664138224e+01
1.260613425280813260e+01
1.287701804814613737e+01
1.402322322127814935e+01
1.476520097654341157e+01
1.485080942215214783e+01
1.828008761027945539e+01
1.731926585114806727e+01
1.529710069989586607e+01
1.362086588626746142e+01
1.601661003547972584e+01
1.443027555477688040e+01
1.700326480999284584e+01
1.556483227423341908e+01
1.261215365228131979e+01
1.641154083395453966e+01
1.419833818289744976e+01
1.787273502200583764e+01
1.390158044479728972e+01
1.685028704445112524e+01
1.337854639851486027e+01
1.530738099704675115e+01
1.668290627047350227e+01
1.426820760846899994e+01
1.340071281035388040e+01
1.420199518386210791e+01
1.661956350358542522e+01
1.549648906630980250e+01
1.992981471649601843e+01
2.056657092826795363e+01
1.425193001311905761e+01
1.846483170292818698e+01
1.268851405746365302e+01
1.439548811083933799e+01
