1.096435845187369829e+01
1.901272204366697949e+01
7.074734535937833968e+00
1.009245627669305456e+01
6.204300178885423733e+00
1.657658011099779571e+01
1.063943816040729651e+01
1.085068543892145065e+01
5.115731329077279455e+00
1.808602483710337339e+01
1.860212337734390786e+01
5.851468830776955343e+00
8.617302579584048772e+00
1.108992984041804775e+01
1.362630384238672221e+01
1.935172729569475791e+01
1.593757816833689134e+01
8.668719258530071414e+00
4.268736544752904649e+00
1.224100007660570100e+01
1.139375804227405986e+01
1.099633442109773718e+01
1.174407029352187948e+01
1.127668371410739923e+01
1.595710183437246243e+01
1.258257467344537517e+01
1.777511411974304778e+01
1.594300352923158215e+01
1.225746878565451858e+01
1.706290796951764221e+01
6.815189433716115630e+00
5.046298588752919478e+00
4.929324417946697068e+00
1.369710644198795357e+01
5.042684786265416719e+00
1.968244323304710974e+01
1.878817304832662316e+01
1.124165457558993531e+01
1.340390971755430449e+01
1.146290189127404879e+01
9.309766267124741645e+00
1.098946734037656192e+01
9.045345649338642602e+00
1.705999784403907782e+01
1.543866475643814695e+01
1.628442117090981256e+01
1.503243859400489058e+01
1.329985475992745947e+01
8.788968655277930253e+00
8.504010924171717889e+00
8.899382647502388721e+00
1.244684099363864149e+01
1.102835949154548167e+01
1.133964188309130350e+01
1.272671941128467132e+01
1.031263996791798476e+01
7.369871737146624469e+00
3.378125974453827229e+00
6.022975564616709576e+00
7.737211573747990734e+00
1.292612516718881821e+01
5.333289240405982845e+00
1.179088970756804144e+01
1.030280808807053994e+01
7.852880874732333538e+00
7.377980564213918235e+00
6.831552024255218569e+00
1.106981279739771651e+01
1.182613388918995234e+01
2.124000575020178161e+01
1.280526533958261837e+01
1.109643716777147660e+01
1.551585848486527119e+01
1.718479238373486595e+01
9.184848410359871096e+00
1.130920136331363324e+01
6.315268127678455912e+00
9.693537834248033391e+00
5.368579036102577362e+00
4.073671527610613907e+00
1.946014464932598109e+00
5.867482279822347380e+00
7.262629572521428045e+00
1.964676258229367889e+01
1.615875144891886350e+01
5.776696048986730503e+00
6.284586067166419987e+00
5.149429103526471430e+00
7.022724168081438734e+00
8.750307099410891354e+00
1.318050342675506137e+01
2.207464098688262766e+01
1.588660934769298549e+01
1.465492372518706787e+01
1.428900648820867225e+01
8.714756696729729413e+00
1.519077336605694839e+01
9.657742654489632983e+00
1.068797764695054120e+01
1.179772267361976645e+01
5.003265082260793584e+00
9.874310166948603751e+00
7.674332586888880314e+00
6.638451216710888225e+00
8.313204023302148471e+00
5.030147814759757807e+00
6.777025600539896999e+00
1.291657134697176446e+01
4.328089353237064785e+00
1.455639776818241771e+01
1.251073695094789784e+01
1.101930195082026032e+01
9.477809157073778579e+00
1.567300271642099929e+01
9.331064237480097390e+00
7.789320553770322064e+00
5.868791995776539316e+00
6.886900781259400972e+00
8.357806783671028583e+00
1.088471775937556707e+01
1.301475011781333180e+01
1.025116071633180681e+01
1.136181489926486776e+01
7.278499307049287381e+00
1.369788574320870467e+01
1.203184560196867281e+01
1.048208656161875396e+01
1.545678361366921649e+01
9.132979393934080647e+00
1.200114248453808585e+01
1.425692002985377727e+01
9.540845562660351220e+00
1.144978348405753010e+01
1.272552077769591783e+01
1.337594099886580956e+01
9.583793149118646326e+00
5.962755209754662111e+00
9.049307457801363697e+00
7.314110940357784862e+00
1.146963091686676250e+01
1.670320657185792612e+01
1.080134162165433409e+01
6.047753476035529374e+00
1.419526840021421954e+01
1.063569600930277481e+01
1.075943335482910967e+01
8.823681137045181089e+00
8.048250654184144537e+00
4.490577839686724637e+00
6.723364022515086802e+00
5.218194213295402228e+00
8.054428786119181893e+00
1.178952398070801522e+01
1.353599325857173064e+01
9.924943430669738831e+00
9.999351261234377120e+00
1.206361767040885979e+01
1.112420188580105673e+01
1.487509572918967038e+01
6.320723431933502390e+00
1.106783539873773847e+01
1.204749815043675198e+01
1.490394998558475415e+01
1.377407653641949459e+01
3.612361244549546768e+00
1.165998124871186370e+01
1.086922212157194778e+01
8.124414663305776330e+00
1.074795237386548763e+01
1.538725830602802880e+01
1.244298720474846753e+01
1.199842139189855672e+01
1.316777883484928324e+01
1.466680912436704709e+01
8.120970233785092418e+00
1.208088824625196978e+01
1.455259787686530970e+01
1.307918483726188086e+01
1.072723790094373442e+01
8.679183653558107281e+00
1.082388987868977637e+01
8.322134557869437899e+00
1.312310411377148966e+01
1.441952817096218809e+01
8.140927661947758409e+00
4.722476986636420015e+00
1.022103709587557674e+01
1.014894047119022957e+01
9.945354720731575782e+00
1.204810198076902594e+01
8.635444966399241196e+00
5.501983223627133768e-01
9.406219380967181465e+00
1.474354437626178083e+01
6.204269400639184084e+00
8.751541607189396998e+00
8.769579964454296217e+00
7.164057269627203794e+00
1.126748994829848094e+01
1.152894331476975154e+01
9.375242363752448682e+00
1.008009688370180612e+01
9.541799047951734281e+00
9.627352975978485716e+00
7.171063924989633520e+00
7.150449015974587041e+00
1.511945041993393701e+01
1.074013889277357947e+01
8.157221124364882670e+00
6.224230361382327992e+00
6.820624951934593838e+00
6.830944726170345760e+00
8.876342859075228020e+00
5.077170735762008391e+00
8.491214522956180843e+00
8.339483774774375746e+00
8.569776899842349138e+00
9.879472739619343358e+00
1.096223423026478194e+01
9.402165025101751894e+00
9.426618469237959985e+00
1.195776812049710003e+01
1.468188641534434602e+01
1.024420969850188712e+01
9.296883685511859952e+00
1.753868828785556389e+00
8.476370851213012259e+00
1.148164997950694044e+01
1.261775843657232521e+01
5.420696707879984366e+00
1.384714989077355263e+01
7.903593134783911900e+00
9.021410296824260655e+00
1.174254482617336670e+01
7.640569140377465374e+00
6.612061366480381785e+00
5.821806685935881021e+00
7.411451428827765753e+00
3.344377799765735571e+00
8.976321419120766976e+00
7.686679687684698337e+00
4.373444128981674339e+00
8.614130927186238296e+00
5.866502359922050047e+00
1.333643613796503757e+01
9.192080764104440860e+00
6.615887680928095094e+00
7.863817732772242053e+00
8.653283572361473830e+00
1.119962889495188385e+01
9.089386973451745177e+00
6.646034932810644058e+00
6.816228487948444936e+00
9.752717667737076823e+00
1.095134689547492357e+01
1.488970053068078592e+01
1.131342496499492789e+01
1.105406958756526947e+01
8.519220997303236231e+00
8.225463281782488423e+00
7.439978797646189079e+00
1.205195464039243447e+01
5.538543127561522894e+00
1.149286015549442297e+01
1.076108339143775616e+01
1.086389056635052341e+01
9.600599088540294090e+00
8.241539496896717054e+00
1.173229764452508661e+01
7.715578839873983519e+00
8.040856602768998940e+00
6.505167239208883956e+00
1.186471583337370816e+01
9.630482712727353345e+00
8.408854051150786546e+00
1.242686984126899574e+01
1.131213020276091186e+01
1.324276436791336842e+01
1.000943446476298249e+01
6.993205639926348915e+00
9.262845261283025877e+00
1.105641926704155331e+01
5.337085826157851542e+00
1.124419917066947683e+01
8.519371999617609603e+00
8.995241325800865440e+00
5.546449613016665836e+00
1.245090906601006608e+01
1.609966284990039753e+01
9.077252219134880562e+00
1.038453679619349046e+01
9.774247202206979068e+00
8.690813698404332044e+00
5.038628743736003557e+00
6.706522789190063172e+00
9.930484917720384885e+00
5.843441710413811663e+00
9.493157214244186903e+00
8.642756200696961599e+00
7.222015345192721369e+00
1.282575568012835099e+01
1.092474324076760794e+01
1.005480339275494295e+01
7.394328907267791351e+00
1.052357384025823706e+01
1.080089759890420531e+01
9.728352018522711475e+00
6.949710428930895745e+00
1.169152687630361065e+01
1.000945040155481180e+01
9.139486908628152051e+00
7.835463590721247762e+00
8.236428979730586519e+00
3.858968924541993140e+00
1.000832719445439167e+01
5.080928357469385759e+00
1.176420904140587886e+01
1.008622654538507035e+01
6.676105252457794847e+00
1.399965927484341677e+01
8.092356372868556136e+00
9.831446367077310455e+00
7.683630279062521495e+00
9.028601390441718166e+00
1.064657687184450907e+01
1.019890806603956257e+01
9.543162649453433843e+00
1.237365711871931317e+01
1.146500587265355975e+01
1.327568955694323272e+01
1.446057626319979583e+01
8.833413345931791838e+00
9.398726643618175558e+00
8.127464840154427606e+00
1.146466122426459755e+01
9.208395582633240650e+00
1.465341416134126362e+01
9.613399113230638449e+00
7.459759803792604060e+00
9.814257472011229666e+00
1.485553842301070659e+01
9.863905239836327610e+00
1.186490479970419365e+01
6.304639922208923331e+00
8.184644237134914846e+00
1.501672450779917867e+01
9.526847544685725921e+00
9.924571000160431922e+00
1.006093261833191299e+01
1.043813300374987385e+01
1.269974201826153326e+01
7.640415171243021497e+00
7.700135908818619868e+00
8.890858555794890705e+00
7.536379453889934688e+00
5.947186211526524602e+00
8.937694343956758658e+00
9.743198114259874032e+00
7.910824014518071046e+00
9.880869403294695985e+00
1.157058645263087548e+01
8.303957687095403273e+00
1.001546518968581800e+01
7.774375509773334691e+00
7.990350325116764907e+00
8.858068326513532043e+00
9.027277778961593668e+00
8.463677688628187923e+00
8.031893163853519368e+00
7.178468496739642823e+00
8.511417924898992737e+00
8.450987157872329902e+00
1.099188007481634877e+01
1.281072443645080661e+01
1.119860617578587991e+01
9.654543388804793125e+00
9.702656072213869720e+00
1.230086196914016305e+01
1.197040390465159909e+01
1.095565572509524088e+01
6.114472510117866300e+00
6.857694458548018623e+00
9.024557732443270197e+00
9.451383772625165491e+00
1.153702346133624168e+01
3.736936416903025471e+00
1.148671701330674111e+01
8.895887384459047809e+00
9.369803883876121731e+00
1.298490600111926341e+01
1.263181149341043152e+01
1.336947315564481897e+01
1.106602289057435051e+01
1.643307971936004463e+01
1.069970157487278861e+01
8.152435120315733030e+00
1.132211789787635858e+01
9.487621818736371893e+00
1.173147347076944413e+01
9.827905229689754663e+00
1.339123880197356442e+01
1.518646805934804078e+01
1.816894144621876706e+01
2.685809986588849085e+01
3.272471169003245706e+01
3.859872244010603737e+01
4.273358588237317690e+01
3.887166174532304552e+01
2.871003265341261113e+01
2.722197782904904173e+01
2.469526362620569060e+01
1.949307058068955101e+01
1.437178826590843883e+01
1.292712651290866077e+01
5.672934192076606763e+00
7.447211422533273506e+00
6.115154361687522133e+00
1.066003172367488183e+01
6.886790088845149427e+00
8.333654454855988547e+00
8.735795443406164651e+00
1.030866601067406663e+01
1.282688960082382224e+01
8.895710937860261680e+00
9.231586639388384086e+00
8.504108088339915383e+00
7.554525756161275751e+00
1.055725501033256286e+01
8.253709782445760368e+00
6.335550776448296340e+00
8.090881891536184867e+00
4.925526499864444574e+00
9.494915749276289674e+00
5.728875389856195710e+00
1.244627061106490906e+01
1.226103672674480194e+01
9.275316439325429485e+00
7.304434940126385278e+00
9.920573321478928008e+00
1.243895726687791203e+01
1.442186915037486550e+01
7.028439446087950238e+00
8.112319471336228105e+00
5.898424264470252254e+00
1.096108323823971986e+01
7.908728318355645825e+00
8.047714805477257372e+00
9.658931596834683830e+00
8.847167865028620071e+00
7.032943410766461234e+00
1.385750801726115178e+01
9.216246838164726896e+00
8.782396425957371022e+00
7.157981077894692845e+00
9.931152484298836569e+00
9.018717656361573631e+00
1.079685142987093016e+01
9.493184504638993104e+00
1.263256217849906093e+01
1.296989242217720673e+01
9.090331120396184517e+00
9.950759764326178924e+00
1.158845366169027713e+01
1.014587200680093382e+01
9.627573466337937091e+00
1.324878017496529203e+01
7.807733244194974276e+00
9.717863323124072750e+00
1.343358047505490660e+01
9.584265726253187623e+00
1.035623949525027854e+01
1.411525360386250227e+01
1.171419768537156614e+01
8.853090698157224381e+00
8.468337765040070408e+00
1.259891647439487272e+01
1.037025998740236332e+01
9.023561817080835823e+00
8.223571273413005756e+00
6.310644494521230996e+00
7.073079945584876960e+00
1.024559609405575600e+01
7.855757364652999009e+00
1.136603090304854824e+01
9.437182212601104681e+00
1.003771231463099411e+01
9.553035142860704099e+00
8.794222117650045689e+00
6.365279144537639766e+00
9.069426558652446957e+00
8.164499313075099352e+00
1.040221234124408234e+01
8.917181901831778390e+00
7.984425309830267992e+00
7.323676005589996763e+00
1.207802012190966678e+01
8.069299909215834177e+00
1.295453996531141527e+01
1.270576257814320265e+01
1.445324550698982335e+01
1.186096651439545191e+01
1.130881481942712696e+01
1.001898524236175625e+01
1.040598455870316030e+01
7.496878496236339728e+00
7.069046671508937507e+00
8.939332446520545261e+00
9.570920823522293119e+00
8.958987215926176972e+00
1.001421045189205294e+01
9.143584323882560483e+00
8.511098847673116197e+00
8.340029547222178152e+00
7.459921229834869827e+00
9.210325890982419494e+00
9.063020554665975226e+00
8.551164028494374847e+00
7.196415673838298943e+00
5.463239581309621506e+00
8.127093727153209102e+00
9.015763488020574812e+00
4.677719955592135825e+00
6.695471196433492977e+00
9.846523144915593662e+00
1.294315367666526662e+01
8.059539566644378539e+00
9.062234166644483224e+00
9.270954694531660323e+00
7.825667873305642175e+00
7.945601858483733793e+00
6.360787975102462077e+00
8.832989109518468496e+00
5.777207189764644646e+00
5.691321838559424862e+00
5.832988215516702546e+00
7.815555852711651319e+00
1.050316449692605403e+01
6.973762123393662193e+00
8.314536098914636852e+00
1.282103095113867575e+01
1.188647259167446002e+01
9.402289723768344487e+00
7.771782219819506565e+00
7.959449892895611001e+00
1.322719603599962923e+01
8.062102514219944283e+00
1.064563590210068078e+01
1.097134505395687931e+01
1.052898570160851754e+01
1.126031482870833500e+01
7.594773218422039562e+00
1.239124487856062018e+01
1.050147662796156567e+01
7.510228170250882407e+00
8.620612263648734341e+00
8.761396529965416846e+00
1.030209597414699019e+01
8.050246511609758571e+00
8.665119323813298635e+00
1.041984003011725157e+01
1.017000398005699147e+01
1.005116851562603486e+01
1.091523406858622991e+01
9.709357667457929608e+00
1.090352101864039014e+01
1.247790114290514829e+01
1.454507560215197692e+01
1.149121175607748135e+01
1.328536051194192780e+01
1.350291514024813289e+01
1.141039010375293472e+01
9.356200192425518480e+00
5.560379413531645554e+00
7.022225433270081751e+00
1.006948748814978600e+01
1.282885836624502396e+01
8.089015892721610257e+00
9.390767179683709998e+00
9.749762284238345345e+00
9.536261721635789002e+00
1.176358940442922396e+01
9.544448880029928972e+00
9.661055074674511189e+00
9.009447072451061800e+00
5.205506805152054994e+00
7.544503930309197415e+00
1.092141624704574454e+01
9.954196178906931536e+00
9.167801235194774634e+00
8.157536112048962451e+00
1.031214847718737282e+01
1.059161134786933367e+01
1.057650283887997134e+01
1.198064475492982162e+01
9.243401658002301957e+00
1.036551797923457663e+01
9.337552952556936958e+00
8.289992613338464267e+00
9.554515252225236566e+00
8.844756471452770441e+00
9.891682389903598605e+00
9.700396383718718596e+00
1.173399192558683701e+01
9.966322043042255885e+00
9.773922403407919290e+00
1.097792997254121872e+01
1.157139488690081208e+01
8.049638449451308020e+00
1.605572991302215868e+01
8.825653569353859140e+00
9.728326665395266915e+00
1.236513561388243154e+01
9.491192525499988264e+00
1.017252493340361674e+01
1.206607441463162722e+01
1.029789274326078363e+01
1.074548111898093339e+01
6.436392713415152400e+00
9.631593143008773339e+00
1.229367711154830545e+01
1.383715802912386117e+01
1.132807077359946923e+01
1.054787699840236215e+01
1.040682328207914864e+01
1.181827290406775077e+01
9.227331572811451110e+00
1.022436306385191429e+01
9.253676435968081648e+00
8.912131922484324065e+00
1.033277868318717907e+01
9.864616253546412139e+00
7.357515911632024341e+00
7.897276118275853740e+00
4.362467588617932712e+00
1.045519456739910247e+01
6.106107037735843512e+00
3.296282782926143184e+00
3.734078423858519180e+00
4.823913406950876670e+00
3.510794185407627666e+00
5.914781273806866579e+00
7.106425452322156389e+00
7.553863385531799146e+00
8.517361741035703204e+00
1.001967435460664113e+01
7.430112580940529732e+00
7.150409856407221376e+00
7.805777045392353841e+00
8.021074158870614923e+00
8.735285938964427288e+00
1.092468257696071809e+01
1.165969588820596492e+01
1.169292347140937949e+01
7.585693624816523872e+00
8.726064947549811990e+00
8.535866372912900957e+00
1.139152513001063660e+01
8.487562631686566661e+00
1.258627074304700599e+01
9.638348810784396647e+00
9.550691492604501676e+00
9.623226159057347573e+00
1.003990890858678675e+01
1.045558390131802184e+01
1.217914392646643407e+01
9.659429720242300732e+00
1.112963194402081335e+01
1.032008724835834457e+01
7.496941967951129548e+00
1.004523818580816297e+01
8.696585569259395854e+00
8.534411092087417217e+00
9.423611453380587477e+00
6.506625995963455367e+00
7.128039885793929997e+00
8.228200652394260572e+00
9.149131665649827383e+00
9.111351300616464144e+00
7.627223228982949799e+00
7.000944893392198942e+00
9.418923286895941160e+00
9.342694807374142485e+00
8.488358035638482235e+00
8.791990686797234389e+00
1.056078715340817453e+01
6.301204283142028295e+00
8.379552659835152184e+00
9.621811933392450555e+00
1.010570955249560399e+01
1.169399116168346531e+01
1.021306950725940510e+01
1.170866457782988412e+01
1.291362515705393754e+01
9.256145914208792291e+00
1.192298713641140040e+01
1.250727469549108406e+01
9.256097672766335549e+00
1.084642107714368819e+01
1.024512325062450735e+01
1.023939942042765416e+01
1.020182557127015954e+01
1.227418483003464367e+01
1.107554967405845936e+01
1.424090772069700428e+01
1.120991621253226533e+01
1.145646949964289441e+01
1.208329158612010978e+01
9.824528695866392880e+00
1.090410364919398845e+01
1.038329100359394808e+01
1.293692124170612345e+01
9.911533263300784213e+00
1.222066467166059844e+01
1.268746107160142067e+01
1.254603644054738254e+01
1.223472995780915973e+01
8.927627938379705697e+00
1.250610026040721046e+01
1.292514126296257260e+01
9.146611940772768179e+00
9.867576076118009354e+00
5.333067242990790824e+00
1.185988241272935539e+01
1.300101686939576595e+01
1.146612156876347655e+01
1.325609749759322398e+01
8.648091173123557240e+00
1.103596461757825153e+01
1.312738649530291468e+01
1.302193106869368222e+01
1.066983722076701113e+01
9.347494249250088316e+00
1.049053258374308228e+01
1.211116949320173219e+01
1.488522181561971891e+01
1.153969788991101275e+01
1.160330514964411641e+01
1.206777908748921568e+01
9.669079508923273281e+00
1.017572138714412766e+01
1.200098073934323040e+01
1.093470483816779826e+01
1.166181754560834172e+01
1.148162798730254153e+01
1.287989663366392712e+01
1.073058572954578516e+01
9.736807453591639572e+00
1.309426548659717504e+01
8.405389734883854658e+00
1.237421441563237323e+01
1.251961358124544965e+01
1.071754589224363841e+01
1.464127885202374202e+01
1.435564389858833323e+01
1.148949394696811588e+01
1.128155083237066592e+01
1.118753741046982597e+01
1.556338076609650400e+01
9.164878420497270639e+00
7.234778342224364778e+00
1.252215306628595215e+01
8.422982585158271363e+00
1.105943743812620816e+01
9.236186093614259462e+00
9.513297588456957499e+00
1.384683984502755472e+01
1.403095742295710657e+01
1.071951701421606451e+01
1.277053198089740604e+01
1.108671012987883664e+01
1.054081116264832119e+01
1.098442977095980844e+01
1.246845568898895351e+01
1.092025556980589762e+01
9.847239397989238086e+00
1.070340853426976224e+01
1.052374040527828747e+01
1.019183922095112038e+01
9.963520490766137883e+00
1.443565121111984695e+01
1.176519509105358452e+01
1.215168314766335733e+01
1.320369085704820300e+01
1.377400296908128574e+01
1.181770940657954405e+01
1.525962986678527677e+01
1.281209156567663321e+01
1.355954456566790078e+01
1.220582467810561056e+01
1.202025585703816368e+01
1.148596956974932048e+01
1.094138405592537211e+01
1.134514178379914817e+01
1.216341466973754315e+01
1.287996282579330476e+01
1.428187994267132765e+01
1.252809073861052802e+01
1.075071702584920708e+01
1.195478016245790975e+01
1.175645098233188257e+01
1.239912085629617522e+01
1.525603028739622147e+01
1.160624431821376312e+01
9.900610587308452892e+00
8.395669962570218914e+00
1.164780704994390348e+01
1.442872992651086506e+01
9.720701315002440168e+00
1.094129704576990036e+01
1.215358881201463603e+01
1.401393035691005196e+01
1.287394917872149058e+01
1.399482492733485373e+01
9.121474687060487696e+00
1.179797812088641251e+01
1.255202991556117098e+01
1.145276936075370955e+01
1.078215887880285173e+01
9.673119474028236908e+00
1.190518621271050570e+01
1.329968791990730281e+01
1.211699521489608067e+01
1.205232532064837692e+01
1.027838229557047001e+01
1.116797714924912732e+01
1.209415688412673617e+01
9.512800269973718414e+00
1.183917160915510181e+01
1.332640591395539076e+01
1.468336001336181695e+01
1.186929565904966921e+01
1.297809536321734036e+01
9.501059546282002444e+00
8.831778088452455933e+00
1.297372261013034134e+01
1.287686913975912262e+01
1.253767228058333671e+01
1.232026804574712031e+01
1.149627351115673157e+01
1.226770219031198295e+01
1.351113019929119829e+01
1.172296528271818872e+01
1.407692417092923520e+01
1.337560810336150574e+01
1.074456487551953821e+01
1.372434434407798598e+01
1.075493565346671332e+01
1.009859796965438328e+01
1.294636882216994422e+01
1.286066693189676435e+01
9.912411112891977183e+00
1.016122551228948367e+01
1.338634963146534140e+01
1.272304836461368183e+01
1.049426353372066600e+01
1.145250512351547378e+01
1.109788814292911141e+01
1.194658690556688896e+01
1.072934590346445383e+01
1.200025180561079807e+01
1.226418327815248510e+01
1.134323511121679395e+01
9.493548422388670360e+00
9.145709815641607676e+00
1.107880158843147633e+01
1.382664810776729070e+01
1.278728768550501016e+01
1.137215113595401839e+01
1.074057330368178498e+01
1.182703926051556564e+01
1.292708011513503585e+01
1.224548840771244862e+01
9.485822145024974006e+00
1.135100466863712398e+01
1.155395960556726287e+01
1.092124605821527616e+01
1.099726678151464476e+01
1.233153634693434597e+01
1.298618481232652933e+01
1.022610640362489320e+01
9.831685455036557997e+00
1.141978905758245766e+01
7.711026495790248347e+00
9.458683591827160342e+00
1.020485616348175206e+01
1.105563380404899121e+01
1.092845608567696836e+01
1.076739704159356137e+01
1.293644489712103507e+01
1.061957906989406908e+01
1.071542703844414035e+01
8.952472105770459265e+00
1.177647884449019777e+01
1.217128275863969478e+01
1.045140331001403133e+01
1.049236125143857556e+01
1.018067047576642814e+01
1.077380780798008075e+01
1.105814030430998507e+01
1.299221149114722351e+01
1.067588206838450660e+01
1.122314989809627050e+01
8.244955970529826317e+00
1.009699661025747375e+01
1.038536894503854136e+01
1.254582827588068739e+01
1.021147364920194889e+01
1.094642656613829956e+01
9.065512714874326861e+00
1.063883687179428605e+01
1.138948840552607855e+01
1.090590624320947732e+01
1.225018915313922641e+01
1.006367876741231626e+01
1.361935378744004410e+01
1.135020435863125776e+01
9.920725769559471274e+00
1.546627367959762367e+01
1.252072466579485877e+01
1.247757645122332093e+01
1.262884830015963544e+01
8.731588917083561441e+00
9.239923380871495340e+00
9.804642294510493628e+00
9.766800528899800327e+00
1.291244905692378708e+01
1.133718437906660270e+01
1.037290828998335357e+01
1.103691719750939981e+01
1.100671574038984879e+01
1.198892398220141509e+01
1.214023429872860582e+01
9.924421976384628863e+00
1.057180746163103535e+01
1.225100082143024061e+01
1.119892681727646888e+01
1.197697225045595637e+01
1.097647134080359699e+01
1.186917368477156742e+01
1.293353496251875789e+01
1.157304363130962344e+01
1.231664685195002029e+01
1.262372389324073652e+01
8.890940401269819660e+00
1.265744304920027119e+01
1.073183542929659495e+01
8.281734120339455885e+00
1.132046844506630912e+01
1.395561124738488523e+01
1.203284719077633369e+01
1.023900309855130786e+01
7.519897676391099850e+00
1.060273836318038754e+01
7.205343420758829609e+00
9.317343463553028116e+00
1.058356377775238144e+01
9.821073804850009026e+00
1.115131377960878112e+01
1.020824422423818767e+01
1.138019517745690656e+01
8.878648990862433976e+00
1.018196510728289894e+01
1.395217004089770363e+01
9.775306130554515249e+00
1.112731387340648403e+01
1.113992675309884817e+01
1.213479589503059231e+01
1.251252389535848231e+01
1.110277063618132765e+01
1.269992312083845043e+01
1.286582237985030019e+01
1.287611751780183056e+01
1.221220809893019421e+01
1.087080237577378306e+01
9.145441725411746603e+00
1.244081577323646037e+01
9.653551798677218798e+00
1.264160770081906904e+01
1.143164281886519618e+01
1.178440663123965848e+01
1.168447290755833201e+01
9.553540980804992699e+00
1.235939263221580831e+01
1.284494554249221387e+01
1.220199913482843534e+01
1.021134690501330589e+01
9.596890574768842441e+00
9.727022981883447272e+00
1.017365349864684276e+01
1.126338831250307670e+01
9.605981411013159388e+00
1.231178493205965196e+01
1.321839610007185151e+01
1.157744158795006229e+01
1.433178193594427263e+01
9.492070192208068136e+00
8.236774500629209683e+00
1.080618195020729466e+01
1.221852793028445383e+01
1.108590071418580969e+01
1.000594916580296356e+01
8.513673648710538444e+00
1.207131297915706725e+01
1.007157841595209824e+01
7.629007644382335585e+00
1.093583853305930731e+01
1.109465988416138238e+01
1.178608817284458610e+01
1.304696136358776570e+01
1.000798396332618090e+01
9.482812580384882395e+00
1.192633422142423072e+01
1.224497199461882246e+01
1.135491961023448937e+01
1.066277480038801428e+01
1.048462360934548698e+01
1.242213349112202003e+01
1.032393642092516650e+01
9.353301243511298324e+00
1.179579252797800493e+01
1.030107464942385853e+01
1.096001476647051476e+01
1.046365108424355661e+01
9.237452844655702933e+00
1.076955324026798699e+01
9.405246571260546418e+00
6.192650005836673799e+00
1.007928729684832625e+01
7.204921737403341631e+00
7.838862313185983588e+00
1.026162576276584026e+01
9.107667385944610672e+00
8.831082483137173256e+00
8.390937906329970275e+00
6.726686543979700339e+00
9.171180525778591885e+00
8.727492713564117821e+00
7.622872153176804666e+00
7.386463496794293704e+00
1.014396143168148612e+01
1.187834695811906371e+01
1.157824532807279461e+01
1.065035601816110500e+01
1.241102622183004378e+01
1.332897722097047044e+01
1.142982169912735024e+01
1.339912823465751224e+01
1.482497780191642356e+01
1.709688217519213183e+01
1.378346782386547709e+01
1.219217723967126510e+01
1.326917756028048245e+01
1.284890903489125691e+01
1.240435374488441944e+01
1.248695089846594186e+01
1.208800634080986391e+01
1.193674265627717190e+01
1.411183066555168431e+01
1.232643233151486051e+01
1.505687203387661910e+01
1.188035324971268558e+01
1.254516936805677396e+01
1.387021352064446766e+01
1.501489465828777270e+01
1.185522722377583449e+01
1.202708187498604708e+01
1.313813490266133321e+01
1.373561892602701207e+01
1.456196689201859584e+01
1.402608552139052200e+01
1.282223813669419421e+01
1.346474257656352336e+01
1.346444120835827185e+01
1.620746987833503994e+01
1.174613396949635025e+01
1.214770929769370511e+01
1.368776428367115727e+01
1.334314466282424760e+01
1.497426143559707512e+01
1.291156570556289473e+01
1.365461337433447753e+01
1.500783950835783287e+01
1.057375976007546292e+01
1.061180423870942846e+01
1.180065978925835779e+01
1.080269019308721923e+01
1.297429052563008689e+01
1.256183374234658601e+01
1.304280996688663485e+01
1.452781832926958039e+01
1.627311346136957582e+01
1.532622046741728994e+01
1.540839288838068200e+01
1.568887262952293682e+01
1.219912998946408855e+01
1.360917534874977441e+01
1.007681102688987096e+01
1.354022596150512925e+01
1.247205259816852774e+01
1.306288524854898192e+01
1.272461271396231020e+01
1.459644746494617706e+01
1.114727316055988915e+01
1.010460116825398380e+01
1.194300433581032372e+01
1.088726583699808259e+01
1.288318461471222953e+01
1.142724546195913149e+01
1.009110602544784818e+01
1.021621745467264120e+01
1.083535641931612403e+01
1.103413867588011499e+01
8.942451465805778099e+00
1.069470336841800773e+01
1.147521667352485508e+01
1.067410870152440872e+01
1.216552607216337556e+01
1.070004690620497989e+01
1.122328391896965982e+01
1.091948684138272263e+01
1.192368989201171381e+01
1.002829821089535578e+01
1.064077212718005683e+01
1.020217459312881125e+01
1.272533637933615935e+01
8.991736890054523812e+00
1.339450271937689863e+01
1.183625643803539873e+01
1.315725573239742019e+01
1.067497008372188638e+01
9.105186581877489971e+00
1.261238256392654300e+01
1.218302277677708290e+01
1.158612788427664597e+01
1.352718613737852849e+01
9.362531718349851317e+00
1.151808074695290074e+01
1.093927966413120600e+01
1.191495484430214091e+01
1.121448433122215960e+01
1.109440492567247460e+01
1.320962650175411746e+01
9.722525658586814501e+00
1.131058933689041623e+01
9.354526797514848724e+00
1.260409909503421133e+01
1.177243737884712971e+01
1.177731315787296928e+01
1.176104686921023657e+01
1.169846458377597642e+01
1.336051791077822060e+01
1.241990725766169490e+01
1.219938956629595950e+01
1.259698249655960467e+01
1.267443336126861375e+01
1.164249475451064875e+01
1.342862076075565092e+01
1.235081338837686005e+01
1.104659004172972203e+01
1.342266625427488869e+01
1.570884075034300587e+01
1.145072381861388067e+01
9.551211142682520361e+00
1.025663595609583290e+01
1.092447007912814172e+01
1.278317688267147112e+01
1.305657074424429531e+01
1.084469729869753429e+01
1.260191642484328156e+01
1.409222844962908283e+01
1.196985292503722498e+01
1.252832768704303135e+01
1.291042322594997316e+01
1.397178096362547883e+01
1.514120226953327908e+01
1.166542913450880903e+01
9.226151960758024018e+00
1.492449648771793491e+01
1.612342740950171915e+01
1.276862148992789336e+01
1.176422496681946228e+01
1.174634319081038925e+01
1.096317785784772703e+01
1.240371927836500987e+01
1.052297555411676022e+01
1.064540600094880674e+01
1.158296071100049396e+01
1.112437787962397451e+01
1.082844647653281989e+01
1.220165161654678876e+01
1.085955894301084790e+01
1.038027737492999591e+01
1.377769946223117259e+01
1.084427053228016646e+01
1.015573662171493119e+01
1.292718984480930722e+01
1.358458128920550045e+01
1.329302824147760198e+01
1.415509049983514522e+01
1.397719524761430421e+01
1.275241074128834562e+01
1.370608238274888357e+01
1.134456879301590071e+01
1.336389226821088450e+01
1.138608131613650087e+01
1.420634597354970552e+01
1.495982875400838097e+01
1.248810610188175119e+01
1.369047066932206391e+01
1.321839008590983866e+01
1.506663434873734175e+01
1.327080735655988697e+01
1.248441829149454740e+01
1.081605915963083220e+01
1.196579254182817031e+01
1.544396948881247056e+01
1.062204252689927664e+01
1.272187143880491966e+01
1.316671079741270667e+01
1.089350216475366118e+01
1.249577385356671044e+01
1.412027522751334629e+01
1.409107993690967930e+01
1.147182487868181688e+01
1.384393796515546882e+01
1.529877564721182814e+01
1.360464877814204598e+01
1.449835286005364132e+01
1.403049230037879269e+01
1.225017408322935353e+01
1.475652893460051374e+01
1.368435914982603663e+01
1.367155349970606970e+01
1.450509892592262773e+01
1.273202666219660628e+01
1.293036772635630349e+01
1.208835929961600009e+01
1.311929186001840542e+01
1.385222805588658623e+01
1.469878206326294467e+01
1.252987020841534438e+01
1.366018900197691543e+01
1.175091629307761742e+01
1.274011344807177082e+01
1.252455857443189835e+01
1.316151257544200348e+01
1.378151087833957078e+01
1.540515377961769872e+01
1.307965485961657848e+01
1.238394679477766047e+01
1.182684485851219058e+01
1.164026485819392143e+01
9.594924548329432312e+00
1.209770229043900081e+01
1.380983550763789225e+01
1.304633049516993637e+01
1.164109350540575250e+01
1.007307752331102968e+01
1.226377004595029874e+01
1.444510371508452096e+01
1.127432951444426656e+01
1.186125260540651105e+01
1.238284872623627209e+01
1.342966294211825229e+01
1.361123930790468428e+01
1.160926639181850106e+01
1.448653672181846019e+01
1.296270228028095417e+01
1.261412614551859335e+01
1.154979460566647376e+01
1.410207609844533749e+01
1.259259685145559793e+01
1.232502965003332029e+01
1.170627519892630986e+01
1.149737158927597491e+01
1.242664839125520793e+01
1.317949228605106349e+01
1.314538015533782556e+01
1.206688699641498630e+01
1.398129986657042245e+01
1.320082846925227926e+01
1.403120666116692128e+01
1.374285654883047236e+01
1.374049325571988689e+01
1.189084764912336922e+01
1.180304154597077471e+01
1.350921116775178277e+01
1.238214633588424363e+01
1.276713088948052288e+01
1.353651095224480194e+01
1.358375115073700989e+01
1.260244000328145120e+01
1.292125727337753283e+01
1.447628013502728272e+01
1.456058677803277313e+01
1.519915975760126514e+01
1.552879237318221683e+01
1.350348679787585837e+01
1.160022145301122620e+01
1.127372474935472368e+01
1.058306133384770575e+01
1.312446617579412234e+01
1.493699762891007232e+01
1.333909727248751409e+01
1.252186278454462354e+01
1.285744179550686717e+01
1.304687003192016803e+01
1.414660302443951778e+01
1.278618543451448986e+01
1.215408724297780374e+01
1.297144984113307231e+01
1.433095046434413078e+01
1.173485161116801834e+01
1.434148926520950162e+01
1.500254983343850057e+01
1.408631873848545624e+01
1.382622472977364048e+01
1.275987848069098263e+01
9.632895586919817177e+00
1.421806802612938370e+01
1.265716839297700247e+01
1.095819032959853168e+01
1.152856218879781558e+01
1.422890564459493667e+01
1.239006365317583658e+01
1.335979752347618543e+01
1.194292418413774470e+01
1.135120620891684062e+01
1.409409692245054124e+01
1.218028783385336844e+01
1.533087597541444325e+01
1.560899797215494722e+01
1.397313996003429892e+01
1.446159138306031267e+01
1.485616479080468544e+01
1.222452496973685498e+01
1.238437999133553369e+01
1.471105671245855184e+01
1.345273492792907533e+01
1.428746844143539008e+01
1.411443864428778205e+01
1.355577907847724717e+01
1.087203213411040359e+01
1.433347515404691208e+01
1.514604198546533098e+01
1.366847040145361447e+01
1.412006762242446278e+01
1.528257886060885795e+01
1.571097325260025102e+01
1.381584501753240168e+01
1.456107573481752837e+01
1.298040331803430902e+01
1.153229640916482168e+01
1.460063700675657294e+01
1.208303045380206697e+01
1.333040002211342312e+01
1.461888711005279085e+01
1.309484392635788907e+01
1.328510778098226019e+01
1.337278891188699603e+01
1.408860816542532746e+01
1.331264876111926831e+01
1.357874606412294938e+01
1.245961206853202796e+01
1.228331232293902175e+01
1.145652528501554990e+01
1.271328247526285971e+01
1.362975546310790520e+01
1.456918876980273581e+01
1.199616762543065462e+01
1.189430233458934971e+01
1.065907982495690653e+01
1.465409498014251710e+01
1.361166250012196954e+01
1.599799769886469036e+01
1.401565111787553519e+01
1.355321994389331408e+01
1.309516023590552436e+01
1.167054001647960249e+01
1.337394460147112518e+01
1.490674471595709960e+01
1.415777318220375847e+01
1.108358496888728872e+01
1.141434404920306278e+01
1.339489795153655116e+01
1.131171036337164182e+01
1.267364275572059107e+01
1.189101688820231750e+01
1.380708416528794302e+01
1.336200347250908216e+01
1.561364594041179110e+01
1.274922742677316911e+01
1.169149479762745614e+01
1.341084565179766486e+01
1.208562975158389641e+01
1.184538284514790440e+01
1.276278695781134687e+01
1.220454773853041885e+01
1.565060751874657896e+01
1.184520735013272130e+01
1.204760891408765744e+01
1.280233702191568668e+01
1.307406328964505349e+01
1.245192693270052331e+01
1.350610913054204687e+01
1.327345873626941319e+01
1.320497206372863452e+01
1.464320377068540679e+01
1.389857176597819155e+01
1.460101694907174341e+01
1.268595761541765121e+01
1.494154955666034468e+01
9.324711180069202854e+00
1.437403395324691679e+01
1.331534046121307924e+01
1.363237290155415238e+01
1.491743867362699483e+01
1.341984411744463301e+01
1.456656330786016795e+01
1.302536659555749843e+01
1.274671537869896731e+01
1.273949133396549804e+01
1.277608996162200583e+01
1.446357693284745949e+01
1.324664841638675483e+01
1.243185925969421923e+01
1.325481842418976797e+01
1.369709983184485402e+01
1.358498700916378077e+01
1.459235341545773501e+01
1.214869963660487784e+01
1.393348955084058005e+01
1.484448964093514967e+01
1.463565486067107102e+01
1.528716804127212647e+01
1.386560987562074843e+01
1.371391377630073904e+01
1.272002827926647583e+01
1.421190510039615873e+01
1.410924681826192639e+01
1.315478902423084939e+01
1.162537842536791999e+01
1.179097454727135386e+01
1.513471613903872282e+01
1.269091723160596352e+01
1.390599385982782543e+01
1.290408061589363697e+01
1.419887089345753139e+01
1.309934115732447957e+01
1.439126298929900827e+01
1.407586590237979784e+01
1.394911336762799969e+01
1.432482900835064754e+01
1.469649792082649853e+01
1.428514291068648134e+01
1.164175959403242899e+01
1.393949752913056805e+01
1.505958749890629456e+01
1.458580164270298241e+01
1.364469189457783038e+01
1.422102720982905844e+01
1.484819056463027387e+01
1.319319602010198800e+01
1.270351511443486103e+01
1.150257006262781445e+01
1.328040530257859153e+01
1.185195578606489342e+01
1.603944889302589516e+01
1.593991897020826620e+01
1.300644243449615090e+01
1.475969462702708945e+01
1.114706959485218540e+01
1.595244215378160035e+01
1.336152846345175504e+01
1.291497327566976772e+01
1.196008821823470392e+01
1.333735185959229597e+01
1.351000396712905882e+01
1.375463103057502678e+01
1.298917135952772028e+01
1.412842210208905769e+01
1.555950742049277480e+01
1.385415239173674529e+01
1.636337797749291312e+01
1.353688789178965024e+01
1.340745450061318600e+01
1.332924803205725794e+01
1.610687688440665255e+01
1.380191727267461488e+01
1.083228218280804356e+01
1.237660852001572387e+01
1.518938771400016918e+01
1.334480779095576075e+01
1.447485051791117172e+01
1.495972930400367140e+01
1.369557767570054452e+01
1.276247315334595633e+01
1.359441080447713546e+01
1.514467926586481283e+01
1.547729699021869898e+01
1.153363963325463537e+01
1.349673530200832872e+01
1.431435989227705896e+01
1.518423768471792101e+01
1.378755627307448428e+01
1.312258610651243096e+01
1.277115056859597786e+01
1.341089793630050231e+01
1.438839869296007734e+01
1.326127896688133490e+01
1.468282315146346662e+01
1.643397317717759165e+01
1.328041606099649208e+01
1.313431831769610270e+01
1.617209436278407964e+01
1.382627684422080527e+01
1.344062025816053030e+01
1.589502881934782330e+01
1.723456481256118877e+01
1.518635476697941833e+01
1.639603996000540675e+01
1.521787798812363590e+01
1.437406368839175386e+01
1.546531045331031606e+01
1.679390740204071264e+01
1.521220853950594076e+01
1.485593466411991415e+01
1.581959361507424688e+01
1.464254226541723725e+01
1.429276406464423488e+01
1.567997432322349205e+01
1.610703729725144129e+01
1.432368828950545847e+01
1.342983587604689788e+01
1.670141146801521259e+01
1.573848676975594785e+01
1.642315193988603994e+01
1.619753236035475297e+01
1.545911643222217080e+01
1.522983770430800377e+01
1.506621203220313454e+01
1.367746470834955552e+01
1.738839255014389806e+01
1.767567751961048117e+01
1.580782444224331584e+01
1.608919474785009740e+01
1.528575748464209028e+01
1.332890753902905878e+01
1.550709161547698223e+01
1.669016516706091124e+01
1.317547396006229476e+01
1.448373301778907773e+01
1.669121321552179538e+01
1.523931575183884668e+01
1.548787783270292451e+01
1.622864224219001628e+01
1.591522341824289555e+01
1.885608249257898450e+01
2.209803677078001982e+01
1.903782364435250685e+01
2.123830057974339169e+01
2.262519735405943422e+01
2.275365248241265093e+01
1.862441142041875608e+01
1.658923318669670266e+01
1.748659498059992146e+01
1.529337208925285019e+01
1.822303412462028405e+01
1.452281886621963913e+01
1.296303888327293308e+01
1.492671128905580780e+01
1.432485520729226991e+01
1.253888241212302290e+01
1.505541902782911734e+01
1.786652065186748573e+01
1.569270860799205458e+01
1.512912277997148003e+01
1.503780227308780582e+01
1.567552172219138029e+01
1.628433999964901702e+01
1.611800287444746616e+01
1.548254686155796200e+01
1.552194393503116032e+01
1.196355631896685168e+01
1.490223252905438756e+01
1.422382828802516563e+01
1.691811115048459158e+01
1.496385477906086514e+01
1.356957359243339845e+01
1.623892994322502048e+01
1.594081371027571237e+01
1.459849053690536280e+01
1.683618521731753859e+01
1.464507918264078690e+01
1.565605827591225463e+01
1.374640359985191829e+01
1.444462049114637203e+01
1.617535134984516532e+01
1.484379006723956351e+01
1.756337868233303823e+01
1.842401588354552544e+01
1.418880437113669402e+01
1.462390775451100389e+01
1.426648733596821828e+01
1.550213022229823778e+01
1.526133765877357717e+01
1.524283402834148937e+01
1.756417151879595551e+01
1.422402707203183603e+01
1.443204788294472429e+01
1.563661614681043055e+01
1.464390911299764930e+01
1.375610836640536760e+01
1.326665841180584415e+01
1.432622103303172523e+01
1.369019722378968851e+01
1.479033522632678199e+01
1.526013729197454438e+01
1.238957435147773545e+01
1.552893933177131736e+01
1.472220506837687459e+01
1.455239816104126049e+01
1.657404518352541700e+01
1.516338855506318239e+01
1.406933825340877675e+01
1.627504496133440881e+01
1.332184178484789072e+01
1.468490581894081970e+01
1.506163918922970701e+01
1.588974451869160553e+01
1.464664700104760442e+01
1.495852024516562828e+01
1.683046544630555275e+01
1.546946473232066488e+01
1.885658275528763284e+01
1.332844345720343604e+01
1.634030915358397706e+01
1.725830192302333543e+01
1.373020268207366001e+01
1.347905152282142183e+01
5.359917322001861351e+01
4.960879852090144482e+01
3.047754606601801086e+00
2.869367410526245443e+00
1.998530667155558049e+01
1.956200884116810101e+01
2.159041869931405344e+01
2.346139563795530947e+01
2.078829016881433844e+01
1.839881502235430233e+01
1.748502730231156832e+01
1.483080472171538133e+01
1.636547155179902191e+01
1.550194984256312303e+01
1.316513353680393728e+01
1.491530823805747197e+01
1.493931936667453897e+01
1.670051095180139100e+01
1.411772944767466953e+01
1.394998781595367987e+01
1.551612905966522327e+01
1.474336522603389632e+01
1.455381236643501452e+01
1.605936861770366519e+01
1.384392836405760541e+01
1.499410352784788536e+01
1.537268234535490308e+01
1.700013164864603610e+01
1.583127298943272621e+01
1.187530992648391326e+01
1.377612315165062995e+01
1.438901177666594045e+01
1.632277392916192582e+01
1.480158542353886020e+01
1.347633759034601297e+01
1.444492542072935493e+01
1.635039737810644311e+01
1.526114819678193868e+01
1.741049343770846036e+01
1.625912144779595181e+01
1.617531170261314344e+01
1.734888650441787306e+01
1.663464652262707588e+01
1.919647979035153895e+01
1.990542079167039802e+01
2.342655301197513396e+01
3.365005996292926227e+01
3.553345455277191434e+01
4.250787591184786152e+01
3.827246756268737471e+01
3.134481776180200541e+01
2.533904039460153967e+01
2.068900497946571804e+01
1.647516152177328408e+01
1.680165376710895941e+01
1.515820437150128619e+01
1.421628656815625291e+01
1.356340297085841051e+01
1.311258402063250195e+01
1.463480793518233192e+01
1.468534163721184704e+01
1.140426081518662649e+01
1.355439310076757664e+01
1.596531311738133141e+01
1.163171509176014951e+01
1.333231902211988817e+01
1.397641431728838590e+01
1.564434513092618495e+01
1.543094478895535815e+01
1.111779807296611544e+01
1.282240533288582718e+01
1.314474608811313594e+01
1.592825352045927545e+01
1.228837779797149032e+01
1.453454005195685994e+01
1.490951261982633724e+01
1.243665578219309964e+01
1.206481413015622906e+01
1.329809650493704609e+01
1.644317936974769978e+01
1.376243394508219708e+01
1.049429993738901246e+01
1.401620680741031144e+01
1.371785214981293777e+01
1.418495807482330129e+01
1.314225017701413556e+01
1.108454984571035062e+01
1.298288188689440403e+01
1.295859124754637115e+01
1.037917395053134939e+01
1.168604531470264440e+01
1.318205738531171711e+01
1.552346131947883734e+01
1.359566210029989364e+01
1.312784503033613603e+01
1.265543127077901708e+01
1.097658649981924306e+01
1.288983067656460335e+01
1.558207884282863631e+01
1.493363170304454712e+01
1.642555040376454301e+01
1.300475458578198484e+01
1.333868615700731830e+01
1.212050352341856119e+01
1.411560045383969531e+01
1.283460981087662311e+01
1.287888502262809354e+01
1.303333886205110659e+01
1.181353716552278321e+01
1.321855827728317934e+01
1.195396584073905011e+01
1.288021170396039494e+01
1.352724383487782944e+01
1.192346959869554190e+01
1.255301699997636966e+01
1.299152104402132579e+01
1.306060197987637750e+01
1.224316438485131187e+01
1.372896871312996936e+01
1.441651732447602363e+01
1.427559843571490106e+01
1.362619220296370415e+01
1.165525275921650028e+01
1.517933625252415730e+01
1.248851082420619818e+01
1.104574351551211286e+01
1.281652067536338535e+01
1.175552677826515868e+01
1.335546455373575725e+01
1.148793879766932058e+01
9.948731674949167214e+00
1.438134001978734133e+01
1.250060224426106004e+01
1.253488063161499433e+01
1.043546622322333484e+01
1.215302481480549979e+01
1.256193974794291002e+01
1.177826538415417090e+01
1.061407002838726044e+01
1.272276902366327356e+01
1.510358867075673039e+01
1.265623000033952472e+01
1.288374340168767063e+01
1.429745709929287756e+01
1.164621541483492706e+01
1.243883275053364734e+01
1.250276004913898475e+01
1.112015714588783410e+01
1.143040801725611644e+01
1.336570788804650611e+01
1.628310984486027735e+01
1.092387335051783381e+01
1.446990769486967743e+01
1.149759715701639706e+01
1.031285774652942777e+01
1.255334339570699598e+01
1.408414609116558758e+01
1.133753625542395405e+01
1.576344043303041786e+01
1.302766992843210936e+01
1.304815122547331363e+01
1.188624965307318071e+01
1.488008896434446271e+01
1.385430775521488833e+01
1.343004493003174815e+01
1.519333243847902537e+01
1.202224303157914242e+01
1.294778191520682853e+01
1.310366536969531026e+01
1.242922096252926067e+01
1.251637869764274669e+01
1.328485126732655175e+01
1.149916902735188451e+01
1.532912771138462027e+01
1.275702388544319632e+01
1.242253260380990376e+01
1.443869363785210247e+01
1.344425278050561801e+01
1.324320929213458342e+01
1.200619817887714547e+01
1.223048799186590330e+01
1.290363449249269578e+01
1.121127261093526606e+01
1.349445454628519414e+01
1.059472400724025576e+01
9.377644142933720062e+00
1.018080289322189103e+01
1.053422181770383048e+01
1.159147060290468900e+01
1.282548276425021783e+01
1.245064418718684074e+01
1.402743324869341990e+01
1.161297449381532942e+01
1.084197178888221025e+01
1.190704954900942347e+01
1.223136357928746598e+01
1.211360056179202260e+01
1.140893357951158471e+01
1.265649679254695492e+01
1.127984386334506972e+01
9.775503527844996654e+00
1.181601028513279061e+01
1.108290422015101839e+01
1.344936999195252447e+01
1.237010790038193875e+01
1.181880545092239743e+01
1.165745104419363543e+01
1.349818836300422298e+01
1.322549938455788165e+01
1.637446929212962843e+01
1.390505726703924338e+01
1.594433554402953668e+01
1.339883181859861949e+01
1.545889313310252255e+01
1.326761921045646808e+01
1.394324657279454094e+01
9.924065468333377993e+00
1.243489430558505404e+01
1.341367152814760111e+01
1.207589534762031391e+01
1.379921416339776208e+01
1.449475124547831939e+01
1.542735541571703273e+01
1.402360358469846169e+01
1.342661310235686756e+01
1.319603378206759103e+01
1.269298555052155741e+01
1.435006741790671825e+01
1.336321268856599076e+01
1.134666719412451918e+01
1.452208823470405363e+01
1.442193790634991046e+01
1.121328953948732199e+01
1.320131487273866000e+01
1.501023062809026776e+01
1.411542089405356570e+01
1.288187195123370898e+01
1.734908858646622321e+01
9.658303703368780191e+00
8.953253033254869209e+00
1.282102718179236867e+01
1.090226446255622150e+01
1.533769103539035683e+01
1.366888724967159341e+01
1.350226206989760769e+01
1.510653525029147026e+01
1.580202319732805449e+01
1.249262513449124867e+01
1.224038721607512237e+01
1.355541371002047413e+01
1.374895738052902416e+01
1.197268155631691400e+01
1.358979968853478937e+01
1.463181263007819943e+01
1.339979134410442718e+01
1.431802482804393684e+01
1.660879818627664051e+01
1.281963825017898984e+01
1.478936244774605768e+01
1.292933581574910562e+01
1.489181337059111243e+01
1.637852693478950883e+01
1.375396588430593603e+01
1.396266620591884156e+01
1.397852035329613862e+01
1.250838759041694104e+01
1.313544100948547033e+01
1.345547398216595525e+01
1.208344623851266064e+01
1.344491945969866720e+01
1.028608919735172478e+01
1.261895581923402254e+01
1.364320200273495942e+01
1.192304868302611709e+01
1.169266919796758586e+01
1.215975621876432200e+01
1.241904381227812948e+01
1.280187814781503164e+01
1.302825078984219687e+01
1.544984475501343901e+01
1.655278432393005161e+01
1.602625449243285516e+01
1.285564751821702245e+01
1.413769018098405006e+01
1.371971952784748083e+01
1.267925524427602291e+01
1.476888613774812953e+01
1.358687648185683372e+01
1.573321610699133011e+01
1.500936038802274375e+01
1.385486128232476943e+01
1.394209061267511629e+01
1.503696939574872893e+01
1.169063704830879225e+01
1.460681433621932435e+01
1.365139097783060862e+01
1.516143283987305423e+01
1.493691618107723862e+01
1.520309595731750818e+01
1.442950226058626839e+01
1.445101579219820920e+01
1.452911830946723981e+01
1.389314155882625990e+01
1.402158899699327677e+01
1.523444072031618646e+01
1.452547209049626531e+01
1.643328823360882751e+01
1.477673950141785575e+01
1.460627038972769043e+01
1.410438171504991800e+01
1.554072774980967964e+01
1.559042235029623313e+01
1.635301898607345095e+01
1.435562381366059626e+01
1.441366384525114697e+01
1.486483061445276022e+01
1.351801067998862393e+01
1.320509387824795233e+01
1.484958336848711902e+01
1.324205496753980960e+01
1.346078866467550306e+01
1.217615049943560379e+01
1.368024317925252831e+01
1.300931374527104367e+01
1.490988439621308892e+01
1.581018897073144203e+01
1.429777246327114604e+01
1.482461078836009349e+01
1.543346052175134098e+01
1.416373605470941222e+01
1.292190427452746881e+01
1.090144043761156212e+01
1.301952602425763139e+01
1.317974917031806115e+01
1.339357879111973837e+01
1.436817560683013184e+01
1.276448629339716412e+01
1.320402811027456025e+01
1.406884855278292434e+01
1.425781038518722710e+01
1.444451063060923701e+01
1.524738029983828191e+01
1.312269385402809974e+01
1.470173122600116500e+01
1.365751230130628713e+01
1.468617494556101377e+01
1.613314448539494350e+01
1.516475633713687188e+01
1.317269571395699757e+01
1.497524463234684866e+01
1.290837404755253459e+01
1.385283440602228389e+01
1.434372883097749352e+01
1.456013301612719957e+01
1.260041362208079896e+01
1.138372169493218422e+01
1.259400199728851533e+01
1.414892650316354228e+01
1.432491478254933348e+01
1.495968353907680459e+01
1.355239866313728569e+01
1.249892374140740259e+01
1.495836317766677581e+01
1.511534833780939024e+01
1.615528653881859000e+01
1.511336780292377036e+01
1.509516942070214185e+01
1.441016033444164179e+01
1.335890891291912475e+01
1.465377912110378489e+01
1.565142972631650231e+01
1.476068440627268963e+01
1.457705707492215730e+01
1.346605038322098302e+01
1.253847732616615218e+01
1.283934910200318669e+01
1.425291296303058530e+01
1.340009117892307522e+01
1.407647990319683551e+01
1.386468427808810944e+01
1.481410394719209300e+01
1.314620073016617496e+01
1.278911753220978298e+01
1.351897953703037558e+01
1.396541869901275490e+01
1.342310265492332277e+01
1.448376104536652775e+01
1.298447629366574674e+01
1.294755973307384878e+01
1.485244701592088035e+01
1.466244340430630722e+01
1.285303500942590560e+01
1.554456833772744595e+01
1.458871409986831758e+01
1.321179689398837809e+01
1.512344951499449053e+01
1.560850531020287768e+01
1.512403888069320601e+01
1.414686239719271477e+01
1.288305929724095478e+01
1.271355760390586198e+01
1.330060496970697770e+01
1.439284706888584431e+01
1.322818252569362940e+01
1.304507960876149042e+01
1.547753690592402620e+01
1.478315783459818711e+01
1.387074494496267363e+01
1.708746433147864963e+01
1.576782867704118551e+01
1.368999257579217321e+01
1.454063958039741777e+01
1.367733451310376935e+01
1.374701294863596956e+01
1.416054702095194529e+01
1.324787811337373356e+01
1.345181479178131490e+01
1.349748345225438584e+01
1.470641606724579908e+01
1.652656426925219435e+01
1.387134748074422674e+01
1.663320804842550160e+01
1.490166859455282733e+01
1.376692492371049070e+01
1.433557989886785222e+01
1.116683592911709688e+01
1.360163997351105003e+01
1.416834260456783845e+01
1.555823970829305836e+01
1.333828872398624377e+01
1.289292988102864435e+01
1.249249254886796834e+01
1.436117179235541563e+01
1.408494639396354486e+01
1.340909159274651685e+01
1.402038126958885300e+01
1.451689870358987022e+01
1.307485235843012639e+01
1.426095042619145481e+01
1.352979781486843081e+01
1.219158933352789198e+01
1.410595507638479518e+01
1.265393179188637873e+01
1.473626017626344797e+01
1.378062742167046828e+01
1.468190618700952221e+01
1.637247968034624535e+01
1.393535956684148758e+01
1.454546502730302571e+01
1.464951383173317900e+01
1.360862737843505244e+01
1.550938684018812808e+01
1.361128827164406196e+01
1.469114342744898316e+01
1.415123225694670772e+01
1.283113488062018703e+01
1.425015022130045494e+01
1.284021678383036758e+01
1.504548694163339029e+01
1.414169241649518050e+01
1.346060121527504627e+01
1.438243804457305153e+01
1.267039360395333247e+01
1.180780568676696696e+01
1.330571024708001993e+01
1.578896119208940974e+01
1.297037789718584122e+01
1.291106809660116461e+01
1.280203082384169377e+01
1.287348700239467902e+01
1.507952316610180432e+01
1.454357455206414507e+01
1.407245162862757759e+01
1.532838951532407279e+01
1.492792199966251410e+01
1.490921786647414571e+01
1.373824960512509463e+01
1.552706745969453017e+01
1.338103019958567685e+01
1.252752334719861693e+01
1.529426092358277955e+01
1.387759934865201927e+01
1.443606872057705104e+01
1.564236958859309645e+01
1.501310465175499331e+01
1.364198104127108380e+01
1.370883624870728390e+01
1.307276259516792294e+01
1.361915310173742100e+01
1.424409890714990112e+01
1.514193626366414946e+01
1.408341035636283500e+01
1.410275685927445899e+01
1.644911094725198453e+01
1.440977757508821888e+01
1.493685238557159067e+01
1.490577568074280457e+01
1.571796746337501283e+01
1.506207322527781045e+01
1.576368943636045472e+01
1.604721853300440770e+01
1.253496263135957456e+01
1.240310207868436088e+01
1.425181109946392688e+01
1.574195290509505973e+01
1.534588249535727478e+01
1.515950108811457753e+01
1.413247332287624936e+01
1.644347676601471520e+01
1.601335841089361267e+01
1.488036335844818048e+01
1.338958527524962605e+01
1.328983019685572664e+01
1.277966354474895105e+01
1.480280454781504851e+01
1.564789539526855755e+01
1.514728168465962455e+01
1.446731025021879447e+01
1.551231602312687841e+01
1.339643895915864924e+01
1.407980043901944001e+01
1.520088330402239407e+01
1.578923659896926246e+01
1.444436147827889805e+01
1.183584903408404720e+01
1.432867645742905793e+01
1.335049125122650793e+01
1.192828466126040965e+01
1.288309389798240190e+01
1.453890727138371908e+01
1.218542688318879286e+01
1.117970271183032160e+01
1.391281474932429418e+01
1.359124469945436076e+01
1.296753135067590712e+01
1.323861882328221995e+01
1.415210661108635115e+01
1.449161587538691087e+01
1.348256253609816646e+01
1.416007646857241475e+01
1.369931759612635602e+01
1.442578299185812440e+01
1.430524280815310156e+01
1.441865087865875239e+01
1.448476978042073249e+01
1.353901062720478699e+01
1.323050911746095792e+01
1.250407631016254761e+01
1.392826221924963193e+01
1.587161724775689287e+01
1.403681814819046458e+01
1.220394593528072136e+01
1.305736665258269014e+01
1.356812883147418169e+01
1.322735428081957565e+01
1.521619261911780896e+01
1.440082463347648556e+01
1.431899755256422146e+01
1.390777400655412066e+01
1.464112306256248175e+01
1.509400305314374791e+01
1.520869929382438990e+01
1.412180748785097961e+01
1.302972321135864853e+01
1.448795931039783547e+01
1.506302338607621927e+01
1.389272120964265866e+01
1.325926536863977034e+01
1.344518001155023690e+01
1.390317500517551252e+01
1.565845543194826028e+01
1.544179504879109466e+01
1.727730415693919852e+01
1.468770427201190110e+01
1.465844996615106055e+01
1.434886657379082209e+01
1.466210585114717446e+01
1.410126861760887884e+01
1.327396262765471491e+01
1.341546015604766318e+01
1.332306764477443828e+01
1.429754093778906210e+01
1.327517652767430789e+01
1.363902610108754310e+01
1.442533824480384297e+01
1.217060658468542655e+01
1.379866632985485708e+01
1.590773210822687034e+01
1.249705822762503615e+01
1.514777267617894552e+01
1.429734147009945922e+01
1.539924087019617360e+01
1.526364457551959575e+01
1.482985028084576307e+01
1.409996395947953118e+01
1.431455717179285791e+01
1.319133044766662621e+01
1.403273135702255914e+01
1.522290857035136291e+01
1.414395781823008491e+01
1.459052976313979144e+01
1.474986099183377064e+01
1.364863823994636149e+01
1.340142781482129131e+01
1.451374159173365541e+01
1.478310003723178312e+01
1.539704036296659950e+01
1.310988695693718853e+01
1.464834922007406171e+01
1.590946244202277171e+01
1.433993355140685999e+01
1.331911939850908766e+01
1.566256075684672666e+01
1.479481428337770055e+01
1.438972295590519757e+01
1.286455894681517620e+01
1.357496766959071088e+01
1.505595263875993695e+01
1.496263517360897843e+01
1.395232134663534751e+01
1.426407207225744145e+01
1.450659685654168385e+01
1.519709501132919627e+01
1.342857666699229924e+01
1.504346521012702453e+01
1.474224101076270266e+01
1.578567346030995111e+01
1.574048287682579073e+01
1.506544348633662267e+01
1.543931975719187655e+01
1.555915477332501951e+01
1.394162665694878811e+01
1.453043371492468516e+01
1.544034515045614953e+01
1.477160283436689880e+01
1.523921678826786419e+01
1.482915054174435632e+01
1.445229819320494613e+01
1.427873927298245427e+01
1.496649119795620919e+01
1.349934419393151153e+01
1.551236718847779983e+01
1.329533965695563147e+01
1.602807481081617880e+01
1.394956220165385652e+01
1.505647888802259438e+01
1.582391587325169802e+01
1.579886050890025118e+01
1.708327453492695014e+01
1.411137755083765200e+01
1.556038219728860561e+01
1.408181161532167991e+01
1.409081182291794931e+01
1.350488212667120358e+01
1.363996420462609116e+01
1.439611920438014003e+01
1.478318306882624888e+01
1.351588474872396084e+01
1.403039335558734102e+01
1.473720718693342313e+01
1.481457820374505552e+01
1.547282670930463233e+01
1.549486750725305662e+01
1.515212446817873371e+01
1.558690558516971869e+01
1.355924430221165444e+01
1.700954783569138229e+01
1.439021915422335596e+01
1.526842016291931259e+01
1.529963192778606995e+01
1.503511869330669626e+01
1.413666325889862918e+01
1.463744301941651926e+01
1.340159789516715350e+01
1.330261253669386790e+01
1.287353224391351070e+01
1.329101809142372126e+01
1.378004007244314266e+01
1.474072636503016120e+01
1.444269311458433869e+01
1.451589132546976835e+01
1.332969470919539923e+01
1.483024909843414285e+01
1.424204854064739756e+01
1.352627920031517306e+01
1.496697838941310543e+01
1.429103529468844513e+01
1.580501913268047609e+01
1.524206271170361937e+01
1.592751037520016766e+01
1.462729587832165556e+01
1.555406874932969430e+01
1.490609839425053806e+01
1.505058033824101216e+01
1.382488271851796569e+01
1.401227408044043266e+01
1.595441170222675709e+01
1.498258564161733197e+01
1.497447128629559465e+01
1.423524309629046769e+01
1.509546565348217761e+01
1.433042535380652716e+01
1.471298474361769237e+01
1.617592886683394582e+01
1.444218860829244733e+01
1.557123779571546152e+01
1.660051607613047153e+01
1.792879755079277615e+01
1.630833322041410227e+01
1.535189775450653293e+01
1.626108630358605822e+01
1.530645197285616099e+01
1.581515351124722635e+01
1.553309791122134875e+01
1.594965539956813849e+01
1.369503673445971437e+01
1.568451758553294084e+01
1.723830920734414462e+01
1.530411925295458175e+01
1.555871967907703102e+01
1.430855870332957380e+01
1.439006123159743389e+01
1.618098300826331837e+01
1.637225414075499330e+01
1.482396464599583119e+01
1.468479456637235003e+01
1.513333243493441138e+01
1.470628376073025123e+01
1.408710898695847114e+01
1.506281012585883161e+01
1.351684524873380333e+01
1.450361212884120654e+01
1.298334731422157162e+01
1.418647690538823980e+01
1.423872619856897082e+01
1.356896005316269438e+01
1.303035824906914364e+01
1.695469541684713732e+01
1.452866025322098054e+01
1.710189841753916440e+01
1.452579923721580180e+01
1.450263210398029656e+01
1.492113159831429670e+01
1.691357665053738657e+01
1.576839408105241169e+01
1.546497683785517552e+01
1.367764111492503609e+01
1.458818380922754621e+01
1.420429801539095926e+01
1.354121301580274128e+01
1.360213902409164710e+01
1.311044669077685576e+01
1.393131851063906090e+01
1.325793786563855825e+01
1.116298359559157127e+01
1.069891113004732119e+01
1.159911913373564296e+01
1.210357210984494181e+01
1.144566495996093280e+01
1.392419790530225221e+01
1.427261768164341760e+01
1.451433472962542659e+01
1.394973325783269757e+01
1.584875344872581593e+01
1.485535386634593991e+01
1.487892334842094932e+01
1.535966536876550670e+01
1.371307351477453373e+01
1.426393267249842722e+01
1.338851986988349729e+01
1.423122985079208824e+01
1.510906095957896333e+01
1.502443750452296278e+01
1.433208042012148731e+01
1.561551128549157141e+01
1.498484585252584367e+01
1.510511958399988153e+01
1.524286200380111111e+01
1.416597328485347340e+01
1.309647665958190998e+01
1.429193616215776075e+01
1.497446626121869784e+01
1.330366761042651369e+01
1.435424298023848522e+01
1.351884556579298646e+01
1.392083197893004431e+01
1.451644918955424224e+01
1.451043576628465637e+01
1.442478016850473921e+01
1.442664515396364244e+01
1.348096784524573444e+01
1.303836047928239417e+01
1.416769814510355197e+01
1.538402759956990096e+01
1.436993888775226225e+01
1.411495728903259916e+01
1.341622375529403755e+01
1.431527518562061019e+01
1.361943320493669773e+01
1.361351120111193858e+01
1.314580277208798087e+01
1.543109686907673606e+01
1.468635102116950364e+01
1.206852522918317128e+01
1.488588131618389276e+01
1.608868721950075908e+01
1.447039099564160480e+01
1.446299634423110447e+01
1.456183850683190428e+01
1.331980023923624756e+01
1.456688868838612017e+01
1.449189443939171440e+01
1.513602939346479737e+01
1.396097143662654716e+01
1.464463269401676726e+01
1.632955074409257890e+01
1.417313958886131076e+01
1.457946162574359228e+01
1.505677728916654878e+01
1.427328903137707172e+01
1.436383387501406261e+01
1.314379048536307160e+01
1.412456700039403579e+01
1.503236788010937985e+01
1.439390198216863759e+01
1.336473532543480047e+01
1.496899889876598699e+01
1.365605894087050309e+01
1.459389604573854093e+01
1.361111413597497410e+01
1.489403455327227022e+01
1.536632441663010518e+01
1.422296770291705847e+01
1.509125073505842707e+01
1.390800151003075591e+01
1.464375017725722294e+01
1.599843810593071325e+01
1.529767652541810996e+01
1.453352630279660396e+01
1.418077338913490593e+01
1.445379504396202464e+01
1.409900050303214414e+01
1.314788389707476846e+01
1.492960933646285149e+01
1.530488244675113840e+01
1.362701453357206383e+01
1.405947627879297457e+01
1.446832399859613361e+01
1.348009026126063503e+01
1.352999998505975299e+01
1.394900932047672804e+01
1.383296564341772950e+01
1.403492749237846127e+01
1.363314507721460167e+01
1.393249689676800784e+01
1.571836804711827362e+01
1.372787034063664180e+01
1.532839164365247164e+01
1.533614535946741242e+01
1.563054775672922325e+01
1.343655401913293268e+01
1.463251710161299179e+01
1.536894244378972552e+01
1.527881087469329557e+01
1.392416636018340448e+01
1.496441430198409428e+01
1.402799513536597864e+01
1.434302833538959021e+01
1.427095890037882597e+01
1.498943032784362472e+01
1.500833029966647025e+01
1.462719493939377280e+01
1.511273709201903870e+01
1.433089817531225485e+01
1.543039607627575904e+01
1.371407860837563142e+01
1.432399902922305834e+01
1.671882802468885032e+01
1.345615343331106040e+01
1.428235220730345745e+01
1.348479712973600897e+01
1.311086990040909050e+01
1.269122462802619822e+01
1.582075175233261533e+01
1.496296654460887154e+01
1.759066333125506176e+01
1.548720077937318784e+01
1.676436293274391431e+01
1.440250980178692153e+01
1.508069963003105940e+01
1.395838978023842181e+01
1.428443919324978495e+01
1.441098173558358475e+01
1.628227252558356142e+01
1.560527607892848323e+01
1.511755430809637524e+01
1.400332520754097487e+01
1.547981892722558861e+01
1.482025868203790608e+01
1.546397319510745838e+01
1.442646541956397144e+01
1.593244732086551885e+01
1.391089929127888425e+01
1.235225886701739384e+01
1.825346888970315717e+01
1.589731619616465075e+01
1.400178447532270454e+01
1.522461565460877431e+01
1.368155036634642308e+01
1.525134048286830790e+01
1.410757906963575614e+01
1.431193243275754590e+01
1.483645312795639803e+01
1.465233489546744039e+01
1.290989646292856108e+01
1.384619052197180622e+01
1.435541009293293691e+01
1.543234769244699045e+01
1.543625068199894024e+01
1.508376859702322825e+01
1.374883156624694358e+01
1.373114686769142523e+01
1.463495022027137793e+01
1.412787824311120843e+01
1.591333593124521606e+01
1.573322784408093433e+01
1.378988575305059072e+01
1.548796074725008154e+01
1.496567173387256666e+01
1.349007444787377352e+01
1.415131753437738737e+01
1.368705965955446757e+01
1.499989383851747071e+01
1.392724975513120533e+01
1.258820099282571370e+01
1.450671450978882326e+01
1.445417343180706027e+01
1.489892626326942171e+01
1.470829222447263085e+01
1.458307468389384454e+01
1.422820314549933762e+01
1.432668840237414187e+01
1.431566094666946931e+01
1.415244552764887764e+01
1.454811231368631930e+01
1.296246029404461098e+01
1.296841796101015909e+01
1.376310044302723057e+01
1.392796840635412536e+01
1.222628695878080762e+01
1.188177984791887809e+01
1.361729227394837061e+01
1.340091018986978000e+01
1.355302579885817771e+01
1.437793041059897092e+01
1.349823423682124002e+01
1.338265906221352353e+01
1.414328336141433873e+01
1.303309306673832069e+01
1.407198548591109599e+01
1.621705598949177229e+01
1.376592488616031140e+01
1.417149707447165952e+01
1.308050992276850266e+01
1.533931204842103746e+01
1.527280918134587573e+01
1.368404277093357990e+01
1.406927161567645257e+01
1.335480332767116174e+01
1.286497601524870760e+01
1.420654765147655141e+01
1.367532134575856695e+01
1.355375062199361480e+01
1.388397548412258509e+01
1.598301611460345839e+01
1.289734643779663514e+01
1.360301534554857383e+01
1.380489808506232485e+01
1.352084387281258238e+01
1.327220605513644713e+01
1.332141618037659114e+01
1.438835906046068125e+01
1.350282896536314681e+01
1.426602621542742888e+01
1.243542666700851562e+01
1.341759243732927409e+01
1.407072950865916994e+01
1.418689627952291232e+01
1.297947547046567074e+01
1.394329486596143752e+01
1.348843332293201591e+01
1.303757852943595630e+01
1.409030529995004777e+01
1.436840575660189145e+01
1.434469839632367005e+01
1.361396790757497044e+01
1.401534021728741486e+01
1.393553150245839234e+01
1.309225585015624382e+01
1.372742191473656348e+01
1.386276424240021932e+01
1.260946608844260375e+01
1.490519171591874681e+01
1.345563257732753293e+01
1.264349335297799470e+01
1.283574521047346195e+01
1.328178759252669394e+01
1.265363006719493200e+01
1.353774567278255603e+01
1.275885754201976852e+01
1.367123484721735416e+01
1.325677901041499496e+01
1.243697830374583724e+01
1.336435747255513995e+01
1.378999482892782069e+01
1.297908253158604630e+01
1.419979322381357179e+01
1.355874182565430885e+01
1.602152444227818506e+01
1.382342691509831489e+01
1.230563661370841722e+01
1.307513949413918475e+01
1.336580216816073552e+01
1.450987279253991069e+01
1.399417796637029276e+01
1.269085945328510157e+01
1.479614396021717759e+01
1.340180577946451024e+01
1.289347562981926920e+01
1.374692191791730522e+01
1.341871288686659369e+01
1.520862974559274150e+01
1.387974168939167718e+01
1.548149582960492765e+01
1.424915808545579132e+01
1.521230048299250726e+01
1.490224798594614875e+01
1.572162757412673884e+01
1.557698619525947414e+01
1.571175483879890500e+01
1.746073072714208152e+01
1.679640583255010000e+01
1.712445586501978667e+01
1.871068063411707882e+01
1.937232180761127509e+01
1.923882231874068083e+01
2.060490457257317232e+01
2.063479945870330923e+01
1.932936526017131129e+01
1.559413732093151062e+01
1.636111050411692602e+01
1.522158560755248757e+01
1.483031489597916419e+01
1.507176898039739221e+01
1.453684703440801407e+01
1.423782801806927623e+01
1.393031327297096489e+01
1.260045050117637899e+01
1.253503261672282143e+01
1.321363642046943454e+01
1.273225644319104433e+01
1.442056273566260138e+01
1.383331666598294341e+01
1.408344449836050671e+01
1.439244009723899609e+01
1.356855563889165595e+01
1.495467660058552894e+01
1.527861647304384185e+01
1.558852414752162474e+01
1.382064952260485846e+01
1.547310819990654629e+01
1.393226836487007958e+01
1.278241384541630943e+01
1.348771276806021824e+01
1.596680805596353991e+01
1.471515571773350750e+01
1.346811374989583854e+01
1.406502923304111619e+01
1.585529881966184718e+01
1.393026028279890838e+01
1.495989954487483509e+01
1.483329119976246702e+01
1.421940832756467898e+01
1.448211175565799635e+01
1.667696830381919426e+01
1.687002628674753169e+01
1.455998273846529223e+01
1.561949093718650516e+01
1.434649244417884084e+01
1.565858939527368854e+01
1.570547389521093073e+01
1.559179038006276130e+01
1.510551569342652201e+01
1.305732213711804235e+01
1.457520683632219693e+01
1.505335837829218093e+01
1.676185328476267600e+01
1.404665932451662158e+01
1.488221263645606030e+01
1.444268841964291283e+01
1.511177664004279286e+01
1.416940825931638237e+01
1.362087431637071333e+01
1.394669332243049631e+01
1.494572332182891472e+01
1.467536180616032127e+01
1.542525963412618140e+01
1.501256580641944538e+01
1.370333913245273472e+01
1.493191903311359958e+01
1.415699236435965247e+01
1.561862273341908391e+01
1.492022681823217489e+01
1.343976622786035513e+01
1.403103504467254758e+01
1.379021430789429736e+01
1.548246604814405458e+01
1.460662996693982407e+01
1.475739068474656257e+01
1.487791872223990453e+01
1.384806262930127652e+01
1.399716482825094133e+01
1.471995935781893294e+01
1.335636438014879879e+01
1.333516353820532352e+01
1.443211429171473625e+01
1.354150384335165924e+01
1.347757405351272553e+01
1.404235876099484059e+01
1.469286546208412680e+01
1.469351061762715638e+01
1.499369379837069793e+01
1.523548497291715620e+01
1.578214671268636060e+01
1.567746167848719807e+01
1.717149792561713539e+01
1.587579786738483278e+01
1.535805103605261834e+01
1.362473810923696149e+01
1.419806110981899216e+01
1.460721570185414464e+01
1.570412964297490177e+01
1.599486926208266802e+01
1.544446565059090304e+01
1.404016773584812050e+01
1.522950715310031100e+01
1.360511847660056794e+01
1.273776021425147675e+01
1.497363184869187691e+01
1.476675951511804108e+01
1.599666155433773440e+01
1.549630549972108007e+01
1.343039865558821688e+01
1.568922185602855812e+01
1.729965698667354346e+01
1.786265390428053479e+01
1.548196029271519869e+01
1.543098098601448598e+01
1.444850287271703415e+01
1.561730589706911587e+01
1.482525704331075822e+01
1.711691922243462827e+01
1.566291953243355728e+01
1.552340894910613756e+01
1.468303984369785908e+01
1.587325721890018215e+01
1.565973070201301987e+01
1.647084973906783034e+01
1.518729731174553876e+01
1.661605801385420378e+01
1.633531463057682132e+01
1.736186136811283021e+01
1.804147732077246147e+01
1.513347179958679867e+01
1.585158437358997574e+01
1.709887170135212742e+01
1.654521363679054957e+01
1.544960022739159555e+01
1.771837322417318106e+01
1.720806523433890689e+01
1.584703179113420468e+01
1.719369744402302302e+01
1.798697529864693934e+01
1.884019177963620706e+01
1.954693620880223293e+01
1.794155416653839552e+01
2.061298333930051996e+01
1.976515682041820909e+01
2.051650514717736939e+01
2.026501176757703604e+01
2.088603552839892785e+01
2.186144844844341151e+01
2.036080704108414707e+01
2.448463510670638854e+01
2.131134089968013257e+01
1.902834603347070441e+01
2.348634901674762077e+01
2.260002212849887826e+01
2.392267398839603132e+01
2.569461355354517806e+01
2.446036574815532205e+01
2.523182231158673972e+01
2.547659038376944807e+01
2.636150334915503635e+01
2.648223324187039651e+01
2.400707462112957558e+01
2.586976203639270366e+01
2.553963086451299347e+01
2.523353317959868036e+01
2.441546155044056121e+01
2.890205072432641131e+01
2.675529803560559827e+01
2.999118301219167293e+01
2.939565288323786163e+01
2.995890519883384684e+01
2.892738456496551791e+01
2.964223441738205977e+01
2.743935863509857498e+01
2.575724731654537791e+01
2.741418972079636518e+01
2.969701604837662146e+01
3.327417465909627481e+01
3.960923343717312406e+01
4.248254717674245740e+01
4.405523455733344917e+01
4.223013554816461124e+01
4.152562266083781140e+01
3.298292458032996421e+01
2.432437489394035168e+01
2.586968622584117838e+01
2.646685641321185756e+01
2.452414008363641784e+01
2.431541075617979430e+01
2.539647454808883609e+01
2.720482519356994189e+01
3.129874745287713367e+01
3.513508367026643953e+01
3.672605337695947725e+01
3.472562913647673355e+01
3.620924956964003627e+01
3.097050483511437591e+01
2.652798774154602768e+01
2.633760706518333095e+01
2.272053879514855979e+01
2.424422865368628166e+01
2.396270998163195642e+01
2.409227503240649426e+01
2.406914204006245939e+01
2.255443501016283392e+01
2.296681462194815992e+01
2.320000698569010567e+01
2.255007421823830782e+01
2.098988581708611534e+01
2.120955976731903192e+01
2.126629690663057914e+01
2.206890968900507488e+01
2.249894099405456416e+01
2.393468563388785597e+01
2.176872714040178280e+01
2.064918682716203691e+01
2.195396388430726731e+01
2.166974196820174114e+01
2.132686028349031204e+01
2.221521943974371638e+01
2.065053327719657617e+01
2.031125942378164950e+01
1.904652485513705429e+01
1.992249745117314319e+01
1.941220674720696238e+01
1.873780252727375384e+01
1.895950058492575963e+01
1.865481292122215606e+01
1.886407032982998189e+01
1.864409515624038249e+01
1.861463234180202519e+01
1.881230764430775082e+01
1.752755509656915578e+01
1.737656083809472563e+01
1.691344536089610173e+01
1.688446265517966438e+01
1.717810677319680224e+01
1.696950729826133042e+01
1.556448409359127538e+01
1.788944136183740596e+01
1.885358108591661974e+01
1.661300898377081126e+01
1.727277827589112746e+01
1.733829832014063399e+01
1.557416493621260578e+01
1.530595690912767814e+01
1.569068015363892599e+01
1.575516986870147562e+01
1.641018896313328312e+01
1.638509327868212040e+01
1.572225136056794348e+01
1.693861980778305920e+01
1.488072912263000092e+01
1.643358376838970969e+01
1.606106169423826557e+01
1.537884742376257918e+01
1.946821407218116562e+01
1.682182355092322013e+01
1.571242923041256212e+01
1.537486867553338499e+01
1.644952576994552373e+01
1.825665802957033179e+01
1.667813742879567229e+01
1.526173060874886644e+01
1.596490418046056270e+01
1.482433801467505141e+01
1.725901328944577173e+01
1.595864808790871514e+01
1.505931979070502891e+01
1.570128273313411071e+01
1.618120672128980786e+01
1.490199285826980180e+01
1.694925409383934323e+01
1.599488030433076524e+01
1.621778559147833576e+01
1.580598923231279862e+01
1.667058615141621658e+01
1.861238483039075930e+01
2.155725783210610302e+01
2.118079284106088878e+01
2.144741763546563362e+01
2.314542549193265231e+01
2.155901310253966230e+01
1.841641027942523223e+01
1.748999527090151318e+01
1.356961068583196450e+01
1.848820545596636222e+01
2.019832690067383751e+01
2.123564734814207355e+01
2.162499659422625697e+01
2.152545002487375214e+01
2.008600491876216410e+01
2.114253852225021646e+01
1.831895819095434419e+01
1.542182256362336545e+01
1.607519655120529478e+01
1.612639797068826297e+01
1.337234848141863530e+01
1.566940711185027801e+01
1.784250346177762125e+01
1.362657476741550511e+01
1.703510930922222499e+01
1.918465469581022731e+01
1.803157471645616283e+01
1.270245163115065345e+01
1.658930439265174783e+01
1.344313013876802465e+01
1.697517384206194180e+01
1.601468021164653166e+01
1.513817970490619302e+01
1.521595814500248345e+01
1.439507562666306839e+01
1.534134801090140954e+01
1.634450709019422732e+01
1.342653096099044774e+01
1.454137864682344272e+01
1.403619645846049657e+01
1.501356414883976242e+01
1.677611602043091921e+01
1.730626117504397854e+01
1.443937792624833349e+01
1.530758320115326221e+01
1.535586640108492062e+01
1.362820398740233685e+01
1.406878938451662719e+01
1.621155100679107974e+01
1.251712137127452706e+01
1.517152227683597943e+01
1.478239827403338325e+01
1.432536687669015762e+01
1.510697193293104590e+01
1.244053066045850997e+01
1.485585617716781570e+01
1.596970801416889962e+01
1.486553608183383623e+01
1.484935143176594963e+01
1.290862105994765408e+01
1.345051598672286808e+01
1.183662035750240094e+01
1.457535855012326920e+01
1.442048250329083636e+01
1.413819611871405968e+01
1.407501953105521331e+01
1.396410074482015418e+01
1.476232267295568334e+01
1.398725628787338593e+01
1.541675952083921075e+01
1.405920944768151593e+01
1.553134912310657967e+01
1.473429107347388900e+01
1.535079826744865095e+01
1.732635554408290091e+01
1.419581267844652750e+01
1.275946885539775266e+01
1.381930805602861057e+01
1.488911953777455999e+01
1.594574327634297717e+01
1.426732325065330720e+01
1.451615659577432815e+01
1.436076922912950060e+01
1.473118402581564013e+01
1.330048124067675808e+01
1.374580046915161091e+01
1.248543872943574229e+01
1.855122809659200200e+01
1.317174146713101557e+01
1.795815297427475699e+01
1.320891014315948553e+01
1.455804924006166168e+01
1.436412711060906311e+01
1.532475423841118989e+01
1.351383071591713225e+01
1.337131840322392762e+01
1.308535605387596235e+01
1.561078133492376629e+01
1.441709625008830109e+01
1.359391299520947882e+01
1.430767271372299554e+01
1.401559234599930193e+01
1.533413343691256969e+01
1.500977213464741666e+01
1.414664917498899044e+01
1.347989797396047784e+01
1.545459014398912423e+01
1.315549581663492340e+01
2.205631318493302473e+01
1.162206304963349979e+01
1.440049275152958153e+01
1.535119818921842416e+01
1.367033214671456243e+01
1.543228553569280592e+01
1.634890748076322708e+01
1.267803138437078125e+01
1.454148596807307747e+01
1.427770641320450196e+01
1.449719654498618837e+01
1.430046033534203787e+01
1.314123907154187876e+01
1.317870687564791510e+01
1.570944661251421159e+01
1.307488197260808427e+01
1.563149964864190089e+01
1.357105454715728321e+01
1.272276438557813449e+01
1.263794011065935585e+01
1.481088495610737077e+01
1.500867144998247760e+01
1.370871691117799074e+01
1.399314644875808433e+01
1.462914827541616880e+01
1.644416627283998977e+01
1.361654028266052840e+01
1.423789110391287416e+01
1.393206949062249755e+01
1.436376808690884488e+01
1.550989400211647506e+01
1.311845698328733967e+01
1.257266870084536947e+01
1.343616917344222550e+01
1.460188695245371093e+01
1.535134866441255497e+01
1.582017503230309607e+01
1.370509671575768529e+01
1.484493293315970064e+01
1.779449070065100003e+01
1.892136049463345415e+01
1.502735692957466718e+01
1.410120901280852124e+01
1.398009078217484280e+01
1.429401897148909661e+01
1.482397776219567120e+01
1.450608176248632830e+01
1.578468337455019643e+01
1.487772174942108627e+01
1.426159526534591393e+01
1.626420707172162494e+01
1.544783534101459566e+01
1.299837526085111072e+01
1.506179591032018017e+01
1.433312909776760868e+01
1.478715189785225803e+01
1.567142796797957693e+01
1.663223641476348291e+01
1.025636535759444179e+01
1.123367061533743971e+01
1.445925419197163997e+01
1.562496450188238839e+01
1.455149351464018181e+01
1.568397198366693779e+01
1.419796139710557981e+01
1.334858858317285346e+01
1.366390057695933180e+01
1.564133259254295716e+01
1.397363295232648106e+01
1.513687962107953133e+01
1.530253603339326141e+01
1.462644454194643728e+01
1.507246333230877333e+01
1.368616216190778623e+01
1.522211679498353476e+01
1.348208900633100527e+01
1.352036636932733948e+01
1.531408968201858478e+01
1.683058797147929653e+01
1.478473655023908684e+01
1.245910878498795071e+01
1.239727757247134754e+01
1.505858698965252351e+01
1.314546264391231034e+01
1.451824981690502803e+01
1.447573254789859831e+01
1.331569879133640733e+01
1.354162756979902049e+01
1.370899434551430573e+01
1.236665442019385885e+01
1.673551777169352306e+01
1.695419174539401652e+01
1.257102672079418682e+01
1.325063317543994756e+01
1.466755281198741123e+01
1.378838394704559711e+01
1.471332062131098795e+01
1.462779866844519461e+01
1.374471076934246838e+01
1.280276173613321689e+01
1.332836234425738020e+01
1.073640607437722672e+01
1.449661168645291198e+01
1.432182970096352292e+01
1.488112560314696431e+01
1.310952704789680823e+01
1.391131033647291915e+01
1.568403355926669995e+01
1.516250184159278902e+01
1.377242751140351373e+01
1.606728019492097204e+01
1.414553287764322320e+01
1.322665074204130953e+01
1.250842637597641627e+01
1.482559053046883335e+01
1.457636593491799815e+01
1.325076140311571571e+01
1.244622211629332753e+01
1.351176168150214529e+01
1.182661919675444828e+01
1.148736617957420592e+01
1.604172183394787510e+01
1.276726929530782151e+01
1.265091536304126052e+01
1.462837702022930841e+01
1.405527366227293129e+01
1.671755927586894330e+01
1.243309418786896181e+01
1.066854387193997411e+01
1.203938679010150992e+01
1.217353286785022881e+01
1.344726245176685175e+01
1.382254683732454481e+01
1.042616912652383476e+01
1.682773031095801031e+01
6.120710948983544952e+00
1.392023537250866561e+01
1.237834655817153617e+01
1.396945951688752707e+01
1.643950650703796867e+01
1.327003977373759902e+01
1.188236464908790069e+01
1.204761199268436656e+01
1.393439928864501098e+01
1.291939543570131832e+01
1.374157253898976450e+01
1.694721993499552326e+01
1.237571280658304929e+01
1.363063442215648813e+01
1.428337025122180748e+01
1.231583701193077829e+01
1.573049471740910121e+01
1.437028413284124007e+01
1.338474363593934413e+01
1.200752896849800955e+01
1.235922567961018359e+01
1.398361276220298244e+01
1.388579902724390003e+01
1.134617261093106677e+01
1.395929901579056143e+01
1.380902204809750344e+01
1.316981565468701731e+01
1.324060929154224731e+01
1.168776691771001097e+01
1.370799905639284511e+01
1.437128645033594765e+01
1.463520401777947555e+01
1.207159867820597832e+01
1.391449965949278145e+01
1.300484032463315565e+01
1.442188417705133041e+01
1.229520793090570052e+01
1.439996148414716615e+01
1.279660660501452796e+01
1.237332444151852506e+01
1.420116295821751606e+01
1.245433301330235487e+01
1.312879736194892288e+01
1.314826236436562468e+01
1.235630231187310102e+01
1.482535385449941145e+01
1.141281400752082220e+01
1.172962148467729726e+01
1.310071388229863132e+01
1.369042478155002129e+01
1.420200687073582912e+01
1.303759745406105353e+01
1.333175641729997452e+01
1.436159756951087552e+01
1.405533648822739501e+01
1.416538414773732768e+01
1.340249858921146320e+01
1.376819060364283764e+01
1.462008860784761133e+01
1.267541782491031555e+01
1.264461510497999441e+01
1.134123255643833161e+01
1.251921438837770495e+01
1.155067060856765693e+01
1.324664890553583518e+01
1.342578123272160973e+01
1.383163777987216569e+01
1.208683707997776757e+01
1.292903320090962538e+01
1.347345633194241010e+01
1.240235325081601125e+01
1.425085761481559743e+01
1.395693043960176816e+01
1.266139415371051413e+01
1.338227721602445719e+01
1.082751744844912523e+01
1.269593500720570667e+01
1.198457698569374408e+01
1.191818879331840364e+01
1.323459101244717218e+01
1.190939708743519887e+01
1.256929880532456245e+01
1.310803392281705548e+01
1.049504487234664474e+01
1.255214410805458058e+01
1.315537618162548128e+01
1.213632997447262518e+01
1.406945438408694926e+01
1.279706158599198496e+01
1.256608026568047087e+01
1.173091162966956169e+01
1.313208093999415560e+01
1.466708841471810132e+01
1.461383464617693484e+01
1.180212576263217983e+01
1.370466053041011989e+01
1.363962417401702965e+01
1.350767731068887834e+01
1.251482366626943943e+01
1.488415848273452724e+01
1.420386198054014137e+01
1.292172668950222736e+01
1.452495607202379091e+01
1.414989357314041030e+01
1.345512121570466491e+01
1.314002603363947941e+01
1.388857605581928389e+01
1.463897646093341187e+01
1.437774608644778596e+01
1.277251795969760018e+01
1.466704351292298725e+01
1.302817985988160565e+01
1.441785387053538514e+01
1.421548345542587377e+01
1.219671430266147283e+01
1.260799429807884309e+01
1.175992287425819782e+01
1.244481105929952491e+01
1.421703083975481441e+01
1.622963220623764968e+01
1.278008615227242295e+01
1.217354456075242375e+01
1.230080670263686748e+01
1.497918032220112217e+01
1.301509002438573503e+01
1.227968546389476678e+01
1.368847166215766897e+01
1.277365871641477568e+01
1.298453427122493942e+01
1.246875520713997787e+01
1.490268700401248303e+01
1.485711098989688139e+01
1.584195386796563554e+01
1.408019186743007900e+01
1.510235122128203322e+01
1.605933873675438761e+01
1.431862626178946485e+01
1.351161623164439085e+01
1.468325338760770116e+01
1.447812950073061700e+01
1.480494786545295405e+01
1.379349824057140417e+01
1.335845219858844501e+01
1.361508344913140434e+01
1.444977697275601258e+01
1.435130579527327832e+01
1.347813199597445077e+01
1.355339270004228069e+01
1.427515637577279328e+01
1.423987649101541564e+01
1.197528876914111429e+01
1.615620584032812701e+01
1.429285587944296054e+01
1.428509913532753295e+01
1.874419895065559061e+01
1.350532267640158146e+01
1.476868516742284498e+01
1.720124839818431539e+01
1.386442738611689052e+01
1.237333087363267126e+01
1.299078871371967914e+01
1.037473149207454703e+01
1.760444559852427560e+01
8.090121467850348580e+00
1.582268844357246884e+01
1.351193426725451374e+01
1.509385618500288828e+01
1.571371139476749335e+01
1.405541325080131543e+01
1.412212277652372450e+01
1.330255584352913267e+01
1.244917834459671546e+01
1.279802906365511461e+01
1.235129249342615587e+01
1.232498372398658404e+01
1.334186988525502926e+01
1.503401273700690233e+01
1.375286489098664156e+01
1.275777342331662467e+01
1.525735599463190084e+01
1.591724910566716211e+01
1.203790889300891465e+01
1.420288427887006755e+01
1.318131381169063943e+01
1.478794747464328907e+01
1.215020502651404399e+01
2.357573516409318870e+01
1.136333419636851083e+01
1.906677114594429412e+01
1.214697317794013820e+01
1.382832509300356350e+01
1.623142883323487951e+01
1.241661282534499833e+01
1.273399246245129390e+01
1.252339076619564118e+01
1.315076446631306872e+01
1.359979950606001253e+01
1.348700812767770429e+01
1.256739311764168932e+01
1.334288422503366967e+01
1.540571790595136825e+01
1.335912975781811518e+01
1.416844766815732548e+01
1.515750029786662267e+01
1.377895433084611376e+01
1.487244336888180207e+01
1.579682513460208959e+01
1.380035904705268379e+01
1.499879938783598021e+01
1.521083502595598524e+01
1.678536415779962354e+01
1.578328814096437149e+01
1.593465446460265333e+01
1.203057266296264416e+01
2.053390548520696157e+01
1.884791055028001239e+01
1.809140313467810657e+01
1.341630629235470273e+01
1.373914412838764854e+01
1.347707569155735463e+01
1.526904704226197040e+01
1.402747888878599625e+01
1.599753484103866796e+01
1.314091888133771135e+01
1.378015859338986715e+01
1.375370216985613681e+01
1.295040223181175421e+01
1.457186071439677377e+01
1.485822242239776259e+01
1.319694916105046723e+01
2.042040192785607289e+01
8.893923706644285332e+00
1.592609930969849152e+01
1.588669040560409940e+01
1.229191719260996862e+01
1.467285551075519123e+01
1.338594192767323143e+01
1.478586191246903958e+01
1.514991704022237329e+01
1.620205176584243745e+01
1.454468269495310118e+01
1.642774516305340171e+01
1.552838967676638937e+01
1.546005125391535451e+01
1.475864504436538560e+01
1.252809723067465697e+01
1.402200106701439530e+01
1.549863559487081410e+01
1.416296384474851067e+01
1.756643146514893417e+01
1.466133579440136536e+01
1.362361902736403962e+01
1.335593239796858711e+01
1.342119068875041421e+01
1.541357085580156827e+01
1.361914448717907611e+01
1.415791769064641592e+01
1.448856822586753879e+01
1.422200662551091632e+01
1.422669619368165961e+01
1.390376262806858421e+01
1.336518053116307314e+01
1.678625713252428042e+01
1.800567220957589143e+01
1.559280776126107071e+01
1.496170005666117042e+01
1.575008874817941518e+01
1.604273476933017406e+01
1.500152925312390018e+01
1.788831842085192037e+01
1.452352400581466618e+01
1.304685143156421923e+01
1.245851615532232870e+01
1.310887839687970491e+01
1.547560413646949407e+01
1.313973863261506558e+01
1.522376039817436677e+01
1.447395261029172708e+01
1.437401274123339689e+01
1.585125609645281131e+01
1.377411370433009630e+01
1.459835402124324055e+01
1.291637678198062744e+01
1.326572534622928501e+01
1.404155044354678239e+01
1.194085863330171726e+01
1.518798754279373675e+01
1.432238491127976054e+01
1.465138799303337613e+01
1.484844793625325288e+01
1.303331547101552523e+01
1.349767605326324293e+01
1.318752577767417478e+01
1.157223718273453272e+01
1.532185310203581352e+01
1.494998728908266550e+01
1.328336492527889412e+01
1.370787058477250930e+01
1.506985427647289733e+01
1.324483803177674091e+01
1.355004484250923191e+01
1.595598822111551662e+01
1.446476831428958576e+01
1.293276375175053694e+01
1.301398337006966521e+01
1.183101174986899906e+01
1.190956220950622679e+01
1.264446197052184218e+01
1.576836891391504025e+01
1.473416667987023487e+01
1.139604110576372520e+01
1.264446478346017599e+01
1.461313942462147608e+01
1.214904216782963076e+01
1.521742575721522250e+01
1.636557794864770798e+01
1.549459513579996361e+01
1.145652914561378566e+01
1.119617965699874773e+01
1.469103486885399334e+01
1.274762940482595219e+01
1.511307464527853206e+01
1.299209325783927937e+01
1.419993190335466338e+01
1.327897241201437062e+01
1.488789549981094673e+01
1.380187214332822521e+01
1.552575064309436215e+01
1.356667192663916666e+01
1.212746350587030975e+01
1.289870379249517462e+01
1.145292258120772289e+01
9.256004968691382118e+00
1.358160191175112530e+01
1.175193167353021018e+01
1.504465463802379510e+01
1.281663745555975531e+01
1.229121438579288927e+01
1.282577211638199266e+01
1.454237156261330099e+01
1.495466107614495321e+01
1.512440470081709876e+01
1.043140719757177592e+01
1.340598619113320566e+01
1.361753207309975799e+01
1.588389946915543938e+01
8.264992107908089025e+00
1.362290184979772611e+01
1.383380130183363832e+01
1.337597588144424421e+01
1.500819738383316349e+01
1.372047061801311685e+01
1.307800272596452729e+01
1.448044635184450968e+01
1.462520938102261603e+01
1.242803800726631991e+01
1.292948617957405411e+01
1.300845724174353180e+01
1.536887881121830368e+01
1.426552952677615060e+01
1.441932992124053392e+01
1.379397949466195605e+01
1.223833402173643492e+01
1.484089731407334867e+01
1.326613666326969287e+01
1.051629694047485053e+01
1.324735266871635631e+01
1.304023844335805116e+01
1.286088992898831940e+01
1.279011631089828427e+01
1.391398957740977593e+01
1.568756121527193415e+01
1.259200518395850565e+01
1.374608136196695263e+01
1.319668176018651629e+01
1.351289809871280845e+01
1.398712132994935153e+01
1.513965708473034688e+01
1.315048747597192325e+01
1.264674177344273431e+01
1.284822559520439889e+01
1.187277617956907427e+01
1.211097894955458010e+01
1.464596934805388884e+01
1.192092880031269075e+01
1.322038505782562368e+01
1.405918266861483090e+01
1.175166544008288128e+01
1.188489974160117946e+01
1.503480514364475340e+01
1.373699847216150438e+01
1.309982113961018335e+01
1.617600985440294536e+01
1.433428832922428064e+01
1.206834259675499332e+01
1.384410502366588780e+01
1.160689586178644284e+01
1.652655684789768742e+01
2.049666864094749030e+01
1.081714581796902763e+01
1.525346809736737619e+01
1.487743943462588625e+01
1.111172540618292714e+01
1.185924570804822942e+01
1.503717949306740032e+01
1.740268683895881807e+01
1.937882492281816837e+01
5.647829150385071273e+00
1.322067572793496559e+01
1.316875921919596593e+01
1.408154047796956476e+01
1.377858759806394495e+01
1.175054637564652360e+01
1.099354058123968159e+01
1.190676911017666306e+01
1.524847394296746472e+01
1.442604298219499270e+01
1.462162659580140733e+01
1.618993322309856353e+01
1.009148625373839714e+01
1.350418566257284070e+01
1.447647954475411147e+01
1.439733952441446618e+01
1.227046698336811836e+01
1.290682753836146723e+01
1.463358309659234813e+01
1.238543144790531514e+01
1.459136271326291912e+01
1.498604480940741190e+01
1.115089029779328023e+01
2.975551920548480567e+01
2.769399841965537590e+01
1.074233880820943199e+01
1.281249177513887005e+01
1.501653592582806063e+01
1.853880772275298128e+01
1.421453525972166432e+01
1.342397320330030475e+01
1.211782860208870183e+01
1.183938110207084549e+01
1.455274814966277930e+01
1.203983106593758912e+01
1.672660431765542199e+01
1.397280117691849988e+01
1.323375711427996926e+01
1.211709760730751384e+01
1.368746845081628649e+01
1.506668188928772523e+01
1.316327215539636519e+01
1.140746133477086666e+01
1.294271881954088244e+01
1.265935204296583017e+01
1.181709322361879799e+01
1.456840412233403725e+01
1.457552904218024814e+01
1.365800238661909027e+01
1.397804152594660465e+01
1.253685927497046748e+01
1.454470222164763982e+01
1.838609496805453603e+01
7.637324600234419059e+00
9.118152922626830303e+00
1.479088331471881723e+01
1.270441019154195672e+01
1.283655357504713201e+01
1.217479257333168796e+01
1.084044893140158017e+01
1.744706915054745622e+01
1.259774535861352440e+01
1.246373069315873039e+01
1.471894583560202463e+01
1.324356971107231473e+01
1.242901986955728511e+01
1.559074535833506481e+01
9.707662804484057162e+00
1.933442102198794643e+01
1.694066057295247418e+01
1.528715863437044575e+01
1.398453404128569311e+01
1.172257603197055964e+01
1.294642696181331054e+01
1.440396936148033369e+01
1.283116229094284755e+01
1.340509287550803030e+01
1.418240486552951474e+01
1.407741938043752583e+01
9.471890743130831680e+00
1.571918940352555083e+01
1.412980646650230732e+01
1.246758326384919613e+01
1.036427797123632288e+01
1.269898446663596481e+01
1.087602939117159195e+01
7.911754800784671637e+00
2.510720342175296693e+01
9.439181738490047380e+00
7.637223130134017879e+00
1.293792382584996936e+01
1.050172045980507463e+01
1.422541126926354238e+01
1.497263319447379537e+01
1.497315460055353498e+01
1.415539229461343496e+01
1.126573754782922876e+01
1.245345154102270691e+01
1.667336673714113360e+01
1.375400031353099983e+01
1.227026581361741364e+01
1.324927914958156450e+01
9.538701232350891956e+00
1.398721761757324877e+01
1.408677181485945695e+01
1.359364940629180829e+01
1.176002855117677370e+01
1.011751502981806539e+01
1.926627594296709844e+01
8.951512138880193703e+00
1.252046714229600788e+01
1.258622587427840145e+01
1.245738586944918147e+01
9.371710902223393092e+00
1.225462116982347283e+01
1.261233277066837744e+01
1.620181778857105570e+01
1.320787185685943044e+01
1.320498580835537972e+01
1.240116343237422392e+01
1.631980061619605493e+01
1.424526378643881053e+01
1.323082143653468457e+01
1.156638313918666938e+01
1.476804439129649893e+01
1.647207444121869813e+01
1.500640808118219738e+01
1.170657342920914523e+01
1.083462752506168592e+01
1.287303404532434392e+01
1.071489417597579852e+01
1.556553690636031995e+01
1.472077534157662981e+01
1.330053079054964371e+01
1.379791267346634243e+01
1.514239933845288810e+01
1.221589710021153152e+01
1.252193254200165029e+01
1.243893790713759806e+01
1.228560786026958240e+01
1.286675036896474111e+01
1.730456017054724782e+01
1.597995215427491544e+01
1.925337493743604611e+01
1.423448716149338900e+01
1.473006018988069421e+01
1.463786707738223569e+01
1.595055034377275049e+01
1.632850030598551783e+01
1.269167526559732728e+01
1.111992345770055657e+01
1.761691469114186148e+01
1.004524497114151771e+01
1.252604962095142049e+01
1.467320689205953066e+01
1.009628051697039375e+01
1.113241194942364487e+01
1.379482711967901309e+01
1.551637013701907364e+01
1.169631659923196310e+01
1.540655903274008764e+01
1.024969288537408829e+01
1.285970937568975891e+01
1.203375483174006888e+01
1.237070144777780456e+01
1.497540558897246044e+01
1.330409090682872275e+01
1.529907115134292717e+01
1.229374002613141847e+01
1.270268185159995511e+01
1.498514412636092707e+01
1.447082372239531445e+01
1.061428109475155956e+01
1.436836487556708697e+01
1.188872186264949882e+01
1.533458464452285241e+01
1.460747871430621814e+01
1.404498860995491683e+01
1.243769350204552282e+01
1.043886043386003948e+01
1.213177409105862381e+01
1.366812169419129397e+01
1.369471917554811036e+01
1.699050524544772500e+01
1.163943493342530289e+01
1.486945943305859075e+01
1.458239247455217047e+01
1.260659820431973266e+01
1.399488948535373467e+01
1.731095300207064014e+01
1.781222451961699704e+01
1.253412420185262199e+01
1.299196615719813686e+01
1.230972166242387900e+01
1.624737273517053993e+01
1.536372469557966625e+01
1.331506600446861377e+01
1.568557688006664641e+01
1.611368571099143310e+01
