2.954120943059464821e+01
inf
1.934846308055120900e+01
7.689238776531487574e+00
8.282522765213201410e+00
2.589593732186877162e+01
1.918572272801833734e+01
1.773120539868741474e+01
2.633039364630458223e+01
3.216320527740968771e+01
3.014187389883338852e+01
2.588104574034941763e+01
2.895346306631515532e+01
2.070483894865081709e+01
1.483013777149221823e+01
2.688184417501473433e+01
2.505122548100221636e+01
2.098999053631237288e+01
2.415071690923815240e+01
2.127845693311835973e+01
2.378171710495331581e+01
2.553157954731215895e+01
2.477143959690223340e+01
2.537264714036454194e+01
2.385799761037543831e+01
2.236349678958310250e+01
2.006095796016374067e+01
1.625311636091178613e+01
2.554579613168749574e+01
2.696682100737572085e+01
3.113610336947244406e+01
2.904470759020207282e+01
1.257720877196969234e+01
2.265363369360721535e+01
1.801855945065830511e+01
2.472582159956679249e+01
2.162869569166602801e+01
1.951356317011096664e+01
2.738023974561773244e+01
1.869280241409688159e+01
2.318923386327068314e+01
2.203818628783085742e+01
2.346783189883073817e+01
2.485611707202982856e+01
2.074367969497958697e+01
1.988065837293824245e+01
2.766112170896477807e+01
2.757185209461755449e+01
2.868717111735422876e+01
1.667824303842949973e+01
2.692880054764317066e+01
2.772634146212327977e+01
2.349432313460306077e+01
2.707507441317810404e+01
2.061472536855412230e+01
2.230711794137803494e+01
3.034215680819746908e+01
2.453231137880334245e+01
2.408111453273902569e+01
2.107301802023719262e+01
2.187813037551742923e+01
2.272624935943719748e+01
1.616852142998058639e+01
2.732654031152207708e+01
2.614043180205317896e+01
2.501639637172415576e+01
1.767897160378444710e+01
2.268387874106187141e+01
2.727580828191618778e+01
2.238940363397731304e+01
2.204119034451922587e+01
2.306776022265608717e+01
3.200257975674896471e+01
2.069384363394201642e+01
2.684423342922162803e+01
1.769697227416589769e+01
2.031074301084597167e+01
2.414355055839449449e+01
2.032111059420608257e+01
2.202735481059310629e+01
2.917718815745908856e+01
2.181947190385659141e+01
1.574738399902908093e+01
2.655478637832162292e+01
2.321948886736380402e+01
2.128627664238247164e+01
1.512640191021818126e+01
2.407809385760189258e+01
2.167238057314559185e+01
2.148491208987996970e+01
2.401102708860160106e+01
2.219797699511320843e+01
2.036799018853690058e+01
2.050304203308670026e+01
2.849505162608584996e+01
2.568538369803229671e+01
2.842738388122608839e+01
2.530501478531878234e+01
2.532206938820739950e+01
2.353345540423466176e+01
2.318595441105097166e+01
2.777877153510059927e+01
1.751545998496508005e+01
1.918444756089519743e+01
1.884575303020452353e+01
2.092326874442434459e+01
2.387652216956293216e+01
2.275969924124277810e+01
2.537520954836674392e+01
2.669005414511971708e+01
2.425870836394473073e+01
2.503531627778101409e+01
1.785539341612562936e+01
2.568910977192164680e+01
2.702794948666237218e+01
1.902352773859869828e+01
2.678045064092589911e+01
3.000810869499392197e+01
3.120197504008049805e+01
2.378508540745877298e+01
1.745202882986776771e+01
2.927736554028779281e+01
2.085194298565059867e+01
1.433735458314162159e+01
2.321861770043696183e+01
2.676729714025548645e+01
2.273612867012882077e+01
2.190804465936320611e+01
3.115938835902475645e+01
2.184686067357749906e+01
2.355200550036157381e+01
2.235166868622804159e+01
1.964775934482842246e+01
1.857855517089160458e+01
1.806089567099752458e+01
2.487702156593550740e+01
1.847504751220137464e+01
1.979776119191140538e+01
2.560612491747691166e+01
2.502935186919502186e+01
1.694128556788920292e+01
1.995573313054818243e+01
2.446359287952343209e+01
2.156268839009027971e+01
2.057117451306720923e+01
1.577999287280068685e+01
2.447139681356469865e+01
2.298761808260934814e+01
2.408324953330827967e+01
3.352982949483085662e+01
2.551022249124522290e+01
2.345771695570961413e+01
2.697599329456341621e+01
2.856666351426778760e+01
3.442405933737720858e+01
3.157961255464918437e+01
3.066421204951803503e+01
3.531268528783665772e+01
3.331628064572021231e+01
2.599805501607811919e+01
2.095835575282146834e+01
2.373558991580956601e+01
1.923175833405012725e+01
2.724650491323755475e+01
2.486575385940987104e+01
2.085810792897638422e+01
2.263545141482932621e+01
2.073440510827270700e+01
2.553583582238380956e+01
2.054941459013616623e+01
2.345040793951203639e+01
2.778769150293335954e+01
2.229230412022714702e+01
1.992619770646399502e+01
2.465750116166477923e+01
2.302417076265434659e+01
2.610971883137390392e+01
2.146032686020617675e+01
2.528978947659087240e+01
1.984120001559328728e+01
2.107435217136347205e+01
1.832865743131565850e+01
1.530340251940851459e+01
1.937049292798015543e+01
2.065218936087060797e+01
2.432573383281448898e+01
1.995274023956631027e+01
2.947715448858106768e+01
2.632477490252064811e+01
2.250054777478255019e+01
2.864797713253731004e+01
1.997100394806179935e+01
2.564658724970871262e+01
2.235635258926048863e+01
2.254667344891336001e+01
2.683591710647225526e+01
2.297433231139612886e+01
2.059905513128190080e+01
2.400716135976257704e+01
2.816054179651702327e+01
2.218204803968557570e+01
2.148532335520202707e+01
2.796292981606172035e+01
2.655069807560993667e+01
2.152988109426657815e+01
1.572847167634442478e+01
2.501920074041065689e+01
2.242662085930287219e+01
1.884736011160180524e+01
1.545371489763607187e+01
2.791912504976874487e+01
2.556318963429283997e+01
2.529556218692180636e+01
2.620452683222110224e+01
2.427860672673409681e+01
1.751085539367996446e+01
2.832217856840837555e+01
2.608771718847981447e+01
1.933978873115138697e+01
2.719114576756180313e+01
2.393113020064609131e+01
2.162498497846081236e+01
1.887454668756320331e+01
2.761795590112838283e+01
3.299364912464840671e+01
2.281158443522592805e+01
2.411849258516362937e+01
1.762605590124816501e+01
2.565873905985280601e+01
1.697784806170011507e+01
2.360109429426814387e+01
2.157064620226071483e+01
1.955470675113616608e+01
2.597053615435233809e+01
1.875344466663070619e+01
1.869519516661064529e+01
1.560621904179038566e+01
2.288268387624384559e+01
2.195520594443202711e+01
2.345236603156987698e+01
2.573558719822075957e+01
2.169307070946430116e+01
2.145427725871285318e+01
2.193701934350015037e+01
1.611676374910712894e+01
2.113991853728143511e+01
2.079948660280651751e+01
1.831249746615527130e+01
2.119571461642968657e+01
2.269316175464354757e+01
1.948850519757061761e+01
2.633422236467114175e+01
2.478378961837536210e+01
2.586227103644789338e+01
1.883551661122568177e+01
2.140815817856141479e+01
2.096237499751856603e+01
2.058179255932248708e+01
2.316790408577810112e+01
2.573751028121442985e+01
2.018255638667565677e+01
1.739991470646815941e+01
1.721786415018617689e+01
1.951474813846964196e+01
1.976603543119038164e+01
2.341203859318759228e+01
1.866706956452131294e+01
2.560828145383968746e+01
2.096484195166768316e+01
2.275947402861111257e+01
2.500402658155170599e+01
2.875323965911587010e+01
2.173441721000903826e+01
1.907727346016394421e+01
2.020921902870590969e+01
2.156961979049319922e+01
3.132331604745652953e+01
2.232255807336803244e+01
1.680667361396875847e+01
1.911952168706850941e+01
2.486560873994389098e+01
2.268606871644495016e+01
2.359348680343461524e+01
2.060974249544046799e+01
1.747449921305001652e+01
1.933836096605385180e+01
2.109248984586350417e+01
2.243944560631805274e+01
2.392953220997453556e+01
2.350110171841852491e+01
1.688312043309624855e+01
2.398662269298989713e+01
2.593310786605153950e+01
1.928120594872301652e+01
2.074758450944188937e+01
2.037890683871733799e+01
1.830655529992043995e+01
2.336946232245546895e+01
2.253083005142328687e+01
1.847250344099047226e+01
2.323645703454715772e+01
2.166435794210645227e+01
1.794491638114146781e+01
2.108801494522847975e+01
2.191872505060202059e+01
1.876046460677840599e+01
1.858674783923210327e+01
2.076385700821777647e+01
1.826689921418362061e+01
2.447334710343902842e+01
2.593417233565416780e+01
2.684966352469868056e+01
2.350581596825916364e+01
2.344172326014452779e+01
1.841278893569664277e+01
1.872231811487420572e+01
2.129446227202951292e+01
1.753996481755373793e+01
2.332954219616338776e+01
2.137223626818218136e+01
1.763828536385386059e+01
2.104481344088944894e+01
2.175926160523515662e+01
1.763436305627605805e+01
1.860597315448902123e+01
2.039121103944922453e+01
1.863553276872415765e+01
1.900719915958530493e+01
2.241651680889491871e+01
2.057004121426941623e+01
1.770839449809081145e+01
1.826587477960512018e+01
1.975806650729052194e+01
1.912461113786173073e+01
2.105509765507707698e+01
1.965145450474301470e+01
2.048901907610414597e+01
1.917875282605602649e+01
1.658683755019894690e+01
2.321700943958332886e+01
3.089403693845755328e+01
2.629404949652326451e+01
1.932861382331650191e+01
2.178703492594077318e+01
1.981982925835025355e+01
2.059446105702052421e+01
2.183943503428707444e+01
2.627613735074352874e+01
2.221101758756004685e+01
1.767764973814557194e+01
1.829472882390639654e+01
1.870930106822911654e+01
1.995310821039588234e+01
2.121313535144833295e+01
1.732483053618659596e+01
1.837514997632214175e+01
1.818519822808337949e+01
2.358746806728314738e+01
2.396447455463664156e+01
2.063285416153150109e+01
1.654753119338083422e+01
1.699134356733689799e+01
2.208447459519071288e+01
2.296063496817608751e+01
1.903071597546715310e+01
1.946811384680134083e+01
2.145559420479975543e+01
1.888483461108699402e+01
2.067836925882260601e+01
1.910133234416608161e+01
2.344468583256911742e+01
2.165350850976185981e+01
2.670284636843942749e+01
2.411131589409086473e+01
2.105328087198908094e+01
1.742399846176794398e+01
1.871983327605820691e+01
1.934792435404647293e+01
1.980961975550998133e+01
2.195566255910323505e+01
2.001953519988005681e+01
1.722907257902705069e+01
1.498148655844769550e+01
2.037219859903871111e+01
2.092251105372598374e+01
1.964129756156590290e+01
2.220680995365331967e+01
2.269120305261641235e+01
1.726729198826334155e+01
2.361757010468023310e+01
2.559989579720710040e+01
2.173804089311258281e+01
1.907515694648071047e+01
2.145398729081641065e+01
2.229096205456659163e+01
2.262014076317732147e+01
2.144885223044350653e+01
2.107442820216034463e+01
2.077074777932430649e+01
2.141014093629424053e+01
2.373257740580949360e+01
2.808931232816419055e+01
2.157330684364634976e+01
1.937951396043784769e+01
2.052582424623458834e+01
2.132903029440866050e+01
1.824727936152285324e+01
2.063786795198621959e+01
2.044922902230030104e+01
2.008366477094405056e+01
2.005135592531402011e+01
1.733316811645024913e+01
1.927476724218674065e+01
2.089040810234357437e+01
1.827335843115770686e+01
2.001970027775452365e+01
2.008856634678325292e+01
2.307987745461450046e+01
2.274049514075543499e+01
2.159688223063404067e+01
2.713510560125981641e+01
1.801914571294347667e+01
2.428951119976149542e+01
2.214291074817711902e+01
2.304469689968371782e+01
2.249933329265398996e+01
2.459005774353116891e+01
2.280679780948697299e+01
2.286298904289405698e+01
2.328649708004640928e+01
2.232196272639591683e+01
2.155628022580528125e+01
2.000733106015540486e+01
1.920990927155355976e+01
1.629299325662900344e+01
2.244275540406267666e+01
2.582306064408174961e+01
2.162540829470991710e+01
2.175980782537681080e+01
2.083137622468948535e+01
2.329658067961161905e+01
2.157886922478223823e+01
2.132124128502782412e+01
2.326306406316061270e+01
2.038490345890567568e+01
1.910071037434591901e+01
1.929842763147142648e+01
1.844496374887776113e+01
2.389038018788326312e+01
1.954750683455871041e+01
2.213997898051432855e+01
2.302293871723753327e+01
2.167104795816608842e+01
1.954599698339698932e+01
2.111862924447471457e+01
2.363841496152051747e+01
1.985531769627428034e+01
2.267047375969362122e+01
2.316899477287742926e+01
2.341238116267034997e+01
1.793203271808721055e+01
1.710547649464195530e+01
2.016399802948145137e+01
2.175355243089858348e+01
2.049724623107472610e+01
1.859266483583841278e+01
2.077829122081593738e+01
2.249698580724110286e+01
2.275021102152537722e+01
2.017948181201500546e+01
1.923760355146748324e+01
1.870411196157577294e+01
2.164137653274968187e+01
2.288607081879944971e+01
2.334900268090061815e+01
2.224559034839784388e+01
1.897002042447545023e+01
1.948109397806568666e+01
1.915562089457202433e+01
2.216746228308215905e+01
2.009657991327528137e+01
2.383469502682978458e+01
2.057033925527672125e+01
1.783011521666892207e+01
2.231099800097802799e+01
1.952008865085798206e+01
1.985150666802980979e+01
1.963596025325126249e+01
2.203997725891265347e+01
1.866111991083758426e+01
2.388495925966667599e+01
2.366395106968026596e+01
2.010595727229330620e+01
2.275130691278869932e+01
2.208203891702340727e+01
2.289263492101535391e+01
2.446152467264739983e+01
1.969522501209453580e+01
1.942235389258491551e+01
2.399534722600283843e+01
2.016768986890172854e+01
2.189098523763226822e+01
2.063166513199045937e+01
2.142066338334945286e+01
2.516863953507949248e+01
2.308660894739226421e+01
2.428565336723336188e+01
2.249844078964555649e+01
2.565443008778582978e+01
2.355342803240997895e+01
2.756815284867053606e+01
2.196645368844830415e+01
2.356157676058337458e+01
2.390563022464547771e+01
2.541877686095865840e+01
2.053049411958988202e+01
2.472381665121154981e+01
2.682449235322262737e+01
2.659668042265893817e+01
3.053575682842297923e+01
3.643974779378027762e+01
3.547986621128553253e+01
4.443889674825803127e+01
5.030892745625986606e+01
5.034038642559335841e+01
4.585079074016334033e+01
4.307678402829664321e+01
3.342418566877692143e+01
3.125688128427161061e+01
2.537632119894795935e+01
1.939711253245729949e+01
1.872840577487324154e+01
2.038087096606305337e+01
1.905945689113790564e+01
1.938716922887659067e+01
1.779460762934989404e+01
1.755780180726194928e+01
2.055375500078624995e+01
2.006029176049259988e+01
2.156306221981671456e+01
1.937798051493155782e+01
2.257573197528154552e+01
2.296314695260214833e+01
2.396508802844936881e+01
2.038193859729932811e+01
1.893118278059839454e+01
2.073252897020697105e+01
1.997887907680511432e+01
1.819517661779249806e+01
1.779631142419857426e+01
2.372297650482750342e+01
2.278271431814913939e+01
2.069947049400743211e+01
2.303746102595341938e+01
2.368974868417903323e+01
2.577745102444131220e+01
2.546813907938813415e+01
2.528483910489566000e+01
2.062847687785320616e+01
2.231299012426854844e+01
2.511524342128180010e+01
2.245878803772045273e+01
2.291101858004487113e+01
2.085114899761899565e+01
1.993898331720755479e+01
2.081889481403266728e+01
1.997999644871388369e+01
2.448849879556057019e+01
2.463169353849996668e+01
2.078021241853787870e+01
2.210572664528062248e+01
2.014536695404251532e+01
1.846287025501389323e+01
2.101421314076121760e+01
2.125566887251459036e+01
1.954881832747187076e+01
2.157693907025651825e+01
2.308601166146148742e+01
2.058446591451160401e+01
2.539052435261228879e+01
2.335206220668572996e+01
2.292094708297008054e+01
2.544303197086635748e+01
2.292782619415588741e+01
2.412919803545988628e+01
2.219755658674606735e+01
2.515924896664995813e+01
2.032138166602155849e+01
2.626555243861902866e+01
2.323011542212938352e+01
2.529139973376565464e+01
1.893782377009904039e+01
1.854274132333577541e+01
2.000797346864345627e+01
2.175231739299718470e+01
1.885988275460134034e+01
2.232884420025648708e+01
2.002639137248717915e+01
2.356307815397246941e+01
1.932082738997474891e+01
1.995056876617455188e+01
1.974553083396360620e+01
2.278643920782682741e+01
2.292490447954531163e+01
1.839389332835477830e+01
1.789568398981727171e+01
2.044118531061603505e+01
1.924801105290459802e+01
1.777794805938770040e+01
1.948162254985481212e+01
2.294067347365591658e+01
2.025402040774158507e+01
1.856425090102078101e+01
2.306935675330488067e+01
1.886568491194762842e+01
2.348856974633389783e+01
2.195278232058639389e+01
2.140837132348404381e+01
2.011336702050269309e+01
2.463992375927886513e+01
2.246602108032638156e+01
2.370358470730590739e+01
2.157212732794621957e+01
1.598827335446154585e+01
2.231683362825822670e+01
2.089061659300107721e+01
1.985399580114732743e+01
2.071039496820613479e+01
2.270378689101467984e+01
1.991150370590243668e+01
1.918780923145486028e+01
1.933480761665970604e+01
1.845400266021643532e+01
1.641591155820992043e+01
1.847446702557274989e+01
2.225916031420284824e+01
2.057122347844054033e+01
1.885325193890017559e+01
1.889745740356795878e+01
1.723768081234582539e+01
1.701738784453843678e+01
1.859998452503440802e+01
1.615868357056469051e+01
1.885378488475931746e+01
1.628333017187332743e+01
1.808020017160227866e+01
2.190348315024963455e+01
1.826343270061227742e+01
1.655534095447181642e+01
1.881278279063288750e+01
1.974794010364749752e+01
2.071980546722118177e+01
1.995048624140984117e+01
1.926732841747088898e+01
2.057262154325350778e+01
1.891816248673909939e+01
2.283779385758396430e+01
2.053353956936275893e+01
1.608022253161473358e+01
1.975800565308585988e+01
1.896861169198882990e+01
1.992803496951664854e+01
1.894279435887806784e+01
1.971790900591720685e+01
2.220111449793110481e+01
1.974354419983331610e+01
2.069315658344639886e+01
2.101146377625141781e+01
2.026666714771318212e+01
1.876561416731041376e+01
1.910989332538561314e+01
2.141799181905652105e+01
2.190262685303178358e+01
1.845083486245643556e+01
2.270837168288255015e+01
2.142346710990884873e+01
2.124393464602058046e+01
2.314334242289707433e+01
2.117240669811136655e+01
2.605949980947916345e+01
2.228438857334679923e+01
2.731640818182622610e+01
2.643394887508222979e+01
2.672550449400321426e+01
2.949839980759173130e+01
2.922112443519375446e+01
2.955824607227643952e+01
2.801167653463409124e+01
2.528299283909796813e+01
1.987528402374437775e+01
2.106074666272833795e+01
2.255727174182049666e+01
1.813047673559162831e+01
1.442870749023133925e+01
1.774027664237232926e+01
1.692367055078581117e+01
1.530141564318275904e+01
1.398515068783864379e+01
1.286519508461416095e+01
1.452165173802557341e+01
2.080405373116595413e+01
1.929483251482251660e+01
1.698938545421943047e+01
1.708530425078243198e+01
2.053196782902487882e+01
1.994381116040640478e+01
2.148765287632915744e+01
1.614886584725094565e+01
1.940056722973494630e+01
2.147866417692019780e+01
2.010696919431852336e+01
1.992851636965089668e+01
2.009017304046279406e+01
1.954038032263637348e+01
1.897804478030292330e+01
1.749121387961802299e+01
1.918837510777735034e+01
1.957898367473768531e+01
2.006959102626010250e+01
2.266012633308661961e+01
2.134527943946228845e+01
1.893862933744263088e+01
1.922116217410175310e+01
2.345744463168484373e+01
1.972159451855030809e+01
2.184257195331767321e+01
1.991009295141793345e+01
1.620422490933654558e+01
2.170481161379977664e+01
2.169772502684745419e+01
2.281088631712010084e+01
2.329935527403425155e+01
1.925509020166754937e+01
2.564937100359588840e+01
2.078203946856505624e+01
2.124672370827676460e+01
2.312720810060924137e+01
2.147841570562362534e+01
2.249144108987017532e+01
2.102733986687694667e+01
1.825093246862974894e+01
1.838824468691866088e+01
2.063960211083877283e+01
1.958153995098225764e+01
2.119582482021881731e+01
2.017490473139343976e+01
1.979569025416022043e+01
1.857210719254236508e+01
2.013642573238753641e+01
1.665073464393784874e+01
1.897729065499928680e+01
1.777488324903190886e+01
1.692575375115446690e+01
1.816481785044161157e+01
1.613944775862803738e+01
1.539727573330540800e+01
1.595963851691388768e+01
1.577124943863425521e+01
1.438601392317060856e+01
1.643290303990779933e+01
1.475567995810583000e+01
1.648619507274984386e+01
1.520527531910782670e+01
1.749196820625189730e+01
1.757256606397590204e+01
2.162301249327973096e+01
1.684455548865664198e+01
1.646090400431531720e+01
1.947665083379875739e+01
1.876779429759051609e+01
1.908803925550931524e+01
2.113830790188600517e+01
1.971380244041236907e+01
1.843024150180982090e+01
2.169467145662509111e+01
2.221926477249701293e+01
2.343037844277792914e+01
1.891594843741765075e+01
2.051377310473041504e+01
2.474068423859680976e+01
1.799806941678351535e+01
2.276213442702184864e+01
2.142746432868745998e+01
2.054776273193481018e+01
2.229081881798953546e+01
2.062621550401526704e+01
2.328294118224291864e+01
2.136371078615295360e+01
1.883178196314563380e+01
1.601017314322825413e+01
2.051808966435703496e+01
1.797850087173114630e+01
1.569930538034425993e+01
1.802362200091081235e+01
1.949294198889258922e+01
2.338603344371982828e+01
2.166311170956169363e+01
1.562645574530221815e+01
1.662588956105358307e+01
1.989541586709352927e+01
1.723281418706914891e+01
1.444753050326542976e+01
1.926586528669438536e+01
2.014254105625469293e+01
1.878992376213831861e+01
2.065905258305518899e+01
2.053833007513088660e+01
2.109949571097623178e+01
2.126809999911537830e+01
1.844173947330114771e+01
2.296785364040716360e+01
2.112488998785622840e+01
2.070461665903266635e+01
1.982584364198732629e+01
2.263212447906182945e+01
2.231343776796874678e+01
2.242663696947882812e+01
2.202804557743780833e+01
2.209582391437627535e+01
2.439970550404568073e+01
2.370879216420727431e+01
2.329658299178446157e+01
2.319015340124447278e+01
2.085077499716822658e+01
2.185085542168198813e+01
2.049479444178482979e+01
2.403665017497086609e+01
2.084823017035412107e+01
2.133147621140424377e+01
2.424151442011532609e+01
2.122595146150058198e+01
2.576878086267655021e+01
2.220170570952602063e+01
2.085981684561751237e+01
1.877401900763651099e+01
2.351666894643331673e+01
2.565010077408378919e+01
2.095473150983636401e+01
2.111952091973186896e+01
2.188148950185606267e+01
1.906555751012600197e+01
2.514993942846636443e+01
2.481116009132881217e+01
2.283540061563513035e+01
2.455142654677622005e+01
2.488242090659487005e+01
2.375665827423047460e+01
2.145769404747802511e+01
2.360614033425082070e+01
2.501812398708260687e+01
2.537364995473376084e+01
2.173922028077461022e+01
2.317495593523582542e+01
2.353206607001301975e+01
2.146002871915007759e+01
2.225305480341547693e+01
2.342966902990427869e+01
2.244580864327302194e+01
2.354590798849921995e+01
2.182251931723170202e+01
2.283151961136820773e+01
2.608416765576453145e+01
2.363890860864433918e+01
2.340921520686411839e+01
2.103165395164595353e+01
2.116597260828820737e+01
2.095570209027560082e+01
1.993447307966443915e+01
2.474853576483741335e+01
2.456764368491468176e+01
2.389028770543157876e+01
2.563163858620646351e+01
2.261349318886778548e+01
2.259777294950758630e+01
2.566872341625570897e+01
2.386923217933436447e+01
2.025623475303899568e+01
2.156450401367295200e+01
2.482759902993549161e+01
1.828490053528545189e+01
2.324245351824260197e+01
2.099308158751614073e+01
2.243774622875950797e+01
2.312364788454006970e+01
2.092103730079288582e+01
2.298522625993545887e+01
2.231109851867826777e+01
2.477809057265409720e+01
2.595411972833723979e+01
2.093841211539977820e+01
2.347181584849718305e+01
2.256699677938922832e+01
2.214246281863351129e+01
2.188806211359874254e+01
2.392086374611167798e+01
2.440312991326484848e+01
2.340693435047804627e+01
2.214753559455136767e+01
2.154025463622838288e+01
2.277162247882214885e+01
2.174906860805049647e+01
2.068474093636932309e+01
2.088011327164475261e+01
2.337422263393665745e+01
2.383817920940598611e+01
2.234655318623264364e+01
2.252758748941166544e+01
2.241599438381865639e+01
2.287930207378920855e+01
2.483315165407765335e+01
2.487088385665952117e+01
2.287072212801812299e+01
2.328876412850007327e+01
1.984633530805263746e+01
2.310782143458749616e+01
2.134919719776124936e+01
2.207117813455991140e+01
2.498764312569535306e+01
2.342028535547635215e+01
2.036326824018535220e+01
2.297531334144281345e+01
2.251972715116454538e+01
2.429177917488111049e+01
2.547069917306820486e+01
2.679306642554617923e+01
2.961098027808570876e+01
2.526674093692700396e+01
2.501105182648554859e+01
2.443364846725997097e+01
2.184822770410249504e+01
2.744996314892376077e+01
2.303752047326222652e+01
2.288726269548106629e+01
2.336789350013728139e+01
2.099219609054503266e+01
2.152602967718372895e+01
2.115875884932893314e+01
1.842954445213403503e+01
1.821844294536152731e+01
2.609295279243773180e+01
2.373675900650263415e+01
2.189206296891129711e+01
1.974812436299129814e+01
2.180476266733147028e+01
1.979646051850749089e+01
2.224851784887955120e+01
2.074796418827558142e+01
1.761316397339415829e+01
1.970834812985345508e+01
2.118833536379752758e+01
2.183910510561840468e+01
2.044294417430328537e+01
2.197642308228680719e+01
2.127835979277949718e+01
2.256036890749542678e+01
2.276534244781462490e+01
2.508237066368150892e+01
2.230458344241484880e+01
2.160117024975488320e+01
2.073728860190708545e+01
2.340990233369904772e+01
2.055069020362044085e+01
2.377240945381777948e+01
2.279539892582163674e+01
2.551556943077702400e+01
2.535703468619107070e+01
2.149875175914665704e+01
2.275527136818844198e+01
2.442000458118514672e+01
2.263870113043208221e+01
2.025254856328160713e+01
2.209557709724034780e+01
2.010960116304909207e+01
2.190430095097564234e+01
2.233500534823208028e+01
2.133644651186022401e+01
2.362923086374520665e+01
2.449241764734464866e+01
2.351701523566162422e+01
2.126789152773138625e+01
2.482063244120871914e+01
2.453541049398446106e+01
2.353558670577272594e+01
2.466602785488453264e+01
2.042842797202340321e+01
2.310293251275993853e+01
2.330757836170148423e+01
2.242058661146563026e+01
2.202344504580054618e+01
2.290685031308414210e+01
2.412550765788494900e+01
2.409983223214691250e+01
2.016983576784161869e+01
2.016635127780456926e+01
2.205590527017231750e+01
2.209198010040054783e+01
2.103134791173403784e+01
2.117151808235772492e+01
2.492289221313587788e+01
2.135895900246941537e+01
2.011125721801885291e+01
2.214989436782503418e+01
2.357466929734389538e+01
2.794174050638837414e+01
2.403133313338388177e+01
2.333240056012007813e+01
2.243927674427824570e+01
1.963438786779070355e+01
2.147102433462973892e+01
2.332886484556101792e+01
2.261109389793301361e+01
2.218044117662685011e+01
2.128089640231003798e+01
2.122101722950120006e+01
2.332405014740890081e+01
2.056783693446792327e+01
2.049902546140991433e+01
2.091101152636964144e+01
2.244963841080097211e+01
2.282807656986516776e+01
1.931149456924082486e+01
2.130685416801240706e+01
2.230426688541651714e+01
2.173866052507872482e+01
2.330339473988345489e+01
2.190726732000179311e+01
1.815306969356763744e+01
2.024329214262127508e+01
2.155443133490800989e+01
1.993445055001720334e+01
1.970477562821120543e+01
2.156540030743841285e+01
2.251603053671338373e+01
2.368130075893333242e+01
1.970843202454648946e+01
2.220982581003338296e+01
2.326843136889472774e+01
2.064573883548605338e+01
2.038969696490530481e+01
2.168976111086592340e+01
2.292045002480418248e+01
2.255045252238907239e+01
1.901482125569480175e+01
2.144109139045300694e+01
2.387053242385548657e+01
2.194827392839586722e+01
1.922937429782866658e+01
2.324085723104494861e+01
1.965400458557355634e+01
1.929400580073962601e+01
2.403823324935520134e+01
2.294083299142756260e+01
2.250496712994545945e+01
2.488059664738949905e+01
2.278230663860146876e+01
2.521450263887953724e+01
2.727406207970367547e+01
2.320563451595658577e+01
2.089127775157148292e+01
2.315747138629805946e+01
2.252240980710319818e+01
2.481661275309697245e+01
2.239974776583633442e+01
2.472526765731651466e+01
2.133635146269321936e+01
2.172854568683004217e+01
2.364590600105226059e+01
2.094010838511854189e+01
2.114612365009250183e+01
1.915114907912706954e+01
1.903384592814424536e+01
1.911186289317616271e+01
2.288790846741385110e+01
1.997528823897996730e+01
2.427401505415425476e+01
2.187609532106439048e+01
2.238739832069648017e+01
2.363644916895008663e+01
2.255113766443609435e+01
2.197155190485182175e+01
2.029189320760033866e+01
2.093018897132487410e+01
2.355185525276077385e+01
2.537665569548908095e+01
2.391024098678018106e+01
2.352584662861300302e+01
2.308390530611232805e+01
2.307787000622444040e+01
2.383309406343082770e+01
2.393717509790011277e+01
2.476166704098791271e+01
2.414823838676899115e+01
2.317385731841902796e+01
2.561558531462510757e+01
2.188662256734716394e+01
2.009101292079616385e+01
2.395032675398492117e+01
2.339025302162002973e+01
2.278941480872324021e+01
2.342089395272405028e+01
2.297829060147866898e+01
2.684480664178796872e+01
2.577995292813314165e+01
2.208509888809710375e+01
2.310598508698137721e+01
2.268063628245829833e+01
2.604426318700205556e+01
2.332023040919339252e+01
2.432614143174568611e+01
2.643741356421269728e+01
2.821448278941601373e+01
2.366294549400384639e+01
2.382023605721227355e+01
2.247647359146131052e+01
2.375076449550113367e+01
1.899448811070707777e+01
1.997113540342254367e+01
2.198115114455363184e+01
2.324371317324669306e+01
2.434258467287994065e+01
2.296153105183170240e+01
2.254991684498491011e+01
2.744420928419743433e+01
2.435262478714568957e+01
2.364073821850162460e+01
2.205339106887136680e+01
2.386155285305989437e+01
2.416372290780796561e+01
2.356897316209648707e+01
2.035721015066723183e+01
2.076839756927285308e+01
2.117482336258361642e+01
2.436035163345699317e+01
2.014780900085868964e+01
2.124333410469381178e+01
2.072910688240353849e+01
2.232575038044789295e+01
1.992644775061010520e+01
2.502410932602676397e+01
2.360315461280709215e+01
2.124362502601379532e+01
2.055667502420244475e+01
1.892646926363704196e+01
1.937570551451298329e+01
2.007276526175182596e+01
2.023589736034995923e+01
2.198186047556961853e+01
2.015150496019063198e+01
2.032476985444215245e+01
2.104581645557695069e+01
1.978215711511902342e+01
1.898505869702896831e+01
1.809149564306948932e+01
2.094602914490761236e+01
1.974128037995272322e+01
2.098587911754320956e+01
1.958164517997269272e+01
2.236298266841762583e+01
2.205709282221510037e+01
2.007211536664449625e+01
2.504741253589811834e+01
2.284195180707328632e+01
2.655053481958551842e+01
2.687657612992054723e+01
2.298364049519721775e+01
2.590149425473695999e+01
2.573167254799659176e+01
2.533608242969520674e+01
2.116216936986621278e+01
2.094971089729138924e+01
2.409257165820695334e+01
2.415583032154354726e+01
2.615073343441552822e+01
2.558387762507554086e+01
2.639192757347782248e+01
2.630595904654473216e+01
2.721974815999288921e+01
2.686764470417108797e+01
2.569969717170842927e+01
2.855497913291964807e+01
2.640146866187809849e+01
2.630720282339495242e+01
2.621896270815760488e+01
2.420649008159959692e+01
2.653589893212954820e+01
2.657345562078546664e+01
2.559684458137504137e+01
2.343109662637940005e+01
2.548616053051034314e+01
2.243169969503838601e+01
2.383140693063285553e+01
2.443918522571575380e+01
2.680751851933172958e+01
2.834240944362558778e+01
2.786425273435647298e+01
2.530377786957225084e+01
2.396083100277847677e+01
2.569168136002604541e+01
2.519964667814761938e+01
2.157551778876440451e+01
2.660963639091851718e+01
2.626266308768231283e+01
2.477633250909885732e+01
2.465569016590010065e+01
2.469881766957592006e+01
2.584612876724213848e+01
2.752243771079167445e+01
2.688081040969028024e+01
2.926773651587222602e+01
2.732421875488305929e+01
2.282989788862715841e+01
2.513232585306944600e+01
2.646523143578081516e+01
2.446405719110428478e+01
2.494360835599234960e+01
2.685483699408839087e+01
2.404633277692670745e+01
2.419007379278728820e+01
2.421250026438069369e+01
2.205336912151493323e+01
2.411508901743574285e+01
2.443503728009500975e+01
2.484725792575580527e+01
2.328981425231598124e+01
2.815768899205317766e+01
2.548278815759475080e+01
2.443237333718246518e+01
2.188042620515199843e+01
2.138128896571468118e+01
2.213457835638187277e+01
2.373598414626155417e+01
2.056335898924522709e+01
2.277601597793007215e+01
2.246807157391266685e+01
2.254257355900785242e+01
2.120456182186805449e+01
2.275711158284482494e+01
2.732034221101649507e+01
2.314689982405823798e+01
2.336965556272082267e+01
2.637190698939869549e+01
2.719071304060911132e+01
2.637785428126050391e+01
2.677067179537246133e+01
2.273210296974264111e+01
2.544437742583266271e+01
2.183148752599142384e+01
2.313015953413397696e+01
2.518428350397463689e+01
2.425269683259559272e+01
2.424602767327021269e+01
2.299802035442828441e+01
2.531294326118264237e+01
2.284503462666662088e+01
2.091318890597117885e+01
2.507362797024497425e+01
2.737337351251645856e+01
2.440957454287654471e+01
2.571299482200554465e+01
2.498559943669077654e+01
2.727016454656277133e+01
2.374292661387221059e+01
2.425591172828305631e+01
2.568859077935532653e+01
2.625904164746344449e+01
2.534637320041009190e+01
2.416439912630410092e+01
2.479856857430360151e+01
2.334336342775434758e+01
2.253298994860471183e+01
2.440958423180295611e+01
2.666296153784037415e+01
2.499723502368043171e+01
2.565938835653624395e+01
2.459282949352543568e+01
2.418002941291978658e+01
2.341524987341061959e+01
2.359068995703424321e+01
2.354656637870437663e+01
2.696860067503600078e+01
2.689030465771555001e+01
2.249593693037895292e+01
2.529838051818303057e+01
2.686542311598584121e+01
2.670166512118049695e+01
2.793713694949288140e+01
2.599760534510382826e+01
2.335748797046492697e+01
2.550686306420650951e+01
2.561724139321335514e+01
2.598776339473242913e+01
2.521937586758906846e+01
2.462657839319868813e+01
2.680419995307749659e+01
2.797568814750606947e+01
2.825315329700294953e+01
2.326254705752395324e+01
2.272851506866615168e+01
2.288354214380207452e+01
2.358110037855702501e+01
2.218704807314932737e+01
2.217995089615807203e+01
2.400314943582962357e+01
2.393357577829890914e+01
2.104209376827145661e+01
2.371488183653198689e+01
2.550639770224696434e+01
2.212305310169517014e+01
2.343694698578549307e+01
2.361105757965735563e+01
2.531637193907549488e+01
2.608430065978426526e+01
2.621807500998573204e+01
2.431175579331174319e+01
2.511362094903815034e+01
2.541324913147228060e+01
2.541765533057533233e+01
2.857893119445179764e+01
2.636327516224891454e+01
2.737770428993134431e+01
2.617161747163553187e+01
2.571573391332646352e+01
2.543908212219530895e+01
2.492036578176307060e+01
2.614318371135497898e+01
2.331328972974449698e+01
2.482904376065162211e+01
2.507945173358865532e+01
2.683066262677468217e+01
2.553674781528584603e+01
2.357031992675502252e+01
2.421412857311451106e+01
2.612239350264569637e+01
2.250879462961604105e+01
2.497353401142784435e+01
2.578564504814813674e+01
2.563291347015766064e+01
2.469002247908519010e+01
2.513990473204963294e+01
2.524782566511375848e+01
2.843932070541493573e+01
2.709741662561696174e+01
2.519209475656232300e+01
2.624908957220978323e+01
2.481653307726707425e+01
2.733145687906442944e+01
2.546423089702420484e+01
2.631181613362404903e+01
2.722539124065461991e+01
2.496020683448486110e+01
2.676235362461625655e+01
2.663677449969060618e+01
2.826171872115219230e+01
2.665147998928202355e+01
2.507883040824331289e+01
3.219675874430097906e+01
2.804646154544599668e+01
2.699281001526119894e+01
2.829457308174974273e+01
2.851109263992131204e+01
2.731120080928777938e+01
2.757678999243717399e+01
2.678470596514677737e+01
2.696472132700810320e+01
2.431719427702631009e+01
2.551068181767752208e+01
2.585714965299469981e+01
2.469441580048953711e+01
2.515404050508364620e+01
2.250659289704824673e+01
2.502626949694216663e+01
2.476762483884946420e+01
2.384408068550105142e+01
2.612294221125487326e+01
2.398338116865862801e+01
2.393246892983007257e+01
2.433931524397473822e+01
2.434378663481877680e+01
2.685926001461299606e+01
2.748973315552729701e+01
2.608180455396822239e+01
2.349875002419222625e+01
2.725481011590145641e+01
2.568858360140112751e+01
2.471135636816777392e+01
2.628952624421550155e+01
2.514680476417252919e+01
2.638182937356940627e+01
2.469806743757401080e+01
2.393757294207981801e+01
2.677188990467252694e+01
2.689607647253970768e+01
2.435914529428644570e+01
2.475749979959514846e+01
2.625360900756633242e+01
2.685226082060029285e+01
2.814314464644111169e+01
2.799972294492062730e+01
2.726348983830504835e+01
2.913930804229107352e+01
2.738694656041599274e+01
2.614738220908504829e+01
2.785221344737472648e+01
2.489468656254933521e+01
2.643937582476665682e+01
2.821656259155212254e+01
2.965830948961745506e+01
2.838521571235508034e+01
2.383059166802651418e+01
2.462883970339158779e+01
2.746053662307936349e+01
2.980871637203475188e+01
2.673363439185260404e+01
2.583119775340727386e+01
2.865038167501312927e+01
2.787975784713427174e+01
2.358175550176289903e+01
2.526057176443997676e+01
2.611008967713049955e+01
2.452889889236547205e+01
2.663285547218277216e+01
2.529638341080669761e+01
2.864587058173146161e+01
2.703248917757141356e+01
2.462915971212061805e+01
2.599873696165658998e+01
2.821769909219228367e+01
2.827493334761285482e+01
2.781761683711799549e+01
2.782238912021050936e+01
2.573673516225099078e+01
2.606951882834134793e+01
2.579302475726989385e+01
3.007416957223661313e+01
2.597280342261586128e+01
2.700027997343792308e+01
2.709002271177717702e+01
2.653522365309159881e+01
2.779872300989429945e+01
2.401858116076332905e+01
2.837729723382826919e+01
2.740235477736916181e+01
2.619580413805451968e+01
2.685753993222973079e+01
2.305472591669662918e+01
2.827471590116345723e+01
2.916627668062111667e+01
2.679215155759132116e+01
3.017819805984775883e+01
2.713826725353967362e+01
2.623142180335085882e+01
2.562877349345354361e+01
2.462239376224970400e+01
2.598153230014811754e+01
2.821971426135003469e+01
2.802966237113504633e+01
2.488746935921821546e+01
2.475391434960101478e+01
2.764934933408302342e+01
3.031629195369793806e+01
2.550358681498260438e+01
2.822222230295183820e+01
2.928119895087138147e+01
2.425312844105596000e+01
2.739320451370641862e+01
2.463451359584563249e+01
2.881860433596015980e+01
2.970615361384470887e+01
2.657876813118174653e+01
2.490695741167322907e+01
2.652869240899934411e+01
2.673771414948078018e+01
2.636512363577753604e+01
2.608445406174413606e+01
2.486419406950401623e+01
2.587284537798615247e+01
2.572824335664961737e+01
2.503066944346548439e+01
2.599647149544909652e+01
2.713221578499646469e+01
2.592664562383716031e+01
2.629711991314121278e+01
2.457528005288841655e+01
2.430155886831725098e+01
2.631190835330150080e+01
2.698174012707946190e+01
2.805146405319947434e+01
2.456456009420547915e+01
2.457375887824552052e+01
2.598864680854963183e+01
2.514852769867344762e+01
2.713691092762815060e+01
2.753386226902867762e+01
2.775210782687709354e+01
2.706856197948098242e+01
2.449488344494796266e+01
2.705536956935782555e+01
2.689852988897779085e+01
2.376994208700027400e+01
2.531732758172910991e+01
2.410154248355222961e+01
2.269753276349188553e+01
2.698904735948690004e+01
2.643820496142134857e+01
2.474909037860200200e+01
2.839808759251091530e+01
2.643280654110603223e+01
2.524887009216643818e+01
2.507601854135993591e+01
2.640625859990419499e+01
2.596687567190335955e+01
2.604519661063662994e+01
2.545055582042601472e+01
2.843262722502111828e+01
2.503299262966713457e+01
2.875267316713274823e+01
2.685544159463336200e+01
2.730508302075551086e+01
2.795063324388888049e+01
2.962724713666467835e+01
2.881489795978235691e+01
2.631285075348608515e+01
2.616038793886468738e+01
2.715415261691203597e+01
2.623678170547197652e+01
2.692999749186184033e+01
2.585146970720953163e+01
2.554468968201101120e+01
2.514781338359192731e+01
2.562410409391252841e+01
2.502810259157435269e+01
2.533249210522458128e+01
2.175880634008680659e+01
2.403813785879025744e+01
2.604140926602666539e+01
2.245699552935831633e+01
2.403469447166952477e+01
2.548955876131759268e+01
2.372977896291484257e+01
2.379685038406828923e+01
2.339785965087563469e+01
2.336352872037877049e+01
2.542432730049423384e+01
2.619389128492042573e+01
2.500263773459444749e+01
2.402144898940473539e+01
2.513205406274704146e+01
2.644800518664062494e+01
2.540120738740282746e+01
2.494389978411056674e+01
2.606649002513129787e+01
2.564036656056185848e+01
2.647145208431942720e+01
2.522143661909110079e+01
2.607564172629403387e+01
2.618393663208743050e+01
2.638991684014659711e+01
2.302792880425086963e+01
2.287536463604665116e+01
2.832132871692009957e+01
2.459679676177219321e+01
2.519393228434824650e+01
2.508363510910631788e+01
2.625702794299415288e+01
2.509961082752921513e+01
2.447187682916073115e+01
2.709792886810750190e+01
2.715207126708315855e+01
2.858997680410501729e+01
2.271546715080694412e+01
2.440207533360190340e+01
2.973021168350172516e+01
2.846094580973415944e+01
2.892187117974319932e+01
2.461257197523126194e+01
2.903124251548053891e+01
2.578081120946026772e+01
2.433559552308649998e+01
2.761183868293598920e+01
2.667500369382292291e+01
2.538902295057163627e+01
2.526091261373454344e+01
2.539125369605478966e+01
2.593911617241990086e+01
2.494632519828898509e+01
2.590004472472303121e+01
2.502211074492731413e+01
2.481016183457863278e+01
2.318169464124509815e+01
2.354540673198671641e+01
2.364919406154638182e+01
2.598954183962733921e+01
2.412177248089431814e+01
2.489811501651896464e+01
2.677433932039398101e+01
2.661138418209444723e+01
2.506827644400788557e+01
2.381146856741924367e+01
2.630565306981993245e+01
2.628673969364076157e+01
2.621051093544993194e+01
2.535957783460953863e+01
2.471773664261875680e+01
2.791084833529042797e+01
2.929667583317560897e+01
2.450627347222424390e+01
2.458717764683705553e+01
2.438307806339738448e+01
2.301457021853576279e+01
2.515294602321666062e+01
2.520671145753538767e+01
2.513110315189117472e+01
2.303891611694852770e+01
2.792332626879883151e+01
2.356829216365366619e+01
2.714529095512618184e+01
2.687553092351557282e+01
2.733417203327231704e+01
2.917992342610199330e+01
2.611606311204266717e+01
2.704081467174194486e+01
2.807814614674181541e+01
2.759313586355060721e+01
2.749946304975480160e+01
2.557788000324019961e+01
2.833281345181701028e+01
3.022420897270847817e+01
2.525477384808711534e+01
2.682514529661473546e+01
2.604463367304557408e+01
2.802259023813482131e+01
2.608746908878323367e+01
2.533985497037074097e+01
2.720273430522367875e+01
2.882564494558697277e+01
2.583330134361537844e+01
2.679585005333022707e+01
2.761016202925038598e+01
2.665652668445841300e+01
2.852271932515606423e+01
3.136303693568381235e+01
2.813381485415153094e+01
2.893298265623142385e+01
2.510140671656891342e+01
2.769991470136313794e+01
2.729030938875874668e+01
2.599433608888061542e+01
2.768520785928866701e+01
2.711134200331951405e+01
2.611520725813954868e+01
2.823111174680626689e+01
2.711434540892448197e+01
2.743806680474593662e+01
2.977583846690721359e+01
2.680552917882728181e+01
2.907694241243580890e+01
3.231483743524055541e+01
3.007856262145286408e+01
2.949739117440440950e+01
2.023894726044710168e+01
2.439077838149871269e+01
2.807669067647294270e+01
2.696196973543676378e+01
3.029055418647484288e+01
3.419203125404082755e+01
3.184644493368687534e+01
2.886775281181774488e+01
2.948947259955599165e+01
2.746580861306943078e+01
2.866487543943603455e+01
2.853032698100992448e+01
3.040556828791097388e+01
3.106889418074227649e+01
2.931355904935579915e+01
2.977273487537880214e+01
3.188627687534155442e+01
3.449795726902930681e+01
3.536234721638297884e+01
3.549341270404693205e+01
3.396126410669920404e+01
3.138233545560444071e+01
2.922644015522739380e+01
2.774008875472529922e+01
2.779711593028269334e+01
2.853273029862847920e+01
2.747303896775992627e+01
2.668185835592598210e+01
2.738136659477108381e+01
2.789377447666166887e+01
2.563444425671966442e+01
2.732828919654958710e+01
2.487590136525862761e+01
2.669223539479053287e+01
2.762517482957277792e+01
2.733608754375345384e+01
3.075072003246331320e+01
2.783889292558385620e+01
2.908869620457188887e+01
2.779165082452564661e+01
2.703825077061939552e+01
2.653877957478052707e+01
2.791963741860822168e+01
2.563048938665805565e+01
2.645416552351700190e+01
2.721565403003669203e+01
2.691494192942169050e+01
2.933223024199127948e+01
3.017924076794637145e+01
2.815752651373914972e+01
2.783784704851962744e+01
3.068979816174821096e+01
2.857492877134708920e+01
3.024558473370431955e+01
3.012396064367723980e+01
2.726813996126113082e+01
2.810196912788324397e+01
2.646545637223780645e+01
2.980872106007504385e+01
2.964148254914856651e+01
2.737008261212289995e+01
2.709839861170621589e+01
3.197200385313990978e+01
2.551929596720241378e+01
3.055872720676456566e+01
2.949565956752297424e+01
2.581955555690629822e+01
2.890723927861463949e+01
3.162158006821113432e+01
2.678860718822474496e+01
2.642901951901633240e+01
2.590701166906425357e+01
2.405320872394108633e+01
2.693973592637888359e+01
3.056291929274411245e+01
2.819254928841165153e+01
2.600540763412955059e+01
2.669871613301338087e+01
3.056688578012547097e+01
2.912523702901856737e+01
2.860004926118190838e+01
2.978141601065175692e+01
2.727900482830798978e+01
2.814719345572088116e+01
2.582155717525554195e+01
2.832572452762828519e+01
3.198983907771635771e+01
2.652075026648348555e+01
3.160337365759881934e+01
2.833750561679677915e+01
3.544907343777752118e+01
3.473626839940699540e+01
3.271625388287157676e+01
3.486228020497471647e+01
3.146968092370991599e+01
3.391934022542316995e+01
3.436124214210482108e+01
3.437003880199775807e+01
3.618994595311595930e+01
3.825561808003952535e+01
4.014341292343713974e+01
4.131540191048366495e+01
4.839007476054476342e+01
4.810661517894193651e+01
5.383782026237836504e+01
6.016838817909758319e+01
5.401966646139624117e+01
4.583878212727780976e+01
3.777105328065304946e+01
3.073088713130360716e+01
3.157127499969328355e+01
3.054640885260402428e+01
2.685657168577578702e+01
2.702775472671219958e+01
2.903756445259760000e+01
2.723829428983169620e+01
2.989426922525318275e+01
3.106374820535327430e+01
3.061894563724276708e+01
3.023778649781993977e+01
2.720731671793107154e+01
2.828888397881030414e+01
2.768947752940542983e+01
2.836716511660048212e+01
2.554765877253352002e+01
2.588214439269304279e+01
2.840826727659834106e+01
2.973869648927939835e+01
3.009324984218392984e+01
3.237460590617738632e+01
3.877730900067773234e+01
4.019648744427749421e+01
4.487793271414419394e+01
4.101788708231441660e+01
4.469348122440574400e+01
4.092848236278862828e+01
3.972961277142155012e+01
4.127280554759991560e+01
4.450813590400639441e+01
4.663296896755097976e+01
4.864441694700603591e+01
5.808993193681144618e+01
6.831728854392501660e+01
7.473827963600005830e+01
8.614964199438566084e+01
9.636059635022769498e+01
1.063038665402744840e+02
1.057790562132763483e+02
8.768321267377469042e+01
6.822113871606543967e+01
5.115086109626034983e+01
4.142925511523991844e+01
3.570140702667787735e+01
2.883507690865810247e+01
3.240718463177040576e+01
2.972958319780824965e+01
2.699524819165951683e+01
2.825296271516990032e+01
2.570796500636417292e+01
2.254468464318985355e+01
2.706160051779042419e+01
2.449041679654690995e+01
2.624304465496578587e+01
2.647569760841172837e+01
2.670733273275932262e+01
2.689564926354141150e+01
2.745730226800188589e+01
2.491407433420537743e+01
2.257689875522600786e+01
2.829219058122850328e+01
2.387125847310631244e+01
2.414767643709637923e+01
2.303401000075859173e+01
2.324823142880714144e+01
2.216663827612563153e+01
2.308251512882319645e+01
2.503739178080514449e+01
2.216268100614192704e+01
2.337813317199967855e+01
2.442350508385921870e+01
2.651954389982194726e+01
2.622316189691820654e+01
2.488459408071148005e+01
2.703524660746935382e+01
2.400040702272489668e+01
2.668266054642150564e+01
2.492759638217268758e+01
2.460353446883237893e+01
2.596142618708470806e+01
2.562612653730679568e+01
2.674252965467755061e+01
2.583534790940485593e+01
2.806935500007091377e+01
2.706096862081983545e+01
2.527655988858186120e+01
2.491858913272871590e+01
2.499188006248986937e+01
2.680989620472945489e+01
2.346787598574386280e+01
2.492204094466615416e+01
2.622761160565114835e+01
2.453108889788593672e+01
2.739078220416099896e+01
2.660674988228403137e+01
2.539830409782774012e+01
2.392200412359418848e+01
2.766819288303140212e+01
2.312770267795828616e+01
2.504814461995715291e+01
2.129029728692963630e+01
2.247891392819693479e+01
2.355918089090045697e+01
2.232361107259214705e+01
2.628129627342546470e+01
2.402237797212448456e+01
2.528494521749321677e+01
2.573985789967026960e+01
2.461957913838721623e+01
2.436394890683776637e+01
2.439443636974654694e+01
2.660979933074415626e+01
2.608799021862355971e+01
2.718082734449657067e+01
2.703945175995553640e+01
2.547349868122808303e+01
2.447205884167025047e+01
2.432292215017399428e+01
2.630763317016281633e+01
2.400103004633167814e+01
2.543720816809833707e+01
2.405397071667021436e+01
2.423267280506364330e+01
2.390029185828809588e+01
2.488374262150862748e+01
2.484836377963428333e+01
2.451161013059924443e+01
2.287316963872782338e+01
2.461555805932749053e+01
3.070231807326931417e+01
2.589246025444853316e+01
2.615136810049203930e+01
2.619479288064409772e+01
2.711072983804802661e+01
2.583573954086283564e+01
2.351583727403333768e+01
2.104051622494879581e+01
2.270467033377227395e+01
2.291136318695516394e+01
2.370816271234595263e+01
2.243507660143245275e+01
2.343514679231051545e+01
2.335816801747675697e+01
2.138503321247407385e+01
2.402681427189132890e+01
2.470904938244973081e+01
2.668798888600995411e+01
2.712365380739665710e+01
2.684418151116660312e+01
2.788589683152698484e+01
2.482063981037455491e+01
2.241105692927798998e+01
2.237433679840781053e+01
2.357892908463927384e+01
2.418718729048931593e+01
2.446291565617393715e+01
2.418975676731811220e+01
2.375181843249956515e+01
2.382072370782035975e+01
2.382507513635268381e+01
2.385994243395420966e+01
2.337409996649491717e+01
2.508113581097970268e+01
2.570926922207125997e+01
2.294623424738899686e+01
2.373058556629161941e+01
2.413693536608651513e+01
2.398384978726359051e+01
2.594066575428967170e+01
2.518492035829435238e+01
2.445817982938140034e+01
2.347721004422068347e+01
2.485587910654739119e+01
2.104645072778459536e+01
2.428209511878696958e+01
2.056992480351411956e+01
1.882413209493641304e+01
2.124081307680914676e+01
2.057497912115723793e+01
2.288497758386719738e+01
2.109647407332247226e+01
2.238956773087964436e+01
2.175394157051457711e+01
2.289477948605405544e+01
2.237823906626602266e+01
2.331050283970090931e+01
2.243788143434972326e+01
2.112763540173037313e+01
2.025347690944405699e+01
2.106723725807577097e+01
2.188264284653748604e+01
2.255336832516150736e+01
2.370919879067782432e+01
2.272826341304438813e+01
2.268523750734643940e+01
2.445792829074555641e+01
2.404037653683034037e+01
2.271683800492824545e+01
2.570219188165143365e+01
2.784738665257009416e+01
2.688257092020106498e+01
2.555876288213656622e+01
2.565912834869796910e+01
2.613178640769671546e+01
2.386619260624378214e+01
2.295465227997086899e+01
2.218156583346585720e+01
2.453634354176805488e+01
2.153954185815121747e+01
2.237833031251501836e+01
2.210635868225814349e+01
2.557040222180732059e+01
2.326920982981892294e+01
2.186543748804934850e+01
2.388333679533050002e+01
2.473576167627635769e+01
2.474390648377057289e+01
2.313111347099026460e+01
2.534849810192541142e+01
2.870285451483115935e+01
2.420874692834242126e+01
2.597476783698227365e+01
2.229094637801923540e+01
2.439093628809436964e+01
2.342446947475673369e+01
2.093944019235142306e+01
2.453066784731406003e+01
2.573611196066544693e+01
2.659569826059022901e+01
2.752276994122391685e+01
2.434281525335866192e+01
2.452212785058230793e+01
2.438382494738714001e+01
2.543331668493367559e+01
2.852713310595130380e+01
2.622415408050145658e+01
2.641612960356648898e+01
2.475872136584116134e+01
2.789388358872141538e+01
2.373775465120147032e+01
2.569907608471206828e+01
2.789804460087972870e+01
2.911065786021388746e+01
2.281371073760402624e+01
2.702198557205615614e+01
2.456210978806506162e+01
2.690258023298870071e+01
2.579622778826189844e+01
2.630053797326317522e+01
2.548231050550333521e+01
2.452234421844913470e+01
2.646231750710655461e+01
2.506403994688061587e+01
2.603779917222655982e+01
2.359322142940680678e+01
2.188814356633005431e+01
2.425734154323316005e+01
2.308320354231961957e+01
2.134643914141662790e+01
2.203732466514579258e+01
2.348013065371397445e+01
2.191860889441071691e+01
2.367616535409467460e+01
2.503668779890386631e+01
2.488472993743955897e+01
2.431057066749500706e+01
2.628537542801366200e+01
2.555050378072624540e+01
2.729899624066700881e+01
2.503506355191392529e+01
2.615781279369549495e+01
2.852143569727407524e+01
2.511795523954912923e+01
2.670036879432786847e+01
2.632367839396762932e+01
2.723073254214962446e+01
2.600755171832874169e+01
2.689870675427079405e+01
2.684052143397211765e+01
2.554299339523133483e+01
2.532693333507672051e+01
2.471971742759407320e+01
2.608646623995777958e+01
2.572461539533814445e+01
2.648921999700923990e+01
2.382756161355467484e+01
2.673906234600121579e+01
2.642791444289964176e+01
2.786206863138355061e+01
2.711487415674465851e+01
2.712294575113226003e+01
2.928495414589081491e+01
3.005145331940422793e+01
2.863788298709133073e+01
2.942274382528491117e+01
2.545445687195230278e+01
2.716712685869198651e+01
2.491760823391548385e+01
2.878259593302923847e+01
2.635943260515809783e+01
2.502245882112136854e+01
2.763956884069656539e+01
2.682370332000086322e+01
2.753370128612104040e+01
2.776817047836456354e+01
2.399965182293748356e+01
2.502741980910050401e+01
2.386752407232195239e+01
2.390985613669604604e+01
2.359943608236368462e+01
2.666765144692010736e+01
2.424058768162460709e+01
2.759815810064204911e+01
2.510623216484147946e+01
2.636936810784879981e+01
2.525001194360530832e+01
2.514314036497142624e+01
2.479215874991493962e+01
2.514193875762678232e+01
2.527180636766738431e+01
2.554285238329692120e+01
2.515843481660624192e+01
2.585414966132371362e+01
2.606763042409967213e+01
2.488559149533436354e+01
2.524802183975156211e+01
2.861153263814992442e+01
2.661411698172400619e+01
2.832743614635704787e+01
2.543908397159497881e+01
2.737381799819852901e+01
2.859355772648775229e+01
2.824379290588640146e+01
2.681778914297306571e+01
2.646616120683208351e+01
2.894459060760238600e+01
2.727555972856113797e+01
2.533721784837040758e+01
2.664057650429278112e+01
2.359524790101411540e+01
2.737430065945092750e+01
2.660866942415940173e+01
2.616490754287043785e+01
2.381064944312090148e+01
2.631066387015943064e+01
2.630335229670201969e+01
2.563740037663060534e+01
2.634689187010888034e+01
2.538289755165734363e+01
2.462821217327439882e+01
2.519007404365213176e+01
2.635004545305372758e+01
2.577413829785616173e+01
2.567760619669564193e+01
2.729627206686925689e+01
2.703748157290410248e+01
2.797318868028568772e+01
2.576850105326903417e+01
2.561637634428148402e+01
2.430226241738860793e+01
2.590503035894854378e+01
2.390043533696049494e+01
2.588464125794850546e+01
2.598421699301833598e+01
2.816997850315968677e+01
2.673906286193430404e+01
2.830681296815262726e+01
2.480754413662692315e+01
2.359611693516101028e+01
2.529157961369069696e+01
2.514386322703894905e+01
2.218952332003552641e+01
2.460888249232488434e+01
2.432556759974999139e+01
2.164648090152477877e+01
2.600521455425651141e+01
2.615591958156802477e+01
2.362570085313727475e+01
2.437459471568464764e+01
2.613964488690411869e+01
2.773019095108671550e+01
2.701244479277634625e+01
2.502644153201596566e+01
2.693391693383412289e+01
2.577985694828029750e+01
2.437734833224346076e+01
2.440221209043016160e+01
2.282499021922956217e+01
2.616575538637590626e+01
2.571346507521752756e+01
2.379684481688114772e+01
2.553079408458084387e+01
2.570040098979933063e+01
2.519988082488037051e+01
2.444075222501983546e+01
2.529141240097839471e+01
2.458849146525038165e+01
2.680533162467303399e+01
2.566981344532757348e+01
2.685839430716924525e+01
2.756482531028400373e+01
2.504358332051024405e+01
2.649888247428570409e+01
2.532539251671045832e+01
2.408687280135200126e+01
2.593404002909995398e+01
2.551088520441176399e+01
2.668046131551578526e+01
2.412471991714733832e+01
2.428877226956688418e+01
2.330086397660112851e+01
2.312078900472745246e+01
2.617040872211777724e+01
2.659741225586437707e+01
2.703248670143301169e+01
2.677378364837785796e+01
2.534087473557554659e+01
2.376363101426292701e+01
2.506145666006304396e+01
2.537018851463885838e+01
2.508092331590562196e+01
2.686322685082729933e+01
2.626792806502047029e+01
2.632260347466457873e+01
2.543187566581048031e+01
2.343993094779328601e+01
2.492108047513318425e+01
2.487147493391849906e+01
2.440982398764843708e+01
2.486157673333424256e+01
2.535768308814830618e+01
2.506036095366384941e+01
2.543791479060971383e+01
2.515647348625691038e+01
2.560458519717402837e+01
2.461228623230761769e+01
2.533020067068448355e+01
2.336077976964996950e+01
2.485562798446138544e+01
2.582953624574570028e+01
2.428888860984626419e+01
2.654486737255258788e+01
2.648209085619638259e+01
2.404838750866683839e+01
2.473331437222759988e+01
2.450360933430288313e+01
2.489627676330475126e+01
2.584869109557282485e+01
2.585805278461947054e+01
2.471029583000989049e+01
2.641231401668368406e+01
2.415416307817471164e+01
2.516342518197773970e+01
2.405029845971299451e+01
2.459263018179453653e+01
2.308745656542282276e+01
2.493336278588583355e+01
2.505398871832407792e+01
2.721383758350352977e+01
2.609308924667532992e+01
2.692175129475666751e+01
2.721987916209556957e+01
2.704196706727842425e+01
2.541774825619732070e+01
2.529393959355517296e+01
2.584227608590099834e+01
2.556139472920303035e+01
2.299772086109002700e+01
2.509241579698153046e+01
2.432830885195959425e+01
2.527402841237999453e+01
2.602151537649022472e+01
2.506217283118651906e+01
2.557034371578306775e+01
2.585973882510507948e+01
2.302454478760041567e+01
2.619004090653411154e+01
2.466581018247001111e+01
2.588606913864329684e+01
2.483138177501025012e+01
2.609138539964791903e+01
2.785670962217164970e+01
2.850826456953220855e+01
2.615927650758824896e+01
2.569384373135870092e+01
2.387754542525616586e+01
2.576367985733988419e+01
2.464761071640733192e+01
2.685459523634997225e+01
2.561334735236187043e+01
2.445552565589085248e+01
2.512415160325849683e+01
2.673408805078291550e+01
2.555000002231856016e+01
2.622057347637025160e+01
2.682974498053446410e+01
2.420629789985191493e+01
2.574239127414006134e+01
2.628700077433156324e+01
2.577467783461568729e+01
2.402130260652717908e+01
2.476846094345352256e+01
2.596708665449111919e+01
2.466442028873163395e+01
2.650386919421463006e+01
2.468715412075824034e+01
2.589066440200793195e+01
2.481036544403169231e+01
2.592003559476796681e+01
2.658508324070401940e+01
2.633526720331686732e+01
2.494025190573344730e+01
2.513602256726919393e+01
2.294819423137450798e+01
2.488167118717890247e+01
2.446229787833154745e+01
2.359984465168444245e+01
2.281732800928540073e+01
2.500622339031728458e+01
2.419625888948500858e+01
2.447411891019356034e+01
2.518499999420536639e+01
2.556963738189644531e+01
2.504408485428859521e+01
2.469862785999251997e+01
2.596965956518088703e+01
2.514174537152977962e+01
2.408369956010882618e+01
2.491549500856661226e+01
2.484661836999156037e+01
2.550739290038445262e+01
2.455066388128107491e+01
2.718268136725392381e+01
2.461266668895752119e+01
2.742192966276999755e+01
2.397152089104637085e+01
2.614648020377029525e+01
2.449149466440098166e+01
2.555521593229132904e+01
2.546472226819070883e+01
2.442070500351148610e+01
2.570300056234944464e+01
2.545605055509692249e+01
2.604678867087605099e+01
2.490065636384823833e+01
2.610465121966583268e+01
2.454712629322377992e+01
2.656988987588072604e+01
2.768645120710626983e+01
2.497314070625252569e+01
2.477800166901329959e+01
2.567188952400652724e+01
2.380101315157370223e+01
2.316499196486502044e+01
2.497379977929029238e+01
2.640269238584345501e+01
2.685913922157784839e+01
2.395561831622965343e+01
2.458387889472129828e+01
2.538120522644074128e+01
2.546129379616882460e+01
2.604364654515480026e+01
2.580322169811771005e+01
2.774083432823253048e+01
2.414940699819350201e+01
2.463422012369715475e+01
2.457877933165937279e+01
2.413837729185667413e+01
2.508303819738835116e+01
2.429821745294678692e+01
2.342109370481517061e+01
2.494041322738162236e+01
2.271488974998909782e+01
2.425446126917867318e+01
2.404100549050087920e+01
2.523602173205949839e+01
2.647405163874692136e+01
2.564235700159532172e+01
2.519649959229325731e+01
2.532496150725317818e+01
2.606276060853274146e+01
2.644050654349471685e+01
2.528583871512043757e+01
2.525602730098823656e+01
2.526710875022112290e+01
2.540065327735510792e+01
2.432744345810212394e+01
2.475465033924864144e+01
2.551256445204155909e+01
2.494725579854629771e+01
2.534631956467683267e+01
2.565692432536424761e+01
2.475587558121955212e+01
2.319705131859809555e+01
2.264796669547522612e+01
2.457841988621467877e+01
2.630169709113137699e+01
2.607735244848970169e+01
2.537105960799656756e+01
2.427046021825817590e+01
2.309490415467689317e+01
2.395112022886834779e+01
2.545296916935209453e+01
2.371265881515145679e+01
2.294415817613855779e+01
2.355049742015124536e+01
2.483230032507851703e+01
2.408486584752258253e+01
2.466390189171160330e+01
2.634491773046488916e+01
2.481438528149929468e+01
2.639859557353273445e+01
2.730804740877781711e+01
2.602967323681834699e+01
2.762565331881279107e+01
2.796076704031620608e+01
2.802409853221314506e+01
2.634791295030297320e+01
2.661024256276955668e+01
2.756259865913871465e+01
2.680051203587711584e+01
2.562423276892166157e+01
2.577115774823898775e+01
2.381459481884673934e+01
2.656275219015989109e+01
2.552726380775306936e+01
2.486252994378621395e+01
2.790355415362997249e+01
2.580034425111730911e+01
2.572882966355987122e+01
2.590703050602735757e+01
2.676251779480471882e+01
2.614791606506933874e+01
2.639473347626492483e+01
2.558192091351734732e+01
2.674280246092370206e+01
2.612198083549263217e+01
2.634286920419634370e+01
2.517757912605540938e+01
2.626215548334361216e+01
2.631995854508466692e+01
2.728926920094294672e+01
2.577911914401229154e+01
2.660486248513313257e+01
2.625569908846384948e+01
2.616636218862256058e+01
2.700564579264027643e+01
2.578530138969172114e+01
2.527885992353059663e+01
2.618963461410803717e+01
2.534342284568016623e+01
2.616311540945908476e+01
2.545508530278215886e+01
2.567960911294827753e+01
2.615798760804906919e+01
2.721678377675597815e+01
2.771468557273632882e+01
2.595289940684190455e+01
2.528572369821761257e+01
2.567343540323360784e+01
2.564390368534238007e+01
2.550756032146770025e+01
2.500882987167106464e+01
2.303685668880326176e+01
2.512806095968075937e+01
2.464137506198790462e+01
2.385694549500991357e+01
2.518694317252056081e+01
2.394998938389020182e+01
2.359307048357647929e+01
2.330186108333036898e+01
2.558714660905980764e+01
2.699933566534556206e+01
2.688123637968358537e+01
2.771706708575961997e+01
2.588073932423789714e+01
2.605248955902403196e+01
2.665529652592606524e+01
2.664196197046501169e+01
2.716210401250243933e+01
2.668170388925890180e+01
2.600610152203665848e+01
2.646270131489946564e+01
2.679777086688833521e+01
2.466154620699504108e+01
2.719193942338715431e+01
2.861279855972027164e+01
2.492590956109599531e+01
2.690328508581504963e+01
2.324389472426114267e+01
2.512784793517631954e+01
2.727898496903617698e+01
2.650153089175228871e+01
2.789642348150047013e+01
2.508539791557507215e+01
2.614396091252261911e+01
2.644019815386898742e+01
2.792360764510748439e+01
2.644531398930912403e+01
2.679914533854972447e+01
2.718176249226613095e+01
2.563884123500612944e+01
2.609082818645193669e+01
2.619580856547696257e+01
2.756745189081786407e+01
2.664764162512585699e+01
2.605104362860983258e+01
2.773055421316837510e+01
2.582279904843558782e+01
2.580432534969637359e+01
2.681867707661987765e+01
2.640163988194435873e+01
2.477079451232626184e+01
2.698766317823001870e+01
2.348245093793326888e+01
2.463297264888856475e+01
2.582935114445233182e+01
2.607564287472795783e+01
2.616660428660743420e+01
2.480742933514118320e+01
2.644308939547307347e+01
2.751473101509931496e+01
2.598323961247905345e+01
2.542397816950011347e+01
2.451200383068589872e+01
2.355913532052887405e+01
2.546045892423775570e+01
2.560863841975936950e+01
2.631716501527701979e+01
2.743142935816067407e+01
2.652008271355631308e+01
2.768255250466529205e+01
2.737261812782092107e+01
2.637710104112194287e+01
2.760481117506763127e+01
2.491661479166778292e+01
2.546714233434503072e+01
2.668073971997998939e+01
2.576273010603185654e+01
2.566779471837994464e+01
2.469562917203129260e+01
2.412224370906685422e+01
2.353488812330365931e+01
2.157770929647610458e+01
2.321679007527468386e+01
2.151015881363790783e+01
2.368720434269319952e+01
2.283108381240664997e+01
2.352521992295261910e+01
2.343762093836780380e+01
2.485978521328936353e+01
2.426434535351579669e+01
2.583924460444130844e+01
2.507784836242785431e+01
2.505697659110211717e+01
2.527233014439673653e+01
2.589539960750997949e+01
2.594562369837530014e+01
2.573449720975098032e+01
2.626996286695118243e+01
2.389234845113701766e+01
2.702016397209928300e+01
2.474918167444639749e+01
2.712337844928228492e+01
2.659506919711803619e+01
2.524601247648203284e+01
2.584007541391546781e+01
2.496875882605919372e+01
2.700702030325194869e+01
2.536879770155380243e+01
2.461628246707306644e+01
2.589465902913616446e+01
2.561887162778110394e+01
2.705085596264852299e+01
2.694559348089241269e+01
2.469745432784008088e+01
2.598039284370971203e+01
2.454476967629532780e+01
2.526424167975769208e+01
2.532203238423767999e+01
2.639213022411420084e+01
2.666418955715978711e+01
2.630328691167759558e+01
2.526232850104264571e+01
2.552756461662620424e+01
2.622218103170449410e+01
2.505067000411913369e+01
2.585532819352951961e+01
2.593523977900676059e+01
2.404200257071805069e+01
2.555692397917433567e+01
2.479167106474760018e+01
2.619343129618728483e+01
2.390348782567795638e+01
2.679193269540373379e+01
2.547907807829388460e+01
2.648866718519137109e+01
2.574999994517566648e+01
2.297742003631459795e+01
2.531620389589301467e+01
2.435963973285311468e+01
2.689686511939319402e+01
2.672411371763849885e+01
2.728966618596844285e+01
2.640999598681484528e+01
2.746225727001473516e+01
2.543324005579025737e+01
2.492088468887001440e+01
2.573451298514840246e+01
2.746379235745149217e+01
2.602061382994577698e+01
2.559021989179403533e+01
2.552429961543773018e+01
2.708544889939188494e+01
2.530810016073338886e+01
2.624154984404481894e+01
2.555840638261195252e+01
2.503478824201557273e+01
2.534576284712699845e+01
2.612369865394605384e+01
2.666247805717700459e+01
2.446192609571576426e+01
2.465227045409660533e+01
2.635565973062295697e+01
2.788295740617145313e+01
2.618489301925071899e+01
2.446581778780827676e+01
2.452881059290910670e+01
2.521031335629982806e+01
2.497230685212430856e+01
2.282586688322184898e+01
2.542774586531885461e+01
2.457524033019897658e+01
2.503356771333961817e+01
2.602607305961428708e+01
2.396105503964835748e+01
2.395677328047932875e+01
2.472307837681042386e+01
2.448971005470558637e+01
2.712571800937146094e+01
2.681089807197933794e+01
2.522375776619976762e+01
2.512791551393385348e+01
2.586495611925781901e+01
2.731331603257412510e+01
2.461226937646953061e+01
2.591534477210590737e+01
2.448363495097927256e+01
2.388819810547932221e+01
2.633433411503487775e+01
2.582194117927159382e+01
2.486636207947658406e+01
2.405615000583231833e+01
2.544508820503003221e+01
2.661984362169267726e+01
2.424776316723228575e+01
2.467630572668782207e+01
2.438278869434333274e+01
2.666721139753403236e+01
2.683232009386993511e+01
2.772702194037558243e+01
2.603605104963626360e+01
2.661659318177613542e+01
2.521886668496287243e+01
2.424828202639116626e+01
2.683213459098594456e+01
2.494410534922346301e+01
2.609896623444965513e+01
2.407179033728250772e+01
2.190565711395819548e+01
2.592032824521484358e+01
2.480532996141233681e+01
2.603253563918680769e+01
2.491185008376436016e+01
2.559515759900792631e+01
2.607026626524310942e+01
2.621920426040125562e+01
2.616756341283425158e+01
2.732061768373846888e+01
2.618942227295292824e+01
2.612682220943706923e+01
2.750676704232764180e+01
2.570856710895962394e+01
2.463160371277276894e+01
2.651292021197043880e+01
2.659878471615139262e+01
2.515082678918214043e+01
2.492893349832058192e+01
2.365966093504077605e+01
2.450953191780755347e+01
2.467339516528094734e+01
2.506094633595464316e+01
2.624564299015851887e+01
2.412059711724868549e+01
2.534258158338727895e+01
2.581658707582591816e+01
2.543815357249895470e+01
2.317544054316029190e+01
2.400331447265592999e+01
2.632200591257175759e+01
2.271559083790233657e+01
2.744100552990444442e+01
2.516940834323467513e+01
2.381036887394675006e+01
2.468031455274327612e+01
2.403764956818591259e+01
2.569757573518554494e+01
2.507939716966992805e+01
2.455021512778924020e+01
2.475594535799089613e+01
2.645102247610904556e+01
2.536066020867618320e+01
2.293161240034720549e+01
2.481488625304957552e+01
2.542052341370111535e+01
2.614361223555963676e+01
2.474435462235543071e+01
2.683631634105600483e+01
2.531898591109770535e+01
2.481087728427742434e+01
2.333424679703170312e+01
2.440930900306509699e+01
2.497221590271474767e+01
2.497733755296025393e+01
2.447924666593258181e+01
2.470873520597904616e+01
2.520645075994480777e+01
2.443904354775697030e+01
2.462999685453548082e+01
2.498408411465733536e+01
2.522271328136226387e+01
2.399487984744756375e+01
2.572320797253403768e+01
2.498651173239381862e+01
2.469205407881323566e+01
2.237817945195354241e+01
2.347905660936020666e+01
2.379480697973223613e+01
2.300435432047723694e+01
2.169171671735158213e+01
2.333074685090237921e+01
2.306791623005843661e+01
2.329048439703140616e+01
2.293531042970297662e+01
2.412413287999676115e+01
2.303496828444457734e+01
2.188373721849304232e+01
2.471108808974008753e+01
2.440963174871256669e+01
2.295055114434265420e+01
2.423398225434025832e+01
2.575534209749893932e+01
2.560180712980383788e+01
2.520937793402966065e+01
2.544525211087878347e+01
2.497901883814761348e+01
2.356781489672973606e+01
2.355033622997310516e+01
2.278945835194735636e+01
2.458804372451536935e+01
2.383253286027989404e+01
2.448500195648648159e+01
2.482569884451382691e+01
2.414463921241517852e+01
2.420653215907448086e+01
2.291546354709613809e+01
2.589224369593580377e+01
2.491437426687804191e+01
2.354124601882547552e+01
2.626957620916639158e+01
2.458422238636062218e+01
2.399361267949951682e+01
2.439401581746326997e+01
2.437003260429543161e+01
2.455176147943141274e+01
2.310102471059351359e+01
2.421818802969189122e+01
2.436149475134740428e+01
2.370039379958677728e+01
2.424592970809696979e+01
2.387344007155783743e+01
2.213124225468200379e+01
2.431832052798528210e+01
2.456350357546638463e+01
2.204656821550496204e+01
2.436193758084077743e+01
2.289705393796483079e+01
2.308892256343764160e+01
2.444235921023564728e+01
2.410919683163922400e+01
2.498396654158308650e+01
2.486154948701337730e+01
2.502119582054165647e+01
2.236204788029913360e+01
2.449684636636984436e+01
2.254848947899342804e+01
2.391063281403723906e+01
2.317329364322024077e+01
2.268774772312932697e+01
2.424606881605607356e+01
2.342314103358365784e+01
2.439367086884899649e+01
2.483377466569541170e+01
2.336078740129519105e+01
2.406293110615719755e+01
2.252054385239654977e+01
2.120291212792437463e+01
2.315649133325160491e+01
2.377865209580585670e+01
2.312022839318494505e+01
2.349084592709504804e+01
2.490614735959424308e+01
2.364450773179349952e+01
2.407897735902521319e+01
2.324879827555122347e+01
2.462028301977882450e+01
2.448884465905031504e+01
2.377691736590848137e+01
2.608255827133738691e+01
2.439592597591700240e+01
2.384222338468876146e+01
2.468378705600086320e+01
2.559467135474174881e+01
2.343603289310411242e+01
2.582745107528869610e+01
2.516897714375974360e+01
2.619729847226690467e+01
2.605450752415962512e+01
2.472870700006953015e+01
2.616133865914954981e+01
2.585955325025758356e+01
2.641902573004207611e+01
2.481575225207410895e+01
2.822074468094244892e+01
2.778372746535495708e+01
3.015114975257224472e+01
2.881609781095268374e+01
2.701078779421809628e+01
2.584254141995028320e+01
2.592158854178234506e+01
2.601680022231400713e+01
2.443395068405660808e+01
2.468111959224425789e+01
2.484229935618542839e+01
2.581357591744453828e+01
2.451475063313218783e+01
2.538144636664754117e+01
2.619625867044501888e+01
2.370426722779664175e+01
2.400910386901126259e+01
2.533375883581232202e+01
2.441955280529155559e+01
2.625940434849783145e+01
2.532255491227756394e+01
2.638575657849651179e+01
2.566051876451884439e+01
2.517100280477849594e+01
2.601439858994804055e+01
2.442572424703642753e+01
2.320399501556144983e+01
2.434750883993093851e+01
2.354930374523432590e+01
2.534240356609840461e+01
2.438471687196040705e+01
2.438139996527273823e+01
2.561236598638766537e+01
2.526021527382751231e+01
2.342053024228630065e+01
2.472247116170398940e+01
2.570036092693265672e+01
2.841148758963771925e+01
2.494533696788113986e+01
2.468814772938224067e+01
2.340911156151565109e+01
2.522401517405880611e+01
2.525317235433332996e+01
2.600689611559803183e+01
2.449779776465046055e+01
2.534089987848206960e+01
2.674134930867287707e+01
2.580058205072647226e+01
2.620895718294777410e+01
2.620453123520393746e+01
2.662479913313666202e+01
2.573990508676771327e+01
2.575393806190511015e+01
2.441852356700964322e+01
2.543030893709057239e+01
2.484100591138112080e+01
2.521178494260714587e+01
2.561983349159442724e+01
2.566729681332913060e+01
2.486375642422976640e+01
2.526349110107578610e+01
2.438037308952747040e+01
2.412799939143144101e+01
2.574347511321671078e+01
2.351517943202645000e+01
2.458372700070149008e+01
2.448585245906862440e+01
2.539652762874997194e+01
2.341314675285764579e+01
2.757846431349993210e+01
2.262288446392649632e+01
2.438684080357210959e+01
2.489831352640812412e+01
2.409868127495226631e+01
2.523871210676416510e+01
2.572447527344183626e+01
2.537303046182676880e+01
2.609353602074786949e+01
2.290387372637121643e+01
2.442767956171931587e+01
2.621108982993274950e+01
2.643992310435477222e+01
2.467338412895376720e+01
2.397520317413435365e+01
2.495137986697144328e+01
2.410204250499993606e+01
2.536616211573792512e+01
2.641009042089539705e+01
2.856745954397894494e+01
2.613352515101902540e+01
2.622615968273100862e+01
2.819850115753456166e+01
2.546949032295927040e+01
2.443651929743422002e+01
2.703997921710695707e+01
2.633970205185971381e+01
2.597954895000165720e+01
2.480247481961022160e+01
2.628054470562318201e+01
2.541619538815035284e+01
2.607677702054265723e+01
2.570433973737887001e+01
2.458492809548460301e+01
2.573284183965381899e+01
2.618753566853932568e+01
2.658489668710831566e+01
2.485032581259468287e+01
2.465604484756444847e+01
2.375054842310522574e+01
2.473237401184189821e+01
2.661197203882184326e+01
2.473297813025985192e+01
2.596385006096312509e+01
2.681535232656708345e+01
2.562570945878082540e+01
2.589895826255022726e+01
2.722331947557299259e+01
2.762615077253063234e+01
2.845436593409154113e+01
2.641770263088923798e+01
2.921232688545356382e+01
2.691705182161898335e+01
2.613784819898894796e+01
2.767850658801329899e+01
2.624479719220314777e+01
2.702128868879932000e+01
2.863420656234766781e+01
2.703529222145636268e+01
2.767092013651700100e+01
2.876661708424403230e+01
2.851446123953904532e+01
2.821278503794638937e+01
2.762254281549681068e+01
2.673856238008792374e+01
2.725116829854775702e+01
2.802276393312907032e+01
2.847042061234103727e+01
2.877006516248760803e+01
3.085391969809073132e+01
2.933568963818154174e+01
2.980477532029504317e+01
3.212560554382730515e+01
3.185561904611503081e+01
3.164155278950648054e+01
3.224515566252892995e+01
3.070882735437544397e+01
3.226724759696023881e+01
3.049832724421576913e+01
3.225170806325760964e+01
3.136378968277590928e+01
3.219578574464260612e+01
3.399878508197043914e+01
3.397478837141757424e+01
3.333163729160754229e+01
3.471063571054080654e+01
3.721770681174086803e+01
3.433164947814425005e+01
3.531572569632412240e+01
3.689583448659328724e+01
3.623993089745372487e+01
3.480015747618246991e+01
3.736317282287161845e+01
3.849683386716020550e+01
3.834768489309175266e+01
4.005366893728977118e+01
3.861247596383790892e+01
4.056211644185447085e+01
4.365617609942135857e+01
4.529240788641534721e+01
4.784478946015206446e+01
5.130817251937729395e+01
4.874920221078870242e+01
4.704379402017306688e+01
4.656743666068850018e+01
4.479135733471645864e+01
4.301193925251016736e+01
4.768241182676640477e+01
5.237762238046220631e+01
6.089545518584372275e+01
7.211271399698263451e+01
7.283917174500999181e+01
6.460698566646225061e+01
5.381786703681719786e+01
4.429574053307406700e+01
4.171602131675744118e+01
3.844380575014172763e+01
4.136065126755944732e+01
4.027877271284173588e+01
3.944526224401484882e+01
4.458287376762473286e+01
4.927192709889986588e+01
5.549342943525964245e+01
6.405998252317644415e+01
7.143817807009334331e+01
7.121886901204653952e+01
6.086060758906999268e+01
4.804873296060507215e+01
4.403122757035222889e+01
3.931562090483954819e+01
3.754408857808049049e+01
3.452185042845434282e+01
3.353440725331450523e+01
3.415141987625646891e+01
3.518463765639771168e+01
3.617643981993900582e+01
3.760413687947665551e+01
3.307079841262640940e+01
3.398476318855311717e+01
3.603138798459399084e+01
3.761554696066942682e+01
3.234013773376663181e+01
3.641284686489024836e+01
3.469262897844686222e+01
3.168309552550772068e+01
3.373442891468874905e+01
3.380826935549392687e+01
3.475739188053168505e+01
3.313027722145643850e+01
3.114128804452569454e+01
3.421048722216512061e+01
3.363080253398933905e+01
2.966012910137203917e+01
3.252105683307092221e+01
3.240156854596438762e+01
3.150334379089834869e+01
3.153171707089314069e+01
2.948489151897073768e+01
2.969550615803280991e+01
3.109644679669251133e+01
3.261093958926036862e+01
3.162921724913283938e+01
3.128681083765015458e+01
3.204812571159311574e+01
2.968555185047205924e+01
2.866103451181861317e+01
2.937860434635955187e+01
2.773405517923355035e+01
2.738474314454211367e+01
2.937120131468021356e+01
2.690612692546852358e+01
2.862870066938148028e+01
2.785370274863716844e+01
2.921435805857204571e+01
2.980541215671509647e+01
2.705508175796655834e+01
2.810057491162254806e+01
2.617895132642120259e+01
2.680984654096545228e+01
2.816246938796967569e+01
2.627174982905255263e+01
2.872919519047387382e+01
2.681028390830129737e+01
2.549463682948273657e+01
2.948189416931897711e+01
2.742108366315764556e+01
2.569563004885227997e+01
2.718254353477130891e+01
2.909835300920966006e+01
2.821332422153692576e+01
2.866802599796266193e+01
2.769607120721464355e+01
2.791447467837106444e+01
2.559673832616526568e+01
2.653186121467407688e+01
2.565891409109079291e+01
2.736121577063318000e+01
2.798705835736711123e+01
2.736588477667873320e+01
2.830361685549266682e+01
2.803897934162767669e+01
2.613901568511126072e+01
2.628145974857122269e+01
2.699871242757033230e+01
2.829806967643887106e+01
2.737555335198134898e+01
2.908675988752104757e+01
3.065665603265152228e+01
3.011317850426573983e+01
3.162266117622819195e+01
3.481424057379184944e+01
3.753748840538267473e+01
3.797759147058209805e+01
3.401847345982709214e+01
3.174875542933234840e+01
3.082797715071259503e+01
2.964469355970621223e+01
2.935203567141983072e+01
3.267464650194202136e+01
3.778665606837709845e+01
3.706299458649060341e+01
3.646069784538716618e+01
3.295296977169458330e+01
3.088601088951255846e+01
3.004111097274082454e+01
2.449954137232667861e+01
2.472541984684726657e+01
2.535799647144964908e+01
2.530490798109746819e+01
2.497828977973554387e+01
2.412973717444045718e+01
2.329612055201707577e+01
2.407199311143423159e+01
2.425186675575561779e+01
2.273816100679195173e+01
2.355205102872972489e+01
2.384624343517858591e+01
2.464765677085705420e+01
2.567057065218602574e+01
2.337020557369345397e+01
2.556392346885959199e+01
2.465045428074266809e+01
2.287369188696864342e+01
2.354012358785161041e+01
2.320964591907770114e+01
2.388613536929982573e+01
2.358017123604287235e+01
2.354215808662802445e+01
2.557847717087542705e+01
2.445705259176532209e+01
2.488529951949397301e+01
2.232226976796269469e+01
2.374198946710600566e+01
2.430458153820755740e+01
2.444422620228279541e+01
2.422566795626939751e+01
2.380595123682895320e+01
2.239686975317113138e+01
2.509337264635562903e+01
2.558636596678734776e+01
2.191765437845347364e+01
2.455818369131955947e+01
2.302321872709424255e+01
2.337846180207333546e+01
2.501987475258874483e+01
2.567093652418340355e+01
2.559788962597893303e+01
2.204665632291165878e+01
2.295872268745986489e+01
2.518320339553130793e+01
2.248456615670592029e+01
2.368960299740350806e+01
2.631752886187579676e+01
2.273067738346796673e+01
2.321769745867645440e+01
2.513983109308446018e+01
2.698467941540264547e+01
2.315807240519602672e+01
2.203270239837844358e+01
2.572561751619117842e+01
2.405928328308429798e+01
2.311073418528183154e+01
2.324119725380067081e+01
2.335973332151240101e+01
2.389325504139075917e+01
2.306257314090117561e+01
2.340782535783539942e+01
2.537436348874928171e+01
2.255946911885685324e+01
2.278212178262478460e+01
2.469441472003015292e+01
2.344929110147486639e+01
2.277148154008829906e+01
2.247465787982057250e+01
2.328037221539734958e+01
2.414796642504619584e+01
2.372096077753277754e+01
2.567253645043822985e+01
2.241425051237947486e+01
2.193704928318589964e+01
2.393726507056664232e+01
2.427112930161908722e+01
2.167165889521435318e+01
2.380567386501027016e+01
2.303070729082300616e+01
2.288163377621813055e+01
2.454177557468332793e+01
2.313932536702713350e+01
2.289803165690033637e+01
2.777550489895562791e+01
2.674700154993508505e+01
2.212946024788939781e+01
2.428175993875773742e+01
2.504958362974844732e+01
2.265722071028787710e+01
2.305488074022982659e+01
2.451029591891377990e+01
2.286113605910597357e+01
2.348180136803206253e+01
2.326582970158506924e+01
2.123848494712247970e+01
2.410680542036161000e+01
2.543254521947358882e+01
2.324917478250058522e+01
2.286924364128454812e+01
2.478876293498049321e+01
2.424122332323952023e+01
2.438651987396525556e+01
2.459314950394213994e+01
2.587153467864591860e+01
2.485417009740386973e+01
2.637588696540496969e+01
2.229343578791797142e+01
2.433097123390230720e+01
2.369821728693730378e+01
2.359573623703199985e+01
2.324996396390745446e+01
2.553404293125597846e+01
2.401348723246192662e+01
2.430432874706886182e+01
2.397440815220476651e+01
2.486345893266974372e+01
2.550395719733007383e+01
2.366373501801949431e+01
2.331865616230941995e+01
2.624617027059927565e+01
2.363314218525364652e+01
2.381387850622623503e+01
2.281785720424963770e+01
2.263538871348295700e+01
2.533175645151021627e+01
2.258851364447066246e+01
2.388430843901700484e+01
2.576082298705985352e+01
2.320600996217699574e+01
2.736456996848486156e+01
2.324224645209044482e+01
2.254090327528679438e+01
2.036860203291229965e+01
2.488406162190750592e+01
2.408815501293911510e+01
2.177797337334237682e+01
2.183541243964611311e+01
2.396597363197071928e+01
2.296685601102650764e+01
2.297173301141628343e+01
2.431741116997701724e+01
2.246548277770717306e+01
2.465560615048093851e+01
2.321658693402284257e+01
2.448954793481398440e+01
2.658897944187273765e+01
2.109363571574765572e+01
2.499667120040530577e+01
2.392476071073251376e+01
2.379155476434822347e+01
2.344972492740085457e+01
2.427257474281104876e+01
2.533140757725502468e+01
2.348187225463316707e+01
2.376683115446007122e+01
2.156818610577297690e+01
2.486784181067098487e+01
2.490461191156425613e+01
2.379594155958915280e+01
2.595778034923078792e+01
2.359567250378558256e+01
2.217375177463272706e+01
2.423799603740730646e+01
2.469927946008293063e+01
2.426363821847794000e+01
2.454625454596506273e+01
2.277885674150584805e+01
2.262366067638698652e+01
2.373805337880311583e+01
2.391228739067960163e+01
2.237459928681349197e+01
2.472165716487602083e+01
2.526028118370217257e+01
2.283375786604238655e+01
2.308250377668105813e+01
2.141020721235802426e+01
2.260862419788603006e+01
2.150901167376103018e+01
2.358427067869645910e+01
2.373598154424585616e+01
2.450400856569508434e+01
2.319950531810718530e+01
2.239892195575958311e+01
2.250621771973246865e+01
2.319932193082636118e+01
2.357658731613893011e+01
2.340498428380035989e+01
2.334960224174441024e+01
2.316545267901342697e+01
2.386757456488249218e+01
2.412124760052835271e+01
2.317952473562314708e+01
2.320841727780215180e+01
2.430916736356208929e+01
2.232451314867366676e+01
2.320703269243678335e+01
2.544811390855754851e+01
2.261239614769861461e+01
2.229829653604940987e+01
2.272070365148607252e+01
2.075534956175556900e+01
2.372389491175855980e+01
2.118817764961511685e+01
2.381316614747301230e+01
2.353738131383740040e+01
2.317957661752504706e+01
2.330154752558687292e+01
1.996589623428815941e+01
2.341668573642493811e+01
2.388415444645215757e+01
2.391380976127282310e+01
2.188410975512691437e+01
2.199550987265530466e+01
2.224097614179277116e+01
2.169052042757625287e+01
2.102060044848872522e+01
2.296078323158921108e+01
2.216916451267913502e+01
2.068411424635875662e+01
2.372072472715403180e+01
2.023392088065309835e+01
2.238246311335566929e+01
2.066444995998249468e+01
2.134290591990294672e+01
2.200326877693826333e+01
2.146960380027257642e+01
2.301197166464926980e+01
2.277113304026952179e+01
2.133183228099186124e+01
2.187558070610623417e+01
2.229086965164521672e+01
2.177069892712401966e+01
2.226982981379705251e+01
2.226093510194923653e+01
2.313413569718441565e+01
2.263202567907705998e+01
2.167070526336814140e+01
2.302118787792039711e+01
2.318030743845573127e+01
2.035066643872316661e+01
2.313104695458634197e+01
2.419830667596628970e+01
2.337290855195078976e+01
2.247610583919749772e+01
2.293183659588479628e+01
2.198421484852691776e+01
2.238788782461603688e+01
2.326516337412334678e+01
2.402987986588162528e+01
2.304498029853451158e+01
2.247373504017139112e+01
2.142208154599666869e+01
2.162708826656611549e+01
1.978307996583946959e+01
2.068918503943315201e+01
2.113249697462421040e+01
2.184182482041923734e+01
2.071193359978486370e+01
2.167724319212827311e+01
2.300183395364562244e+01
2.315268966769808046e+01
2.012085039642320794e+01
2.350406716511571759e+01
2.157451729002594121e+01
2.126956812503921057e+01
2.238724235841112886e+01
2.100141816976516651e+01
2.432788529391278587e+01
2.319436506080511151e+01
2.147554853169401667e+01
2.260855360555664362e+01
2.270748079368389583e+01
2.322601904211625978e+01
2.242499252270756216e+01
2.132952717271247423e+01
2.223298767250564012e+01
2.112137763997466777e+01
2.377331567710946558e+01
2.169033596744168335e+01
2.181517801406649326e+01
2.301834751004039248e+01
2.266658457992928533e+01
2.420832577972658939e+01
2.096550960736630387e+01
2.308122803995352257e+01
2.479480301448660384e+01
2.140516632450107792e+01
2.244631220200800925e+01
2.273705220417361161e+01
2.181294870371972650e+01
2.327506924028708823e+01
2.046417902118251675e+01
2.335642317975679561e+01
2.263621495374506765e+01
2.146099233000888162e+01
2.031690172118725357e+01
2.054203227856508107e+01
2.439608256619275295e+01
2.384928062471482235e+01
2.330160371063371372e+01
2.194944947005063440e+01
2.086496511295904099e+01
2.244256074538984080e+01
2.014539335275339482e+01
2.074030997424253187e+01
2.147535041275455114e+01
2.235008415715073582e+01
2.247462929873969628e+01
2.245986993510840790e+01
2.320331550305794011e+01
2.162369397945332850e+01
2.097069410615413787e+01
2.330271601139317283e+01
2.388762005197683536e+01
2.787244877876769422e+01
2.246587451128483082e+01
2.449548454011213039e+01
2.459868571989168728e+01
2.248641381238149251e+01
1.980473837052138819e+01
2.312924437276276279e+01
2.348610457023251641e+01
2.244506196689102850e+01
2.143519713413951422e+01
2.116527400287187177e+01
2.307826408710415578e+01
2.326735718126282748e+01
2.351176945569995880e+01
2.140746431935869509e+01
2.223292194296305269e+01
2.285691415676695115e+01
2.256804558289635665e+01
2.187939131965302053e+01
2.238893501121928153e+01
1.923428752071852088e+01
2.239578727614886589e+01
2.157609309383921214e+01
2.098633324135662193e+01
2.518739269088290911e+01
1.983082119634821083e+01
2.250789117053168908e+01
1.921589807258769511e+01
2.448535179417617869e+01
2.665157650295971692e+01
2.125848488310535345e+01
2.142914157118362084e+01
2.368643671053301958e+01
2.191970726186454499e+01
2.170444144869353664e+01
2.357672627845683877e+01
2.053513117077320160e+01
2.210291442276934148e+01
2.126206883289155414e+01
2.155299260761692537e+01
2.233833938474586134e+01
2.324842317885477527e+01
2.149364881693073315e+01
2.301242031422824041e+01
2.789922798639564050e+01
2.563668265336102792e+01
2.239894049987839963e+01
2.424017004542178455e+01
2.169003564514441607e+01
2.620107237734375616e+01
2.402296324476590783e+01
2.654226588468283055e+01
2.200724541875035101e+01
2.349677355284004321e+01
2.284742616222406397e+01
2.545876511898176631e+01
2.631445902908755130e+01
2.204935052504459136e+01
2.320890923779479564e+01
2.422960108212527430e+01
2.406056120536647924e+01
2.283546220852774766e+01
2.776668680579701132e+01
2.206716938701984532e+01
2.246542435902141222e+01
2.400294247428377759e+01
2.225159400996045989e+01
2.341599965722916110e+01
2.383598686496519292e+01
2.250465424107550305e+01
2.376659684555261975e+01
2.306573269093735945e+01
2.426719974630712784e+01
2.185249797715022879e+01
2.060159876014656888e+01
2.288979689084438007e+01
2.441797263633811710e+01
2.306504428781518357e+01
2.316141749719228926e+01
2.473075437172209590e+01
2.329131496694451897e+01
2.450267212906172176e+01
2.319857576619876838e+01
2.339170701463827839e+01
2.584021359727389111e+01
2.133179237569502007e+01
2.177166032138081420e+01
2.369265682570356901e+01
2.131295909211465656e+01
2.460874943908920542e+01
2.205353536873885645e+01
2.201155044027414931e+01
2.083134594295166409e+01
2.395600376312847501e+01
2.466814898208588858e+01
2.260484170019069694e+01
2.219326052084539924e+01
2.379886482653387247e+01
2.395878068454629783e+01
2.200325687365986482e+01
2.504980998690640703e+01
2.369557929063605428e+01
2.387318708034182180e+01
2.134012099350230685e+01
2.309281522767391337e+01
2.302810098490567015e+01
2.530197606578493108e+01
2.452182409863161894e+01
2.357329449483918182e+01
2.104515549548652587e+01
2.335522046069366198e+01
2.076918203267115359e+01
2.143749579686425122e+01
2.336778112742714342e+01
2.355109114571236262e+01
2.222181234243449310e+01
2.452258757986630755e+01
2.161372568089119639e+01
2.431463402934145179e+01
2.345216034785903148e+01
2.216935548394995337e+01
2.375381694975252245e+01
2.438658380990952068e+01
2.316595396633469051e+01
2.301790982215275605e+01
2.305064805391171134e+01
2.432648912274105513e+01
2.296830575095436444e+01
2.193470628002524236e+01
2.198379526091409630e+01
2.377264636893823280e+01
2.233137678225962475e+01
2.295204286152505802e+01
2.381288845857758929e+01
2.497981329568260023e+01
2.372345517520077607e+01
2.207281949773888741e+01
2.634944831472644822e+01
2.389766582818765883e+01
2.374153200255683771e+01
2.418941304454180496e+01
2.553147856766684143e+01
2.360759785949912271e+01
2.492700083119696330e+01
2.591906888329221559e+01
1.913431897553261862e+01
2.121359335717416528e+01
1.917918455246941178e+01
2.122445797092279918e+01
2.272888592057553936e+01
1.945705890816869044e+01
2.314224854280720933e+01
2.226652406419173857e+01
2.133538936115008866e+01
2.399956736900979948e+01
2.519920882512531080e+01
2.522770713568266743e+01
2.425264572694617016e+01
2.387587718305434947e+01
2.272259017864630337e+01
2.403582831688911270e+01
2.536687519364231491e+01
2.725387992022752570e+01
2.601851611593385627e+01
2.424949205666730023e+01
2.444664124041490183e+01
2.432977011649058241e+01
2.391544753149896607e+01
2.471431513391707924e+01
2.684525547183262262e+01
2.352511974252416493e+01
2.526750520821627788e+01
2.310911367062279709e+01
2.331301659431132478e+01
2.320904624718858855e+01
2.575507126397174318e+01
2.360720557736546610e+01
2.316769824251470311e+01
2.408449279712488433e+01
2.197733268812760699e+01
2.183338922383767766e+01
2.304037460532859072e+01
2.421838978543455667e+01
2.221428426531790379e+01
2.131403990878257559e+01
2.284976684907925559e+01
2.194708177525484416e+01
2.183271231698296688e+01
2.397809559325301620e+01
2.279304176263933712e+01
2.395002489181184302e+01
2.626963874425325685e+01
2.274365522558270669e+01
2.541837382997217887e+01
2.354174556103781057e+01
2.306163351972761433e+01
2.196358768424693508e+01
2.198974001816169377e+01
2.360315953294048796e+01
2.141515964393306248e+01
2.356328448729835401e+01
2.147860381629465110e+01
2.389155090711382456e+01
2.448400980075231104e+01
2.276364387784089161e+01
2.320718026812938106e+01
1.953577596674725569e+01
2.219440328408045815e+01
2.034394036057285859e+01
2.143473622852820526e+01
1.983769529178798052e+01
2.446369135229660685e+01
2.162899637259054231e+01
1.965092721734301051e+01
2.250669719836564653e+01
2.447320873926770446e+01
2.349515888663520613e+01
2.356417259662703145e+01
2.341567656773719719e+01
2.170009078127101532e+01
2.442592805523096544e+01
2.241391037911603235e+01
2.291847356847357986e+01
2.194001081788706742e+01
2.114587307316801201e+01
2.226050339950333168e+01
2.301411399436501526e+01
2.411616593620988880e+01
2.284273164651014554e+01
2.052980409608978363e+01
2.337782319768392369e+01
2.448730408314900586e+01
2.311883993806390691e+01
2.097934107110492974e+01
2.345290552061447542e+01
2.368593866180749430e+01
2.067766442445402930e+01
1.988592797727236317e+01
2.127925192908387686e+01
2.227331831874939638e+01
2.192987333465007893e+01
2.098059067735049865e+01
1.803936442985318322e+01
1.883112345458686221e+01
2.745803069018719000e+01
1.941858818941030052e+01
2.398335129056415127e+01
2.225463744389664456e+01
2.096359161892281975e+01
3.237101127801525280e+01
1.863067850587089680e+01
2.243579485752137970e+01
2.079112144623264413e+01
2.340387263347847835e+01
2.167843274429000644e+01
2.358125280585105799e+01
2.203130079112087714e+01
2.355655483184217047e+01
2.157886461866451455e+01
2.206853958410275141e+01
2.215808958362516279e+01
2.125831397470443207e+01
2.273493914465043986e+01
2.382256388151845172e+01
2.425652408973979490e+01
2.384359832415858094e+01
1.979481198335549763e+01
2.525607710825341456e+01
2.227930166640611631e+01
2.056110210330777477e+01
2.170972516907022154e+01
2.061291111470475812e+01
2.001205335599486546e+01
1.987064387501180107e+01
2.391213252415237633e+01
2.576185627352738550e+01
2.350305047567374928e+01
2.027741869552087550e+01
2.139332564234243961e+01
2.103271719061896405e+01
2.563174101847332764e+01
2.287116379894638740e+01
1.727581928424129742e+01
2.635476134910729940e+01
2.434384902054900479e+01
2.304380177978846689e+01
2.222692001966366959e+01
2.333970845545217543e+01
2.130780943594535159e+01
2.028260082645819296e+01
2.962951768882838621e+01
2.447873671778222615e+01
2.214809852607203666e+01
2.076411702023175820e+01
2.140488218545394972e+01
2.154545759633851887e+01
2.093189315598304034e+01
2.201816175184455915e+01
2.553785671396677515e+01
2.573701178839278825e+01
2.701077736375665239e+01
2.442026183469517875e+01
2.392141825906471908e+01
2.368886226659053307e+01
2.263777111901527661e+01
2.034752217450584411e+01
2.339515485927053007e+01
1.868073081426150495e+01
2.333607497939296493e+01
2.702519480961667497e+01
1.837993992432128465e+01
2.276113085993948104e+01
2.146230940464394976e+01
2.368702914314146923e+01
1.961688142085776576e+01
2.089063342740023188e+01
2.096665388771559080e+01
2.075924601962731941e+01
2.138392554517034583e+01
2.314374929126684677e+01
2.346301793072030151e+01
2.406690878743710726e+01
2.180807792436773695e+01
2.354212610843548603e+01
2.035465806048841131e+01
2.494064804326341545e+01
2.196582936566292688e+01
2.170280139220762550e+01
2.011160665383636470e+01
2.652455462434062383e+01
2.228366570717596673e+01
2.224732169993455599e+01
2.231684650639762779e+01
2.414513608607432005e+01
2.090313421629037904e+01
2.402789456815414937e+01
2.025044978438231169e+01
2.283911881033746738e+01
2.321428805138693363e+01
2.258233069856565933e+01
2.453811185589218979e+01
2.044158536786312652e+01
2.248771242353828725e+01
2.272206672477105016e+01
2.240935203849536350e+01
2.224463178221959936e+01
1.993812636736790367e+01
2.173098197606465121e+01
2.125328056994630188e+01
2.136267738794947491e+01
2.265519540920481489e+01
2.246107781980488483e+01
2.297368663148977674e+01
2.235199873333690590e+01
1.928479572739471948e+01
2.191686898086607016e+01
2.279038595073310347e+01
2.410544920807156188e+01
2.230830413633827547e+01
2.302537674738381668e+01
2.435377492103202002e+01
2.134636428170891875e+01
2.018270887927672419e+01
2.312737715463126520e+01
2.209486976649669288e+01
2.110746948092204889e+01
2.223457727154206864e+01
2.304217282434220948e+01
2.483075312427843073e+01
2.541499427540696132e+01
2.306309233845072271e+01
1.868822957565849663e+01
2.123605200089253131e+01
2.315927402421369763e+01
2.154862735551245123e+01
2.246571468737429100e+01
2.018205429340132184e+01
1.914072167217187115e+01
1.988676205873658986e+01
2.197757432261170862e+01
2.100225844966413291e+01
2.052893482530107860e+01
2.362426582029344502e+01
1.847589814726169877e+01
1.999560290670167007e+01
2.274429904475334752e+01
2.074094014160011668e+01
2.043617434159977364e+01
2.090585345618244162e+01
2.646162586327095667e+01
2.113602573159584352e+01
1.875850437954541050e+01
2.235838993769723970e+01
1.990363332116369222e+01
2.081406987211472170e+01
2.001163205503545583e+01
2.087647131121327959e+01
2.136309223079119235e+01
2.148213313174691308e+01
1.960892423083978997e+01
1.776814770962055334e+01
2.142096964876089160e+01
2.276283285912047916e+01
2.054258831096376881e+01
2.216672363646569721e+01
2.314995286790834328e+01
1.951725932701132038e+01
2.187197213574862076e+01
2.313409122295445286e+01
2.130201375511797934e+01
2.005819101403948679e+01
2.257364658027587012e+01
2.286562087471817861e+01
2.126846495601152043e+01
2.161087958527287256e+01
2.153715504407148984e+01
2.233987178435234355e+01
2.261059627864404931e+01
2.211548643461185293e+01
2.242035156852834277e+01
2.441366904557009931e+01
