7.323661859078505643e+01
7.880226535079371786e+01
9.046002701324729856e+01
8.068222471254711081e+01
9.425267925950237213e+01
7.183295799151935057e+01
7.713478476593914479e+01
8.123335363303368695e+01
8.500068929113039928e+01
7.944032249648350330e+01
7.671827025263323208e+01
7.077643368720458739e+01
6.875452204731190875e+01
7.089243732553292432e+01
7.416732140478701751e+01
7.426932672696963778e+01
7.733401259623029489e+01
7.505277889283077286e+01
8.484682121331708515e+01
8.538331120526996187e+01
9.058719880808621383e+01
8.858013085772071804e+01
9.733310917959521191e+01
9.731791506954488113e+01
1.042517341098964607e+02
1.062740182385494307e+02
1.140763742082537533e+02
9.673437895507683493e+01
1.045484533765187223e+02
1.246822521879021650e+02
1.325280914470168909e+02
1.436206366756222792e+02
1.718737889376811552e+02
2.043983466356816052e+02
2.467688226990220812e+02
2.479129513423093840e+02
2.740270103051012711e+02
2.771187869522299820e+02
2.629134127496859037e+02
2.481730421573657850e+02
1.995338034868935040e+02
1.708465001191453609e+02
1.491581652883319578e+02
1.103852353541710301e+02
8.445451367317818381e+01
8.127608104875930906e+01
6.466261439098789765e+01
6.253564707723734983e+01
6.225675820032511609e+01
7.137356458421955097e+01
5.908603150572676554e+01
7.712781550043422385e+01
7.579845587286654052e+01
7.629074322081076787e+01
7.495559062596643685e+01
7.392343435176053390e+01
7.143415377147992729e+01
6.969179467537425410e+01
6.240866350530362894e+01
6.222798634860687628e+01
5.959177032403565022e+01
5.891452447850748086e+01
6.356908641443517638e+01
5.657481457542168357e+01
7.204772167561930019e+01
7.263693256841798984e+01
7.196226279781505752e+01
8.158820116562749547e+01
7.870939051580315038e+01
8.337339373401219689e+01
7.130526653075641264e+01
8.605718146084420539e+01
7.736232880717716398e+01
8.229589650843975335e+01
7.850094913268405605e+01
7.443162709863580062e+01
7.787599111225247839e+01
7.949413810609777897e+01
7.433431624945802696e+01
8.022839504835540936e+01
8.088987671055809869e+01
7.916634412628994255e+01
7.567477437229089787e+01
7.917423350587475284e+01
7.529100710395287877e+01
7.560514601815454228e+01
7.646158922621152954e+01
8.027863542731134316e+01
7.273219284108073168e+01
7.303583082668066595e+01
7.988391159500584138e+01
8.478332665255490497e+01
7.904227677488020731e+01
7.458191452307363534e+01
8.738185003741369883e+01
9.406305034038504687e+01
9.246780678480277516e+01
9.729307739106218378e+01
1.094753273805181522e+02
9.446510927353629938e+01
8.982652862955431772e+01
9.600441940702413035e+01
9.601523675161746496e+01
1.069133283362532438e+02
9.436919814471261247e+01
8.922385872709773480e+01
8.391641179873845147e+01
7.989597637440374456e+01
8.332876895139111184e+01
8.598589889306137479e+01
8.190444223636103516e+01
7.681122784383678948e+01
7.922118305679273931e+01
7.186808641494356209e+01
7.201507314790984537e+01
6.578715972179600158e+01
6.861678898823153361e+01
6.698969571071870632e+01
6.945070188251436605e+01
6.541379645746268068e+01
6.741214438827790900e+01
7.732356842166358035e+01
7.919163108751075697e+01
7.926004539450592290e+01
8.709204248885150434e+01
7.947852406278258286e+01
9.034691379729062533e+01
7.937423794183494863e+01
8.848603045738310868e+01
8.566844794064371627e+01
8.788126801091446794e+01
9.174823486975853370e+01
9.192353750619669484e+01
9.205975842583477231e+01
8.989408331146425724e+01
8.445589305888428555e+01
7.692196548905948816e+01
8.373209017717196900e+01
7.778485331484914411e+01
7.768456299425901079e+01
8.129672125476939470e+01
8.084897899221959960e+01
7.668843718544482613e+01
7.229454777215245542e+01
7.804382228035433400e+01
6.877297861375049592e+01
7.772526594523898780e+01
6.946693083536416680e+01
7.690199664453213302e+01
6.701392234275132864e+01
6.727275233997923465e+01
6.028103667659078013e+01
5.924527359335377241e+01
6.546118702601444284e+01
6.137343488210951392e+01
6.345739863532212155e+01
6.241899495719332691e+01
5.179188649863827720e+01
5.973918945318685303e+01
5.189027895305373050e+01
5.178341189380864051e+01
5.325494914365923904e+01
6.040661602019038412e+01
5.236446625211127781e+01
5.690303117875007644e+01
5.681471236162740013e+01
6.359844258575898834e+01
6.642093539036731897e+01
7.244132358260173987e+01
7.071539819919726710e+01
7.344981875172192076e+01
7.652850721586527527e+01
8.031179346104408978e+01
8.033548591008667472e+01
7.963187676308483276e+01
8.256932598687916425e+01
7.904368169996642735e+01
8.015070461311503891e+01
8.096624535732074435e+01
7.639828254102825156e+01
8.164986143176162159e+01
8.556776145932381894e+01
7.939801713325691424e+01
8.673108246860891768e+01
8.147047846065811427e+01
8.495581115549872209e+01
7.997535917829641505e+01
7.937089774866643666e+01
7.645571107909310626e+01
8.490993122361435042e+01
8.533499651440118328e+01
9.289649443523974526e+01
9.479756881601267082e+01
1.079195157584254900e+02
1.086003633799121957e+02
1.166783729055386516e+02
1.161951206899071281e+02
1.172861387743809871e+02
1.150955074671581997e+02
1.082663796417826916e+02
1.004471845685018963e+02
9.631607656060339195e+01
9.446240871260501137e+01
8.875502820495323419e+01
8.565291396249368461e+01
8.055226225706122989e+01
8.513037710478390352e+01
8.620260014346180810e+01
8.276739657425949304e+01
8.887759877250410057e+01
7.856462226616032751e+01
7.405905737637192487e+01
7.939895013621320174e+01
7.275811138626100671e+01
7.246217088785481053e+01
7.736472429267180928e+01
7.888578911712092179e+01
7.299138502483859270e+01
7.216530053767237973e+01
6.966401373351627058e+01
7.734461806358712010e+01
8.222551549795193182e+01
8.258876774631917783e+01
8.556867938084414504e+01
8.345834398073102989e+01
8.149692603831046256e+01
8.679794685797924103e+01
8.249328107961434853e+01
8.483775408568695298e+01
9.175801056698078639e+01
8.757542964605617897e+01
8.935635253579887660e+01
9.091801983634546502e+01
8.743607170619817737e+01
9.014325304031679309e+01
9.264179810926532355e+01
9.476436259625759817e+01
8.832843519340224248e+01
7.907642717666604426e+01
8.780132862411535655e+01
8.962606086695186036e+01
9.010624334567900462e+01
9.867175940433025971e+01
9.756495152687000427e+01
9.672001331940876412e+01
1.032804032504067919e+02
1.063435657761941115e+02
1.044910122916249406e+02
1.126022088704553994e+02
1.027671464044648673e+02
1.040845216589245723e+02
1.041999202973654803e+02
9.946568361278536941e+01
9.778015948027056936e+01
9.383513536015601630e+01
9.206148995265718327e+01
8.654010895474760900e+01
9.090284844904687134e+01
9.288485421849476609e+01
9.109128012869943802e+01
9.042597742643037861e+01
8.220553855910078767e+01
8.165104937683189235e+01
8.411044260326129063e+01
6.730140245864930648e+01
6.715753701890149330e+01
6.412896368866456953e+01
5.803953318127168615e+01
5.031007658323589027e+01
5.228912876358231898e+01
4.542735417195459036e+01
4.670034364959825268e+01
4.934748912612555927e+01
5.247985467569456830e+01
5.561041429159512006e+01
6.037705961792146780e+01
6.971284370930470686e+01
7.082273365445557545e+01
7.805394798368209308e+01
8.248316906028180995e+01
8.109638319935501727e+01
8.225552332186292404e+01
8.817535467059821030e+01
8.409078312637001318e+01
9.073262260772361287e+01
9.135897729783006582e+01
9.026200882845957096e+01
9.480554680697002823e+01
9.797098016291228362e+01
9.916031394591297499e+01
1.004786278308629335e+02
9.632670597826356129e+01
9.753301768580932674e+01
9.232143309333400794e+01
9.496958155762109755e+01
9.447533300069378015e+01
9.388586772134074465e+01
9.291768053483059475e+01
9.389365454633889385e+01
9.190154411758285846e+01
8.126087147908222619e+01
8.550757880916252418e+01
8.667154276363910981e+01
7.889333950933561823e+01
7.243309132721796573e+01
7.014975081282153724e+01
7.143186175410866667e+01
6.840798879892409445e+01
6.054031792692327940e+01
5.426418442217888582e+01
5.528287824889889635e+01
6.397210666587459116e+01
5.900857539067242641e+01
6.546284684866148496e+01
6.675210933438198424e+01
6.933150634559181924e+01
7.538594125690568148e+01
7.915258405521781526e+01
8.185723323956224817e+01
9.323403814596599659e+01
9.562532893277116841e+01
1.006323287491248948e+02
9.489756285435015570e+01
1.020896923312463969e+02
1.001113586025643230e+02
1.028331724535701852e+02
1.036876303635889940e+02
1.061917227047601386e+02
1.104880583448111224e+02
1.048654647246085148e+02
1.159238189088028435e+02
1.158942141709864870e+02
1.171193006898814275e+02
1.228612811909743527e+02
1.161482147088789105e+02
1.094416854463610207e+02
1.170965137443442359e+02
1.119479746307937233e+02
1.106715343417836408e+02
1.123106587043128286e+02
1.134119539787214848e+02
1.182135010225839267e+02
1.198478648658174279e+02
1.109891731595091215e+02
1.180798297780776096e+02
1.210011370193355873e+02
1.296973040512665705e+02
1.193524915811861007e+02
1.130560567056400458e+02
1.157287078127357915e+02
1.146715954001212054e+02
1.108826903954225997e+02
1.172063340153110857e+02
1.177974593853171115e+02
1.170850899041286510e+02
1.215028628314820054e+02
1.222688872738864916e+02
1.180227384314958385e+02
1.235421500646645541e+02
1.247090019986490290e+02
1.244715084907084020e+02
1.229891955149336269e+02
1.194396665283041443e+02
1.296658502283434586e+02
1.270258887135824466e+02
1.283535805811533521e+02
1.220044287538482735e+02
1.190019736327788706e+02
1.237079016656849149e+02
1.238349044332887132e+02
1.258198489867592542e+02
1.236240214553274370e+02
1.251870684531951952e+02
1.187596102716768627e+02
1.262483496555418725e+02
1.228878148054463679e+02
1.137773956946452927e+02
1.095105016963827893e+02
1.093143459125316213e+02
1.102757407562437351e+02
1.146364577843425536e+02
1.111284857910593047e+02
1.190948877212185977e+02
1.140565502902655197e+02
1.226028934265787598e+02
1.267972063087366479e+02
1.221175458029653385e+02
1.230916891019422366e+02
1.227391729880814637e+02
1.225407098484244131e+02
1.195895135515496861e+02
1.081980045339424663e+02
1.121336477868286750e+02
1.114864300491783098e+02
1.133376764614338157e+02
1.139721309892529177e+02
1.139383748423811369e+02
1.175598847483758789e+02
1.266157500587190157e+02
1.222963992465177085e+02
1.216408827869277758e+02
1.151933582287686733e+02
1.148707081719722822e+02
1.087418448018965762e+02
1.072821054035224080e+02
1.138538622858336709e+02
1.101583481497801671e+02
1.213595428652471071e+02
1.136030325202206939e+02
1.127910368539702688e+02
1.132230129278997595e+02
1.151047275449301992e+02
1.110029360436880239e+02
1.135039204494844256e+02
1.173704639970621741e+02
1.150111569318274718e+02
1.261692769749629690e+02
1.248813153598520245e+02
1.275184269630664886e+02
1.185288312735519725e+02
1.190072914945640719e+02
1.156174871099981658e+02
1.241722701358665120e+02
1.210588389542020025e+02
1.150027276916566592e+02
1.078016915063954002e+02
1.147426051476953148e+02
1.129424748640451668e+02
1.087432723951022524e+02
1.118018443698346971e+02
1.187948779158644044e+02
1.191516376214529771e+02
1.245212894437448483e+02
1.168031767473077736e+02
1.163815167781404369e+02
1.269481368933442553e+02
1.227921477365706124e+02
1.210290619788778343e+02
1.252858600484565130e+02
1.246594790340660239e+02
1.154156006787681576e+02
1.176419366652846037e+02
1.200689620547994707e+02
1.112055010926256955e+02
1.069178812830008525e+02
1.142608750143211438e+02
1.086498303203476183e+02
1.108904236977130608e+02
1.056672716163781729e+02
1.019864250625391122e+02
1.027925074799556882e+02
9.860402963715421265e+01
9.488910098238612534e+01
1.029217283791052751e+02
1.004743837889584199e+02
9.642028554092598824e+01
9.909439844333451219e+01
1.105980450672631576e+02
1.079796182786568011e+02
1.087540842407756259e+02
1.101950941720992887e+02
1.088853000505615114e+02
1.065850553446416740e+02
1.178522386994134905e+02
1.154033375165534920e+02
1.145269320534157487e+02
1.131437973296277448e+02
1.198448608301095533e+02
1.216075033073630891e+02
1.146843977319496304e+02
1.228630921593631484e+02
1.109857334063749335e+02
1.143445653319201938e+02
1.171520307145816986e+02
1.197116653274702429e+02
1.179314973661049919e+02
1.183510633068977711e+02
1.215964499152998428e+02
1.196101097034217560e+02
1.209172475581241599e+02
1.143848142911948855e+02
1.134426631345515943e+02
1.159390586429427685e+02
1.123279444388177950e+02
1.113531079167647846e+02
1.042609963504774129e+02
1.122740078531916481e+02
1.142909007155060834e+02
1.138730706981701957e+02
1.166014859968306467e+02
1.170505333850311445e+02
1.206651740757315707e+02
1.190087258128544647e+02
1.284303953447835909e+02
1.217163662322383715e+02
1.156238273300409958e+02
1.190269513528307073e+02
1.143203274489532930e+02
1.144604171320258672e+02
1.200288517863447737e+02
1.160569510390954093e+02
1.173868575278514896e+02
1.178121392370314737e+02
1.232525524027162760e+02
1.150165069105859175e+02
1.123151596207634668e+02
1.141532801496459513e+02
1.109126834425522645e+02
1.129628885020111397e+02
1.118320710871465735e+02
1.105145398779337853e+02
1.101614425880976853e+02
1.155813198109615456e+02
1.167163187519366687e+02
1.197352353045240818e+02
1.221512791066885910e+02
1.166790959334475133e+02
1.222567453341495280e+02
1.206331518412958133e+02
1.185148468813393805e+02
1.217306623502071687e+02
1.236658503016208925e+02
1.147942816991507300e+02
1.155651481193200283e+02
1.139703551972917239e+02
1.172187233731725087e+02
1.111960609058026961e+02
1.104851684209357643e+02
1.032547692807077482e+02
1.096009706668592969e+02
1.108662188756499773e+02
1.101089465603933633e+02
1.114927470903563886e+02
1.081319115132485251e+02
1.167477621674995163e+02
1.086530093466595304e+02
1.172632770248762739e+02
1.118392762338789908e+02
1.134451645048885098e+02
1.190231218251112466e+02
1.198038201548066013e+02
1.200258235320304152e+02
1.219788375753944507e+02
1.158447077832395706e+02
1.181038249919860732e+02
1.189841839764375919e+02
1.180272506248111597e+02
1.181517675035659209e+02
1.208972742293953786e+02
1.160027527837612098e+02
1.214865791663042387e+02
1.134133079304885854e+02
1.160924864910566185e+02
1.180085089557338165e+02
1.071344406576653085e+02
1.115836688062072994e+02
1.122775626450065261e+02
1.178708566645967153e+02
1.211700879524896948e+02
1.178588773284803608e+02
1.178129792720765323e+02
1.166424470068381396e+02
1.124056966470105863e+02
1.221522886192300490e+02
1.228569472505504905e+02
1.255926107629412343e+02
1.200186611858250529e+02
1.275125619873164453e+02
1.196029405535595487e+02
1.197205774870489279e+02
1.232548937994983902e+02
1.194296433442717813e+02
1.209151030706303658e+02
1.242722457698026233e+02
1.234864845105812208e+02
1.324728268526109503e+02
1.322589359453010047e+02
1.294659999337567911e+02
1.237742201585615902e+02
1.205893784461396621e+02
1.168011537601983605e+02
1.152926065785002550e+02
1.017486705570788104e+02
1.047457449634174225e+02
1.048374350440045788e+02
1.116016339648043356e+02
1.178018038166201080e+02
1.199833483675183885e+02
1.243486789931434373e+02
1.224542205449240271e+02
1.253079741687013922e+02
1.213853057893018388e+02
1.204507969684687652e+02
1.160857426958793610e+02
1.249993954094199751e+02
1.288748618075560159e+02
1.233149841993667479e+02
1.243385487782151131e+02
1.240724245882534689e+02
1.309378473992470049e+02
1.267692769100088697e+02
1.261218665572212103e+02
1.314660949757413846e+02
1.284100141472790710e+02
1.252463926249237289e+02
1.249525264711529360e+02
1.239298952140824781e+02
1.279108243019715303e+02
1.189979753081301652e+02
1.231965136168646353e+02
1.246691452212788676e+02
1.299229035675947159e+02
1.230930634542876732e+02
1.195638736601944174e+02
1.229868961415323980e+02
1.167687509104779906e+02
1.221665029956776749e+02
1.238940637374133047e+02
1.256582766225547232e+02
1.184092131737707660e+02
1.265002064343832302e+02
1.289696409462642919e+02
1.273705259073792746e+02
1.377506868568522691e+02
1.294965809497087719e+02
1.262703248091003019e+02
1.208079202603375819e+02
1.120976535563001164e+02
1.111558450783255694e+02
1.118936839359931383e+02
1.130393505557153588e+02
1.055651935456437087e+02
1.128344966383280479e+02
1.151134748459833332e+02
1.221967111390963225e+02
1.199487446592963380e+02
1.226792229463913486e+02
1.319719359974841666e+02
1.368137480469724494e+02
1.228203647187102519e+02
1.299153958813905376e+02
1.231431177593131281e+02
1.154793580885875031e+02
1.164695119595602364e+02
1.220335353116238082e+02
1.202563135194503730e+02
1.079385969061487032e+02
1.146349563478008662e+02
1.101680887639530937e+02
1.133650540516633640e+02
1.132391627754008567e+02
1.122710546696224299e+02
1.187002429209948815e+02
1.188668323761886398e+02
1.122774275949000753e+02
1.060579374960239392e+02
1.052562522767330222e+02
9.748599927219788697e+01
9.482509655906363832e+01
9.923349577751180561e+01
9.390440641635849772e+01
9.246525463104431708e+01
9.775243127913870467e+01
1.000031505141009660e+02
9.598921491126770889e+01
9.649317608938579838e+01
8.926007237395069183e+01
1.010300264534416641e+02
9.774076557784559327e+01
1.062522474197567988e+02
1.160120704622615619e+02
1.190380596980969585e+02
1.255739404637815397e+02
1.281357188061399768e+02
1.277002343550434631e+02
1.356666624937396648e+02
1.351062484472143979e+02
1.379071120888570761e+02
1.351187344954736886e+02
1.379786192781037641e+02
1.280391156793089635e+02
1.243230564488241612e+02
1.197088901955635691e+02
1.134553160568845414e+02
1.140790116510043646e+02
1.216524745210924436e+02
1.237782402192447506e+02
1.260919867435829218e+02
1.339591323413205259e+02
1.335829375513610842e+02
1.347772361626488475e+02
1.365496723808007573e+02
1.322083610556666997e+02
1.329150089942959596e+02
1.292689734096614131e+02
1.242288610816749355e+02
1.240735859864831951e+02
1.277743643167073770e+02
1.203453711888923721e+02
1.204400709310178144e+02
1.194638408670645333e+02
1.270391372001364374e+02
1.205439505112551331e+02
1.234461077737368413e+02
1.239996320487814501e+02
1.215118734099915940e+02
1.360143263759252648e+02
1.342590934492295389e+02
1.304642421948522326e+02
1.270593901475631640e+02
1.179758634713563481e+02
1.278482014153060788e+02
1.246148983626329283e+02
1.360479622245203473e+02
1.312124778178810800e+02
1.396213086437033439e+02
1.426986455100978048e+02
1.486413191898083141e+02
1.401970246575640147e+02
1.406407180072519054e+02
1.411322935949164616e+02
1.512106359347275770e+02
1.454486233352941156e+02
1.467442668944443938e+02
1.445829993393015513e+02
1.401494779221323199e+02
1.424289085932516343e+02
1.390493755069531687e+02
1.372613331986680976e+02
1.349158869022792828e+02
1.314318730269118589e+02
1.318823184008368230e+02
1.274491622758738316e+02
1.249473782220528761e+02
1.339880495340277662e+02
1.331093747632001794e+02
1.346435956015409374e+02
1.320998594784030331e+02
1.270423138903424274e+02
1.223654032868204951e+02
1.241399725533107983e+02
1.141031315922964637e+02
1.077817854440902750e+02
1.167520258224874539e+02
1.164290542529626293e+02
1.244302987821128568e+02
1.216855526461190493e+02
1.241492116688919225e+02
1.265803364684362720e+02
1.295086824367344320e+02
1.309125355217710762e+02
1.323553075056391037e+02
1.286211045452350561e+02
1.342193215222852132e+02
1.306738194223385392e+02
1.345094059579906798e+02
1.316094780311468639e+02
1.305131538365012318e+02
1.270355984859069736e+02
1.329506263900696013e+02
1.263718809599006647e+02
1.235376548424269885e+02
1.271107389246152621e+02
1.227583627343430805e+02
1.255239875513532581e+02
1.279925884794311060e+02
1.282186563120312144e+02
1.327696753417842501e+02
1.328625736100525216e+02
1.351529899714826684e+02
1.391289146998653337e+02
1.419496396682205273e+02
1.336165480294434929e+02
1.339503456080876163e+02
1.266837167398104782e+02
1.400229239074006955e+02
1.328812322907193959e+02
1.384782743979681641e+02
1.422218579929629527e+02
1.419641615005468225e+02
1.377320511983217557e+02
1.365054050730969095e+02
1.405990349393852341e+02
1.445114506244153176e+02
1.400048181094981317e+02
1.377324137775579231e+02
1.388697138551325452e+02
1.415729743710677440e+02
1.401383342403339327e+02
1.365633930656334769e+02
1.374368092597578368e+02
1.308259441673771164e+02
1.318297169851650494e+02
1.364202387406667469e+02
1.352300574186974131e+02
1.310216360217712861e+02
1.411191776684129593e+02
1.453766686473706216e+02
1.393160040320842370e+02
1.345684019351777465e+02
1.340694319459573478e+02
1.467314104405975854e+02
1.391349732977484166e+02
1.473380610538268343e+02
1.565354029150132646e+02
1.438198258832955219e+02
1.521271615780687227e+02
1.439383917768509207e+02
1.423155403539173278e+02
1.370743099051830711e+02
1.322032472852664284e+02
1.295133881726524407e+02
1.272343076432333220e+02
1.235243362111025931e+02
1.358931378593601380e+02
1.350245218888107672e+02
1.383771183136561262e+02
1.287361152032369489e+02
1.299733138162464172e+02
1.351789585802298461e+02
1.359512179529285731e+02
1.283574706844322009e+02
1.346164839530970312e+02
1.393856588981728919e+02
1.395215077823123409e+02
1.375880026194818129e+02
1.456237372951813143e+02
1.427301802992462569e+02
1.520196991360519974e+02
1.407390211287527677e+02
1.523689915025545361e+02
1.539795625795459557e+02
1.505924894656557740e+02
1.526731267731730952e+02
1.514968914518395593e+02
1.461196848383623035e+02
1.437958532233489848e+02
1.415307453213334554e+02
1.399666868996555422e+02
1.363872459186441404e+02
1.451123763693489934e+02
1.581330532039365835e+02
1.483448610495272533e+02
1.462267430991421122e+02
1.481363624180033298e+02
1.418903342162966510e+02
1.507945069822499704e+02
1.453271309848759358e+02
1.442597965486579028e+02
1.459132874849923951e+02
1.405971061612334552e+02
1.461687197468815782e+02
1.419671318177360035e+02
1.459697311242142916e+02
1.425300214844595814e+02
1.534904774394371998e+02
1.545336870553282154e+02
1.554423011178654122e+02
1.626055896665056650e+02
1.602705773827444489e+02
1.621818176631378208e+02
1.643468642672361852e+02
1.554404992941835530e+02
1.624614537029543158e+02
1.660167727394499479e+02
1.652972467207225691e+02
1.613771592528206327e+02
1.577481187415608019e+02
1.554435834653071424e+02
1.492652142587840558e+02
1.581062282002005759e+02
1.546379806735726561e+02
1.479064766992530906e+02
1.529063989630472520e+02
1.568435194430128377e+02
1.594009158432259312e+02
1.488487868564071732e+02
1.449703658937995669e+02
1.447645603044663574e+02
1.408537326482934873e+02
1.458433890486080315e+02
1.422845972931726521e+02
1.357980269613978805e+02
1.361194942363165410e+02
1.321866394566575593e+02
1.406821806118486222e+02
1.388613430806693430e+02
1.412426196476329210e+02
1.396534407979787034e+02
1.407360725666503072e+02
1.416072821265158836e+02
1.481699662681664620e+02
1.433114400809649283e+02
1.531508147285431392e+02
1.472334422899394042e+02
1.527560900216379309e+02
1.472176987369498704e+02
1.528842574744313652e+02
1.486533334185213846e+02
1.424461180219034304e+02
1.405797274795019405e+02
1.510658217628173361e+02
1.432987824801339229e+02
1.408231009196811954e+02
1.427461589969973375e+02
1.423363017771996510e+02
1.397927126171375107e+02
1.496245895116160796e+02
1.546862014515901649e+02
1.450683517241166953e+02
1.547486867432763802e+02
1.496998099106058646e+02
1.577337547608856596e+02
1.476572948348374155e+02
1.606772851061684833e+02
1.548887088871370850e+02
1.572129298485066045e+02
1.578091568970820333e+02
1.625540358713020055e+02
1.538970916029231830e+02
1.545928515711850650e+02
1.554790212091392334e+02
1.536872464778893175e+02
1.603625865396241750e+02
1.528734152533648967e+02
1.549307584110126470e+02
1.493269872172801058e+02
1.527369235886038723e+02
1.558025349491271641e+02
1.534340383814088682e+02
1.524153276538247894e+02
1.502328545797067818e+02
1.499439990458759837e+02
1.506192616685901839e+02
1.515310680636225698e+02
1.470536338491463368e+02
1.524756468193566263e+02
1.549267847353712568e+02
1.524132441431760583e+02
1.554690967211154202e+02
1.608625097421257237e+02
1.524127423567232427e+02
1.499886235892251136e+02
1.438784868947404334e+02
1.485072293700306432e+02
1.501684304986411291e+02
1.452509458153663786e+02
1.463935712258058288e+02
1.473195747849435691e+02
1.500559428937591520e+02
1.550485989489739325e+02
1.483503225980066986e+02
1.440357221112010109e+02
1.522583070175882369e+02
1.469906823290236844e+02
1.534652466123343402e+02
1.508390091014559573e+02
1.584205525769792189e+02
1.651082281384561270e+02
1.615997995013449327e+02
1.618838954479223275e+02
1.588035121404650454e+02
1.618843859066562914e+02
1.591897300058825238e+02
1.636853980505110542e+02
1.591445174887004157e+02
1.687184249847624073e+02
1.612514972431010563e+02
1.656512739706688251e+02
1.582598882206153803e+02
1.576342744015680637e+02
1.672977533612366869e+02
1.628147335979888908e+02
1.687162767771084759e+02
1.646581057139951270e+02
1.574897948186476526e+02
1.589788199769479604e+02
1.684265507952431449e+02
1.629689062306536869e+02
1.550727152273748004e+02
1.663262939730214782e+02
1.647860694734941944e+02
1.626143011372445244e+02
1.575611557042106483e+02
1.508906814413869881e+02
1.545463220329679075e+02
1.507384323042128358e+02
1.432099506056566440e+02
1.541566698645374913e+02
1.570780714118662047e+02
1.489080809468508164e+02
1.493620568140840135e+02
1.452934283840792773e+02
1.478127506272300309e+02
1.471301088624749980e+02
1.473826744766343779e+02
1.409732152833159660e+02
1.462467098091988191e+02
1.489905348739024191e+02
1.500510110072610246e+02
1.490396038422093454e+02
1.608137009231325578e+02
1.552708508186065899e+02
1.460665980257434455e+02
1.614066650557834350e+02
1.572287864020123322e+02
1.561636052711920684e+02
1.566605378176123509e+02
1.585844861498236469e+02
1.625156110246603873e+02
1.475415747328986811e+02
1.442464659833539713e+02
1.412773770483950955e+02
1.399055039344082729e+02
1.408456462563649154e+02
1.451282033771760780e+02
1.408381183386851774e+02
1.491417587118406516e+02
1.520761182497610662e+02
1.466623668271853660e+02
1.496220843065374879e+02
1.515091692636983112e+02
1.449277448598767535e+02
1.491795290388499495e+02
1.530286109341111569e+02
1.510430825301909010e+02
1.487953402080497085e+02
1.549562097598843025e+02
1.500472886924522982e+02
1.515850808843081836e+02
1.534433995355272202e+02
1.526643682214026398e+02
1.505291322268531076e+02
1.587555640136539807e+02
1.607987253623962545e+02
1.582176454812818918e+02
1.469313113774119586e+02
1.543028752464772140e+02
1.533438954808702874e+02
1.448391653094604123e+02
1.557036463123432952e+02
1.481165177503137329e+02
1.532929641227067066e+02
1.477257780429269758e+02
1.460088175473124181e+02
1.405916516613296494e+02
1.444528667941517313e+02
1.452181738789850556e+02
1.437066980136107759e+02
1.444462152275623907e+02
1.444151910850640945e+02
1.422547033856468204e+02
1.478864364626951158e+02
1.476987003492276074e+02
1.500338540003773176e+02
1.536953533043444509e+02
1.498404480899060331e+02
1.570041052390724303e+02
1.607391859136804442e+02
1.572808106226534051e+02
1.622270326035371681e+02
1.541889666289428931e+02
1.675321799954538164e+02
1.698534289233633672e+02
1.667799119685286939e+02
1.605289558454929022e+02
1.627200806839763345e+02
1.596315585464669198e+02
1.575101088890958749e+02
1.561055550652428110e+02
1.531906372438352832e+02
1.570650044171688364e+02
1.445475684750322216e+02
1.496535930164053809e+02
1.535107672259418052e+02
1.530237966037448132e+02
1.492367496770337709e+02
1.538264746082178362e+02
1.591164639708087520e+02
1.532941557604380307e+02
1.606026222081090964e+02
1.633549382928651710e+02
1.628185908107695923e+02
1.601333131643021375e+02
1.633170556965250739e+02
1.645083188772774463e+02
1.625021280542452757e+02
1.637651395386996285e+02
1.640175406835835190e+02
1.697531439578370396e+02
1.676263541419408227e+02
1.678387801174731067e+02
1.586375525249879104e+02
1.580086771680313120e+02
1.555115956815030245e+02
1.479467835516857122e+02
1.573051503036693077e+02
1.587301687017390748e+02
1.576293156077103106e+02
1.506862610990810936e+02
1.527163822309615853e+02
1.504771899086111659e+02
1.506682431236919228e+02
1.467810370279923120e+02
1.452917862033755796e+02
1.542481420408329882e+02
1.506705759350171263e+02
1.542068635964416217e+02
1.520980814454854340e+02
1.620741160195459543e+02
1.620502860037947528e+02
1.599930027178277498e+02
1.588733328312884794e+02
1.560115999647079263e+02
1.631025568225422830e+02
1.634280256069988013e+02
1.692002973249719275e+02
1.622804834535810983e+02
1.614205346170104747e+02
1.554120241513449798e+02
1.623235862825453353e+02
1.603068112654910919e+02
1.565933034638213144e+02
1.525339343601747828e+02
1.609815520417344317e+02
1.623718506317070478e+02
1.587633193190704048e+02
1.659517601397820386e+02
1.593336068859905197e+02
1.596011475255491234e+02
1.651102181687515724e+02
1.690681572867878515e+02
1.655262257072959358e+02
1.703745594676839517e+02
1.586696148695380657e+02
1.683330095684287073e+02
1.658955940956327026e+02
1.596224194926936661e+02
1.569276424728029440e+02
1.686458826915173574e+02
1.568309486469530043e+02
1.647065558895805566e+02
1.588426866799312620e+02
1.500670263830440661e+02
1.666328407353772718e+02
1.648698539921551856e+02
1.660408962624231037e+02
1.607895479535231118e+02
1.670598492834449189e+02
1.658677484320492113e+02
1.694091149625286619e+02
1.661089948117787571e+02
1.633910927907179484e+02
1.665987324987741829e+02
1.638356572849248209e+02
1.701561635045110279e+02
1.621800743290814353e+02
1.638439660600804757e+02
1.644197698607222833e+02
1.573516442025125741e+02
1.682046243108338217e+02
1.679936799095302433e+02
1.657544241298050736e+02
1.681096384546461877e+02
1.685941232443614126e+02
1.633197297775473089e+02
1.640085856791537253e+02
1.662239578508080911e+02
1.606360707349976167e+02
1.669802615393732879e+02
1.701289843327504627e+02
1.646511570157265965e+02
1.646070488908084428e+02
1.709328133060977564e+02
1.602536702642936177e+02
1.647514062078460597e+02
1.647232680859746097e+02
1.610339205144146035e+02
1.628993778572332189e+02
1.655185827632314499e+02
1.671619466757927057e+02
1.663840390655406622e+02
1.599653985867232109e+02
1.648159018732261814e+02
1.524210238234490191e+02
1.608314495291202491e+02
1.608460986634503342e+02
1.561341399176190237e+02
1.697413175614011323e+02
1.659487847059106400e+02
1.675965101303203824e+02
1.640052058518841420e+02
1.627045267177937546e+02
1.623771545752766201e+02
1.626009983735999640e+02
1.503703135645451141e+02
1.484099857517594785e+02
1.489800519043609199e+02
1.471128961982861370e+02
1.500369254850904213e+02
1.469428585908328273e+02
1.464242537958987498e+02
1.511807316480060024e+02
1.508962273233620408e+02
1.514363587304510759e+02
1.557319028148722282e+02
1.629130907004866060e+02
1.693209955797380530e+02
1.609350914218143487e+02
1.576710035312225102e+02
1.590787430472874462e+02
1.502101350728850662e+02
1.508180250782624796e+02
1.546848653546109631e+02
1.497539994394941516e+02
1.538341363203730907e+02
1.553198219886718903e+02
1.518558119251994469e+02
1.584006189625934269e+02
1.622235110235428124e+02
1.681339720036763481e+02
1.652640875488640688e+02
1.708321258699846226e+02
1.731894740300963633e+02
1.659674904343505943e+02
1.663467187826436486e+02
1.662901139753755899e+02
1.664882376089431375e+02
1.640878467282258271e+02
1.643284503002443273e+02
1.641604641877890174e+02
1.592561403002027873e+02
1.668704077259374401e+02
1.639099730732810372e+02
1.613698933084782539e+02
1.598142928561028953e+02
1.601846141554722749e+02
1.637569900883918024e+02
1.590108985737555543e+02
1.580061011151061336e+02
1.551695208896365159e+02
1.539571016519558668e+02
1.428462108427131341e+02
1.555722524853450182e+02
1.474690054851757566e+02
1.485229993560186585e+02
1.599054616193845391e+02
1.563714834918232839e+02
1.599769322289770344e+02
1.632762027756675991e+02
1.683628759673133004e+02
1.711509283617392327e+02
1.641383104713931687e+02
1.635818660177103823e+02
1.579448752267018961e+02
1.647206457476819423e+02
1.627669313655596852e+02
1.562938648171154057e+02
1.544310532035095491e+02
1.526088408424186866e+02
1.552196927756566254e+02
1.641824335993173634e+02
1.673480517136207197e+02
1.667407687911426422e+02
1.757307728030638430e+02
1.804476622069178688e+02
1.708340430537208192e+02
1.812900793700874544e+02
1.822339473322436447e+02
1.838547245016719671e+02
1.837768987256523303e+02
1.878749215575869584e+02
1.819067943881307485e+02
1.962143843524972340e+02
2.011262708494610081e+02
2.035051151560708718e+02
2.061013354457059563e+02
1.981977381852707936e+02
1.946118123025813986e+02
1.855702333156752672e+02
1.827096684124006742e+02
1.845642004667478773e+02
1.803578622950967087e+02
1.621639767615023118e+02
1.594963265684481541e+02
1.596592914133411512e+02
1.662768258232082701e+02
1.591486164084383859e+02
1.600186937310140536e+02
1.691127393868471813e+02
1.674415735520447583e+02
1.679120271163534426e+02
1.727725315490505409e+02
1.675638808083004392e+02
1.613883503860233475e+02
1.562820147874255952e+02
1.497366164978478196e+02
1.508698874718144225e+02
1.462742482800341293e+02
1.529202597043511958e+02
1.519287029520413341e+02
1.604074614969669312e+02
1.577973231471252689e+02
1.579011292172756384e+02
1.618618329388277175e+02
1.743491343405580949e+02
1.721929462394736845e+02
1.795305636001994003e+02
1.833075121278086499e+02
1.803138275255977305e+02
1.828022713501748626e+02
1.976580753784027991e+02
2.062238072218960951e+02
2.077268833018974306e+02
2.278353757438593732e+02
2.424595434900659825e+02
2.584958683346811199e+02
2.802734176447998493e+02
2.844544419040522030e+02
2.552033253195040743e+02
2.489456967668335494e+02
2.384295896641463059e+02
2.149644548816898748e+02
2.044285813633372584e+02
1.825403413798730696e+02
1.673321135801451760e+02
1.559860090932794776e+02
1.561417669659417982e+02
1.490639577745890563e+02
1.424493946943156573e+02
1.460125894543951119e+02
1.472290685995946831e+02
1.501959524677172055e+02
1.509601620451233259e+02
1.481631321909756025e+02
1.545809659228652038e+02
1.476726654654461868e+02
1.479244899502237445e+02
1.569957934404351931e+02
1.550894044286867199e+02
1.629974356013838985e+02
1.552683103796654223e+02
1.581968152083513530e+02
1.565428088493921450e+02
1.538295878687627294e+02
1.516829019449261295e+02
1.443495609230976697e+02
1.517592901366095930e+02
1.475032336955549113e+02
1.480737285517769237e+02
1.465297073576980438e+02
1.531876217409364926e+02
1.441493803164500491e+02
1.559417170204446847e+02
1.579033737879771309e+02
1.602379843526503009e+02
1.496339396291608637e+02
1.508605856409909052e+02
1.532133728051407502e+02
1.537812289702867474e+02
1.541430915502490961e+02
1.604877700425284388e+02
1.589850214819006737e+02
1.592201082506622356e+02
1.628617006712658792e+02
1.613248766304929518e+02
1.643697274455168440e+02
1.610379189090206182e+02
1.635901952815156903e+02
1.593873772032921181e+02
1.551048499737408690e+02
1.467193013796322134e+02
1.573151199334217267e+02
1.515975798095668665e+02
1.543663058759006788e+02
1.579594773033874731e+02
1.487553164066430611e+02
1.448973318200285973e+02
1.526059346592256816e+02
1.601641826940121689e+02
1.503604221625608091e+02
1.433211738022615691e+02
1.407549190673649946e+02
1.433015624515284117e+02
1.522551858341589650e+02
1.554273556683226047e+02
1.465835585465609370e+02
1.524111458799486911e+02
1.586270111558283133e+02
1.594983881026099084e+02
1.604923013585239175e+02
1.634720685894813528e+02
1.637427863336332052e+02
1.585047772440024403e+02
1.611323957474074007e+02
1.568032704893245182e+02
1.543453274916761586e+02
1.510034166680569570e+02
1.545504951851903002e+02
1.485406080382791743e+02
1.529108931902670747e+02
1.505662734081997769e+02
1.516161176163473101e+02
1.514652385142230457e+02
1.486129417840634801e+02
1.539320450955080730e+02
1.485291157836633147e+02
1.506712053647490848e+02
1.572167614531545325e+02
1.576387316663217462e+02
1.567017052143471574e+02
1.581387187201491145e+02
1.598505614452509462e+02
1.677760417470466336e+02
1.581605254124237661e+02
1.660493769958175676e+02
1.634307968200160133e+02
1.552076127937013439e+02
1.540751385120640577e+02
1.448423250655363290e+02
1.463661806104730942e+02
1.514526768731251423e+02
1.461495838570839965e+02
1.500741296600959345e+02
1.485990209077029647e+02
1.516707317403306376e+02
1.547233452825877009e+02
1.542726376661327095e+02
1.572304016622561846e+02
1.584145937891852611e+02
1.532693444650809056e+02
1.534771378963934012e+02
1.504556277621071558e+02
1.518867476313843099e+02
1.521796475435381524e+02
1.474547924316109970e+02
1.641082523168684304e+02
1.469557453754891014e+02
1.492669025606012099e+02
1.544103880993936286e+02
1.465214277385336459e+02
1.474323821705201567e+02
1.522233815465340001e+02
1.503089051359579287e+02
1.524201523809951766e+02
1.542943564551084705e+02
1.527112552547858684e+02
1.553107967705541341e+02
1.638700625568976079e+02
1.618127078770895082e+02
1.624319695218054562e+02
1.527463269417106346e+02
1.461274037264171284e+02
1.374819572362958979e+02
1.425304156095033363e+02
1.336811256037359215e+02
1.266688397963543196e+02
1.271901287393594089e+02
1.275221135148020863e+02
1.262499480959979934e+02
1.321336573432697321e+02
1.348630967001656416e+02
1.334464387705011177e+02
1.402249466558311326e+02
1.443646727425969232e+02
1.455468085033346313e+02
1.440768341783526978e+02
1.425825281933659596e+02
1.394840271720177896e+02
1.411671553528713616e+02
1.354504818862161244e+02
1.362068748548524866e+02
1.395365618702025188e+02
1.390729348184382559e+02
1.466575371814392668e+02
1.467156982153189801e+02
1.548779893609670069e+02
1.505622091683982546e+02
1.506867967336532388e+02
1.660001688660666446e+02
1.617982908141795519e+02
1.699856845478836931e+02
1.664775600803051532e+02
1.709961780845136730e+02
1.674962677095194863e+02
1.621193514569511933e+02
1.600661805772212460e+02
1.588929751996694222e+02
1.446083117318414963e+02
1.408793973071937273e+02
1.458051604488787234e+02
1.524122391193569115e+02
1.504590044187511637e+02
1.486504035858527288e+02
1.540646843815295313e+02
1.540968244952824193e+02
1.547088242576458299e+02
1.632894172580382417e+02
1.615644121966514319e+02
1.602119865183351806e+02
1.655225991176514242e+02
1.652321377229911263e+02
1.631427506232345195e+02
1.537310341503868187e+02
1.546203697542989914e+02
1.537230548079058678e+02
1.421224705003565418e+02
1.488748280592193680e+02
1.569118223068086309e+02
1.577702701065507256e+02
1.610647835980720686e+02
1.596078335124595640e+02
1.655045830316150841e+02
1.623164029012631886e+02
1.593961410173997422e+02
1.565348859775605206e+02
1.654320002850926130e+02
1.637609827157627365e+02
1.632868049812231561e+02
1.757778807213495895e+02
1.661631920841129499e+02
1.625590012505421953e+02
1.740197919531989896e+02
1.590071626091189216e+02
1.602764859961353920e+02
1.556663377856079080e+02
1.581199597881672219e+02
1.582540967638475422e+02
1.641876625374844423e+02
1.637313820160744626e+02
1.658264622497480900e+02
1.567706707713029743e+02
1.648687528225854351e+02
1.686436328931786761e+02
1.606669905182486673e+02
1.503485741244711278e+02
1.476711636624146706e+02
1.446378817231463358e+02
1.405117174049579205e+02
1.448082536721268809e+02
1.457663685989431599e+02
1.458828393990118570e+02
1.488413639475671175e+02
1.503739892291011415e+02
1.512782193876416841e+02
1.535860009645031710e+02
1.605441576616648263e+02
1.623781055870301486e+02
1.580294938352282088e+02
1.663852132439603224e+02
1.643203433324932234e+02
1.617550944552488659e+02
1.624074367826447087e+02
1.665762607021715098e+02
1.794764586960243662e+02
1.634149784260669378e+02
1.729235060976869249e+02
1.691713092694574527e+02
1.694683838523320674e+02
1.770182550593715121e+02
1.764032515525261715e+02
1.707181638649074387e+02
1.717926133788122627e+02
1.624772986267285546e+02
1.586670896554382466e+02
1.684109611625721072e+02
1.636624307968260439e+02
1.673988472437762596e+02
1.672094731159812966e+02
1.694500954065950964e+02
1.691153307251448155e+02
1.746372384504953743e+02
1.855167731683537511e+02
1.747640842042078759e+02
1.803619642052047993e+02
1.752715171709828894e+02
1.758747373538297154e+02
1.770775582525615732e+02
1.754099525131097153e+02
1.718042197634742365e+02
1.702936224476176221e+02
1.647538194159536999e+02
1.760836365604963873e+02
1.667525701943409047e+02
1.734351310535458879e+02
1.710191481992756053e+02
1.624202976671506917e+02
1.640645540885545302e+02
1.575980004062161299e+02
1.612103218461546703e+02
1.590205045085016309e+02
1.590252904016678599e+02
1.606949826230961094e+02
1.697925542110400556e+02
1.645514924612313052e+02
1.693259647677876387e+02
1.742583562302486655e+02
1.746947446049784105e+02
1.655633189524277213e+02
1.705769948411559369e+02
1.663653694063127375e+02
1.687296402510849589e+02
1.708783648666105819e+02
1.706882675380797139e+02
1.722748807758774774e+02
1.760083858630151212e+02
1.763287662645983573e+02
1.721791164379625911e+02
1.770182432053349260e+02
1.729851554723997822e+02
1.801260690164889979e+02
1.803755650180439716e+02
1.817957986262812824e+02
1.844085369657029787e+02
1.879514859096204020e+02
1.741508829144370907e+02
1.743364460033742489e+02
1.800538294801825430e+02
1.708525645350606794e+02
1.757860938303585385e+02
1.616240087103074075e+02
1.678354071303934631e+02
1.692394831943955467e+02
1.646870341361980934e+02
1.671865554236923685e+02
1.665662419344284899e+02
1.685301127272565509e+02
1.690169284727636523e+02
1.785538788818479361e+02
1.710891765971029486e+02
1.715053307287202244e+02
1.820164428443151223e+02
1.708877258369494427e+02
1.839751600168341099e+02
1.745643046628017316e+02
1.793463833149212121e+02
1.780238548713090552e+02
1.757251430917365269e+02
1.719448398323512492e+02
1.743370104594420980e+02
1.634610452030422607e+02
1.660297541484080739e+02
1.630256568636054340e+02
1.632915602500559942e+02
1.633867976986555846e+02
1.549356908326498683e+02
1.663670265254301626e+02
1.619131131813633999e+02
1.635398485107944282e+02
1.639791734508293928e+02
1.638246394829296833e+02
1.569852904870881503e+02
1.568265003853692292e+02
1.622151970858931236e+02
1.568887156015456412e+02
1.628259023518363051e+02
1.638582545358426898e+02
1.678363833112987891e+02
1.691683059511346414e+02
1.708359532173760726e+02
1.726812044695348050e+02
1.735907314721497698e+02
1.768200425702569305e+02
1.758079157894613616e+02
1.762521798947935281e+02
1.750464951945975258e+02
1.739534001814936630e+02
1.759851564473407279e+02
1.650062293054350846e+02
1.720655549686984500e+02
1.631038902074574821e+02
1.763255197019777825e+02
1.658619961712356030e+02
1.632505395856634607e+02
1.681999002492364355e+02
1.656458132650555513e+02
1.755450323844274862e+02
1.787257745749070068e+02
1.665227472928274040e+02
1.790308628330992633e+02
1.796500192244421896e+02
1.732840965994490432e+02
1.733937603043003719e+02
1.754765317148657857e+02
1.696428945642913106e+02
1.682636728060795122e+02
1.673060597398723530e+02
1.667974296121449527e+02
1.673538634166111763e+02
1.720082404455349945e+02
1.715953346136018922e+02
1.756008097536646062e+02
1.695781477293607509e+02
1.655252893188190910e+02
1.753534234150390034e+02
1.749672288934221456e+02
1.769748867057089114e+02
1.741843571624810068e+02
1.735199209241515348e+02
1.747508134118330929e+02
1.739200113259518901e+02
1.729320267251676739e+02
1.727289331369971990e+02
1.719744041004916824e+02
1.690192254538563930e+02
1.736725018982586732e+02
1.721372994258659048e+02
1.695199697697960914e+02
1.669876814865904464e+02
1.701874186995320315e+02
1.635529475093102860e+02
1.663055324786301696e+02
1.670857648505557620e+02
1.665391629867124550e+02
1.688625420976186433e+02
1.715228296990781587e+02
1.712041598745157387e+02
1.717254818951788309e+02
1.683733170906921828e+02
1.711355783290416070e+02
1.753953255035894756e+02
1.780836899158463495e+02
1.710790304643737727e+02
1.761257143862158898e+02
1.814778998466500468e+02
1.697571958431124983e+02
1.720477143837099163e+02
1.729426498079938312e+02
1.743689999703599653e+02
1.615915762064078933e+02
1.669439778986341025e+02
1.741892161120007643e+02
1.680888437198757117e+02
1.731613946325298343e+02
1.669098776306257434e+02
1.748912181015866167e+02
1.701907039274934164e+02
1.725390525853217980e+02
1.722151910519184526e+02
1.719532870543244485e+02
1.700872705603336783e+02
1.741880466567007772e+02
1.742056163571919285e+02
1.727950550892284696e+02
1.719852858302799916e+02
1.812274082603426564e+02
1.751448382132358006e+02
1.734716179886534064e+02
1.724516176169453274e+02
1.722371478667580220e+02
1.693916396223425238e+02
1.720899333135434688e+02
1.748916030174744662e+02
1.718721082634802144e+02
1.695565508961602177e+02
1.747450071634931703e+02
1.755167013399214682e+02
1.703833796650934005e+02
1.700948388879762661e+02
1.724671097393454318e+02
1.704983876473941109e+02
1.809683878336869896e+02
1.761385821549804689e+02
1.692386117604532956e+02
1.823648370918368187e+02
1.800432907665587834e+02
1.781475107820193955e+02
1.784830748261667566e+02
1.820479790108786915e+02
1.799750927571860757e+02
1.767363292202354046e+02
1.812061688708571410e+02
1.758565289703979602e+02
1.783273102991389294e+02
1.712381619013816305e+02
1.768837313541632454e+02
1.780820033975206513e+02
1.704861043213393828e+02
1.697310043761698353e+02
1.665009260483359412e+02
1.750661208883083475e+02
1.703777427223879783e+02
1.737228746174064611e+02
1.686920657704274049e+02
1.800860718602082784e+02
1.683085657753355804e+02
1.715839955092793332e+02
1.714402943525417129e+02
1.706284492338442647e+02
1.749574625582397971e+02
1.744237946160729962e+02
1.726922981915793684e+02
1.651494467732458986e+02
1.710827405671375061e+02
1.645090916248491908e+02
1.619288265420086077e+02
1.657424687006265458e+02
1.647998355096378873e+02
1.619027045937772016e+02
1.627785290165622314e+02
1.660038703143953001e+02
1.673524771381775054e+02
1.668759807258740580e+02
1.690987232209365061e+02
1.624336837048573727e+02
1.658599424236309687e+02
1.696455092954414283e+02
1.649410622535410198e+02
1.755662242270165052e+02
1.757235503094701983e+02
1.812299604190990863e+02
1.873590097204009624e+02
1.809431486619876637e+02
1.807479350720356024e+02
1.749459072645977358e+02
1.714222020978080820e+02
1.683254870482687977e+02
1.677526390317774485e+02
1.683988661470320096e+02
1.766753199105862961e+02
1.689118166213688710e+02
1.602453965663648887e+02
1.655526107585551188e+02
1.707537283568157420e+02
1.739968349672529655e+02
1.727191673205905715e+02
1.731171828049227770e+02
1.681412859043035155e+02
1.756279855371656993e+02
1.810493555211550643e+02
1.753355965251618045e+02
1.697476485424064094e+02
1.723038055734318448e+02
1.776427282613620946e+02
1.688091029754240537e+02
1.712192138162660058e+02
1.729889786722489191e+02
1.766623660447971247e+02
1.678018221568254944e+02
1.649832260863656472e+02
1.716870039517297073e+02
1.789321974135397966e+02
1.743979252205397756e+02
1.772410028156446060e+02
1.758755868084984400e+02
1.811406776189868140e+02
1.712912323363805456e+02
1.773704062524491292e+02
1.667530307068314244e+02
1.616267175011918198e+02
1.626821820112816113e+02
1.633256183918821876e+02
1.588114644145934164e+02
1.701732396952567115e+02
1.671883377610075456e+02
1.671082939975096053e+02
1.793128359889084606e+02
1.744086027213968464e+02
1.718119610685296550e+02
1.707793099005202464e+02
1.775506013491195745e+02
1.842619104230427922e+02
1.837668038591612856e+02
1.729589646070557762e+02
1.764358403410270455e+02
1.783654540858294695e+02
1.752228947821031113e+02
1.798399145153574636e+02
1.758066211813699908e+02
1.809714227202264283e+02
1.664150603796516918e+02
1.641102054959434327e+02
1.718077463253889903e+02
1.761977972498777376e+02
1.761266065039875173e+02
1.765898536826025520e+02
1.723507381337959998e+02
1.726057107836181785e+02
1.822093638904397039e+02
1.751604473386127268e+02
1.745644284719361110e+02
1.798825071684994441e+02
1.720086779288488401e+02
1.676691356088127520e+02
1.650440726360143344e+02
1.668659891036674310e+02
1.683327000438282823e+02
1.643255285738735836e+02
1.563621352566240432e+02
1.573408662934188271e+02
1.652940156455637464e+02
1.697374653185957811e+02
1.733878186349829775e+02
1.778638476493532607e+02
1.731540843569218850e+02
1.796746564029572255e+02
1.823915270469253471e+02
1.826100862117794463e+02
1.848765717052811794e+02
1.816308567872624451e+02
1.818680828660014868e+02
1.855734169086746022e+02
1.808885801162101643e+02
1.806073219638956857e+02
1.818198915836132130e+02
1.839707344183537430e+02
1.828124068107794642e+02
1.760710184992758514e+02
1.766655906014255777e+02
1.801815041134566968e+02
1.787678209440281023e+02
1.799205574494551172e+02
1.750259543326033338e+02
1.870395344890264653e+02
1.868058632287913099e+02
1.833574077034110417e+02
1.840320617246134702e+02
1.866687002346413635e+02
1.870522730179954181e+02
1.791459130329690765e+02
1.835407645486984336e+02
1.793132736412221959e+02
1.784068436013874361e+02
1.808822730073644323e+02
1.811790450970867994e+02
1.851271381459130509e+02
1.811996851891495339e+02
1.839755830837182486e+02
1.814358957049689707e+02
1.773310054655246688e+02
1.815659421624333447e+02
1.744714926226119758e+02
1.818102855868624204e+02
1.799805334703447102e+02
1.807085742963163000e+02
1.879833349936174045e+02
1.779843506681623353e+02
1.841397499787754271e+02
1.822708139485031609e+02
1.760081397506991152e+02
1.778550670544448451e+02
1.750906912625518714e+02
1.770816935938192955e+02
1.717098223945046698e+02
1.739990435524464374e+02
1.717135719377210705e+02
1.676256762220759526e+02
1.725949348815910867e+02
1.776167661475850821e+02
1.757829887038167556e+02
1.753286001305291961e+02
1.737651775579183209e+02
1.834986422269615787e+02
1.782188523996266554e+02
1.759266755202405932e+02
1.881975119245421411e+02
1.836864415196079960e+02
1.853930452833942866e+02
1.793120227147840353e+02
1.797792961051871714e+02
1.810548587070905171e+02
1.812540744241176753e+02
1.778597004383931903e+02
1.825438984531335223e+02
1.797157072889778249e+02
1.847868173136842529e+02
1.838839359201126058e+02
1.836394697769487436e+02
1.834647954374414383e+02
1.884673900686122181e+02
1.811733966922099341e+02
1.844007446850491476e+02
1.831934274937879081e+02
1.853213636118186969e+02
1.887382397871237742e+02
1.943252140614524137e+02
1.909363393236291699e+02
1.883457922283704136e+02
1.844931276861310607e+02
1.877913546185971256e+02
1.844654194746335918e+02
1.871818241052916392e+02
1.835917579381200824e+02
1.873618873606045554e+02
1.815645811146401627e+02
1.837821967005029080e+02
1.925793383874344045e+02
1.835310091226958775e+02
1.908170168266266558e+02
1.910770156737199841e+02
1.813393730294219779e+02
1.914356628620259073e+02
1.818083752106286965e+02
1.825155306679742466e+02
1.858808975359326325e+02
1.808868325845357390e+02
1.736879541666245075e+02
1.766644781654903511e+02
1.741604836690355569e+02
1.786655604556123933e+02
1.740642693631457405e+02
1.732149897849205331e+02
1.740768891363746889e+02
1.733940387018431011e+02
1.708480117596296282e+02
1.782317458775750652e+02
1.735691052370256386e+02
1.782051448097255388e+02
1.816372520229693919e+02
1.804456387639989430e+02
1.861335733926617024e+02
1.815022099586211084e+02
1.816394274125931076e+02
1.770699929543202131e+02
1.784957840352684855e+02
1.815230488195176974e+02
1.747784574860696125e+02
1.717062082730983832e+02
1.668176383465776098e+02
1.731133594213061144e+02
1.651350798376020634e+02
1.635150230412496342e+02
1.587227050078911645e+02
1.517047040797623936e+02
1.499040392980485024e+02
1.476548888110012570e+02
1.464230471873565875e+02
1.445204627546679319e+02
1.432049344086383940e+02
1.479432287055377628e+02
1.546080455229130450e+02
1.602909740166030588e+02
1.666647113937336542e+02
1.711522966916919302e+02
1.719848962275726763e+02
1.722119253381830788e+02
1.817834273849869646e+02
1.814219816257205764e+02
1.827481408249682318e+02
1.785378254525441548e+02
1.823343465342413481e+02
1.766108970946828265e+02
1.765339657305899550e+02
1.778905445302796977e+02
1.721769397099792229e+02
1.849819159543660874e+02
1.827769923117141957e+02
1.775276859677528307e+02
1.805259403650997001e+02
1.811471616098476147e+02
1.837162937302154546e+02
1.806076805526968201e+02
1.761188963257729370e+02
1.758128403849431720e+02
1.767928148506674688e+02
1.811013405258852913e+02
1.774389599042291366e+02
1.783303997317440235e+02
1.841661680593096264e+02
1.775519316533205370e+02
1.826823981230308505e+02
1.860808835029160093e+02
1.805127495536779918e+02
1.867607769720256670e+02
1.795979669678932851e+02
1.779308382804279063e+02
1.777125595348556999e+02
1.788908218376707282e+02
1.785973666051919508e+02
1.793699261952627069e+02
1.778144809782313871e+02
1.768673272056338988e+02
1.747387497779860155e+02
1.777152146648094515e+02
1.807796774471487993e+02
1.747676937262126557e+02
1.783764546039562617e+02
1.776869724640951631e+02
1.818920940736626335e+02
1.794411236547090027e+02
1.789756343689407174e+02
1.829691636079140835e+02
1.816691835300935054e+02
1.813626168746061467e+02
1.830423296872126855e+02
1.823096781922597529e+02
1.755704493886498199e+02
1.859680288833642976e+02
1.750426681145656289e+02
1.712672281837777746e+02
1.814684172471703789e+02
1.765519628965099912e+02
1.704629713590493907e+02
1.725527562163166806e+02
1.748018392512111063e+02
1.738463117756282088e+02
1.753002954100110173e+02
1.713183946786671470e+02
1.816748571639245711e+02
1.795583749133512868e+02
1.812395459842432786e+02
1.812204188953310506e+02
1.724584546225140684e+02
1.724343609271339517e+02
1.833959819681224133e+02
1.826918622532817267e+02
1.755827700529175388e+02
1.770470983453188296e+02
1.749660161732372785e+02
1.761150100352946026e+02
1.646104870224298793e+02
1.718519694902381900e+02
1.785846097028918962e+02
1.744903719511625013e+02
1.776742781431813398e+02
1.733137666733095728e+02
1.774336124240639947e+02
1.748600743580126391e+02
1.739899920585156110e+02
1.769113200635119654e+02
1.770440341050133100e+02
1.790012388621416335e+02
1.797773688559483958e+02
1.703457989043309055e+02
1.781590706932505555e+02
1.800650178096697687e+02
1.835368272964908840e+02
1.784178472595833398e+02
1.889199033655331732e+02
1.790984384103865636e+02
1.872533194114299135e+02
1.851678018690460306e+02
1.827004757150132548e+02
1.821986294261839419e+02
1.825522972979564997e+02
1.816132605325464340e+02
1.834257373276456917e+02
1.853320774365384409e+02
1.811034731075048114e+02
1.838558450760240817e+02
1.843930866580529937e+02
1.868566010932748611e+02
1.893198520935455633e+02
1.859322835752353456e+02
1.893208152820449470e+02
1.848294313827802853e+02
1.805553114806409383e+02
1.867336318323413025e+02
1.848853764109054225e+02
1.797578892399444612e+02
1.789638630664051959e+02
1.798518041363234943e+02
1.812134133247370755e+02
1.879154816986509786e+02
1.868533006513041812e+02
1.830325625211279146e+02
1.805053334645459131e+02
1.822198490956433261e+02
1.793483989062202966e+02
1.832611269919851793e+02
1.919240065340498234e+02
1.795833275822782298e+02
1.862596151261501518e+02
1.811335696277661214e+02
1.756006602741350093e+02
1.833389911908273291e+02
1.780303578937928819e+02
1.893591100249524573e+02
1.769207708818284459e+02
1.807229898667528687e+02
1.776502222811190563e+02
1.773476299597530499e+02
1.847166203354720722e+02
1.809445944603685064e+02
1.789106887863115389e+02
1.810299987568561164e+02
1.810196984422990170e+02
1.794941672267805757e+02
1.754119092602679189e+02
1.746548465709096831e+02
1.729877455793419188e+02
1.799635958366516775e+02
1.841111830983356015e+02
1.869338961777951909e+02
1.749939849858247669e+02
1.869180007472076568e+02
1.833602847120120032e+02
1.782485286906829458e+02
1.781463566683632678e+02
1.875681959314221103e+02
1.767471600528599538e+02
1.776991736533971391e+02
1.833548342092462349e+02
1.788186257043945773e+02
1.793929559628504933e+02
1.818627800972683417e+02
1.826402889257275319e+02
1.803487274634209143e+02
1.807516178241091040e+02
1.791107688616426117e+02
1.743913218865906174e+02
1.751266324694409775e+02
1.763934840960933741e+02
1.761745615400190843e+02
1.772357561557458894e+02
1.741301033996593901e+02
1.785171457577716296e+02
1.737455231428192803e+02
1.762529648912198184e+02
1.784259709423973277e+02
1.779148443687134602e+02
1.796116161292570723e+02
1.833796519913787790e+02
1.732640895103251353e+02
1.731616676081834498e+02
1.775842215785603742e+02
1.714853548344095486e+02
1.739514985300171475e+02
1.692046312401584771e+02
1.678804872350511914e+02
1.692164965031471127e+02
1.633736626407406050e+02
1.620778411246432711e+02
1.678304946838985927e+02
1.701910708688371585e+02
1.727231479213685077e+02
1.691979975321166592e+02
1.702927818222592862e+02
1.682167798960728646e+02
1.700279026335988988e+02
1.660938282954611793e+02
1.761820371791533830e+02
1.718274416959047812e+02
1.757881309947788395e+02
1.754971860526061107e+02
1.707139234941885206e+02
1.709284322931673046e+02
1.782122792761937831e+02
1.773973065846923873e+02
1.752554266414129245e+02
1.760388830733039924e+02
1.643310979933839633e+02
1.677404942666806278e+02
1.713792277921646701e+02
1.676422008487718642e+02
1.681545880397405028e+02
1.712660006305157196e+02
1.716903128807800556e+02
1.720519165667543007e+02
1.785440290885227057e+02
1.785645703818925085e+02
1.690322806316374056e+02
1.786518449557776478e+02
1.731957394662489094e+02
1.752534638989165785e+02
1.671707590065182671e+02
1.652011120531046231e+02
1.706567508606683248e+02
1.690781571920018678e+02
1.686986818562223220e+02
1.709241805841539019e+02
1.707056990919042505e+02
1.711746234166968463e+02
1.706954121606458727e+02
1.659581130305645331e+02
1.753242200848913512e+02
1.720658700879553180e+02
1.656469040033681210e+02
1.641488464807090679e+02
1.576293579739503627e+02
1.559752139974779652e+02
1.645346629096688389e+02
1.632513969878902458e+02
1.663180261727304980e+02
1.641024620878415021e+02
1.662927957786540389e+02
1.667596747985095362e+02
1.679452867587809806e+02
1.640428660517119113e+02
1.608187411238029370e+02
1.662997214498521714e+02
1.632981416570056581e+02
1.606639193122880158e+02
1.692947982483968303e+02
1.647080080008130381e+02
1.649651706241923250e+02
1.644399086058373598e+02
1.645536962813581852e+02
1.670001794149218881e+02
1.699784141741600365e+02
1.675779624449125151e+02
1.655344784329475090e+02
1.726732617704880681e+02
1.763631317549465791e+02
1.776272662966661642e+02
1.717518143494544915e+02
1.756376053553331076e+02
1.682983851699388254e+02
1.754499755564984866e+02
1.677877056170787569e+02
1.746522223117975727e+02
1.763265753628590744e+02
1.726049658043495469e+02
1.672541284798941774e+02
1.786571166624750333e+02
1.785087945674088985e+02
1.708800725465904122e+02
1.830477423937322499e+02
1.798990467962260311e+02
1.776423339976681177e+02
1.881361837401967136e+02
1.903141714501340402e+02
1.932714134979945300e+02
1.957355350146515036e+02
2.017701416360769429e+02
2.087248904407660177e+02
2.180943884170391414e+02
2.177456728642810333e+02
2.024377215511395036e+02
1.905136647014592768e+02
1.963143065107666416e+02
1.865822151447636088e+02
1.832399177445175269e+02
1.807019591852304359e+02
1.753314402774217342e+02
1.722464916776223731e+02
1.688511938621933552e+02
1.745603290262812664e+02
1.723400136668371090e+02
1.696475699392283616e+02
1.657253289686106257e+02
1.820913165032006020e+02
1.802068280664999804e+02
1.803090830480609839e+02
1.838592529357764533e+02
1.762377605078710019e+02
1.742343253271967285e+02
1.817044298477056543e+02
1.725595540942438220e+02
1.828035140167365853e+02
1.832094927357645133e+02
1.765424207140497117e+02
1.768057047820166474e+02
1.723308794535400637e+02
1.717811284136984682e+02
1.771259256057665255e+02
1.759647445351399995e+02
1.786429867810404915e+02
1.765261984817628615e+02
1.734754779193237368e+02
1.675773300788704603e+02
1.713011398135117815e+02
1.762493960290693167e+02
1.716798492387945601e+02
1.749090052015349386e+02
1.754269553260164116e+02
1.756771459869779619e+02
1.755592771697053820e+02
1.720607832496714593e+02
1.784347944863438897e+02
1.865404794137311058e+02
1.783218511570462681e+02
1.831571605289718434e+02
1.790645883023514671e+02
1.777850492305016417e+02
1.819858658166722591e+02
1.832319707686257857e+02
1.809132991919373694e+02
1.816667997428450292e+02
1.792479606877568017e+02
1.781310485894485680e+02
1.829419652346364842e+02
1.754299758986042548e+02
1.753835658723001529e+02
1.766712388119636614e+02
1.771111918133535426e+02
1.795198611028622224e+02
1.850169645994211294e+02
1.686320501696017402e+02
1.816014964392929585e+02
1.693630732986221687e+02
1.685952371350818453e+02
1.769302265370117766e+02
1.794196934253367317e+02
1.729924107461041558e+02
1.766287921607994917e+02
1.759138092327139304e+02
1.780832598530136579e+02
1.761670016107649701e+02
1.793440594111143014e+02
1.712102514730635221e+02
1.803661866161854164e+02
1.756592404788567876e+02
1.784509345989801545e+02
1.732302480564668485e+02
1.795452898286078778e+02
1.726659103670984337e+02
1.827099365690446007e+02
1.762702915032063231e+02
1.771216031312531243e+02
1.752387162828834732e+02
1.818557057373236319e+02
1.836436077104017670e+02
1.813469014504684367e+02
1.737253333890650708e+02
1.820216408591998061e+02
1.783667556492312372e+02
1.775955724152364610e+02
1.854955536682733168e+02
1.826179258963887833e+02
1.807426643835948710e+02
1.850488476281092574e+02
1.793085594161991310e+02
1.837553523116586973e+02
1.846866459190024443e+02
1.763571064218493234e+02
1.769670023871906324e+02
1.834723956024319591e+02
1.756779951188562734e+02
1.776609864289517589e+02
1.711719137126103192e+02
1.716496040537036833e+02
1.733633845301672807e+02
1.784159155811110793e+02
1.780564297500683040e+02
1.803409305732215273e+02
1.815404759223434610e+02
1.783924470752049558e+02
1.808196123222892311e+02
1.820514501054770733e+02
1.815653337419541344e+02
1.809955853538784538e+02
1.880230437457579171e+02
1.799337947150042112e+02
1.846869571185714278e+02
1.835013052482140381e+02
1.826800616151581380e+02
1.889171615657924121e+02
1.806699329295204848e+02
1.888263725295127813e+02
1.725136895094956060e+02
1.843658000888713389e+02
1.780028931435373352e+02
1.838147895145814630e+02
1.801935087498927146e+02
1.842866036413169866e+02
1.780066407737036798e+02
1.811500993672061099e+02
1.726127079321659608e+02
1.749152458695720611e+02
1.743843935768647668e+02
1.724568397904772326e+02
1.758081774171298832e+02
1.816949819601146885e+02
1.803618968605541966e+02
1.820175195022989669e+02
1.945488418620136315e+02
1.881252369686200439e+02
1.932027706319532854e+02
1.936162637677788041e+02
1.946302342905980538e+02
1.950467609555961417e+02
1.943733153158603386e+02
1.946387929049919592e+02
2.010092054853947445e+02
2.020890653197634208e+02
2.047849269821459472e+02
1.992973655091807927e+02
2.052089887458858470e+02
2.041481230957071205e+02
2.039874314229024037e+02
2.035976450752250742e+02
2.107962579503549421e+02
2.056019638108029710e+02
2.052499886353055274e+02
2.179627203337557262e+02
2.200422272013306042e+02
2.154804254119547124e+02
2.260908402354129123e+02
2.466915426139689771e+02
2.466436767334374736e+02
2.426877856380160381e+02
2.588249938332305078e+02
2.741477774729066255e+02
2.809168624651885580e+02
2.813324606275513702e+02
2.644184355005456837e+02
2.722329917016566014e+02
2.660948657556301669e+02
2.677460511766872173e+02
2.617667243609422485e+02
2.857787674179481883e+02
3.175435021707029364e+02
3.230432642407984645e+02
3.175271230622403777e+02
3.194610613599198246e+02
2.939506188203641841e+02
2.852374177277593503e+02
2.733063712144677879e+02
2.535305775439234424e+02
2.478059743675933362e+02
2.527289910633367356e+02
2.604763485854196006e+02
2.723306467750423394e+02
2.992959344066275094e+02
3.262661452193046898e+02
3.565448777951548891e+02
3.844581418584464245e+02
3.781890097875249239e+02
3.681115119637017301e+02
3.291684921589132387e+02
3.114375520388214227e+02
2.658371183992990723e+02
2.441884727988225450e+02
2.208589250126781849e+02
2.125681312410012538e+02
2.092967674012368491e+02
2.102554026602238650e+02
2.038635584371296261e+02
2.054505589453813457e+02
2.039554179691078843e+02
2.013326068053292488e+02
2.032942842527087635e+02
2.071462479403421355e+02
1.959500572203656077e+02
1.950154715107092613e+02
2.028043017686038070e+02
1.979853928403155123e+02
1.911526123323327511e+02
2.009476005410566302e+02
1.898137545416326191e+02
1.997244572548372332e+02
1.966161525545770985e+02
1.949376226751952288e+02
1.946370575019380738e+02
1.958444221172367463e+02
1.917720458475435237e+02
1.952885284112249735e+02
1.911719563528003505e+02
1.848050973244915269e+02
1.891777353424371881e+02
1.842888087467912328e+02
1.895460412830944676e+02
1.847759904247854195e+02
1.888404269776395665e+02
1.853681147030089562e+02
1.814582206596454625e+02
1.828559510216128388e+02
1.866496774304719395e+02
1.873703672337947523e+02
1.818789928740815185e+02
1.886788476951613234e+02
1.827823913356496348e+02
1.801541217384701383e+02
1.837800421056010407e+02
1.770334537834174284e+02
1.830217346039331119e+02
1.819152868706513857e+02
1.815151357977522935e+02
1.812275366517431507e+02
1.810823877553543753e+02
1.807315429645231859e+02
1.847367875110659838e+02
1.829021993326862230e+02
1.830712705643658467e+02
1.910483294635639311e+02
1.820235612064099939e+02
1.905974205680684008e+02
1.761299752978533206e+02
1.780803848229211894e+02
1.790428453906002915e+02
1.769313834194109916e+02
1.798561011819603266e+02
1.794770543945302848e+02
1.798958362856321571e+02
1.799065046466899389e+02
1.843300875561617431e+02
1.740027938841271293e+02
1.934973821086522321e+02
1.925364162973442603e+02
1.789195995310371927e+02
1.754642324158632789e+02
1.838917855509709796e+02
1.817837397468585152e+02
1.872508771245235266e+02
1.849417990513391317e+02
1.851431447217781283e+02
1.877586487793191736e+02
1.931737016782690262e+02
2.007678442041076323e+02
2.017851546128672453e+02
2.187677070597241595e+02
2.295150210390960410e+02
2.335322289618915477e+02
2.497421103264684632e+02
2.497159592163903312e+02
2.448263038128920641e+02
2.318016068756938068e+02
2.327751311717853753e+02
2.165306058915454912e+02
2.170831062925346089e+02
2.227433972605162751e+02
2.297046128431304339e+02
2.464997856567544829e+02
2.369291152710529218e+02
2.457877287938174220e+02
2.232815049798718690e+02
2.056404370142095104e+02
2.058574373851482449e+02
1.879121590558545734e+02
1.824497324785129422e+02
1.772084352837824497e+02
1.783179280332021222e+02
1.809261664741222546e+02
1.829076457012486117e+02
1.695494902756951490e+02
1.745861748029145986e+02
1.823940164792875578e+02
1.718179417707507071e+02
1.717545256892508974e+02
1.715967884990007803e+02
1.754841495874824489e+02
1.730578168844408253e+02
1.867089697175388494e+02
1.770201504350237656e+02
1.782355190407749888e+02
1.788118663323457724e+02
1.759734947377808396e+02
1.771818069474746551e+02
1.749529327912730707e+02
1.738512353718480483e+02
1.775931866842258557e+02
1.748629482135464173e+02
1.786662267038996390e+02
1.737683379205247149e+02
1.697579160164194434e+02
1.823191680642555355e+02
1.748292002175402331e+02
1.711815977695889330e+02
1.693804602692609933e+02
1.735240431478040364e+02
1.735099425670106541e+02
1.747942374848240092e+02
1.753545173243132638e+02
1.803212098276050028e+02
1.742963728702376329e+02
1.778744746688610405e+02
1.790034119881982235e+02
1.769349398705386136e+02
1.815486595187035448e+02
1.793203765059392936e+02
1.790101790316105621e+02
1.737413589783793668e+02
1.760237210400645154e+02
1.764472072638468489e+02
1.746382216610946898e+02
1.747136766370764747e+02
1.761686598977907465e+02
1.691501798573215467e+02
1.758029079514653006e+02
1.824521821937496497e+02
1.749813367941786169e+02
1.729740559163340663e+02
1.830510580472855793e+02
1.805037811234570881e+02
1.782345494049266108e+02
1.691930010397844626e+02
1.783847648356300795e+02
1.805541244447217366e+02
1.769696599077837504e+02
1.743355413631556416e+02
1.717457531267956483e+02
1.707514152312916451e+02
1.713007233756277117e+02
1.688122400301660377e+02
1.727767917624002507e+02
1.792139436491121671e+02
1.743451039777971516e+02
1.776470818414175312e+02
1.764367637659887862e+02
1.746684398742045232e+02
1.796456207485985601e+02
1.752947066937098839e+02
1.736395683185579060e+02
1.770839639370248335e+02
1.705362618342326471e+02
1.701339887932846864e+02
1.740384713128306089e+02
1.746029977739925698e+02
1.782844758763677078e+02
1.775284224667419153e+02
1.701550701560903178e+02
1.773707222487294644e+02
1.743239902232517693e+02
1.762098145698842586e+02
1.798977391986367422e+02
1.785899608414682973e+02
1.780318444116345802e+02
1.824410225087243589e+02
1.722507380055718613e+02
1.742070669964804210e+02
1.725725962246369534e+02
1.796827835727880540e+02
1.790048638103782821e+02
1.778761570143538790e+02
1.829443230793177690e+02
1.841257109797796261e+02
1.813868338880522231e+02
1.819906653662616804e+02
1.823180665135605807e+02
1.811709195100134480e+02
1.778231153064536159e+02
1.801786172373415695e+02
1.848281503569202755e+02
1.805289573522811111e+02
1.757897493657800680e+02
1.737159749260592321e+02
1.842861268647923225e+02
1.768132987552749569e+02
1.788713192321525582e+02
1.811514379092270133e+02
1.857665193778516652e+02
1.819812041851541551e+02
1.852999316892605748e+02
1.808359283305798044e+02
1.759425577448197657e+02
1.787384089116206667e+02
1.786645633965583784e+02
1.752442296783900133e+02
1.785186748177456764e+02
1.792392644567706554e+02
1.816601608643696579e+02
1.725127332487392096e+02
1.800496329493017242e+02
1.834963413778161510e+02
1.830846776067755570e+02
1.805462048031584459e+02
1.797148079622271837e+02
1.761196642836369222e+02
1.765436970320782564e+02
1.809405851170741926e+02
1.824768316056158994e+02
1.760252513151812650e+02
1.786683437552576379e+02
1.768514251880599772e+02
1.744424842483660427e+02
1.811727175102591048e+02
1.777262658450169397e+02
1.752010208672690794e+02
1.797185634430881294e+02
1.784647827548765520e+02
1.819742543082260795e+02
1.826354987953909017e+02
1.772775801842718408e+02
1.790282557996198136e+02
1.813509873510458590e+02
1.702523178412756124e+02
1.742874477041077341e+02
1.791153208897042362e+02
1.725647474438363247e+02
1.739134095050200415e+02
1.722351070786698983e+02
1.664822347022031863e+02
1.732207589232355929e+02
1.789359076714279979e+02
1.792539883124916571e+02
1.793317310650307945e+02
1.795483160334633794e+02
1.805146359764963222e+02
1.790246992619449884e+02
1.808783865807435802e+02
1.791207708668640635e+02
1.697861442413108932e+02
1.770424256827873251e+02
1.793048128296487107e+02
1.769207014088338497e+02
1.761573555193715777e+02
1.748171854964280953e+02
1.792135603031356652e+02
1.866714740749496571e+02
1.795921425250223535e+02
1.720751201730053879e+02
1.747326467644654144e+02
1.708414697457363900e+02
1.801780161202734689e+02
1.673066520245102993e+02
1.746263410693812546e+02
1.702689433620936370e+02
1.640890566901491070e+02
1.716545864040538731e+02
1.752946510726929716e+02
1.727960042610861819e+02
1.827343624737112577e+02
1.760835357950366529e+02
1.763335092098618873e+02
1.775241268127263368e+02
1.832768173076943583e+02
1.722058027630297943e+02
1.852954294199080323e+02
1.836978876188307765e+02
1.834224554237257792e+02
1.792852997477504005e+02
1.822102134559231956e+02
1.869717981191106446e+02
1.843060918573619915e+02
1.813314637897548209e+02
1.798523151689421695e+02
1.795208795910039044e+02
1.816490506960792572e+02
1.783257580236795263e+02
1.846062758379524666e+02
1.612547102535372971e+02
1.723381436442190022e+02
inf
inf
1.719807014204310178e+02
1.696728725767938784e+02
1.681341227109278975e+02
1.680391760741597693e+02
1.726410185341231340e+02
1.731812973187442140e+02
1.760071707151077192e+02
1.834433481074279086e+02
1.718388571176960511e+02
1.707340557345795276e+02
1.727401315058837667e+02
1.671750212540520408e+02
1.697148519586307884e+02
1.682214914350562935e+02
1.669426813627091803e+02
1.638343722254419106e+02
1.687572718355458221e+02
1.655715240718317318e+02
1.667245576415424182e+02
1.712509353242130032e+02
1.590152301045503691e+02
1.724658644964132748e+02
1.706655475507923825e+02
1.654889464973181532e+02
1.704609744723485960e+02
1.650048555397171128e+02
1.725905731151496525e+02
1.655826619038494130e+02
1.664614744089185194e+02
1.594606739136676481e+02
1.628622802974357455e+02
1.665056932230602911e+02
1.675746838742850571e+02
1.646440728754873817e+02
1.684785693232143444e+02
1.678831500100004632e+02
1.612260695960725627e+02
1.657071658011232671e+02
1.673809632064580626e+02
1.710004832157654278e+02
1.720660015876281363e+02
1.693275103057069373e+02
1.666767460921499548e+02
1.691556141527631780e+02
1.729659963111367631e+02
1.723552634866129267e+02
1.655059550395505710e+02
1.688957819205134570e+02
1.693667922150639527e+02
1.665028483697072943e+02
1.676565656751604081e+02
1.680492762322011799e+02
1.631379362631268179e+02
1.702675239886131919e+02
1.712161872794646911e+02
1.688021518730745356e+02
1.663328170725282007e+02
1.655486896217684887e+02
1.665283880410021027e+02
1.656797912807330420e+02
1.717353820541765401e+02
1.684122436913945933e+02
1.621114114701234143e+02
1.698539929951119802e+02
1.724856270851075237e+02
1.706529011931984599e+02
1.665255310165192952e+02
1.612703574344476749e+02
1.705864588589983839e+02
1.738030389006659107e+02
1.654563536433219326e+02
1.729664029051302521e+02
1.637210217402525529e+02
1.659837388615616476e+02
1.639723894822055286e+02
1.592735375606486912e+02
1.638018915666152395e+02
1.681074686240832534e+02
1.667203845787229000e+02
1.642119920417815422e+02
1.665286732222459420e+02
1.633671503996157526e+02
1.679448128073949817e+02
1.627878233400523413e+02
1.648903375467664318e+02
1.714669636947297420e+02
1.612187421981336968e+02
1.600331739670625382e+02
1.643455833600947074e+02
1.668169761298252638e+02
1.728494387656559752e+02
1.674884388415184731e+02
1.614765973357494033e+02
1.707690335068257355e+02
1.634713157566787913e+02
1.715702647198393436e+02
1.651675307744579300e+02
1.697039288812257212e+02
1.687262905580960819e+02
1.724710110039812605e+02
1.708328930092548887e+02
1.763185315229043226e+02
1.735468329783437582e+02
1.670084263975046497e+02
1.774531809665411402e+02
1.701170907107935761e+02
1.693321462277332046e+02
1.755482199989214394e+02
1.698289091327760900e+02
1.709202662662015939e+02
1.672627406838483921e+02
1.656328313406004611e+02
1.811829941396623838e+02
1.670195229133668988e+02
1.697994376613325187e+02
1.730852337303046511e+02
1.713703611922868220e+02
1.745757743721356690e+02
1.717841760057201554e+02
1.683375820971900509e+02
1.713188835089762563e+02
1.766518853546054117e+02
1.727036574761004886e+02
1.802968862440187365e+02
1.680054634994393155e+02
1.686335292851164809e+02
1.747596168860966941e+02
1.768037768690486189e+02
1.722166541530627342e+02
1.760268539133852244e+02
1.686621125840796367e+02
1.705488262214914243e+02
1.678107665268837252e+02
1.684773854432074245e+02
1.671222942523121446e+02
1.665381558815673770e+02
1.674521431501936775e+02
1.801618702523684874e+02
1.725238959207808875e+02
1.712612831157076698e+02
1.718832817233895867e+02
1.788189095537435662e+02
1.747660380302597787e+02
1.740490214743771844e+02
1.745905698588238977e+02
1.694566957676425716e+02
1.778994227984593692e+02
1.707949537057209000e+02
1.717317986820657723e+02
1.731019596074873732e+02
1.758685076778722305e+02
1.800073944932199765e+02
1.827540054698780807e+02
1.809880164856400029e+02
1.830368429438883027e+02
1.800625737607324481e+02
1.754194841716009421e+02
1.742935681239325447e+02
1.814443694759468144e+02
1.729914469765705007e+02
1.738197806039875672e+02
1.847236026760577658e+02
1.798705714118486299e+02
1.809221384487166802e+02
1.795192094791395050e+02
1.809292312001900314e+02
1.846265603839830760e+02
1.805241026243666340e+02
1.813527930551560985e+02
1.789265240362228155e+02
1.720482572346375321e+02
1.724349538837598175e+02
1.751923039772746904e+02
1.733593390852421408e+02
1.717049187951566012e+02
1.770439815647272042e+02
1.671053434487098741e+02
1.640326426819027006e+02
1.752524295216870200e+02
1.766260446133454707e+02
1.830825819432597541e+02
1.801297139000433560e+02
1.813910492393324603e+02
1.804815798833212455e+02
1.719709453014429528e+02
1.766435856907544633e+02
1.816918393417983850e+02
1.844505883292469264e+02
1.821912839928506855e+02
1.873550007584227330e+02
1.865088349300291952e+02
1.850197483185343117e+02
1.752067697196379186e+02
1.739910065880225716e+02
1.747728665850735581e+02
1.762905243696122000e+02
1.843714646258244727e+02
1.740615596169716639e+02
1.681394891438634431e+02
1.845543787900419090e+02
1.860236607665707709e+02
1.985956224902214444e+02
1.735791711335762955e+02
1.842470775012749016e+02
1.932387445650615803e+02
1.865174150850763226e+02
1.935679218803118715e+02
1.773688143453180999e+02
1.798440398791578616e+02
1.746728021969933025e+02
1.768519416969208748e+02
1.716256030906719730e+02
1.742988113030313855e+02
1.700326265017660887e+02
1.747552654911783350e+02
1.746409575276489363e+02
1.812090047670501178e+02
1.727511429383059181e+02
1.833095150974520777e+02
1.792253932190499199e+02
1.882398849674405881e+02
1.762627751837651999e+02
1.828432502080289339e+02
1.773316749561286088e+02
1.739278477662688829e+02
1.780261095892896037e+02
1.754962312572508552e+02
1.801986240288854901e+02
1.744710647302580639e+02
1.824700754548137809e+02
1.792811008928682099e+02
1.830677587756163973e+02
1.873422732042998859e+02
1.862479338762195198e+02
1.746362120469341050e+02
1.906693163631469758e+02
1.783543588468815813e+02
1.770374618784953213e+02
1.918762534302829010e+02
1.761375251864714357e+02
1.815532976568580352e+02
1.853519962713337748e+02
1.789966077806449505e+02
1.804910784079506243e+02
1.875280756722510489e+02
1.829737615382788931e+02
1.768878579445294577e+02
1.809904745074425136e+02
1.823647690760369073e+02
1.860473099385349656e+02
1.783615584776316041e+02
1.826831171888578922e+02
1.860599376160508882e+02
1.813922046423709560e+02
1.847636601525803144e+02
1.837682630453219303e+02
1.858180135215779671e+02
1.806502936077521042e+02
1.850224661086911908e+02
1.814870760166247123e+02
1.869061892393222593e+02
1.787568280990490166e+02
1.832578289186996017e+02
1.782369711527993275e+02
1.769626306420310300e+02
1.826257701311564290e+02
1.839530712531509948e+02
1.835832543921143269e+02
1.849370798658237618e+02
1.871072390492659849e+02
1.795214247414219244e+02
1.905242811317835105e+02
1.843234344260650630e+02
1.823365796679438802e+02
1.868435301944639377e+02
1.810610310526820683e+02
1.915964848715895243e+02
1.921136124699446270e+02
1.879788554819375577e+02
1.807668347996338127e+02
1.879645431490941405e+02
1.872280005826816591e+02
1.871170016431877059e+02
1.932382185751471866e+02
1.859361010424221945e+02
1.862614260910213488e+02
1.878939137690144889e+02
1.792096553292589078e+02
1.794428180565484467e+02
1.890296875566385779e+02
1.875141213741711397e+02
1.879225859612813849e+02
1.830445930633782723e+02
1.780886210793588589e+02
1.883496981859302366e+02
1.861817588597962185e+02
1.785149689501975843e+02
1.846878156960674175e+02
1.868757007340486496e+02
1.828000051773108510e+02
1.816751472845369335e+02
1.848636380588205270e+02
1.776923528511765937e+02
1.842850954325467114e+02
1.791580115589719355e+02
1.871204012621724644e+02
1.812593890630140550e+02
1.824536359100144978e+02
1.779840639305887464e+02
1.762335100792199114e+02
1.801654446544191330e+02
1.754814088130219716e+02
1.751254608558880648e+02
1.698871122251348993e+02
1.721996984971443112e+02
1.735269517631583653e+02
1.733070961677660193e+02
1.727289906747218424e+02
1.793361106194461172e+02
1.724334859158086317e+02
1.758070058656075219e+02
1.659202110059841289e+02
1.776979396335097476e+02
1.732484480286375970e+02
1.749515428470756717e+02
1.719991762393241572e+02
1.783736454234343398e+02
1.713178920551127362e+02
1.680621653513578337e+02
1.695226886218146092e+02
1.829287039483169792e+02
1.716923589866537441e+02
1.671749498373427514e+02
1.719581019955779482e+02
1.749420970523908352e+02
1.741308675251905242e+02
1.752133477623102351e+02
1.757945382665208456e+02
1.736969971739517291e+02
1.751374650691216743e+02
1.745290748222780906e+02
1.786929252434538284e+02
1.816222012809959665e+02
1.774270108102338952e+02
1.718340280325585638e+02
1.824556395214368081e+02
1.707884316346653009e+02
1.744550075031951906e+02
1.770331455667849809e+02
1.639151508462144875e+02
1.644758687691381454e+02
1.672989795681488090e+02
1.582300362745064604e+02
1.707475005064503364e+02
1.695021364012114304e+02
1.713147137383461995e+02
1.661390278830389775e+02
1.727271602065288505e+02
1.698392937732460837e+02
1.711337267003372347e+02
1.773870411378903214e+02
1.745229471133953041e+02
1.728001649650897207e+02
1.778823445537812518e+02
1.776556742470124561e+02
1.726001562865157553e+02
1.680716359556313364e+02
1.706686284703846184e+02
1.681027490891307821e+02
1.673188922504410812e+02
1.687388858232513940e+02
1.671368602271264479e+02
1.692115474501871688e+02
1.669998944754879062e+02
1.708998664368436948e+02
1.676598376185275185e+02
1.691983595940817224e+02
1.735695196032891374e+02
1.710872243108708801e+02
1.760755614707939856e+02
1.626819387292185297e+02
1.755038558772536419e+02
1.686791925545792310e+02
1.655823583754666686e+02
1.634844569368717657e+02
1.739704267052710520e+02
1.739372398972607812e+02
1.711275010841507083e+02
1.713698699506754792e+02
1.701500430802782375e+02
1.697176815546657735e+02
1.678029970308258214e+02
1.666613849544561674e+02
1.799104661142627606e+02
1.737218585240654818e+02
1.759580497284291027e+02
1.699853015672485697e+02
1.708246024842156316e+02
1.757607347180657769e+02
1.751940187539929639e+02
1.705833766369860029e+02
1.672217349818449179e+02
1.693715107206207904e+02
1.741981465994064990e+02
1.708931031138712626e+02
1.690451523636400282e+02
1.720093401836906537e+02
1.805439296523581447e+02
1.926158314300683116e+02
1.726149586459011971e+02
1.794602306763907507e+02
1.769678071820883645e+02
1.786048271964730532e+02
1.733351013913058125e+02
1.743719604126516174e+02
1.724017965177317251e+02
1.726064660409681721e+02
1.766303072931316080e+02
1.739423525273509199e+02
1.728012502380683202e+02
1.697469067741251365e+02
1.710113714684019328e+02
1.734882735947664969e+02
1.707596848281447137e+02
1.841244229996743229e+02
1.669463732535365352e+02
1.681021205450025207e+02
1.757706153382771959e+02
1.650483213718570710e+02
1.724376648578704874e+02
1.741128565020786994e+02
1.655299262938218874e+02
1.706084649382379439e+02
1.700624747312125180e+02
1.705199210533262431e+02
1.729996337331109260e+02
1.814167381002369552e+02
1.780453524638328986e+02
1.750192992583356499e+02
1.761322246744645383e+02
1.764099847918788555e+02
1.840489224321883057e+02
1.769069021282544156e+02
1.726591389093614168e+02
1.674873014298510725e+02
1.756691185222533420e+02
1.632546816741034945e+02
1.660802962272633749e+02
1.737793235981150417e+02
1.772304810011816869e+02
1.710652209183517698e+02
1.719816286859286549e+02
1.720494446255213177e+02
1.777068356180784292e+02
1.780625212352391600e+02
1.709486948384636378e+02
1.695189266079304957e+02
1.789365035304236358e+02
1.801166100565261843e+02
1.722059962381995888e+02
1.685889355727030079e+02
1.744096118657172667e+02
1.753945194083780734e+02
1.701928157556169765e+02
1.778382138540457902e+02
1.777627712437127911e+02
1.719360826113380938e+02
1.701319974241332318e+02
1.716596365373222852e+02
1.681778475472187040e+02
1.767851642374402559e+02
1.718736530211392903e+02
1.694187753190909405e+02
1.740572004267116881e+02
1.680160748298872022e+02
1.767614689238570804e+02
1.723431739433398775e+02
1.759555948707642017e+02
1.703260890605200473e+02
1.674692987763382632e+02
1.698986070395011723e+02
1.752416798317518669e+02
1.675353447177463408e+02
1.709640748560458974e+02
1.713368399028361466e+02
1.619460767010995994e+02
1.663429135254410198e+02
1.688451371285117375e+02
1.739233903764260845e+02
1.713509727939064646e+02
1.671684642806762042e+02
1.722590845503823118e+02
1.618745769958236451e+02
1.660857969275128596e+02
1.644939995990703778e+02
1.706488590468544544e+02
1.741283668738282415e+02
1.714197466694556908e+02
1.712646088782735205e+02
1.719636745549823615e+02
1.617870800657280483e+02
1.586884314865536112e+02
1.629120966998752067e+02
1.646266493439073599e+02
1.669749960107107540e+02
1.628779356678234365e+02
1.631132756038718696e+02
1.580883927376930842e+02
1.656690112103897263e+02
1.626080182373626144e+02
1.618047598418120003e+02
1.553547465676369370e+02
1.635504404571647115e+02
1.634278210654009627e+02
1.654919314538880712e+02
1.744776688769445911e+02
1.663834207269043191e+02
1.724578225621949059e+02
1.672318278242936458e+02
1.726811569554398886e+02
1.655308497295176835e+02
1.706763219363917301e+02
1.724600558090742481e+02
1.688816091430508095e+02
1.736309960776975743e+02
1.753593180209740012e+02
1.773313718431386690e+02
1.711740687832150059e+02
1.732626196345285621e+02
1.682124720734960590e+02
1.722501623127503478e+02
1.734279053699962105e+02
1.702798150210402923e+02
1.727197329177198526e+02
1.700130227448786400e+02
1.679004646406891652e+02
1.743457563231345944e+02
1.705516026281736686e+02
1.707405628174691685e+02
1.668647929804732826e+02
1.715546331678395973e+02
1.717987856343729334e+02
1.734927779861583872e+02
1.709487241759752010e+02
1.711183995524844192e+02
1.703281052743884914e+02
1.779076364020566814e+02
1.781050038093523824e+02
1.754624053058829531e+02
1.707469552542817723e+02
1.695417010570245111e+02
1.672455394710727603e+02
1.678097079275577244e+02
1.700853312045169048e+02
1.698836803577156900e+02
1.698031608927431932e+02
1.751982402074605432e+02
1.780692187998309350e+02
1.758816533093579153e+02
1.748862536671390444e+02
1.746565045090145532e+02
1.796280146726940643e+02
1.728688238204868810e+02
1.738387911783190418e+02
1.707041774493133630e+02
1.728779026202618923e+02
1.714579323338566041e+02
1.746960283961753362e+02
1.762424076536530890e+02
1.741942134977470857e+02
1.717777084171065951e+02
1.731987380432058785e+02
1.667341534324537520e+02
1.766338773316277582e+02
1.779447808972207667e+02
1.732406431809317269e+02
1.717949207313544377e+02
1.788017993015803029e+02
1.779126073721721468e+02
1.719240341647037269e+02
1.687893585327953190e+02
1.695971423567847580e+02
1.763360703291306208e+02
1.755760726720251341e+02
1.697577754943132504e+02
1.616006147890108480e+02
1.640648286098098367e+02
1.757402296772413308e+02
1.729841944617970739e+02
1.682855196088507341e+02
1.661261776684393396e+02
1.711518517605457248e+02
1.702807332161213765e+02
1.697062445449527672e+02
1.740814380278437454e+02
1.677859612585379523e+02
1.695972789901475721e+02
1.646488960829117048e+02
1.746089079517429639e+02
1.707590485275049161e+02
1.715154201188439629e+02
1.672908170994560635e+02
1.744205959019114971e+02
1.709861537941681036e+02
1.705143200903269189e+02
1.707519685793803319e+02
1.763767445844295025e+02
1.755569887393663180e+02
1.776000709176373107e+02
1.755477375858781954e+02
1.725849862110303832e+02
1.843326750151002216e+02
1.755436298435041920e+02
1.808752656341925444e+02
1.721309408819870157e+02
1.790114346252373423e+02
1.696678470340054332e+02
1.721181885064180790e+02
1.758509084519783983e+02
1.715444306941607238e+02
1.687768537006945451e+02
1.720504508079569916e+02
1.845535187467409628e+02
1.758732680424594719e+02
1.761741530634466244e+02
1.712854427045254511e+02
1.717004114133177666e+02
1.750132910396954173e+02
1.836090621423951461e+02
1.764075069206157309e+02
1.658232544349004627e+02
1.814015605847247627e+02
1.755394784893637166e+02
1.809121943505640218e+02
1.734169719130714498e+02
1.688163973191531113e+02
1.672009477563066184e+02
1.724253361388314829e+02
1.702662697436491328e+02
1.657510430450750505e+02
1.650712743912802125e+02
1.634638287639261591e+02
1.711980921725601945e+02
1.681639746320727227e+02
1.690163725706713649e+02
1.697321004502420294e+02
1.756942219734993103e+02
1.713090949314781426e+02
1.763097866459938814e+02
1.690207385520199068e+02
1.690100921832865595e+02
1.646642986227697634e+02
1.751886815974325771e+02
1.697527519074413931e+02
1.698272191047714443e+02
1.699597866241227848e+02
1.751320363175696571e+02
1.711581382396176423e+02
1.722832839444545243e+02
1.687078255648954155e+02
1.789906076331187990e+02
1.667476058599976056e+02
1.733533258820443450e+02
1.643902102261853031e+02
1.742527639530997590e+02
1.788479436302472152e+02
1.610895349607153264e+02
1.743939114590465920e+02
1.705964483461471275e+02
1.756387430647497467e+02
1.700248449483144384e+02
1.782698506986508562e+02
1.701309874253119290e+02
1.778461257377745426e+02
1.714419282043848511e+02
1.732280716997586012e+02
1.722437157731787920e+02
1.708611561570107824e+02
1.733452278642585895e+02
1.705538616595314068e+02
1.744714511160333927e+02
1.778863381398757326e+02
1.709397659079900507e+02
1.728201960686959353e+02
1.765215128614824209e+02
1.680228491677622458e+02
1.769499557604199254e+02
1.805326032007097012e+02
1.795839683682578709e+02
1.685037109919610998e+02
1.699595141256241106e+02
1.782795771992350353e+02
1.751347909661807307e+02
1.709816380217354208e+02
1.722032310541633535e+02
1.716857104380891599e+02
1.616604688679577464e+02
1.699588720906422452e+02
1.648724701022561305e+02
1.639886406686323426e+02
1.684087237624467548e+02
1.691239739752907099e+02
1.612956929761127185e+02
1.643106987745661058e+02
1.643458996363543747e+02
1.703316261077633555e+02
1.734972264020744888e+02
1.685755825053052490e+02
1.770277665305909238e+02
1.664639903201785103e+02
1.790272856208611358e+02
1.742504123600275818e+02
1.637127877010827035e+02
1.647356603000298207e+02
1.719246814598849653e+02
1.644511947279222852e+02
1.652665007573725404e+02
1.663726127630454528e+02
1.676152839473465690e+02
1.602646957036104425e+02
1.746287494880691327e+02
1.584288184894556082e+02
1.777423422239268405e+02
1.641250884378243882e+02
1.633347575255330071e+02
1.579054238711935625e+02
1.638238203280229470e+02
1.687531571396564800e+02
1.653020771601491106e+02
1.694002075280507711e+02
1.669929061767800533e+02
1.659867990395478614e+02
1.648400944593341535e+02
1.638465447904485472e+02
1.617344012863468379e+02
1.682922012313198081e+02
1.693511854081644117e+02
1.643717153091972989e+02
1.607456449241673226e+02
1.672872128167075800e+02
1.673648916608657657e+02
1.649095014516090316e+02
1.666965466726545912e+02
1.652317111455342911e+02
1.620852988431682320e+02
1.622329422246733657e+02
1.645959712804559274e+02
1.674622068208547319e+02
1.726325404172562230e+02
1.743219750830258192e+02
1.735779736532788320e+02
1.615909141467781183e+02
1.767868152378128741e+02
1.738800308311536185e+02
1.664546032268157205e+02
1.757913466469692878e+02
1.660620070932124293e+02
1.673227774327503994e+02
1.683636197098082050e+02
1.710339935864392089e+02
1.713703228774730007e+02
1.748353838779078728e+02
1.611636614131584224e+02
1.711882559544143589e+02
1.667985110631338159e+02
1.627632108953038426e+02
1.669306910912146122e+02
1.660158429615942453e+02
1.672697092707027764e+02
1.601270115262844911e+02
1.586008924695855171e+02
1.552264515957106994e+02
1.671501161574786920e+02
1.682945235026342345e+02
1.655890393378005854e+02
1.660522937004872404e+02
1.680060451211137433e+02
1.668035225378190205e+02
1.668906672266659541e+02
1.581079585203013664e+02
1.716352715613051316e+02
1.619464621901694557e+02
1.632067943397045724e+02
1.705773917684178116e+02
1.624978072259316093e+02
1.645781974289526204e+02
1.624817945279595222e+02
1.634732121335401303e+02
1.664037790912340427e+02
1.662431615805555793e+02
1.643598232483713844e+02
1.663248036483553562e+02
1.705050154131682518e+02
1.622819278777436125e+02
1.623500591756255176e+02
1.656013013188785692e+02
1.543683763239463644e+02
1.642151899663749930e+02
1.574880035850526383e+02
1.615311752825898850e+02
1.561344429526425301e+02
1.575618049236835247e+02
1.518066721652867557e+02
1.595006757101641028e+02
1.530326902253928836e+02
1.546378695162981103e+02
1.573746354483261030e+02
1.696657101522382902e+02
1.650296143701779670e+02
1.620865211174996432e+02
1.607447511664820183e+02
1.607883860160807217e+02
1.673459398846476347e+02
1.619390248819859153e+02
1.564694316648808012e+02
1.602204267618376434e+02
1.704685137874594432e+02
1.596625136558609199e+02
1.626223030522961892e+02
1.524506839494314931e+02
1.472083701931851465e+02
1.467378738734744275e+02
1.483645609844624289e+02
1.377001000047435184e+02
1.372192337209184245e+02
1.322159491156822071e+02
1.405294467380026333e+02
1.462838402145614225e+02
1.471848943376120076e+02
1.595996785147603134e+02
1.509143337166118499e+02
1.792463940418823540e+02
1.598387347758702788e+02
1.627145748482930401e+02
1.594585060757074473e+02
1.678653315616387260e+02
1.631849045319636105e+02
1.803364497007218006e+02
1.674878199542861239e+02
1.744085128610541915e+02
1.604957571456309608e+02
1.716984888461974776e+02
1.663529783435550655e+02
1.730064816363343141e+02
1.675771697922535850e+02
1.617059757135922951e+02
1.600148525191582110e+02
1.708228237522731092e+02
1.662618547514801435e+02
1.666334468153635271e+02
1.712761592693592831e+02
1.724097499755794729e+02
1.605079515410978388e+02
1.765103959270747964e+02
1.582366687561018352e+02
1.866637643718448487e+02
1.724054982487028838e+02
1.660885550388974536e+02
1.636605140487795609e+02
1.724947787623229090e+02
1.853359054516163553e+02
1.671271397619017023e+02
1.678684055626156351e+02
1.721720958826151957e+02
1.753958923055083119e+02
1.740287311022320296e+02
1.772603390400525996e+02
1.721204026886257168e+02
1.820183274788697076e+02
1.761530848838876295e+02
1.740653919762953592e+02
1.699241252772748112e+02
1.723839288115798922e+02
1.787426032357472820e+02
1.636232250791339027e+02
1.770978723424878751e+02
1.713350886130355661e+02
1.705895213927966552e+02
1.670699876143078768e+02
1.652614190799305334e+02
1.655751607623450639e+02
1.565710570554359720e+02
1.475387770152917710e+02
1.269375455727603850e+02
1.672828382718121532e+02
1.464489067820662171e+02
1.472511639543349702e+02
1.493121222978887488e+02
1.542003759341300793e+02
1.568309552596564345e+02
1.601688285124606637e+02
1.586616856968108777e+02
1.656224702787592946e+02
1.730061328394250495e+02
1.681253669234858990e+02
1.614221602430123994e+02
1.636921227063432127e+02
1.520283963816164601e+02
1.697511833440336488e+02
1.588540997829309447e+02
1.645739677331868904e+02
1.781439955290121020e+02
1.792101185746187753e+02
1.638385179965060843e+02
1.654059035159189932e+02
1.722450459738583106e+02
1.661551955660460180e+02
1.676576836443162222e+02
1.666974504907371966e+02
1.633515924997509501e+02
1.650583751017029783e+02
1.669768442241550872e+02
1.649252255480423059e+02
1.702539286540213084e+02
1.697211909332784501e+02
1.669105859237621416e+02
1.733983266279585109e+02
1.771312230038158191e+02
1.574035848197966629e+02
1.666003569292998918e+02
1.821167725550635339e+02
1.745155697312783616e+02
1.684947286177141166e+02
1.679093565494487166e+02
1.663672142025617404e+02
1.680215406277655745e+02
1.677985910716182616e+02
1.690241819861255408e+02
1.663735109317354386e+02
1.620338656602930030e+02
1.700072192916409222e+02
1.693899792807014535e+02
1.670413994466911163e+02
1.699014507818804702e+02
1.644533097322136257e+02
1.689442966378840083e+02
1.739682443192928645e+02
1.750182680512384650e+02
1.780609470702580381e+02
1.676446737303077157e+02
1.737878275982633056e+02
1.680515173260233155e+02
1.774214231425336834e+02
1.706770258741122746e+02
1.760917993073981336e+02
1.666904861156478148e+02
1.692167022194898038e+02
1.700592111663986259e+02
1.800836393602272096e+02
1.655683032803758010e+02
1.712566029294652594e+02
1.741547948044878638e+02
1.663497858053914342e+02
1.647316473240786650e+02
1.633783960413829277e+02
1.725012159780912384e+02
1.825358873440707725e+02
1.766288018765324068e+02
1.679728341894873722e+02
1.674838282382876571e+02
1.790426097971755439e+02
1.784836412248880322e+02
1.769402858709835584e+02
1.674863349235645273e+02
1.791161937646380409e+02
1.705466600668940202e+02
1.651802232183939623e+02
1.759547899208789090e+02
1.750696048710246089e+02
1.800582919193423379e+02
1.782001595311274400e+02
1.707894543358447947e+02
1.742408681128855505e+02
1.710613777285438459e+02
1.780219023078922760e+02
1.738276356202386808e+02
1.714882783185336734e+02
1.694583176429489413e+02
1.754469303625044745e+02
1.799383481301867107e+02
1.758285012805961571e+02
1.749966981672738484e+02
1.738881080633464364e+02
1.672578957616937601e+02
1.657607999987710627e+02
1.639511902928362588e+02
1.606734372747271777e+02
1.727904932094853336e+02
1.667785427396392492e+02
1.687445066830651399e+02
1.693366994681214805e+02
1.724070813946019030e+02
1.676498414522161511e+02
1.673933717752777852e+02
1.680825013402874788e+02
1.730330319421726699e+02
1.698412973680130449e+02
1.721945458729211396e+02
1.764134316927182908e+02
1.769245815602837126e+02
1.752429096670340414e+02
1.715964766805403201e+02
1.678201323176849655e+02
1.706955656308686855e+02
1.681951575462971959e+02
1.697127320926567791e+02
1.738558271451759083e+02
1.687807143363641273e+02
1.673980159907054883e+02
1.742223662106485733e+02
1.673696927918092854e+02
1.646022091933138540e+02
1.623533559256173362e+02
1.628868405424540811e+02
1.694203634067756354e+02
1.733086176425512974e+02
1.714600893984114123e+02
1.671578611481821781e+02
1.707021536459190258e+02
1.685025930809792385e+02
1.715802080187709180e+02
1.728666631177000284e+02
1.611958690225348789e+02
1.773607125144421843e+02
1.627577084986440639e+02
1.676432894631556394e+02
1.615460603392591850e+02
1.709339063563380705e+02
1.731406903544227873e+02
1.791295876538241316e+02
1.636472863387371319e+02
1.719514715379559391e+02
1.692459313061174839e+02
1.720536865900992893e+02
