2.831065282435812236e+00
3.110862198800372624e+00
7.873933845963925204e-01
-3.382289113701168137e+00
4.894831339360605327e+00
6.693222873586787358e+00
-1.873018935716187272e+00
1.248597436665038085e+00
-2.646022973343211238e+00
3.542780075407269358e+00
6.529176137558994064e+00
-2.170408488051318585e-01
1.211831466303921800e+00
1.209552314817776253e+00
4.276047940817059967e+00
4.690017505367629624e-01
2.995126024947206922e+00
-2.857198251252156762e+00
3.930801784887478778e-01
1.694453074062862274e+00
4.246366825588514082e+00
2.445565016027843264e+00
5.402820854727363731e+00
2.715319302501192134e+00
-1.468711253610047507e+00
-2.148784334318840195e+00
-3.738462475565862864e+00
-2.426222094006669217e+00
7.325375434661421714e+00
7.549573956975056177e+00
-8.912921542249612195e-01
3.055420677293645859e+00
-1.331171465722260194e+00
1.416494502623631746e+00
-7.710060232279845494e+00
3.045079694038153484e+00
1.001169453491751682e+00
-2.286697781045123001e+00
-6.430889406800175401e+00
-2.842669569998462542e+00
-1.988483398902320953e+00
-3.712259095902097350e+00
2.322967227216759412e+00
2.590975274907333592e+00
-1.451015061706129927e+00
4.098496170482680001e-01
9.396957489724831802e+00
-3.092561039204207773e+00
4.349193596967229958e+00
4.875485554250758469e+00
4.673316387087838031e-01
6.092157640786266981e+00
2.893760639124626444e+00
1.973249131024341629e+00
-3.660679805554382771e+00
4.289501899727056866e+00
-9.406239422213902301e-01
-1.535425217634477923e-01
-2.827146619938913918e+00
7.671848383011972139e-01
4.465369209898325309e+00
3.130114430556185656e+00
5.170089030921674933e+00
5.196332011101278958e-02
-5.173923557967214037e+00
1.168843323326250960e+00
3.331780905092596612e+00
-7.059783178669229997e-01
-1.499781410882254695e+00
3.074299970796102066e+00
2.363871783242794233e+00
2.206644546551765007e+00
-3.402496121572340382e-01
2.330235370812980822e+00
5.598620872849821239e+00
6.817047548732123374e+00
2.607315959852006149e+00
1.063663865360811700e+00
-1.162286751826287823e+00
2.857818812288271948e-01
-2.029238517516606777e+00
-4.114191270731938355e-01
-8.913618693809732818e-02
4.210271899446658139e+00
7.529239483282636591e+00
-3.686549083056630316e+00
-4.422247095154304475e+00
-2.840166984824878504e+00
3.365834791543701687e+00
-1.355975588827757150e+00
1.314051120709451403e+00
8.408705782657872607e-01
-1.473659217462319759e+00
-4.110372709151642212e+00
4.858560905241167127e+00
4.189944250511357993e+00
1.161405937084441575e+01
1.542831799805444604e+00
2.502050980774049194e+00
3.516645435776793782e+00
4.800087959064762266e+00
4.807646399183398422e-01
4.644925397965388725e-01
3.007238668989565600e+00
-1.266246141568608374e+00
-9.198754889588580674e-01
6.941164688216925782e+00
1.554781592975776228e+00
-2.771917576919364024e+00
4.103770971816826929e+00
5.660023773875862751e+00
1.781009683021385070e+00
2.537784712556658828e+00
-1.056581541529300061e+00
8.012099276244102342e-01
-2.636141346634976568e+00
4.808953461302995613e+00
9.272092896271736606e+00
3.840187216820437399e+00
1.260080487246792780e+00
6.004030353878247794e+00
1.682035862411464411e+00
1.627720328295519270e+00
-1.315484559705363932e+00
3.012192396073321454e+00
-1.750326055820982107e-01
1.060933708757274330e+00
2.747828413312817464e+00
4.238795886988055983e+00
5.693473349011353157e+00
1.673922609777427573e+00
-6.580600983588646979e-01
2.039509915456422462e+00
4.655124152281742145e-01
2.143739091166871447e+00
-2.183800112526835591e+00
3.296817764532005590e+00
3.715521422698325971e+00
9.070368980682372850e-01
1.461376736738776883e+00
4.818064429030279427e+00
3.794989547285693376e+00
2.919836560622957045e+00
1.006098166298794228e+00
4.128937314393041347e-01
3.450881274245781505e+00
1.481007028806849313e+00
-9.331422178850954374e-01
-2.081484124149356685e+00
7.986580810875354430e-01
2.112724111971685304e+00
6.388981147835006702e-01
7.765563201885358202e-01
7.602603532620733073e-01
1.978083923122236909e+00
1.564086258872998236e+00
4.500802414702336662e+00
1.774748654652891444e+00
-2.084498821854627870e+00
6.327831039822423564e-01
1.053006843264088221e+00
6.178602643831736074e+00
5.365745378561487477e+00
5.961680384710780878e+00
-1.266687715182801544e-01
9.327518074132468584e+00
-8.819570627248753958e-01
5.211806599674705609e+00
-2.551903996594420576e+00
2.921293035195241750e+00
-1.354638829385395260e+00
1.793155831775294917e+00
1.277172798748010818e+00
-1.810898849849442049e+00
1.647069186549264153e+00
4.150369653626797550e+00
8.156992615259211377e+00
2.696330233737692872e+00
-6.583144413198772638e-01
-6.533504698833221269e-01
3.066059967888067117e+00
-4.858637118710983360e-01
6.534412830271325134e+00
1.469613913849313391e+00
4.986124604873608313e+00
-2.631361193885422001e+00
5.976734876005158625e+00
3.271898648228259709e+00
2.047700495172368740e+00
1.602519364811771929e+00
6.414631737726796956e+00
3.644150808546585907e+00
4.980266482677999207e+00
3.048739381211339250e+00
2.196781295821695679e+00
-5.022530931927420284e-01
6.443775602053811724e-01
2.307651367852658897e-02
4.930178971574740387e+00
4.815002047248277961e+00
2.137077287143750226e+00
1.420611654590659967e-01
5.635007731179360491e+00
3.157946106675047826e+00
2.167135802687313095e+00
1.393196523743217563e+00
2.074263813686527680e+00
5.245499011147098045e+00
7.530966732410721010e-01
-1.423277312643410619e-01
-8.180102521977985486e-01
9.200200894063672585e-01
-5.033867141134248380e-01
1.474899030537221156e+00
2.003923484746349182e+00
1.371812015035167587e+00
3.179860125369396773e+00
3.725296830838711770e+00
-1.179203476281034391e-01
1.351051715276292864e+00
5.351787368544707491e+00
3.988772936101871558e+00
6.450636540739900227e-01
5.987662049720294810e-01
1.198113672715078293e+00
-2.039951422632654943e+00
-3.247062310172669886e+00
7.575382852845785608e-02
5.140432681578070984e+00
1.928951868802110781e+00
5.681827547420645885e-01
-6.951540401295508431e-02
2.830253371815617314e+00
1.952616140252821708e+00
1.323352259542589948e+00
3.970085468523258942e+00
-2.481511561149765122e+00
9.995912318020383491e-01
2.029760870018949559e-01
1.105479049977645234e+00
1.702575296938757532e+00
3.893478224346151872e-01
2.548392382464374606e+00
2.233583959971800592e+00
6.974353638204360273e+00
-5.239519622979424418e-02
4.606582135897525632e+00
1.761760943753987618e+00
2.639777644361599229e+00
-2.616490317045299108e+00
1.116111566960771295e+00
3.749429853295256354e+00
1.777694331270841754e+00
3.682047649872633333e+00
3.468665813380346297e+00
2.843601014772534352e+00
2.965476196887197879e+00
-2.966612976611777697e+00
-8.527813719057077968e-01
4.343158479614661616e+00
3.185508789303209909e+00
4.132024639311696390e+00
6.698852229841438799e-01
1.189189445491925623e+00
1.872076448327737674e+00
6.389059451881936802e+00
3.363756907167684496e+00
5.115101858532909773e+00
5.902400798397984261e-01
1.070705113812115084e+00
5.114665069477680071e+00
3.083367504158389671e+00
3.518446943050139275e+00
1.156699646031340789e+00
1.473212120119121726e+00
-3.071301328897232175e+00
2.449409567311728875e+00
-8.223202095944768253e-01
2.040103202459843335e+00
5.644848480993334583e+00
3.578848365040518953e-01
3.354927349972811612e-01
5.846825629907629329e-01
1.425278801296494091e+00
-4.209078096008967429e-01
1.817137618366687413e+00
7.593969347549498927e+00
7.165752623268173416e-02
7.571948251090055981e-01
1.944730790774880758e+00
3.015053716650127891e-01
1.749380618670211218e+00
1.003923528124200937e+00
3.747813248532563701e+00
4.925999640798713664e+00
3.200279530985786103e+00
-8.117254415702703785e-01
1.340744727161475414e+00
8.177713944019957548e-01
7.949178141791342078e-01
2.818065578950762706e+00
3.296374567260059507e+00
1.178241718402599947e+00
1.019603723063041256e+00
1.179604997673179279e+00
1.345585556193243271e+00
8.176076024366321082e-01
1.231658263875706094e+00
2.122612790310752118e+00
1.163425669512058835e+00
1.720151076471498897e+00
1.027517784509512033e+00
5.160314762004731826e+00
4.533605836091271435e+00
4.816514841871979868e+00
1.046079924480625367e+00
4.893911154280091047e+00
-6.228203242130549988e-01
3.298766097822383614e+00
-8.781821242770720959e-01
-1.131610828550364545e-01
-1.038706336296228772e+00
1.415546072217074514e+00
2.499397160744134982e+00
-3.238993719108582692e-01
1.304248569610482189e+00
2.327055672486345816e+00
2.647792332996234954e-02
6.486990635124072924e+00
3.875759472400505778e+00
1.855946200967642179e+00
3.394780711089217196e+00
1.635404103979403168e+00
4.449750569369964381e+00
1.528329874620299123e+00
-3.188737541176587698e+00
2.056260424369186435e+00
4.843575562326796202e+00
2.030628406194303182e+00
4.270574042943524162e+00
3.978874433894975304e+00
-1.385882957528441484e-01
1.402793456083206713e-02
-4.894191451571150431e-02
2.029290317833862822e+00
5.327347162799379809e+00
1.229679546880336538e+00
1.276027666177686370e+00
2.844383071494888338e+00
8.855288408993418070e-01
-2.157750961065245665e+00
-1.531486258018910362e-01
3.062048789142495231e-01
1.581369401197988855e+00
7.445486870967279458e-01
2.737797928795222546e+00
2.846353655016397255e+00
1.648130979985820366e+00
6.584462381172695444e-02
2.609726936835358391e+00
-3.170312891398983091e-01
1.103132688951556029e+00
1.299479161617479450e+00
9.385372832871297089e-01
1.769111537651026245e+00
4.510050322205629847e-01
1.365846148448087938e+00
2.943504279863323969e+00
4.547201352221149406e+00
5.928199243499279625e+00
4.464860925273837822e+00
3.806433537841410697e+00
4.916389620290582130e-01
2.176894749703820242e+00
3.773610039240653968e+00
1.725182553169370081e+00
2.758831964691718763e+00
2.123621705029840712e+00
2.290285971951318444e+00
2.342507434370637132e+00
1.740980356699185050e+00
2.127876758339765306e+00
-1.586157086060733246e-01
2.234155403895145664e+00
3.498549338167711853e-01
1.235722727005732047e+00
3.743831578992003806e+00
2.314122266767291158e+00
5.232342817609423324e-01
1.249980983313704108e+00
2.642756769156061836e+00
3.993583740783244185e-01
-2.540260714733882375e-01
1.455495840975076227e+00
8.073192282504895179e-01
2.282591957823809636e-01
3.468633728007242123e+00
5.545104786408036723e+00
5.081920402210986509e-01
2.771985955129733004e+00
-4.503439121349692709e-01
1.370636378274596501e+00
9.665043025458093240e-01
2.426683754515424063e-01
-1.526217001146135566e+00
-4.948558530457568549e-01
2.907798501118872725e+00
2.258255952032941494e+00
3.092824485805934387e+00
2.367905580446003633e+00
8.283810461695756411e-01
3.210554506767515193e+00
7.420699392311749243e-01
4.157683919690853269e-01
3.065898499952792733e-01
7.436348397005749788e-01
3.771364745845833699e+00
-2.667766329821783522e+00
-9.583436564412861625e-01
2.484030199989928356e+00
5.496495414265085699e-01
2.044819140959138970e+00
5.281930798306555541e-01
2.193514360486449988e+00
-2.488527264906004177e-01
2.224489303721442823e+00
2.532787579133042755e+00
2.277373876129655805e+00
1.255951794374045694e+00
1.782441031608775761e-01
8.931826959699189494e-01
4.211027288548523373e+00
3.431088525512981491e+00
2.287996223934812168e+00
4.124837182786642131e+00
2.312016693773346621e+00
1.269390653972512162e+00
9.321305025737224303e-01
2.389338519147182982e+00
2.379350601544451216e+00
1.131621945315938849e+00
1.797516707532977209e+00
1.866674940277772698e+00
1.482288997454174417e+00
4.176215257091222988e+00
1.626169426907956073e+00
3.181506428514248697e+00
3.177409778730870826e-01
2.935201249664576295e+00
3.498337833904268557e+00
4.859368055432738309e+00
2.930710464662417358e+00
2.523758334088858746e+00
2.213602470151701418e+00
1.410179731708003814e+00
2.319079489200750466e+00
2.149747043742332164e-01
5.442433601340840532e+00
3.008774321889034375e+00
5.775276744516391059e-01
2.581119627370148439e+00
3.522355856716870015e+00
2.336703778256451702e+00
4.739859582647644176e-01
-1.365470918297731151e+00
1.921273406237087533e+00
2.699899959475473565e+00
2.704669643701233195e+00
1.772037019256049950e+00
1.640622542159479780e+00
1.954203943867965476e+00
4.450518725575152601e+00
3.218246184597699067e+00
1.697773379424887708e+00
3.719042729353236876e+00
2.440060313602058439e+00
4.786970541147868907e+00
4.952231499803676051e+00
3.708357411116819602e+00
2.911984637642820228e+00
3.719292936839208252e+00
1.544564280633430542e+00
1.061870655163395849e+00
5.168906370698797659e+00
3.477348567944277491e+00
1.967464136688664711e+00
-2.725095179585923511e-02
1.267471317253886731e+00
-1.863855078445575408e-01
1.940928980702347983e+00
2.028572890803332918e+00
3.828530521698427225e-01
2.406777695843878462e+00
2.642761041085043061e+00
6.311537240588642739e-01
8.114825014763590305e-01
7.002842104406579171e-01
4.985088979082619165e-01
-3.468458474629589894e-01
2.269628127716406762e+00
2.833243734199700548e+00
4.515902875845581477e+00
3.153404717440382754e+00
3.040462325148586054e+00
3.057451169809190628e+00
1.709528057892993225e+00
1.537469655077536190e+00
4.103255769249721574e+00
2.986544223310888313e+00
1.820399552670929344e+00
3.983477300386680131e+00
2.257330366151970136e+00
3.186596216903781809e+00
9.147831449506262924e-01
2.457407829798432086e+00
2.051690162543584162e+00
1.018222903196702722e-01
-7.783501209636887186e-01
2.881440989717602541e+00
1.861356428756735681e+00
1.510617091317161265e-01
1.163407888026473325e+00
-2.847953018777440448e-01
1.797234308603428588e+00
2.536028035889696497e+00
1.074827805260176738e+00
3.698529002269401733e-01
2.777201260296635610e+00
2.119349866558986051e+00
1.450482258798132529e+00
4.482316969852416122e+00
1.415095790676538900e+00
3.909960140510180260e-01
1.885652493347303782e+00
1.527303971344486699e+00
2.258797789863914662e+00
1.000835581499880944e-01
-2.425172024224868661e-01
2.528700092709326719e-01
1.580356175999989121e+00
4.155176742359439679e+00
3.774254522062677975e+00
7.290454155949666060e-01
1.190868564685227948e+00
3.074974314652890062e+00
1.235909288252650784e+00
2.586424096075154111e+00
3.391610710678147900e+00
3.861475525619873395e+00
2.006587405397739943e+00
1.405309767733954773e+00
2.529877641926975507e+00
3.197373222496544543e+00
2.285338596258493116e+00
3.791141768872788198e+00
3.059984096929894370e+00
1.399271252662392495e+00
-3.292844389305853436e-01
1.276011578224469867e+00
-3.192352308635260094e-01
4.651393679804488590e-01
2.315563247657691726e+00
4.151666208420301540e-01
1.244428559894225517e+00
2.478781800384074696e+00
2.230830140382330296e+00
2.180315765215897983e+00
-2.271263225251768381e-02
1.220706478271997630e+00
3.957346463588978125e+00
1.808451084288917876e+00
3.436872329014661887e+00
2.214293887562549301e+00
7.828769304078431190e-02
1.923064369850912225e+00
3.077185587007719825e+00
4.240726282305210759e+00
3.189541347241714231e+00
3.489337735858722311e+00
1.805606724573385558e+00
2.230735324646008877e+00
6.040572422755968729e-01
9.468730866138572733e-01
2.656154370417733723e+00
3.852009549332011673e-01
3.470260262828763320e+00
1.664086629110259841e+00
3.281381934107366227e+00
5.022393366778953094e+00
1.897011165183700943e+00
2.714054536844789922e-01
-2.818982993008134930e+00
1.939057710041218519e+00
6.410130025174282098e-01
8.201796329449323464e-01
1.720260288739459131e+00
3.067047126957992642e+00
2.491716042678961074e+00
1.707014792738683617e+00
1.847943643424725391e+00
4.481182337903884871e+00
3.766395297224022443e+00
2.565208868250300256e+00
3.846862556588528381e+00
-4.658236484941498112e-01
3.921520257538240628e+00
8.632675324746864609e-01
2.423981443000141844e+00
3.146345727912857715e+00
1.075471375374180694e+00
1.865455724542143257e+00
3.249232680056415745e+00
2.536069483451425466e+00
3.482547223555572558e+00
-1.595426207771696303e-01
1.003712515744514810e+00
-9.327640916906440038e-01
1.117554853247303415e+00
1.968323892637622752e+00
2.664281445697620043e+00
3.867559030316761737e-01
5.653667220460043552e-01
4.834409962469016220e-01
-5.453141681505381255e-01
1.078958955282516285e+00
2.155616486981721369e+00
2.014657579918829988e+00
1.735222469301090698e+00
4.833055419821901677e-01
4.558948331308124935e+00
3.205963225167927533e+00
-1.179238614108106820e+00
2.794576843712050174e+00
-4.217240568085942609e-01
2.981217663085970138e+00
4.446023036761457270e+00
1.023373464567874702e+00
5.421786209626937580e-01
2.455563339534458045e+00
2.600737181312671176e+00
2.058931359986175380e+00
2.361443497609026387e+00
4.216639102103899361e+00
2.915166224858999122e+00
9.424800987899812910e-01
1.829400226831000564e+00
5.912633888063161258e-01
1.434820170610969781e+00
4.605977684297202224e-02
-1.363497565336422301e-01
9.456789560678334761e-01
1.336623317073726724e+00
3.096049230032420052e+00
1.736715114461053755e+00
9.335713642821862335e-01
1.511512920899361179e+00
-4.086535662235910582e-01
-8.426086900359521792e-01
1.348788076287110727e+00
2.902663267836476102e+00
1.931188015552682602e+00
1.939396608649264442e+00
5.410813699971663837e-01
-2.673293114278858518e-01
2.195358853070470850e+00
3.067503802366513987e+00
9.185777353947590651e-01
3.655131082866061587e-01
2.386226736847863350e+00
2.886447873577268286e+00
3.030404280965962815e+00
8.612894121753297272e-01
1.582165438458146944e+00
1.156539893097579430e+00
-4.931941358738722858e-02
5.890579841823746499e-01
1.051136810240999253e+00
4.330726790720230923e+00
1.650527687879174144e+00
6.812325431881982585e-03
1.433539649063652721e+00
7.223503225154956908e-01
-1.981042754395471395e+00
5.062413198738333620e-01
1.600987214798300418e+00
2.421323368890035965e+00
3.711527743017888348e+00
2.316289417786415505e+00
1.500967374117863296e+00
1.103082811453839351e+00
5.062369841533063131e-01
1.378218210331876747e+00
8.333662475752354748e-01
-2.640523848466984624e-01
2.738747790118611913e+00
2.627297161360954370e+00
2.208410407426388389e+00
-2.617851595545950261e-02
1.469704500882111908e+00
4.966284161880546444e-01
3.757570723740595309e-01
1.998778247219242576e+00
1.355958455811935082e+00
-3.597469708554759116e-01
1.311333648548113739e+00
2.774853317149073018e+00
1.782703180049044045e+00
4.191717972681876070e+00
1.007350493865661001e+00
3.378716719277926828e+00
2.685725709024045393e+00
1.699321103611415307e+00
2.460996018354716375e-01
5.865192745751680592e-01
1.447486332398862041e+00
-2.623561772849815066e-01
7.997684863479926909e-01
7.667194863520127024e-01
7.403801978423050212e-01
7.951040075978876853e-01
4.188968162009880647e-01
1.419715019708298831e+00
2.031442315139440957e+00
2.723892126018180981e+00
1.101927676591355265e+00
9.107869206592691391e-01
3.831889998060554081e+00
1.627402085350229122e-01
1.219276485611676231e+00
2.723882411036740336e+00
9.492718669896995642e-01
2.607252631146541155e+00
2.028476171077589818e+00
2.582912609568743800e-01
7.964607679639419402e-01
2.408771836299252289e+00
1.394680975104755749e+00
3.644918727265839653e+00
8.616364378350227504e-03
2.282703112104597754e+00
4.167258454662670530e+00
2.322839689696798438e-02
2.622992940560745723e+00
1.369775463823135864e+00
1.040975169172009274e-02
1.395296250798652604e+00
2.666821607204876265e+00
3.674665046448343020e+00
3.376839577556970173e+00
1.314348301874743941e+00
1.579838821569654161e+00
4.352745201950599663e-01
1.594735304355106686e+00
4.019311352634774792e+00
1.404055406089883995e+00
2.585544740674655007e+00
6.302814233720465120e-01
5.698703979436086087e-01
1.890241603008674387e+00
3.076200281940079773e+00
2.941410659562552432e+00
3.366793020595524766e+00
1.881136739394703383e+00
6.820961791153969944e-01
4.056362461497258209e+00
3.564473993019797060e+00
2.640794894891866473e+00
2.191538685347241611e+00
2.353733710333103524e-01
2.422317102546465151e+00
2.529734291729813123e+00
1.464154731077005778e+00
-1.721601887055226321e-01
2.011694132732926299e+00
2.873029806064906211e+00
2.135303373890162781e+00
3.261201785008593923e+00
8.844566053386286875e-01
5.491377829230777996e-01
2.753096832471429445e-01
1.173974222307158755e+00
4.361547749043710454e+00
3.782790409255054609e+00
1.197829141173662126e+00
2.940602643087730783e+00
-6.817516308566209382e-01
1.081188889672760167e+00
7.638059694588201776e-01
2.390269973107656210e+00
1.381772800209494001e+00
3.127192104057338273e+00
4.063174544462222926e+00
3.463150647407831961e+00
1.365173397353659279e+00
1.945247123094844932e+00
1.070630642846961855e+00
1.232497670074514939e+00
2.200218737527958268e+00
1.842300900586680834e+00
5.240584566019065527e+00
-3.988133426236772916e-01
3.015990692579217480e+00
1.935435303325406586e+00
8.947543105610795688e-01
2.637612620804139496e+00
4.712399984291892885e-01
9.891148230239499295e-01
2.460206265263698899e+00
2.690971419605733939e+00
1.144956835900269532e+00
4.465631440108377426e-01
5.217079253664558269e-01
3.759772368338217596e+00
1.697001283222665302e+00
-3.348482414292210940e-01
1.829136151603903304e+00
3.150891406317894550e+00
2.067101145911549587e+00
3.123286367402688946e+00
1.607475520539227487e+00
7.498237968318097746e-01
2.573960567717842984e+00
1.980301124618653485e+00
2.153690123998812211e+00
5.323071697563476867e+00
2.067114342611139577e+00
2.336864169795795920e+00
4.323223395143644510e+00
9.196515992397638062e-01
4.860696840982491329e-01
2.400596031426187160e+00
2.834401044338852760e+00
2.157070629039787413e+00
1.795405555341454962e+00
1.634207726170676445e+00
1.768927997549484710e+00
3.005224898253477939e+00
3.125942608292119118e+00
2.365450585266824390e+00
1.013448601517459302e+00
3.673375166075044884e+00
4.878796309592579483e+00
5.470065993815905081e+00
6.960401165723432371e+00
7.359325774589080993e+00
7.107801036373230907e+00
4.766609984990409998e+00
4.092915572486413467e+00
5.412476361934759339e+00
3.389542445711747565e+00
1.647830320833447715e+00
4.064011819419504512e+00
1.211030998446098517e+00
2.742748229172693897e+00
-3.480922541589490660e-01
1.460257378522818783e+00
1.060918942861359238e+00
3.401744291037882562e+00
2.370312159853313894e+00
2.752098185902282168e+00
1.125472629711192329e+00
3.582903771908763968e+00
1.668204745947126977e+00
1.109269198475327123e+00
2.185725285152492425e+00
1.079189383796278046e+00
1.657312419943413717e+00
1.225469793859340406e+00
2.385905598358369906e-01
2.428456419566511482e-01
1.640492122416401077e+00
3.470352634534163094e+00
1.293584708555235441e-01
3.603906614057769686e-01
1.924881518019034399e+00
2.964475048824393610e+00
2.317792882697622847e+00
2.494634992702396303e+00
1.085188718564458643e+00
2.225169257669489475e+00
2.692257240260283346e+00
2.159248826048933978e+00
7.209166310690904300e-01
2.001866896286995878e+00
1.618181785959935670e+00
1.852918761158985683e+00
1.698274765632063588e+00
-3.742759256315411065e-01
3.801006684795036339e+00
2.545094208763334365e+00
-4.049506088392479386e-01
-8.375563698868426776e-02
6.430662897823595792e-01
3.069336132175572551e+00
1.640938142882047091e+00
2.370409832871506861e+00
1.452073013174437266e+00
3.747256373549368469e+00
2.331461077233064394e+00
6.044749858917399798e-01
2.033391079746927232e+00
3.626059293246906012e+00
8.083573255731439922e-01
1.851959302547107056e+00
1.020023768768596906e+00
4.862421841939317702e+00
8.732570358574529568e-01
1.549536348062446001e+00
6.040460085868328832e+00
2.253220200505142046e+00
4.952047804937022235e+00
3.488708086404524344e+00
3.295125647713136541e+00
3.333990191822384652e+00
1.678938442253784080e+00
3.247149153994262516e+00
4.082262336456121687e+00
3.010086266524391263e+00
1.487659086282027365e+00
1.841354393842020265e+00
2.376293073878519735e+00
9.813762951937261558e-01
3.951217686560081876e+00
1.840689005993251470e+00
4.419442196725658079e+00
1.033131287903832352e+00
1.740708417743808800e+00
4.031863036347137497e-01
3.595582733961025568e+00
4.831262894974665656e+00
4.057092429025376035e+00
1.176869487101660727e+00
1.323752348820176561e+00
3.131693176567831749e+00
3.034740205403645419e+00
1.746169243507182056e+00
3.471196244992478697e+00
2.728062396079769414e+00
2.926299101641388400e+00
2.149843043636201489e+00
5.606745606775603852e-01
6.541233649799972349e-01
2.192214103198335984e+00
3.963196918370421429e+00
2.255365370857028484e+00
1.934581064659619765e+00
7.994016665140205591e-01
2.690874848835594690e+00
4.687928479631713330e+00
4.327684958982548125e+00
3.282052927897989303e+00
2.302118020152794209e+00
1.798215801768566546e+00
2.529271076763401904e+00
9.684844537038972412e-01
9.070081377973928660e-01
2.698997765373555069e+00
1.944039378241996241e+00
8.561616527750851580e-01
2.877345892597732213e+00
2.236975818142481920e+00
2.799725607971031316e+00
8.406448674367387186e-01
1.147974817340629894e+00
2.656745059674133991e+00
-6.264178904440642626e-03
3.532973125934040670e+00
6.887670471678958295e-01
1.931072308717650454e+00
3.817616240476359835e+00
2.857972750363664272e+00
3.255356909195485926e+00
1.178002107525815800e+00
1.326286362084903026e+00
1.369712588899061778e+00
4.585025250854810608e+00
7.664694689673623440e-01
9.268117499884971355e-01
3.263692199801886407e+00
2.241956475678321237e+00
2.165930579093163111e+00
4.388486296441920231e+00
3.310703295933532964e+00
3.044259119239268063e+00
1.103287870351677746e+00
1.782595585014506767e+00
2.706495217610060511e+00
4.109793467284169388e+00
2.502978666501231242e+00
8.518365173380919586e-01
2.046667350163579702e+00
1.241155091715667069e+00
2.122207571491234734e+00
1.967616283757429585e+00
4.020090037610074774e+00
2.802124435868418750e+00
2.292302518083025653e+00
1.942338157886187355e+00
2.246931217946561254e+00
2.456982271148572483e+00
2.863475600519783892e+00
2.506573023116913657e+00
4.939085177619554123e+00
4.678223861803463279e+00
4.418417168523108174e+00
7.546061099016291074e+00
4.864317929415555852e+00
5.795998911800625208e+00
4.306375824048163992e+00
3.019888720720419251e+00
1.639916952976471665e+00
2.886496411116031169e+00
1.251947616491291493e+00
2.891293911399838823e+00
3.032832085222405105e+00
1.786368835479262618e+00
1.360027491632745278e+00
1.285965752126320361e+00
1.346725963065503295e+00
-8.057254265431357254e-03
1.912009683864558385e+00
2.753557428722241518e+00
2.393881138291281019e+00
3.151171779383425076e+00
1.669189252319368766e+00
1.217627934321330319e-01
2.185107394377617140e+00
1.612725697031643257e+00
1.554044082127397974e+00
3.852012495815412940e+00
4.581738953568626371e+00
3.852057118522928203e+00
1.900917956028246314e+00
1.871709481067296510e+00
2.842590915532345441e+00
3.418692362121731776e+00
3.265551746762991314e-01
1.427221743368733531e+00
2.025450462062801549e+00
4.736203246754666196e+00
8.192027646387363138e-01
4.893676389645429836e+00
-9.569328008266109187e-02
2.488199168179288545e+00
2.840490926105830205e+00
4.308247256452880869e+00
2.012560234229578970e+00
1.973479258682306892e-01
2.604631536989029605e+00
5.066421612965014809e+00
3.430338237926818135e+00
2.518848656055591828e+00
3.007352512291099345e+00
2.594679049710605589e+00
3.335822544300301118e+00
2.083557297789932594e+00
2.498272222782802476e+00
2.107243194960899846e+00
2.715988569809524300e-01
6.988703934078972502e-01
2.461517703189279427e+00
2.746017914555512363e+00
2.506549117369802016e+00
1.940922974427995440e+00
2.882566181565165309e+00
3.213698145079023405e+00
2.016435561025466949e+00
5.016816222182866269e+00
2.244838041483642854e+00
2.626104463710882797e+00
4.213549897089757579e+00
3.233361166549804544e+00
1.012934051865661322e+00
9.917553760662352058e-01
2.327342810785808513e+00
2.717147798532154379e+00
1.811881405454180527e+00
1.489543041610586149e+00
1.332401403922825134e+00
1.019292339936273883e+00
1.274109527156874755e+00
2.254014481233979517e+00
6.355452834738081203e-01
1.268339471411628505e+00
2.959442817589758690e+00
1.264202687295175265e+00
3.332355537541629165e+00
2.711911412495870977e+00
2.605896932746007977e+00
1.686331018669617654e+00
1.884790931857052154e+00
2.629569716562939696e+00
1.244373171612181750e+00
3.043799534650431848e+00
5.938607327437170902e+00
2.912735488173631371e+00
3.375932454477188038e+00
2.317270734594385928e+00
2.026165928874064548e+00
2.973952345547017373e+00
2.248312656900059547e+00
1.590112560041867518e+00
2.686191101974368500e+00
3.978265883193062624e+00
3.851047662481969169e+00
2.479302452639632559e+00
1.470605939767530845e+00
2.312326051692595641e+00
1.618705835665976256e+00
1.516341519117970327e+00
3.762058372491503988e+00
1.820982130842296876e+00
1.915049278115000808e+00
2.720999306732775569e+00
3.213292634922360946e+00
3.558118828251148891e+00
3.116198564277671501e+00
5.081029126333669321e-01
1.387365857802994595e+00
1.623255881812251999e+00
-1.576193337905491543e-01
1.755220071397100234e+00
3.253126537520151018e+00
-4.959976959326919399e-01
1.573771386428815866e+00
2.222838084265362557e+00
9.982876112443821448e-01
1.725632400959167922e+00
3.375659255018657934e+00
2.924541890723483473e+00
4.702746140476242509e+00
2.605005406288029679e+00
2.504525006853529856e+00
2.514398836672083526e+00
3.703958956810721403e+00
2.956236263193663394e+00
1.884820119850675990e+00
2.231119138011023573e+00
2.829256179513153224e+00
3.287315678292713095e+00
2.273860801618688310e+00
3.385188875547533449e+00
2.617900849626642934e+00
2.409780775949568632e+00
2.975169830124212211e+00
3.563244952650012287e+00
1.094217633334890083e+00
1.681897883770284263e+00
3.435099909096539950e+00
3.722287052689636333e+00
3.062945026891589428e+00
3.001990880650723170e+00
3.406771603384200375e+00
2.074136467468306488e+00
4.141552183503440787e+00
1.745073769589522650e+00
1.909952316232144121e+00
4.154769371009929380e+00
2.959894006392369104e+00
2.620680487314925422e+00
4.066645609811374129e+00
3.697336137388976152e+00
2.263648763770271799e+00
2.175441149087358195e+00
2.392206996856581114e+00
1.934421594399648781e+00
2.431458074919160772e+00
2.998281403609820206e+00
3.742849337739633242e+00
2.926429048127615840e+00
4.081239039375394562e+00
3.816991548613858587e+00
2.370243706617243262e+00
3.691066243854280060e+00
3.855475916356730259e+00
4.367831583679053331e+00
3.481590695704927185e+00
3.331185784156771579e+00
3.474791096259278067e+00
2.992874987461804803e+00
2.564103568731968430e+00
2.239601647126121087e+00
2.780246619381848472e+00
2.276542646493908251e+00
3.229041296536082850e+00
2.203995691943984703e+00
2.426042043477844690e+00
2.925607098221299829e+00
2.338332035046478019e+00
2.823624957622840714e+00
2.984711540579421563e+00
2.360212561463364889e+00
4.609084336121779479e+00
2.370294085405079354e+00
4.327489186378090658e+00
5.237428595709596735e+00
2.032773607573829189e+00
2.827439126892142163e+00
2.440982400503370009e+00
3.350257721432158498e+00
3.967335223041960290e+00
3.195525197611679857e+00
2.176938392401356559e+00
3.208180162120805257e+00
3.137806096275273404e+00
4.448126074621265857e+00
4.313287380784159630e+00
2.517939759449840942e+00
3.716315064045647709e+00
2.601932473211294727e+00
1.999282062850304964e+00
2.325847880406072044e+00
3.951998614610454208e+00
2.357142354826874620e+00
1.498632259755273921e+00
3.699198487464808061e+00
2.368398491205376821e+00
2.643253232805245379e+00
3.234799370378176775e+00
3.089620607375235917e+00
2.625058260141963196e+00
4.018488096581343427e+00
3.836300595539039016e+00
4.854572908296168166e+00
3.377597755953000380e+00
4.457098243041468066e+00
3.347185136516010129e+00
2.749492690423895880e+00
3.617545735353651981e+00
3.840631829653875506e+00
2.460641179156285219e+00
4.811240681908082628e+00
3.264068957392946668e+00
2.264111880994807979e+00
2.254745885236736136e+00
1.796689712392993021e+00
2.993418054385601934e+00
3.494497288084788433e+00
2.685685137515706700e+00
2.159498474053240358e+00
2.458140676918840306e+00
4.368551156509201228e+00
3.167804064235181460e+00
3.234390467840391192e+00
2.848812650690520254e+00
2.781123442701968873e+00
2.840907445971399881e+00
4.226190504498188005e+00
4.034846633398004201e+00
3.715794096018742998e+00
1.411180267326803239e+00
3.821825250702020504e+00
2.922330793651252367e+00
3.329995998698734194e+00
1.772834385979191740e+00
2.005396007956099513e+00
2.364798911407627102e+00
1.376679359416020265e+00
2.755038574741486279e+00
2.750513356451597780e+00
2.708559444636854163e+00
2.043387637559063386e+00
4.219045374536604776e+00
4.556178296200795508e+00
3.708862773291818016e+00
2.751393271071245206e+00
2.863345092044314200e+00
4.751522739379805849e+00
3.596517817556221353e+00
2.220648159482195627e+00
2.368699313018765462e+00
2.112862686262515499e+00
2.715003453811917211e+00
3.570355073640309573e+00
3.298688333000335149e+00
2.660043472809250353e+00
3.448815502704696723e+00
3.407039555541901965e+00
3.884421070721658875e+00
3.517821203880126646e+00
3.083030942232588778e+00
3.748356144620983876e+00
4.027197396697192566e+00
3.030742156800600107e+00
3.852412189832817635e+00
3.431785982759627096e+00
2.882879916330677084e+00
1.879223574527388863e+00
3.189776878501915824e+00
4.141372973840765859e+00
3.633101706298244693e+00
2.368421381881295140e+00
2.487788479040550005e+00
2.850781625569055233e+00
2.098526190136212666e+00
1.861671525744253985e+00
4.243243480811699442e+00
4.130937537939983528e+00
3.675433607740564934e+00
2.779032901715807746e+00
2.308556527400091429e+00
4.561601289847354579e+00
3.887466469345880249e+00
2.993309700747290414e+00
2.984667078992226052e+00
2.472447333798753366e+00
9.918260638588789480e-01
3.183014396640436061e+00
3.411387434432253229e+00
2.653933458962338676e+00
2.028395514867052274e+00
2.213101907253705924e+00
2.508537498928215648e+00
3.135493259854102543e+00
2.289205836179948328e+00
2.342460228681351619e+00
1.143116426550293108e+00
1.795216134826892684e+00
3.324323369220716806e+00
4.082157219154794348e+00
2.703608956032665045e+00
2.884485893685629687e+00
5.406415911780849903e+00
5.535564851317013257e+00
4.153101657035414895e+00
4.169606946110776313e+00
3.118728236258460740e+00
4.013412464828875592e+00
2.651633161756835833e+00
3.106470289367571525e+00
2.999206540890453354e+00
2.502604353624922506e+00
1.224523068369876899e+00
3.377646624705201717e+00
3.609139964699605407e+00
2.191883225511912059e+00
2.021304555756355370e+00
2.624389588553019070e+00
2.703405800830962491e+00
3.761942647380683624e+00
3.518535810841556088e+00
2.761937035425697573e+00
4.895139647440490016e+00
2.753899882127796239e+00
3.554009890929930471e+00
3.376937304836046483e+00
3.407455949178264110e+00
1.783007298423290310e+00
1.943124815242384784e+00
2.754811181849023516e+00
2.607655711117017550e+00
3.408661237171532132e+00
2.941268611497447338e+00
3.407156724223582067e+00
4.496069965739994956e+00
3.681234950777365178e+00
1.492305710860984735e+00
2.701023362002588968e+00
3.886627481652563887e+00
2.756858962366148802e+00
3.970201719413869235e+00
4.657188600451947380e+00
2.182976763738027071e+00
3.793094021811731054e+00
3.880026709579210475e+00
3.784277483224420813e+00
3.039030278238809224e+00
2.224990503632044536e+00
4.794212195121056119e+00
5.183780656168678114e+00
1.162471732400125912e+00
2.866485553063411462e+00
2.888820453024806945e+00
4.354529065289165501e+00
2.901950823078810249e+00
4.747398490103206470e+00
3.084893437422441931e+00
3.376396833301151812e+00
2.638896205498524772e+00
2.461695975928690938e+00
2.735146646896720934e+00
4.210911158862399972e+00
1.975243884785596649e+00
2.626761510303928127e+00
2.845157001751568160e+00
3.876580183770993226e+00
3.677777111055750670e+00
2.151946923167381787e+00
4.064929303739805988e+00
4.227982210745059533e+00
4.183649665087314062e+00
2.700549577557353143e+00
3.565322899214025121e+00
2.765760709276162022e+00
3.370038675012461127e+00
2.486376753994447242e+00
2.966078224446702105e+00
3.843692337656909430e+00
2.553346906557566687e+00
2.122658509034512253e+00
3.986002420816331604e+00
2.769190169925132228e+00
5.095641843425639195e+00
3.360347370907515341e+00
2.925855251593149742e+00
4.571386577896704217e+00
3.309296581020395589e+00
3.750534433987141814e+00
2.295764814455163894e+00
3.328697953228894058e+00
4.063247494502270740e+00
4.343924944578136049e+00
4.160292479502612828e+00
3.347968594957144273e+00
3.759902115524124344e+00
2.855214713138401805e+00
3.055649673923208187e+00
3.154339265429804140e+00
4.131865826565638500e+00
4.082298844874231669e+00
3.300539318543326495e+00
2.086604021745530169e+00
2.522096069391730477e+00
2.901558686598228132e+00
2.040712124288437845e+00
3.408322002533172412e+00
1.842379048025613031e+00
4.001134481664978537e+00
3.729360034743717023e+00
5.125528777706174210e+00
3.022424655076985545e+00
3.226457093134016407e+00
4.095389054352517988e+00
3.055006678973275047e+00
2.142360051278663136e+00
2.672439319087711596e+00
2.978784131121801071e+00
2.170038126426817371e+00
2.257681935307042309e+00
4.137612531748635192e+00
2.338378971506682724e+00
3.438495097645834164e+00
4.275591703684254341e+00
1.804759817079662376e+00
4.583279382625111253e+00
2.898595179610480077e+00
2.585927805718283512e+00
2.811592529946920216e+00
3.017321805843778293e+00
3.853826258891070555e+00
4.262652890193675326e+00
4.503917711389265222e+00
2.913129254000005108e+00
2.459765581702324955e+00
3.668257674780059929e+00
2.851696148524848873e+00
2.975533765484948745e+00
2.573581329071876755e+00
2.899863350653685501e+00
2.307950649258642351e+00
2.745004561954093258e+00
4.010043866984319472e+00
2.082610846781682401e+00
2.590087466088610402e+00
2.545790884271251553e+00
2.933393135489734682e+00
1.966475888448257159e+00
2.933936529050634956e+00
2.300541424393656165e+00
1.234627425471781281e+00
2.544138159188907178e+00
2.886567540490354578e+00
1.626605482927007129e+00
4.358182349533027633e+00
1.567184076234763968e+00
2.431885429072461413e+00
3.030264260343868976e+00
3.903023900973593197e+00
3.704017565816462465e+00
2.744603190604122389e+00
3.833141505551806993e+00
2.759741983371867935e+00
3.104139065191381164e+00
3.102788144893539268e+00
2.053229672758575042e+00
2.948188377963509410e+00
2.696751877972398681e+00
1.653024163985429729e+00
2.749021882373003489e+00
3.205411112079200375e+00
3.325717246935519178e+00
2.952630520463948471e+00
2.496223895104148660e+00
3.185023541855760421e+00
4.862800422753197793e+00
3.230597412075994157e+00
4.020212690426851587e+00
4.340501850518016624e+00
3.031282747857858784e+00
2.389365679553221433e+00
3.725193158051024245e+00
3.211617907802956307e+00
3.579269930516234766e+00
3.686148426532386946e+00
4.468810286021944300e+00
3.655199898822286020e+00
4.070531725404012313e+00
2.350947914856848620e+00
3.897979620138938728e+00
4.134358994686078148e+00
3.947328263415314176e+00
1.310459332223396833e+00
4.250028589533615175e+00
5.045430143535184264e+00
4.604718465530178939e+00
3.456451948328844725e+00
3.312567542335692394e+00
4.370619839155318154e+00
2.822374159756841028e+00
3.105355831787987242e+00
3.688868829873294342e+00
4.185306032843477020e+00
3.381324310245215070e+00
5.306153937189899139e+00
4.385040722270282743e+00
4.727642727968638603e+00
3.306456676410985285e+00
5.373432999738379401e+00
3.746552038985127897e+00
5.224151595505366785e+00
3.070504148915563114e+00
5.758814433571779468e+00
4.339723879098857040e+00
2.415311401543365655e+00
4.757795986148335210e+00
3.944335381287632281e+00
3.021990277282614823e+00
2.913203349587457858e+00
3.957768924129191568e+00
2.931553095780680795e+00
4.429841129860791149e+00
3.875676712990682837e+00
4.882512006090751200e+00
5.979972564597252571e+00
3.539421452131497947e+00
4.389246717819116128e+00
1.685307328469642041e+00
3.728876306504874449e+00
2.331190808138716264e+00
2.629836836112132481e+00
3.172033148811441716e+00
3.699879349319595612e+00
2.564201208117472319e+00
2.523779355891601739e+00
4.760483056611274577e+00
3.480396189974093613e+00
3.874149746576806219e+00
4.521353972775835395e+00
3.347336940351583578e+00
3.087021562108450912e+00
4.391896639619131903e+00
4.375822996227626049e+00
3.234932747945978626e+00
3.172081824261753003e+00
2.070568420957929590e+00
2.962745383520315023e+00
4.967297909170319770e+00
2.606351814271787859e+00
3.321009067475958254e+00
3.038790153216813117e+00
2.943691561467184137e+00
3.186976428241379722e+00
4.093103400136675951e+00
3.214285880480997726e+00
4.096742818840408695e+00
3.952410373094616070e+00
2.910964352822299261e+00
3.682812583504727399e+00
4.977150642456248164e+00
3.043782155714888304e+00
6.114618767229250018e+00
4.687027532775761784e+00
4.195813877557196037e+00
2.117856159545113304e+00
2.256531100578817117e+00
4.595724535212651674e+00
3.205136066858381483e+00
2.131742863442608993e+00
4.320774556081351747e+00
4.582478411725405820e+00
5.074850236175731943e+00
4.398382848158631120e+00
5.580295599503428683e+00
3.833638622955753750e+00
4.224594560913256913e+00
4.505305308492291161e+00
2.775620001348505284e+00
2.335364772778517839e+00
3.927545188723408298e+00
5.377060294498995141e+00
2.139075482110265991e+00
3.070048091475579000e+00
2.862945760788782490e+00
3.374898580367776457e+00
3.594852813227340071e+00
3.338441109041759169e+00
5.423555954765430620e+00
4.820927104394010954e+00
4.321904276703023129e+00
4.116830561375830477e+00
1.220635541570369131e+00
5.597942125598329710e+00
6.040591148672627142e+00
4.316312152477889796e+00
4.407341201903703265e+00
3.723883363790203127e+00
3.711101488329518361e+00
3.436607248803028369e+00
2.249986800697358014e+00
3.524044574108768479e+00
3.446920324271057989e+00
3.803848655258160072e+00
2.592066358561311290e+00
1.062370357205989935e+00
3.480366909192606162e+00
4.135411180944031706e+00
4.081775386845583498e+00
5.496929309349535053e+00
5.851293430132773032e+00
5.046819498988468489e+00
4.602250027537049704e+00
4.166700101500520503e+00
3.093807124953927179e+00
3.808850632314265461e+00
5.626394064979747256e+00
5.426196847352295904e+00
4.563653022501425127e+00
4.982351996249825277e+00
3.498641500331925780e+00
1.795014169075491495e+00
8.138830500050419303e+00
3.928117269159864478e+00
4.328832366620191330e+00
3.880589870769473482e+00
4.696387959539428891e+00
2.263536831974934938e+00
4.888460986277894271e+00
3.697904924373869306e+00
5.253383491908132363e+00
3.128202115724651122e+00
2.349570023755610748e+00
3.213567496764933473e+00
2.331959958660899446e+00
4.209992007242556511e+00
2.677405804956756175e+00
3.020710079493869493e+00
3.452133815951695439e+00
3.868817203605104726e+00
5.349793814015955995e+00
4.701157413796018147e+00
5.261448385000908168e+00
5.444878257433365398e+00
5.504621578811407012e+00
4.390958462107863447e+00
4.044609543217812408e+00
1.976407032538497699e+00
5.309435373621111509e+00
4.520722082782009821e+00
4.620443891921441448e+00
5.295301377904849893e+00
1.831088230030757824e+00
7.606655641551943958e+00
1.702380520182178358e+01
1.671454777235435074e+01
4.194098078765067683e+00
1.887661982562196750e+00
2.643947107116798811e+00
4.321311135952569771e+00
3.037003699064812601e+00
5.247502991156767216e+00
4.654428341745019182e+00
4.115212382722464923e+00
4.813264064225328376e+00
4.780909054190702001e+00
4.513347333193832078e+00
5.329403281336650089e+00
6.099915460259076383e+00
3.038256315057030754e+00
3.409018316412212535e+00
4.221227653192639373e+00
5.352755136791267354e+00
4.508199634756146601e+00
5.128487767370383921e+00
4.291386586608487264e+00
4.639047213313069129e+00
3.704840185277863185e+00
4.350250200688078550e+00
4.841264811744439456e+00
2.809328426480794505e+00
6.336387655182124767e+00
4.027159443062226174e+00
4.077075142102751570e+00
4.473014397641080997e+00
3.206933723682115822e+00
5.204518547027094932e+00
5.166572250110483822e+00
2.957843113514354361e+00
3.690841565612636987e+00
3.821952058921327833e+00
4.721525339458684023e+00
4.746460431400347346e+00
6.358843354731589237e+00
3.993256900557221822e+00
4.183938060970797679e+00
4.346935285547764316e+00
4.463289588751813142e+00
4.067693820574330488e+00
4.875264993310565842e+00
5.034442282377981748e+00
6.670800133687547095e+00
4.339061621991712414e+00
4.116944959310560037e+00
5.933672714190211472e+00
4.917906506398729505e+00
5.512475416533476391e+00
5.979378456686806231e+00
5.458545428762153762e+00
3.722724545697507992e+00
5.148798244669973379e+00
4.515839583973765947e+00
4.283333030328789981e+00
5.048442400449415501e+00
6.461574179610299673e+00
4.425698048925110761e+00
4.356304201284485700e+00
3.475670856088025396e+00
4.688596702129665061e+00
3.747523538941298415e+00
4.492301955214846210e+00
4.918169865706517818e+00
2.317005999828680274e+00
5.712167590368604664e+00
6.065018575113711563e+00
4.242346931309348257e+00
5.058915725631880633e+00
4.050617923258666764e+00
6.635991850284959526e+00
5.389847148545823252e+00
5.365603439067896829e+00
4.829275054153233881e+00
2.628029701223312919e+00
4.491032471818781069e+00
4.738216332323013980e+00
3.799800672922058808e+00
6.567819922955795420e+00
3.742393103910889085e+00
3.907489208275088277e+00
3.926171192242433605e+00
5.471242398214117841e+00
4.913212178895370208e+00
3.013205253154097818e+00
6.391560756364889961e+00
4.003484391356268546e+00
4.462974030325641550e+00
3.771058897250699093e+00
3.765381185931365948e+00
5.145701784550896107e+00
3.398071003267493229e+00
2.886013214503797553e+00
6.413991934540646866e+00
3.904188502609715172e+00
3.661771270621653862e+00
5.977012667113139166e+00
6.126013100870282280e+00
3.845420000620385803e+00
5.960097955480076592e+00
3.458244385122696940e+00
2.620489832835410482e+00
4.102800575260560301e+00
3.982386317611162685e+00
4.831481845948639275e+00
3.684551995656530021e+00
5.518743444671091680e+00
5.428932805027224084e+00
4.980993461839172021e+00
4.726723320622919111e+00
4.970095280073487665e+00
6.057853055546275733e+00
3.255076066589097650e+00
3.498833224971336087e+00
5.571596042633402135e+00
3.965723026495004966e+00
4.327045201505479000e+00
3.152441514864048777e+00
5.406575791349306215e+00
5.166500310704846832e+00
4.507721307837972091e+00
4.299019049288753003e+00
4.754193185059955695e+00
5.133839254288719012e+00
3.338231379868163540e+00
5.180285510086336309e+00
4.910432338274180353e+00
6.583274186131897743e+00
3.112147549625206899e+00
2.923425374346384498e+00
4.723139886778186636e+00
6.619855942029698070e+00
3.882299605873622994e+00
4.956108621420042937e+00
5.798980887651019600e+00
6.778042711659895581e+00
5.583649540417407131e+00
4.055826077339419022e+00
3.699193999503778585e+00
5.234302714379408528e+00
3.625718322966775098e+00
3.391612950837198159e+00
4.279387324720444141e+00
6.420776316509847703e+00
6.485559699801709321e+00
3.486166890404315932e+00
4.564236448978300054e+00
7.690684710738048935e+00
2.328685477480850530e+00
4.549342348627274824e+00
3.899113621119985940e+00
4.221177366545280307e+00
2.726689097216704383e+00
6.207852983784097667e+00
4.475214178799618026e+00
4.463204046042240414e+00
3.236539771161195844e+00
3.714355174062967890e+00
3.354872150112034213e+00
5.312478040507857102e+00
5.327595649474460515e+00
6.428702571293937851e+00
3.976738467684322931e+00
5.935257343839775324e+00
4.308511438952785433e+00
6.138329258496071361e+00
4.772736678866634996e+00
5.270603073409830586e+00
4.143416656421393895e+00
2.284444355556667805e+00
3.157519187153924989e+00
4.361129387286650783e+00
2.966561255270293795e+00
4.026832503671760044e+00
5.012675529539159847e+00
2.776118505615684739e+00
3.998528088968377858e+00
3.733300079141407046e+00
5.931752166322043607e+00
6.264003320492903093e+00
4.072547668191041303e+00
4.224608070805367710e+00
3.960210250057766945e+00
4.665526583401677918e+00
5.381838118442233920e+00
3.911785784518360121e+00
5.332179201807197622e+00
4.108678102646736718e+00
5.251455332415087440e+00
3.493129584569892199e+00
5.263047683458583315e+00
5.450760619477430957e+00
5.494178800965135778e+00
5.308145440001994508e+00
5.104666187138517941e+00
5.145675612459365666e+00
5.221308731831278749e+00
4.454164128409635381e+00
5.038030364619568324e+00
3.216891360730808280e+00
5.083906529735510382e+00
2.207190266597805817e+00
4.519422612026664510e+00
6.252814076718975045e+00
4.819311775849683954e+00
4.736273405841196826e+00
5.029781261871834275e+00
5.650170200739990989e+00
3.955205743546764907e+00
4.904126203821243202e+00
5.117410230171861585e+00
3.971022422452363809e+00
4.897021494778730499e+00
6.093628563712463198e+00
5.808453696769770858e+00
4.502151867389676099e+00
6.193504858098529908e+00
6.290952046074734128e+00
5.256025481194573246e+00
4.112080051008940806e+00
4.966251809143215290e+00
4.771094375833563106e+00
5.597900418905417119e+00
4.377060308551032008e+00
5.913584062774537742e+00
6.611690245052837867e+00
6.014200225611251227e+00
6.019134163102256352e+00
4.606163080458067327e+00
4.918448382684321274e+00
3.489685608806897932e+00
3.547853572411471035e+00
4.577423787207314021e+00
1.030520435108207167e+01
6.304486945922332275e+00
4.988542555735735462e+00
2.903545732290075065e+00
6.330915904280995044e+00
5.412481799801050819e+00
6.949644535844150539e+00
3.404575983573115305e+00
4.728065213570989300e+00
5.339341409296528340e+00
5.524678437976135115e+00
6.480180483918145384e+00
5.514976107851144782e+00
5.253222634106474942e+00
3.928292077642477675e+00
5.656037632648764024e+00
4.615213232300556356e+00
4.078393941364415909e+00
5.072425549782797916e+00
4.289522466801891198e+00
4.650036696409378223e+00
3.627921227600030996e+00
2.760249656779467653e+00
3.840685785442990330e+00
3.787239040760554509e+00
6.196647895572794162e+00
4.147743044513542365e+00
7.556894533900225142e+00
5.752342263805162226e+00
5.219363555564635604e+00
4.588100023759094981e+00
4.534326871462226016e+00
5.647336794561616635e+00
7.436208565337229182e+00
4.965589100219642837e+00
3.991698598106677487e+00
6.374423346155274395e+00
5.017030530534345445e+00
5.290818155584143589e+00
5.671941715009650942e+00
5.707220396539694818e+00
4.439784210638491047e+00
4.081932500699976707e+00
6.702434500012165230e+00
6.629469656277322542e+00
2.975996349485164227e+00
5.798417823184550457e+00
5.181736021498704048e+00
5.367268450032722349e+00
5.762891424770609561e+00
5.848365960224410465e+00
5.509837669528036663e+00
6.417690417128705249e+00
5.363384409753863657e+00
7.036300673614318768e+00
4.091289747095720131e+00
5.393698402270868719e+00
4.060162660410482793e+00
3.850650122121669128e+00
5.147737477277495977e+00
3.827155081346532040e+00
3.781483439856167639e+00
5.930459449092064794e+00
5.218404090284504804e+00
4.907216719346727984e+00
5.662109445663776164e+00
5.078727746156531886e+00
3.511561992940621657e+00
4.034617310876298824e+00
4.985235050359587028e+00
5.255383303216992097e+00
4.664511641988513091e+00
5.709450661808694427e+00
5.047547633874279072e+00
5.022259821472084163e+00
6.074742696577050793e+00
5.872451398391994815e+00
4.960899103029009716e+00
3.755620726273757093e+00
4.890887795192748300e+00
4.532699958576157151e+00
6.395995385546859424e+00
4.816225683134635283e+00
4.739572875353316839e+00
6.635418081839129734e+00
7.168939603156228024e+00
5.074976329961078392e+00
7.466981496881744285e+00
6.712974594363938508e+00
6.767577390439843299e+00
8.183911208449085706e+00
5.629312114329508177e+00
5.082346595759783092e+00
4.901000255835987751e+00
6.392624996351772282e+00
4.296304735710632983e+00
3.347744131361660713e+00
3.929098850059672188e+00
6.344596576406840605e+00
7.497572976246503984e+00
4.403264089685091420e+00
3.989311053818421104e+00
4.731965188006704182e+00
3.694758570420659360e+00
4.639676231387852567e+00
4.780669233659900819e+00
4.821779879215499776e+00
3.474694838324748236e+00
4.980019557499271166e+00
6.679473934029964255e+00
4.855087736864571291e+00
5.036586704841779394e+00
4.044352224477661295e+00
3.964502223895055799e+00
4.622780894271737218e+00
5.554538967295960639e+00
4.934082806536061128e+00
5.512930264553744131e+00
6.239684436044721672e+00
6.794760712377272860e+00
5.254089555205159634e+00
5.356893829444780764e+00
5.657833825892779167e+00
6.377123924352171791e+00
5.347641764874435211e+00
5.538766457220787309e+00
6.588863134519384879e+00
6.041958260529916025e+00
4.681833444965309177e+00
5.645925979032552000e+00
4.422772431530200166e+00
4.754436471864972980e+00
5.091210641337312381e+00
4.108477042631494491e+00
4.490816620755834876e+00
5.412795516254639061e+00
4.715521068744223498e+00
3.849957941829441843e+00
5.938453922810444041e+00
5.542185880495971162e+00
5.457632922680526910e+00
4.594199138904979662e+00
4.127722181445200533e+00
4.578706532156099129e+00
6.183057909442867484e+00
4.923603031501182059e+00
4.454003286046205545e+00
4.650127955416874848e+00
6.581656502310396561e+00
4.544842980184823134e+00
5.581422892060015073e+00
7.047485076009347260e+00
4.895838492119012564e+00
4.805147434381523475e+00
5.950966692827063476e+00
6.143986468301190662e+00
5.293058471251705477e+00
6.277157067809731927e+00
5.081299121187996093e+00
4.324065480972604902e+00
5.515695170182597806e+00
6.605204933390735000e+00
6.098970246289992403e+00
6.271526291273264775e+00
5.428867494891971290e+00
6.509399008345072346e+00
7.130719963587627497e+00
6.016563232591625621e+00
5.990303353633316341e+00
5.501022858861715825e+00
5.397028240891494022e+00
7.630380223774552384e+00
8.734154421241807853e+00
1.151589122084030237e+01
1.161453458607787859e+01
1.564280930962308247e+01
1.268319324481057997e+01
1.397985707788407872e+01
1.017727017028509273e+01
7.722264813971916553e+00
5.721629379013583261e+00
5.194318938527559659e+00
3.507213574320783067e+00
5.006297950048215206e+00
4.436542156527905512e+00
4.859916405427792796e+00
4.726442040111213494e+00
6.210146997004108549e+00
5.720405264155673741e+00
6.413302811183346996e+00
5.191073753258448775e+00
4.665265948198384471e+00
5.309319666399264115e+00
4.514176190505245323e+00
4.196158275173950791e+00
4.788443600134229428e+00
4.684251429834466407e+00
4.956600938943824808e+00
4.173835207505688594e+00
4.233460779387660189e+00
5.585169121865751762e+00
3.990429493657940530e+00
6.801798141201635950e+00
6.076195764275957423e+00
4.913555522496734440e+00
5.765025295627483004e+00
4.858338348097964499e+00
5.898568244669532668e+00
5.373205830402210559e+00
4.643110354953277508e+00
5.541527715809617227e+00
6.673130455034040232e+00
7.925277071407371920e+00
1.254855506190234848e+01
1.841068402344908961e+01
2.026915798706341576e+01
2.746748885524771211e+01
2.826471910142868893e+01
3.072894850217057794e+01
2.801811680445673147e+01
2.012494954553075033e+01
1.226493083294398545e+01
8.686591656189003530e+00
6.964522854102150440e+00
5.045050878290137319e+00
5.521108852568217706e+00
5.080936023562658832e+00
5.632120689163802929e+00
4.545626567995626921e+00
5.061730193194598826e+00
3.918143066045698841e+00
5.259704482114070601e+00
4.985523435293706562e+00
5.590296095584850633e+00
5.991701237990501916e+00
5.686853881560693047e+00
4.522301174467092899e+00
4.750446758708257278e+00
6.079795401875941252e+00
5.123287927294629895e+00
5.204376203124609468e+00
5.556388667925396874e+00
5.567460381950525949e+00
4.747051820937497446e+00
5.985790442856292692e+00
4.587385720972843473e+00
4.173142832190833040e+00
4.512415393676602271e+00
4.959193055833302388e+00
4.888035199005105191e+00
3.731980115803031239e+00
5.887381483414428018e+00
5.203082340215020807e+00
4.328078150758393861e+00
4.817834861129127511e+00
4.995882125038236587e+00
4.802258595693860599e+00
5.252378293367719664e+00
5.719963117149673870e+00
5.579759509058935585e+00
5.791172824169296796e+00
4.696944924520399134e+00
4.987354026244998018e+00
5.103593833437715332e+00
4.360015578738832609e+00
4.691682025127245304e+00
4.079828764359731963e+00
5.280433018410816359e+00
5.100124331191087101e+00
4.814207795670983003e+00
4.150311292132621510e+00
4.221839494939762183e+00
5.090004262373605926e+00
3.770249919915954706e+00
4.125683811867276951e+00
6.071952310909629169e+00
5.440456712558882302e+00
4.886730188526240859e+00
4.928950963725955425e+00
4.100186730896783871e+00
4.864094017122456037e+00
5.095627255400607680e+00
4.523716329457640128e+00
2.776291514370949898e+00
4.385708688921059917e+00
5.787725006722014953e+00
5.443155503275418639e+00
4.755197798764024597e+00
5.558058023698457362e+00
4.879878975011796349e+00
5.230517450917894884e+00
4.231165849850985872e+00
3.815379934770815940e+00
8.416864710744816236e+00
7.149817191382526360e+00
2.779742044679273327e+00
5.137211996196484165e+00
4.959697387976575556e+00
4.910892489899048030e+00
5.296646217915519372e+00
4.875725028049263443e+00
4.340249466442799076e+00
4.734615832532192314e+00
5.711745933327174285e+00
4.769827574575343121e+00
4.126388478944027050e+00
4.397736943953575839e+00
5.127189186065080229e+00
4.997416674137371118e+00
5.274609108064340468e+00
5.529439399073568850e+00
5.101720342900977201e+00
4.786520879891052793e+00
4.927804208738963077e+00
6.859212351872860935e+00
5.019693417526325696e+00
3.874258712177824471e+00
3.894143041822037965e+00
4.755893137814056537e+00
4.438673706718475387e+00
5.734201271433841285e+00
5.040516968289341371e+00
4.842974903442336831e+00
5.115904889234282216e+00
5.087276563515932715e+00
5.010141940091140889e+00
3.957624406829864050e+00
5.027054832791141514e+00
5.158805291842408991e+00
4.320865578477752322e+00
4.850137810303994712e+00
4.367217070043007965e+00
4.078592274715019173e+00
4.769778022612223722e+00
4.212534697553990348e+00
3.911604058966623665e+00
4.535927839763280289e+00
4.759628396690150254e+00
3.912283771629364804e+00
4.549800054671517380e+00
4.529500494373142949e+00
4.965766318071163532e+00
3.771430924790246664e+00
3.422471774874008332e+00
4.773283526761558981e+00
4.793380580575380634e+00
5.394633802572990078e+00
4.442207240817702463e+00
6.944990273040202666e+00
3.526199361479299021e+00
4.339931678047480368e+00
5.592099981193071834e+00
3.576969864600811455e+00
2.722044805943464763e+00
2.953607579560575402e+00
4.385225274157357411e+00
4.628759528567120363e+00
3.153362479052432388e+00
4.731676723723814426e+00
4.973706192949002514e+00
4.374117068083429594e+00
4.348998047861091010e+00
5.741595392627504957e+00
4.997045041524238229e+00
3.963396853150962240e+00
4.075165019040171366e+00
4.692442737330346780e+00
4.474850888087991585e+00
5.369972838617369071e+00
5.163700374898255951e+00
4.261299276491453014e+00
4.852403712683991621e+00
4.284451873992742854e+00
4.162095229467020374e+00
4.293251512683531779e+00
4.498821658622260244e+00
5.344246867897257225e+00
4.314854367252918266e+00
5.075049379110184056e+00
4.594951813859959877e+00
4.808675836913684165e+00
4.974641131830717988e+00
4.434657618468291318e+00
4.981820583068612862e+00
5.711979718207377488e+00
5.438077821958243518e+00
4.972346304142290840e+00
4.800092422382009616e+00
5.742165619993231829e+00
4.709819204095236245e+00
4.887069107182579586e+00
5.309367325997453868e+00
4.760345189695135204e+00
4.709551631084265999e+00
5.246950224952510844e+00
5.171507067642568956e+00
4.514805484754789155e+00
3.851495406293171442e+00
5.345945090572826963e+00
4.374507015531253096e+00
5.201538060042679490e+00
5.643032754977114429e+00
4.509467132779530374e+00
5.417816953673310287e+00
4.674568488201709116e+00
3.445391953500103632e+00
4.325605527039761533e+00
4.807554964290788213e+00
3.419136072629413547e+00
4.844590765247600572e+00
4.634828249778417231e+00
4.682565739235617031e+00
5.208081080932097429e+00
6.315047213170388751e+00
6.064843407107870732e+00
5.514789587159108386e+00
4.239422958427931931e+00
5.462002593735001632e+00
4.710387423872328228e+00
5.922259379653295852e+00
4.137907849677325167e+00
3.993267540597696730e+00
4.082652084318122654e+00
3.860754065696815562e+00
4.236784451583512023e+00
5.502466690616169664e+00
5.717997716578170575e+00
5.833716161957146262e+00
5.927295742514692378e+00
4.965743026391420401e+00
4.878029784527969426e+00
5.120838249406561182e+00
5.427132450968661814e+00
5.078783715067223703e+00
4.909790346022791852e+00
5.116265207585172448e+00
4.461909010357679506e+00
4.575257376799319431e+00
3.943211873702646919e+00
4.738875790719903947e+00
5.180312542532703901e+00
5.409778466700889688e+00
4.966865292009166488e+00
4.970288901166820317e+00
4.086495787628719789e+00
5.265038605028327545e+00
5.324592377337202365e+00
5.066807751998906539e+00
5.164213086498850025e+00
5.001895963475991636e+00
4.840342341276713256e+00
6.283620319947758048e+00
4.476912187163466506e+00
5.702820363385407987e+00
5.034378931718773487e+00
4.352329167304566759e+00
5.041919410832643500e+00
5.753466718372126643e+00
5.350404333231387533e+00
6.458630694490120838e+00
5.565597308640636065e+00
4.674302061854806567e+00
4.102687132204946963e+00
5.231581692803880301e+00
5.850804230470697753e+00
5.325562893914235651e+00
5.089906304349690380e+00
5.952775499403795578e+00
5.236555756721546828e+00
4.528849964771088032e+00
5.584198346022080983e+00
4.778764309802245869e+00
5.382721294161119552e+00
5.225897306143965970e+00
4.235477058323112054e+00
5.211951903742810366e+00
4.749296470832767625e+00
4.616236401750017038e+00
4.664751452354888528e+00
4.996221402680294688e+00
5.856060718923291830e+00
5.832244499917528024e+00
5.639509561806707261e+00
5.273793138093060051e+00
4.335284531050550783e+00
4.414960469802311493e+00
4.345799899879938089e+00
4.153852366801021212e+00
5.453481421759605041e+00
5.336773660894798432e+00
4.769628752503273894e+00
5.271901391555720018e+00
5.597651435276630671e+00
6.657920250420733765e+00
4.034053357005056739e+00
5.262068904665130553e+00
5.479183718608148013e+00
4.499754399494038992e+00
5.140211015670044681e+00
6.299393456462349050e+00
4.476287594935067560e+00
5.155822270857876255e+00
5.413416869222826833e+00
6.164542910443851831e+00
4.250352012523499035e+00
5.463574769102067741e+00
4.813860460631288696e+00
4.852988251033699463e+00
5.818317783731870918e+00
5.113280517339045872e+00
5.054042737613897884e+00
4.439888538807960749e+00
5.067750446417246479e+00
5.309861367558575296e+00
4.793094782190628678e+00
5.448937004559100572e+00
5.112226364980263504e+00
6.185596830822559511e+00
3.873064890618574729e+00
3.918949968495784919e+00
5.300081882098703900e+00
5.408791176605932449e+00
5.099222338158556411e+00
4.869706833174666016e+00
4.795653348245576986e+00
5.365622939182478568e+00
6.309698905309820027e+00
5.407235264883911263e+00
4.662829808276143240e+00
4.724758394114317639e+00
4.487184227916195312e+00
5.675868706253351270e+00
4.179546501176560014e+00
4.983449159784193228e+00
5.099408919115888672e+00
4.793434928264804995e+00
4.714301586521004950e+00
4.989822829473046006e+00
5.579519484545185648e+00
4.671432485438942628e+00
6.526999737396461221e+00
6.056146642293845694e+00
4.648049085518715096e+00
5.233000892053730091e+00
5.079923890515552820e+00
4.467672832834896468e+00
3.967210630329988774e+00
4.444597506102843987e+00
4.423573039937334528e+00
4.721404654540261703e+00
4.269180568879258786e+00
5.437240563550228778e+00
5.341372484999048709e+00
5.285374658956299321e+00
5.032317362446099729e+00
4.716372465242471890e+00
5.098078330999690877e+00
5.126319735749603090e+00
4.663248420578308462e+00
4.557759699305762524e+00
5.933299150280070045e+00
5.122006610743362387e+00
5.318596714629797439e+00
4.878687705196067981e+00
5.682548909454211206e+00
4.314989829463667270e+00
5.559950866569128181e+00
5.424723592596990329e+00
5.142442953399738670e+00
4.661164522977982116e+00
5.014150395730268883e+00
5.279515579244390189e+00
3.939119790790546638e+00
4.340088051463268037e+00
4.091646296053706777e+00
4.391903119434679148e+00
4.715312174190306571e+00
4.812804908757263966e+00
4.705894788132942708e+00
4.700380653286183374e+00
5.261773781781013959e+00
4.941194929518898604e+00
4.881898845315848945e+00
4.475949227095194161e+00
4.530300633494818818e+00
4.289242698119118735e+00
5.083519016628269327e+00
5.410595940676451221e+00
3.956463695263003899e+00
5.085798484302155309e+00
4.425074764493857060e+00
5.746228491566933272e+00
4.113798505217030943e+00
4.551735485077606391e+00
5.125857678791805760e+00
5.721836737852848742e+00
5.079892280205442034e+00
5.141050041347081212e+00
4.512239297820386241e+00
4.680126052143893212e+00
5.300978174977104551e+00
4.719421830465094558e+00
4.491013886104880726e+00
5.577356968200781751e+00
5.006062352913847491e+00
4.341998650405619387e+00
4.732520371294264727e+00
5.795945172546305812e+00
4.795439679688021428e+00
3.971276295180895310e+00
4.231522702347399800e+00
5.555040787265934199e+00
4.526679267205229173e+00
4.965801880631961041e+00
5.074157192959323659e+00
5.834782895320366869e+00
4.628557493395444311e+00
5.012008365308680879e+00
4.934940649209035968e+00
4.297747780312187516e+00
4.849941138127962681e+00
5.019160752955003524e+00
4.634400436829116288e+00
4.401308602142715465e+00
4.799593620626537493e+00
4.644860603282719325e+00
5.559122019112332502e+00
5.157637091454562395e+00
4.526878606893498969e+00
3.880163014309740976e+00
3.929752611519999661e+00
4.411700672717294935e+00
4.693291993865571499e+00
4.779707216499357258e+00
4.942796196146710841e+00
5.546065676939775813e+00
4.136162444728578969e+00
5.195920581464840815e+00
4.426613048918945026e+00
4.587023273811433377e+00
3.708655515775150846e+00
5.367921757842526453e+00
4.983721154236780748e+00
5.629442303923437585e+00
4.786633675255374420e+00
5.235541875551545488e+00
3.975956419990381185e+00
6.536898760238198491e+00
3.495918265653689794e+00
4.720983965347879341e+00
4.861582918948667675e+00
5.800953446476178499e+00
4.435379476689363720e+00
4.932984700080186968e+00
5.352078255940100782e+00
5.474504848719464967e+00
4.821324904083953200e+00
5.359653060513391409e+00
5.432432554613708220e+00
4.768952832092663741e+00
4.312772484076409896e+00
5.825782708484598338e+00
4.967941393240083769e+00
5.053011442096579486e+00
5.333170809656117228e+00
5.837865461216199314e+00
5.707134284878446095e+00
4.499582989640308561e+00
5.534151512353485458e+00
5.210826178829688793e+00
5.676781357285264562e+00
4.942773113520524397e+00
5.626372779802571777e+00
5.162388679027208660e+00
4.446363719346826393e+00
3.991005002944964630e+00
5.783193108098128477e+00
4.968580219051151659e+00
5.735912056482259658e+00
5.073464901274570060e+00
5.120879437171846682e+00
5.587052727171621491e+00
4.312425630085904515e+00
5.172114364866945202e+00
4.553782778566492162e+00
5.431508103717733960e+00
4.972412795403138297e+00
3.808668763118216560e+00
5.276888097651872833e+00
3.870184589209305415e+00
4.724251349568138636e+00
5.017460997266571354e+00
4.756848483602446720e+00
4.013949283648713617e+00
4.831454183763463917e+00
5.024670865003380449e+00
4.567638218333431865e+00
4.897423320484322495e+00
4.650893599183534732e+00
4.075708185095400005e+00
5.819197474410674253e+00
5.178305536176048385e+00
4.251587162563533973e+00
4.533104043767318458e+00
3.914143585139107095e+00
3.989630122340192209e+00
4.502480503470221329e+00
3.801627636831038881e+00
5.486869450168970097e+00
5.089065086914544622e+00
3.973750325374441950e+00
4.955567056116889191e+00
4.889167920157510672e+00
4.811446507640408043e+00
5.415871699627354374e+00
5.043910125585021831e+00
5.073139817440531552e+00
5.577449312814554361e+00
4.841384899519118434e+00
4.883611496096566640e+00
4.567851710002003962e+00
4.869454717177204905e+00
4.218377777818814955e+00
5.193760634252691410e+00
4.866313168435176806e+00
5.183064515740148259e+00
4.822510743794932608e+00
4.448796762493752333e+00
5.413762338130388763e+00
4.614865515621488612e+00
4.556785780921705609e+00
6.010393705547739884e+00
5.749530818825096645e+00
5.925683087374301827e+00
4.757209950483964001e+00
4.139520519810849564e+00
3.373728679531842189e+00
4.281386650823631790e+00
4.826622705714593842e+00
5.409618171497822203e+00
5.339394167946403869e+00
4.809105764126508475e+00
3.982688123281939774e+00
3.830920141573540771e+00
5.848184695225379315e+00
5.186495175491650400e+00
5.411686896096023602e+00
4.670796798042580633e+00
4.231381880744955915e+00
4.728449837662378918e+00
4.742778235659447894e+00
4.772522730725039963e+00
4.383820765043443757e+00
4.629468347065134104e+00
4.832877491973666118e+00
4.850984193528621979e+00
4.147763086191138093e+00
4.556220322007225931e+00
4.759767757568782898e+00
5.309783665547866960e+00
3.876067470804675619e+00
5.017898931690738529e+00
5.647039942524236800e+00
4.414787253409559575e+00
4.658193278345977184e+00
5.730026708117355483e+00
4.841222257087942182e+00
4.449573097715217251e+00
4.605821096057611364e+00
4.205925497241876698e+00
5.083122248669076804e+00
4.928678423665947328e+00
4.087677691413422743e+00
4.366143682223840194e+00
4.530640707313717819e+00
5.677550855130685470e+00
5.655872549011950134e+00
5.046371170144904106e+00
5.609004053524293099e+00
5.575098188324302484e+00
5.093193719755959137e+00
5.370932454780634302e+00
5.010159739146173408e+00
4.870348430631823433e+00
4.768197232024384391e+00
4.993654201662367953e+00
5.276578141019005130e+00
5.047232262562104665e+00
4.301286334004273293e+00
4.928175158075289275e+00
4.922526325231200595e+00
4.455563711553932826e+00
5.131170005546639601e+00
6.313151216403475097e+00
4.783418600506133878e+00
4.571861536639690193e+00
5.604671918349937165e+00
5.469868386825569750e+00
6.021297367129019307e+00
5.494805270308225076e+00
5.390659687913175624e+00
5.022510964034265335e+00
5.400914102537604400e+00
4.460421132336443328e+00
5.599692934234333563e+00
5.641885068125882086e+00
5.566689400425999246e+00
6.109844525723703512e+00
4.571637924742514514e+00
5.474469990823632060e+00
4.860267951267378983e+00
6.164098497761437478e+00
5.010776175358927276e+00
5.276194878017305356e+00
5.414335920936220070e+00
5.140621383373327191e+00
5.330214017057453901e+00
4.461460514015878509e+00
4.885571246666933654e+00
6.036397181489761010e+00
5.113754207555129661e+00
4.317923418263431401e+00
5.128011468550920604e+00
5.920738242049206512e+00
5.167099899683285535e+00
5.350783026248818963e+00
5.897295882504008269e+00
5.465440321963786374e+00
5.299012632421828073e+00
5.584248324133171515e+00
5.274764717230826960e+00
5.197068362472603731e+00
6.217958948059130186e+00
5.906854932278641890e+00
5.360495605002624231e+00
4.642150154615706015e+00
4.059612092328826805e+00
4.153196380275492317e+00
5.224845219559469456e+00
4.927691044996335812e+00
5.003868557498336145e+00
5.247372299114655192e+00
4.605429826244820113e+00
4.325843880040570966e+00
4.286982750177129375e+00
4.846542844651308357e+00
4.731377761972827223e+00
5.321300817033368880e+00
5.916799401012025506e+00
5.401069840935284638e+00
5.619108441291768230e+00
5.933647026208644704e+00
5.513571233473511413e+00
5.093307335049410689e+00
5.560676690699602354e+00
5.548734818239264399e+00
4.569922414637091812e+00
5.515823138622610422e+00
4.330894965896218807e+00
4.805447366821793409e+00
5.386000510422161547e+00
4.238364212038177925e+00
4.932743439255024676e+00
4.932832450267435220e+00
5.363196871111247432e+00
4.998014212425982983e+00
5.297279966489180758e+00
5.246075012144332916e+00
4.915150298468642376e+00
4.850036780946682669e+00
4.568887657803063718e+00
5.261190876994202625e+00
5.407572805793497750e+00
3.482723001579407729e+00
4.445618038435866559e+00
4.741976051217117849e+00
4.905783177816504192e+00
5.825649186568813143e+00
4.591252186534380719e+00
4.961123554442940176e+00
4.420494890681132993e+00
4.629449519033369320e+00
5.227828478712948090e+00
4.857040392462909750e+00
5.749258429296066453e+00
6.106463629168833229e+00
5.416232578611483106e+00
5.570845300131447075e+00
4.328394409033370138e+00
5.009389549332301961e+00
4.991983195486476177e+00
5.684431782759874707e+00
5.043026428039802944e+00
5.372848900245209336e+00
6.373113658341213572e+00
3.945371546434367716e+00
3.722503363248574448e+00
4.863607971179675360e+00
3.927755766321383568e+00
4.419458787312821713e+00
5.986750665868840748e+00
6.177977858105943021e+00
4.271497917968859248e+00
5.468148485088738298e+00
4.784037234217825230e+00
4.636905095066663485e+00
5.037473565974022627e+00
6.076402842576445806e+00
4.700861337450690236e+00
4.567396135610088059e+00
5.944405911357876882e+00
5.918600646178768798e+00
6.130778263114628146e+00
5.716685500870638315e+00
6.758339605424008134e+00
5.218899960663549997e+00
5.060032008352603583e+00
1.262383283720408311e+00
4.664015316281322932e+00
3.347461076084981002e+00
4.418336527348722953e+00
5.221126175984752038e+00
2.279824079790094604e+00
5.158841860324621997e+00
4.073717768704717912e+00
4.387499339049022673e+00
3.087861967706319710e+00
4.029670683650753205e+00
4.750230271847426522e+00
4.395993584150688527e+00
3.895584316843967443e+00
4.326656478554684604e+00
5.626827868623355045e+00
4.726638891567977119e+00
4.933510043984944637e+00
7.323687039496697970e+00
5.656101910291475576e+00
4.595985391895228922e+00
5.353292386955480708e+00
5.388690454340351543e+00
5.856232695136955435e+00
2.994094309699424805e+00
6.600469971110152656e+00
4.957624488522133888e+00
4.072110230938610798e+00
4.964766031693889303e+00
5.533095164777678043e+00
4.464301161863524214e+00
3.575116564714768685e+00
4.713967240064301123e+00
5.959411323527064042e+00
4.741697746986494266e+00
4.543770254709821543e+00
4.655576763127503348e+00
5.187588864050591830e+00
5.734151947276573402e+00
1.953214379711616600e+00
5.528172836054828565e+00
4.824861892266814500e+00
5.722144205272297057e+00
5.579619705592729240e+00
6.719815739543411048e+00
4.465366241061969887e+00
4.283800924914547892e+00
4.652916633422514714e+00
5.451716372811791445e+00
4.863308064498782279e+00
5.108489762144418300e+00
4.417569039503083772e+00
6.406126988018919555e+00
5.313681471109279464e+00
5.496577566256147129e+00
6.073148298860368222e+00
2.761407265919527898e+00
5.879889536679544726e+00
6.825400212341543593e+00
4.875968414379012295e+00
4.409057059588095129e+00
4.756200919938505578e+00
4.653180144619308400e+00
5.663470690341887881e+00
5.496615128703996156e+00
5.229927856267287289e+00
5.555362141898547712e+00
5.079414595247190967e+00
5.253667549616034549e+00
4.614898332279915749e+00
5.524100096200625920e+00
6.204712990405022666e+00
5.056375291304371800e+00
4.665631111839566358e+00
4.857290634754351188e+00
5.104219986775243356e+00
4.420679238138141010e+00
4.940324887535628484e+00
5.170168960169458927e+00
5.175114937754971223e+00
4.709933221889182065e+00
4.490001934477281686e+00
5.171770022163619807e+00
4.278663574033811479e+00
4.844793140812007515e+00
4.385429959300598313e+00
4.698916125198906890e+00
5.343912315251919232e+00
5.181216021920119097e+00
5.815742355438488609e+00
5.120499895349345465e+00
5.155494484585272374e+00
5.500173371632973485e+00
4.849698055879382075e+00
4.659701550560608752e+00
3.750600777243726203e+00
5.305374648110690927e+00
5.514099179467214285e+00
4.707807676369946570e+00
4.957269421841874468e+00
4.798748990058318675e+00
4.540002837704971483e+00
4.601448173574429035e+00
4.313831254322484376e+00
4.797778001085662325e+00
4.442766528001516946e+00
5.079334821188964177e+00
4.029278653026342027e+00
4.758386768311637205e+00
4.158207373114149341e+00
5.100604791040929342e+00
4.887001310723943170e+00
5.059105297655221101e+00
4.912265938096797235e+00
5.056815047043214939e+00
4.349300695838139497e+00
5.485613347353153202e+00
4.487496355796136704e+00
5.070485130352727410e+00
5.319281524177595699e+00
4.801717540559457653e+00
4.382562821762072680e+00
3.539059422660679743e+00
5.084907167669470596e+00
5.852603442611383322e+00
5.166914770730893558e+00
5.203075673847201266e+00
5.321875727654934884e+00
5.213059524675894174e+00
5.384402182923298419e+00
3.840121342032994267e+00
5.387902010933296459e+00
5.215622335655965891e+00
4.719019200157029914e+00
5.820984868679676794e+00
4.240739586795280402e+00
4.075871422418645196e+00
5.628700255106822148e+00
5.872848944026008766e+00
5.883032589067906493e+00
5.771327552155252505e+00
4.419794617997991004e+00
6.001142136968959484e+00
5.793436558759432309e+00
4.937205115403873634e+00
5.212656483731650248e+00
4.120835763593500900e+00
4.324808897149281961e+00
4.977925850940948749e+00
5.033923099527072509e+00
4.862516786632433252e+00
5.713038492641511645e+00
5.411004811201587827e+00
5.338573310231637947e+00
4.543288255087341909e+00
3.797470050930444874e+00
4.579927309972005034e+00
4.047305155521560671e+00
4.398368066702352586e+00
4.738771644273785277e+00
4.892589280946626928e+00
5.531074898051035582e+00
4.316895790882965933e+00
4.652807229914190934e+00
5.496468052615553823e+00
4.468684816693848205e+00
5.647837735020569738e+00
5.561360206208563639e+00
6.817432634645570033e+00
5.373742308254259470e+00
3.545415300333132791e+00
5.239183351299294245e+00
5.251447153698756587e+00
3.644490344378232827e+00
5.870740027313895659e+00
5.343559801861903047e+00
4.178850370653037771e+00
4.762860430861127981e+00
5.582229647560027708e+00
5.137654462836864333e+00
4.538568112696195200e+00
4.736089972574010432e+00
3.872730236207293952e+00
5.708974249441983950e+00
4.325326703412406104e+00
4.447233676084652032e+00
5.446351246551056846e+00
4.612412925379969941e+00
4.646428095567042504e+00
4.161598872065805033e+00
6.473977977919397553e+00
1.350953932278476932e+00
6.532724240320138875e+00
5.169568092634348133e+00
5.535089172995315998e+00
6.900718426355072488e+00
6.780167777338220070e+00
4.124412227529304253e+00
5.141912350654603614e+00
5.041651049885098601e+00
6.603734476486951444e+00
4.266637794783813220e+00
5.615152636590655888e+00
5.717644379842179880e+00
5.078207945005956958e+00
5.219947011378835100e+00
4.816614222308454707e+00
4.343012869867603598e+00
4.726850790482494347e+00
5.953599959181257617e+00
4.704734536669239020e+00
5.581797756262048438e+00
3.495944695715984984e+00
4.175944454874521483e+00
3.947982533459915011e+00
5.818287065036884975e+00
4.228361432468259018e+00
4.698546557772600885e+00
4.039527088654280007e+00
4.607518483013212318e+00
3.713243717575011704e+00
4.184574786153189230e+00
5.250185956028998291e+00
4.865747642585281696e+00
6.004097917614662272e+00
4.519579017711138569e+00
4.541969745097596878e+00
3.858368894036760643e+00
5.206404642374023339e+00
4.528267451955775513e+00
5.259021532472588412e+00
5.007025187974504910e+00
5.243811525303121002e+00
5.324733312676343644e+00
5.011164343957880796e+00
4.569811305371384691e+00
4.349771882172022153e+00
4.638710806745013571e+00
4.879262117547109590e+00
4.059747793308716268e+00
4.845375934743822555e+00
4.411128472004406831e+00
4.416502856882760675e+00
5.076235743396106059e+00
5.683113826969844240e+00
4.886578380671435795e+00
4.423841003301238750e+00
4.642047649489905226e+00
4.173071666003693281e+00
2.790602731283762239e+00
4.354740657628587641e+00
5.457408070416200019e+00
4.579716110651121497e+00
3.172996623221700396e+00
5.805549046709262306e+00
4.841369260339364544e+00
1.643030324557082311e+00
3.627071046213911742e+00
5.392505023633952455e+00
3.742539766534316747e+00
4.762601452295731619e+00
4.387604101247000621e+00
4.297012946412155365e+00
4.655157226601843945e+00
4.426442269578753752e+00
5.442835441338520930e+00
3.701966527686858743e+00
4.533311711870360305e+00
4.781142328939758990e+00
4.339102210925461556e+00
4.895560565284600152e+00
5.921310736602007019e+00
4.867068532581789952e+00
5.784411527344862414e+00
2.409030991772813657e+00
4.172035580381175279e+00
5.198109443560035459e+00
8.286942059869795152e-01
4.322923488773712464e+00
4.008081301026013676e+00
3.742096545394403950e+00
4.086607418008076920e+00
4.346937059669437886e+00
5.102102718941145199e+00
3.633886210872064648e+00
3.845819040544769418e+00
5.281950608792143065e+00
5.328783479193897499e+00
6.848072964608389768e+00
6.409119587737734491e+00
5.602946898808950138e+00
4.142545266712789775e+00
4.490891243637564756e+00
6.039444575308246854e+00
5.148256315327079058e+00
6.289871620706162680e+00
5.975806104015729758e+00
6.423740133101770944e+00
6.914947527921179393e+00
4.672032170198441747e+00
5.590604240708737294e+00
6.495985464158711586e+00
5.769834370128445578e+00
4.966702937352457603e+00
5.835335794363424533e+00
4.612384808515445300e+00
4.571403512422832272e+00
2.962447420000930087e+00
7.153333200983777118e+00
4.384681909667321520e+00
3.954222830704291702e+00
5.591613807063155583e+00
4.330941129487633212e+00
4.423206551536228659e+00
5.683750822436390848e+00
5.272631619286539006e+00
7.675610590454892801e+00
4.338321520033407097e+00
5.056153318017461373e+00
4.782810545657790513e+00
6.062322977219675835e+00
5.773130787349951554e+00
4.413458442633753087e+00
5.160898175972985946e+00
5.614258750711678125e+00
4.778626819773798218e+00
3.748860476663696151e+00
3.354501171694483919e+00
4.705731052437132078e+00
4.668631349310812695e+00
4.418771180630362672e+00
5.524905597605562768e+00
3.081599425224146760e+00
5.714505037498038398e+00
5.633760713041251478e+00
5.388076177254038868e+00
4.688655662574434224e+00
4.773567023763209960e+00
6.166310952206724316e+00
5.676496611328943231e+00
5.435482135171941565e+00
5.215444363904545355e+00
6.245200399121022095e+00
5.182355522602858144e+00
4.939529645121586654e+00
6.006536639704748382e+00
5.412309520122055240e+00
5.491143184689529555e+00
2.581268020073283154e+00
5.933389253155167964e+00
5.204812640536235158e+00
5.953337268034982088e+00
4.302632510610389538e+00
4.524612416924737701e+00
4.545454075567567642e+00
5.038058690708234089e+00
5.192581738359206334e+00
5.385246334380024535e+00
5.924399489018674636e+00
6.200409226160389586e+00
5.335130594024590778e+00
5.845038677092838419e+00
5.124761897489102935e+00
3.858114673815951079e+00
4.703797538720503546e+00
3.969797133670194711e+00
3.632524528983357204e+00
6.071097259008301883e+00
4.911895901263089392e+00
4.000970475650857061e+00
5.249644248539039104e+00
5.301540031277999887e+00
4.572348590717047578e+00
5.827587288499971763e+00
5.385645138404032473e+00
5.451825613666281711e+00
6.266390863095786301e+00
5.515098039517035033e+00
6.745874039319335935e+00
6.008628881168442959e+00
5.400912828149373013e+00
5.327111606709360458e+00
6.051848217121808204e+00
6.505777470074500357e+00
5.457991205990434302e+00
4.401373276887064812e+00
7.161422440073584639e+00
5.409660289954288714e+00
5.330323126204692841e+00
6.300455159997378374e+00
4.357522891962728906e+00
6.110087104532307301e+00
7.099908601549564047e+00
2.970959422676263451e+00
3.998334251378495630e+00
3.957168478328546790e+00
5.532485366685627071e+00
5.704371037729278449e+00
6.841823212222766237e+00
6.232043533078567954e+00
5.575098184220743214e+00
5.246079215487867486e+00
6.023110017006978012e+00
7.051980854327205783e+00
6.472054013783480109e+00
5.009273167626432155e+00
5.678759647747468442e+00
5.254032649627863982e+00
4.522414018973662131e+00
4.597875927705575627e+00
5.896558391788656373e+00
3.200690719949108143e+00
4.870443287225222129e+00
5.881043430262549165e+00
7.144726243904766960e+00
6.647667274088584044e+00
4.831234333738088971e+00
5.579792614980714660e+00
6.121051995998057826e+00
6.381870124999884375e+00
4.637323099345918465e+00
6.633418200452605440e+00
5.644746029108905105e+00
5.725847335368706048e+00
5.816057605410562381e+00
6.532129585806237593e+00
6.481825228293953245e+00
6.278224995898460392e+00
7.415054748045985633e+00
6.820512561226338200e+00
6.496831780703440806e+00
6.205255389110266862e+00
6.225851595822579299e+00
6.474561992125005716e+00
6.282382492836466881e+00
6.664062950665866403e+00
6.809968262941759498e+00
5.095648756015346059e+00
6.212601068836030471e+00
6.900417397448971535e+00
6.047443525940762399e+00
6.962203651678807503e+00
7.711522063118789738e+00
6.954816640696263264e+00
6.828247341215844202e+00
5.847451024760726312e+00
7.000260495617895984e+00
7.780023354070416453e+00
6.264083444747580387e+00
7.131333427761260779e+00
7.394047133647354109e+00
6.885465342540307176e+00
6.948173099940975206e+00
6.196686880028523525e+00
7.121401341598298629e+00
7.564647667296659606e+00
6.499251724281142728e+00
8.723992895210482601e+00
7.074952089881812789e+00
7.309948844317930572e+00
7.038676140128643510e+00
7.340666899297794146e+00
8.674677232303459107e+00
8.062060961853012131e+00
8.848707283590030670e+00
1.006721795508573258e+01
9.875368206803990745e+00
1.079434250603260459e+01
8.991935071506910404e+00
9.428284303343525963e+00
8.830127011736724540e+00
8.764498736341606033e+00
1.122296891564168320e+01
1.309777766017736234e+01
1.493574277965851316e+01
1.511288227600366874e+01
1.476871465862673105e+01
1.195888940223905195e+01
1.145376692043018529e+01
9.040772120455386585e+00
9.264258575455500022e+00
7.983866376162907841e+00
7.478630157327921246e+00
8.563016677610040261e+00
9.283909331244192487e+00
9.959087792796751160e+00
1.308179148297958605e+01
1.185791842590066736e+01
1.380930750738586177e+01
1.501225644399925940e+01
1.358614849041476980e+01
1.176162379159147164e+01
1.066506762464798719e+01
9.005542573705872300e+00
8.517632683013092176e+00
6.713299168159609032e+00
5.452446582960929433e+00
6.995679183845067151e+00
5.485894377785330178e+00
7.100830174879052770e+00
5.477345266618945274e+00
7.133916197803191750e+00
7.370253915026041547e+00
6.062698178447893049e+00
4.661650340682092164e+00
4.838526382096334899e+00
5.530886108025983461e+00
5.166168750613080896e+00
7.506098962321273937e+00
6.542349784525265832e+00
4.516379236986465706e+00
5.011372758715959996e+00
5.333314404243434836e+00
5.678272500766287756e+00
5.753907799396810852e+00
5.805108964250461412e+00
6.106583882676761554e+00
5.825290327679357283e+00
5.834824767844526860e+00
5.143668165894100142e+00
4.667871387907249314e+00
6.345576749537324091e+00
5.044492978697764585e+00
5.957828775083515715e+00
5.277567571722839190e+00
5.317915756171582409e+00
6.297201671924794297e+00
6.060666813940839504e+00
6.099590841525233564e+00
5.605557874303704224e+00
4.252830608088946640e+00
5.980965949988448216e+00
5.974638238902423737e+00
5.494606864252401301e+00
6.427294998382859781e+00
7.298632711519475791e+00
3.675349488159781686e+00
5.013463803684031106e+00
5.939555091473365245e+00
4.815957786061293433e+00
3.564625711535530872e+00
5.126712553951978890e+00
5.093559634154116722e+00
5.117209765958331324e+00
3.853278505509988072e+00
5.428696943774673045e+00
5.146210449565509215e+00
5.288855996389243863e+00
6.558740839411018264e+00
5.239642242771104463e+00
4.944175372388857959e+00
4.315079805545692260e+00
5.449256686535668415e+00
4.790364643268847367e+00
6.092375035475326328e+00
6.508906324578357605e+00
5.200536492120810372e+00
5.256155259621983156e+00
4.623971870171479814e+00
4.092665728161212435e+00
4.641494669124847761e+00
4.810797091112848811e+00
3.303020066175629044e+00
3.803977263197155789e+00
8.469847769770932899e+00
3.807668129875631191e+00
2.158705955150813427e+00
4.155915392268363817e+00
6.252571709544476164e+00
7.476883724112026286e+00
5.085122349192525704e+00
2.945146094840629392e+00
2.929343559812753739e+00
5.814433738726810574e+00
6.733714815597580561e+00
7.377889625822262154e+00
7.965908088574617629e+00
6.363619408680297518e+00
4.679787767824199030e+00
5.306992829371144360e+00
4.939529575956019158e+00
4.728511498240590250e+00
5.324596145917763756e+00
5.695793653892571307e+00
8.426732578010037500e+00
6.742167351895674621e+00
6.744929492900827661e+00
6.218232503046486670e+00
4.214570407454441003e+00
6.219921555157267967e+00
5.297238791643628097e+00
4.554233978234076829e+00
4.274295438999036634e+00
5.729667807323463258e+00
8.017568452535229540e+00
-3.697633052570973300e-01
1.639327240913776684e+00
8.462717647147233180e+00
3.287252360641213400e+00
6.079415347697695537e+00
3.185024606652924639e+00
5.249277668023717425e+00
5.743646021111951327e+00
4.986627003468008468e+00
4.247296133191997392e+00
4.681370169713538587e+00
2.999444329057350700e+00
4.436203739664698276e+00
2.742485252260643325e+00
5.661092435326249728e+00
3.561699527107488716e+00
5.814092454972827895e+00
5.821594425080520274e+00
6.907811459847867042e+00
5.865573698374102030e+00
4.869178157075872093e+00
4.697803392669720246e+00
4.495598534655473877e+00
4.107516971394608696e+00
4.092793971506464068e+00
4.313376718237594609e+00
4.499041223127045797e+00
6.679396462207164653e+00
4.756600573761305739e+00
3.259670229322829016e+00
6.092103649075477634e+00
2.202438855545375329e+00
3.487182379400382004e+00
4.307050460652193102e+00
5.294148250896262731e+00
5.900307638307420888e+00
2.697324371173985824e+00
5.261442189535172176e+00
2.799189885114493848e+00
5.364138433880345502e+00
5.098159703830186018e+00
5.431734758366269844e+00
4.474433027746388625e+00
9.686034824231905205e+00
3.135804998434062352e+00
7.281872229601226820e+00
7.025208445223840137e+00
3.433085813348684567e+00
2.357573450079076149e+00
5.218192051336363768e+00
4.369302791018892407e+00
3.983657899143356218e+00
5.242127721401338647e+00
4.362619077112803723e+00
5.758842961345850497e+00
4.566993997713979958e+00
3.374346052024199238e+00
4.542324233716560578e+00
5.483942128965596297e+00
3.530339738850938325e+00
6.179421051849800506e+00
5.560351984789393853e+00
9.965688359229588400e+00
1.600939806360091699e+00
1.240572576706157193e+01
3.389177361988618742e+00
4.803957932503654327e+00
4.157427063167048686e+00
4.627248444388746051e+00
5.514819929064689319e+00
4.119845370957864183e+00
3.487820716277828748e+00
6.513185602639957494e+00
5.898667855496609214e+00
6.204178743550084363e+00
3.677398299544336169e+00
7.109426548858721162e+00
5.573114001687656582e+00
6.121168953986201089e+00
4.246837795334378107e+00
4.364602050757729224e+00
4.933106737685813314e+00
5.260856363930159318e+00
4.365466821071035675e+00
5.406019433517521122e+00
3.241697105273281032e+00
4.932117425136284261e+00
3.977108890258351792e+00
4.588095116584518074e+00
3.771144987283329364e+00
5.738223294674997810e+00
5.068428469005150205e+00
5.018514653622046851e+00
5.230845255208319777e+00
5.043329362689683570e+00
4.653310459907858743e+00
4.549400638215061576e+00
6.080355089702763394e+00
5.233831141545128851e+00
5.168529012881850626e+00
3.882526108751051641e+00
3.655074216454612834e+00
6.176056485401861806e+00
4.579981286525884876e+00
5.027297704257659205e+00
5.445017933579454628e+00
4.808331936407946650e+00
5.585757116086673690e+00
4.939481115789589261e+00
4.621949104216889204e+00
4.526901521497351588e+00
6.111463675271566309e+00
5.377597568121555760e+00
4.706143909063283282e+00
3.918238250756326480e+00
5.234377833940096814e+00
5.019813428481847417e+00
4.024026953294758790e+00
4.293950234295136781e+00
4.768056122523459450e+00
5.468115668379522454e+00
5.392606832765158842e+00
6.527992832537195866e+00
5.611459080450908132e+00
5.112885390829224441e+00
5.080128749417323064e+00
6.947208701942297004e+00
5.761274054600938221e+00
6.127213796505301957e+00
4.387460978478090468e+00
2.922202576687331188e+00
6.022432925862185371e+00
3.941959368334799763e+00
4.709581001491133456e+00
5.721520120187407521e+00
5.006204481239791448e+00
4.455331382043475230e+00
6.169628980646018945e+00
4.685742927506977296e+00
4.482559950508672841e+00
4.392556823445581848e+00
6.462687657465036040e+00
7.653955917012419619e+00
3.503093988444605067e+00
3.553588781628172377e+00
4.376294920410430223e+00
4.432478300514774538e+00
4.588482747623734426e+00
8.261743646429260401e-01
5.155856693755284326e+00
4.177518191842064965e+00
4.707401231767188499e+00
4.041229244719564129e+00
4.128251541954099046e+00
5.039292262101544573e+00
3.803240383157883819e+00
4.498473999130650824e+00
5.882599186770150368e+00
4.827462079602381273e+00
4.992501402789564224e+00
4.481932215807533204e+00
1.925479907227139797e+00
2.587906021197358353e+00
6.388468810832858225e+00
3.549729132139813892e+00
5.367349204145405395e+00
4.409564468835284856e+00
2.467989545630351778e+00
5.666206714763429630e+00
6.674069157611073777e+00
4.581602321344029782e+00
6.453631949223135322e+00
5.224246908888330765e+00
5.399038056674377195e+00
5.728925694103873312e+00
4.500819166534636651e+00
5.678922186676694572e+00
3.690520310478016430e+00
6.331881425913246986e+00
3.759222129805447565e+00
5.253232795714213310e+00
5.263170793360016475e+00
5.237117216678116804e+00
5.713682201496235180e+00
5.742975095723855894e+00
5.432345090488002626e+00
6.536386136695114146e+00
6.213070415841919214e+00
4.634260680882771766e+00
5.378640762895284588e+00
4.473355420203460220e+00
4.458264127498963170e+00
5.557778455122551975e+00
5.182977464702028136e+00
4.109678118675163638e+00
3.810470513422524519e+00
3.988853437717760908e+00
5.097754444436061405e+00
5.816104944995858617e+00
4.786265747340245902e+00
4.437069271088702749e+00
5.945678723093040574e+00
3.115988802707396310e+00
4.018289436400112713e+00
5.208222558014414361e+00
4.105174566369587552e+00
6.780279831427201920e+00
4.292781772709656885e+00
3.229135734128866009e+00
7.231214381530778113e+00
4.671417189227776490e+00
4.489304383082220795e+00
3.424851259945720372e+00
3.343219081370138568e+00
3.090930403450691255e+00
5.033681311555395332e+00
2.710025834490154661e+00
3.632022180903080155e+00
5.916269240709405963e+00
3.667573873123024963e+00
2.407384572684925228e+00
5.379121569859462326e+00
-1.283726404858510861e+00
7.442053752636768493e+00
5.324346914572842593e+00
5.066821266636646115e+00
2.688657672991540348e+00
3.609653585065885295e+00
3.808852545882344121e+00
3.740554338929340972e+00
3.772895670145194114e+00
3.911430797135690085e+00
3.957123505001282737e+00
5.043524781310593674e+00
5.244146752918614318e+00
3.766471075349345110e+00
4.933236819964242237e+00
3.642071310160832187e+00
3.371969529234308816e+00
5.251210145492552606e+00
3.652905087462943623e+00
5.130013369604998985e+00
6.353204654276158436e+00
7.508258534896795844e+00
4.997639030210543787e+00
1.293418209908900707e+01
4.643986377685810574e+00
-7.426474613647977563e-01
3.274786114642604051e+00
5.397567433981249607e+00
7.504928516459950849e+00
2.081837908760205469e+00
6.334254162085057871e+00
5.241467376577357840e+00
5.117993570279219639e+00
4.866344236047543959e+00
4.103477875250526097e+00
3.205545511463031794e+00
4.412252253944522806e+00
3.789923809264220012e+00
2.514847977976054860e+00
6.001622455343885498e+00
4.950425862813144562e+00
5.019713892319199289e+00
3.913953076204077064e+00
5.584785337147681439e+00
4.928676003865998467e+00
6.410996962653237929e+00
6.934760279511345438e+00
5.493135174774634422e+00
3.836071780618549365e+00
5.821290424133453989e+00
1.024426142824318298e+01
2.963899338839338427e+00
4.024853225512448063e+00
6.492347362854555826e-01
3.927446102337556866e+00
3.848101485364632701e+00
5.497131570837139769e+00
5.922338827826621355e+00
5.158456427872875061e+00
8.093974622985909306e+00
3.521144519748672597e+00
6.733437202033174529e+00
5.668258486724283784e+00
4.872827353384638016e+00
3.536250406211424391e+00
1.569496605587161309e+00
7.796353154991446210e+00
2.850968513948808791e+00
2.268616745411271118e+00
4.056333685004545941e+00
7.320772940151569763e+00
4.305436672789182850e+00
4.558053053310581859e+00
2.746805947972215556e+00
5.858035081770059271e+00
4.219801499474896467e+00
4.661093763434849713e+00
6.097508838857605085e+00
5.348204318395542778e+00
5.310553127787113192e-01
3.901239260765830164e+00
4.245188036619686578e+00
3.022132984380677012e+00
2.253933858386873545e+00
4.989501811448739055e+00
6.627784899559470588e+00
1.668081197792801396e+00
3.403710154521431885e+00
9.190275614823759653e+00
6.194258474614795063e+00
1.955808106060941576e+00
3.683445754466430966e+00
4.107415651008490265e+00
5.272067642464318027e+00
4.970699366792471707e+00
4.971119424176315249e+00
5.442908643492060605e+00
5.593438473637575292e+00
3.566470551122931987e+00
5.574198171299750371e+00
2.616703648681804051e+00
6.124249300714836863e+00
5.763808374712709792e+00
6.169779200976265088e+00
5.819977582098994517e+00
5.339325186597424278e+00
4.590270909197210258e+00
1.061829243824738533e+00
4.147720059661295089e+00
6.663231725959785301e+00
4.526265168301622843e+00
7.129926131447131610e+00
3.440146739820925781e+00
3.775246343369571544e+00
3.181723294457849960e+00
4.462883587588693857e+00
4.958005619144415732e+00
5.448123733577035388e+00
6.283964383565962208e+00
5.788485770917133344e+00
5.430266755841456572e+00
3.596875570351395268e+00
2.373188409835796264e+00
6.030777340092787320e+00
4.612885220853796042e+00
3.244828723977138729e+00
6.163524184866830069e+00
5.923484476812115318e+00
6.000432051937256261e+00
4.554942317764023585e+00
4.604998034837195497e+00
8.372216199901178157e+00
6.332561878781262976e+00
4.172954021789951895e+00
5.812218518915334364e+00
2.300848498688593757e+00
6.062475754937771022e+00
6.729230657029406260e+00
5.534057993191206393e+00
4.951228528899316750e+00
5.285063895772301734e+00
6.434738159323465823e+00
5.900250554910761558e+00
4.601867325949784870e+00
5.025381091965041236e+00
4.314777610523618634e+00
6.730362648744852905e+00
3.307475859401065144e+00
4.405250279013032788e+00
5.305236117409511287e+00
6.130300635673069820e+00
5.541767955795652512e+00
4.517046839438656036e+00
1.748720409466534065e+00
5.520691259992901223e+00
6.955071104763437262e+00
4.788468004573863901e+00
5.311634880750626841e+00
6.652502304927029542e+00
5.663105236998084102e+00
4.926794994204070299e+00
5.210447779263085444e+00
7.213619646564978893e+00
5.344027229978510540e+00
5.485052118851029945e+00
4.659307417587013056e+00
6.252167354118197906e+00
6.116268429479695179e+00
4.939554679722449215e+00
3.621033740128082989e+00
6.330443351876399838e+00
3.639654197550909576e+00
8.213885572937554613e+00
5.897317953424437320e+00
8.441206536245211112e+00
5.597765648224652502e+00
4.888140929657335043e+00
6.765234877375136513e+00
4.736040969895361386e+00
4.450578975825324690e+00
7.406014776478935246e+00
2.225913780895297123e+00
7.921299503763451710e+00
5.329815894562125678e+00
6.155439051258132288e+00
8.346198082009061991e+00
5.448435680291209948e+00
6.385393956100073432e+00
2.394871884851762722e+00
4.907003588846086117e+00
5.951727119937964439e+00
3.741242538539030882e+00
6.937395549363544411e+00
2.785439606264495271e+00
6.981919232323468449e+00
6.037991891925717169e+00
6.070091538212079918e+00
5.539206546333703685e+00
5.595464163919956491e+00
5.474559501691229180e+00
3.390291944903745858e+00
2.986128702923341649e+00
6.511684530817294814e+00
