1.556051269836148521e+01
1.207468819457816167e+01
6.813804746073782503e+00
4.881233146842964388e+00
7.749021709872051744e+00
1.014289724339619525e+01
1.843074655611904689e+01
1.029512660892470244e+01
7.252762804536781793e+00
4.856721946718577598e+00
1.768857812323833656e+00
1.469065192007484555e+01
1.996229734021251545e+01
4.967286837129999633e+00
2.384059103335387064e+00
2.765326653562592440e+00
8.051562049381031372e-01
2.501078276550547486e+01
1.183065249421524534e+01
3.842075351700889652e+00
1.104249406211394380e+01
7.692906675503818015e+00
6.055723786832319711e+00
1.086080248740783460e+01
7.074836330356023772e+00
2.184297087298410212e+00
6.844340776879906052e+00
7.567515246015143582e+00
5.953503714698326732e+00
4.471786566348509240e+00
2.183141271105666092e+01
7.403227919921612887e+00
8.616030517618350260e+00
1.239450071488403360e+01
1.405900292709080546e+01
1.332052198100960894e+01
1.275466262887019475e+01
2.316648565093629486e+00
3.369459309249767109e+00
1.065449806299151803e+01
1.008191875302317264e+01
1.032501434986044231e+01
8.556535552195652983e+00
1.281054738794751913e+01
5.772678866503823336e+00
8.586371423709826090e+00
9.789947033509267982e+00
1.057498477036742557e+01
1.430279144401561808e+01
1.380325181451008021e+01
1.126331917077779110e+01
8.153071001517259830e+00
1.225017612133195755e+01
2.823030314358168091e+00
5.840735152785725415e-02
7.302893412661011219e+00
9.752051678423065084e+00
6.196798765784023999e+00
4.296949134770699175e+00
9.590031725042287292e+00
9.086498808974404540e+00
9.901057965592562127e+00
1.140867764376987026e+01
1.428841199456441657e+01
1.372360689718317950e+01
1.336778325310965521e+01
4.619758994194133273e+00
8.439057435174129651e+00
8.014173396137829641e+00
1.113837741999738107e+01
9.612706725718517475e+00
1.072355453054030150e+01
6.120092766627513114e+00
7.311153716751225495e+00
1.520507445695672288e+01
1.188961613783789062e+01
1.621158662798928063e+01
3.878061242319366997e+00
1.428552201833645974e+01
1.028286326247671667e+01
2.976170025429672794e+00
7.159680026603821190e+00
6.669335576561118195e+00
1.598926236340403761e+01
1.562077600285100942e+01
1.060950605309475492e+01
1.548157051318598754e+01
7.615869109649367807e+00
9.105781265931922164e+00
1.380315565471842021e+01
1.458456149061962570e+01
8.753801330962616589e+00
8.588172593317976222e+00
1.185648845389057726e+01
7.424651602278079743e+00
1.013331393442085293e+01
1.890769825886797406e+01
1.191886476613632162e+01
1.523946378388793654e+01
6.867035375427430033e+00
6.074327149987218455e+00
7.473819111044051056e-01
4.273610513561956203e+00
7.014859829626598930e+00
1.686391915048874779e+01
1.702292703765541404e+01
5.662315580855567632e+00
1.391515758786527002e+01
8.921985179165311308e+00
6.313967196114406377e+00
5.385505437883952418e+00
4.529209769882088565e+00
6.770235114660966502e+00
1.395853430681792062e+01
9.970834338772839089e+00
1.185266070718894049e+01
5.212471977496132780e+00
5.189714954722290940e+00
1.335884609582411819e+01
7.832242651457458571e+00
1.472715128075305024e+01
7.948339425206253139e+00
8.073092506508071864e+00
7.059453219144535829e+00
6.746782017159244305e+00
5.659790775803124951e+00
3.907965763584531071e+00
1.080745061504163118e+01
9.195301235894158154e+00
1.007757697238717043e+01
1.364162043025425319e+01
8.685175848700877665e+00
1.129430075559892899e+01
9.269441881066910582e+00
6.714294512039582052e+00
1.209265417566017398e+01
9.202501640256336657e+00
5.323098802421748488e+00
1.365332211653394445e+01
8.007711601235827814e+00
8.244454929603135085e+00
7.005997038824256506e+00
1.411961384539907627e+01
9.225176555426447322e+00
8.179652431504571553e+00
8.719466871935455998e+00
9.682565169304574226e+00
1.069727059830055005e+01
1.137030743624363893e+01
9.271812975824747838e+00
1.163883799273303410e+01
5.109385034241279655e+00
1.157770665791048081e+01
1.687029056076314859e+01
1.093578685145073948e+01
8.501936332640330107e+00
7.286298746332278142e+00
7.672465869753899881e+00
1.189070932457176255e+01
1.578782519057554445e+01
5.713705180172757636e+00
9.850861926171203820e+00
6.986441040470364072e+00
9.488474512591123400e+00
9.631010434546176668e+00
6.691734770191478887e+00
6.660779212304568375e+00
2.552713276021982836e-01
6.569596313494754369e-01
5.819136070637348723e+00
8.300410093022968283e+00
1.075350224318908054e+01
7.729145888546232079e+00
6.103268988211803858e+00
1.511616367065144750e+01
1.409725999503246996e+01
6.020793564543418519e+00
3.165260479679876227e+00
2.469590649254503667e+00
9.578623954867278911e+00
1.026092016804091678e+01
3.549817120232647838e-01
8.296213779911568054e+00
1.504306384984626455e+01
8.484207849237362709e+00
7.879161390339860738e+00
9.408071133217260851e+00
7.526491506203309534e+00
1.131859769077444433e+01
1.067686870221947615e+01
6.555684015744777327e+00
1.088462495416128917e+01
1.168568213763932562e+01
8.346844291532672599e+00
2.128239800441914742e+00
6.513961036908716196e+00
1.110086576623444543e+01
8.867217958048314586e+00
4.136607555334842701e+00
1.053853376071947956e+01
9.962547132930060556e+00
8.413484568833109023e+00
4.139119939182211105e+00
3.741239532441796634e+00
1.068513479213759432e+01
4.779339905217788953e+00
5.802748697064924244e+00
6.583859055821236872e+00
5.532579094910586193e+00
1.008619953634598154e+01
1.127499538360995146e+01
1.087366937700494240e+01
3.542208197967816830e+00
9.392566166992814658e+00
6.538579987826933504e+00
1.071254382526853810e+01
3.797866601210354798e+00
1.071012832663642023e+01
1.225335597044157865e+01
4.220856932617077284e+00
5.271244962993400840e+00
1.085368825982848762e+01
8.168549517027448914e+00
1.124137640454553200e+01
8.729070727371007976e+00
1.142157810712041410e+01
2.482190691974158092e+00
1.340211117979917965e+01
1.931005253692175572e+01
8.165579627959836273e+00
6.458682793172885184e+00
1.109414787584886497e+01
8.841187389694658449e+00
5.814461951852479160e+00
1.175320159607132098e+01
1.106710290104021333e+01
7.075611487667451627e+00
9.751202303632588553e+00
1.391388816140444540e+01
6.226128045114085019e+00
2.659986344058613561e+00
1.073974072990592354e+01
9.289944600478044379e+00
8.327621739002573520e+00
1.214891236536292141e+01
7.357137401769620055e+00
3.752109046732802877e+00
8.921652785816871045e+00
9.844400171508397079e+00
1.347456510956889453e+01
7.878381515350940667e+00
1.308845384733814043e+01
1.362124749539746205e+01
1.028749924736788834e+01
7.610945415133205216e+00
9.805506260466559709e+00
1.017675122964960543e+01
1.020663781811416726e+01
1.250955897313396292e+01
8.113561993127277105e+00
8.600867268634276641e+00
8.727326602916583909e+00
6.892592311770613378e+00
3.623292749158089077e+00
8.774381762048632183e+00
2.857441102699943336e+00
4.236805894753922885e+00
5.297560817408980327e+00
6.662555686975437652e+00
9.413822319643239567e+00
7.697347302163921157e+00
8.439688679914077341e+00
3.707748402154665612e+00
1.097582044495997700e+01
2.627121312394639308e+00
-1.135008310717982027e-01
6.392322071055771104e+00
8.933071790905321663e+00
3.190579858083736564e+00
4.854683140419389531e+00
8.295040383612510837e+00
1.158322112752740551e+01
9.472825464607110391e+00
8.544566100029761913e+00
5.784176318617207713e+00
7.265075228752392533e+00
5.640220584429329165e+00
7.034668377849978782e+00
9.368766178487685892e+00
5.057310068548128257e+00
1.217635771648276588e+01
5.276179968872773074e+00
4.281617153147283084e+00
1.236972173782807261e+01
1.202990317426892197e+01
9.309837464419484121e+00
1.104925074485765890e+01
3.621569223070598476e+00
8.050453012978094236e+00
5.910844357938233706e+00
5.147645535612880074e+00
3.717209206728119497e+00
6.932167660253147012e+00
4.783151950354749715e+00
5.915410160424356079e+00
7.811855566098778070e+00
1.035834966333644935e+01
8.437816543206572817e+00
1.053082200122860712e+01
1.383012595942459377e+01
7.608791309563459393e+00
6.286144955493343289e+00
8.291280933122266106e+00
1.210683027029065428e+01
5.238253089904405968e+00
9.239250362643614878e+00
1.288399726371441822e+01
1.132862571602903401e+01
3.224311690290997401e+00
4.849534492675664055e+00
8.710100718760987348e+00
1.328950175328075645e+01
5.267588613218977756e+00
9.742691372458804011e+00
7.962673418575790585e+00
8.352855782313717725e+00
1.522894262843110091e+01
5.128406941850071732e+00
7.110498176022729488e+00
6.369359243537683568e+00
5.259016581977334681e+00
9.946095165518148207e+00
8.643527133227522086e+00
6.946986364055872443e+00
9.428604141837299224e+00
1.215192360491941237e+01
2.244396366404212362e+00
8.306602875158187516e+00
9.160417170151038846e+00
1.130012912209664755e+01
6.276032319251480196e+00
6.725930721832941828e+00
2.064062605224750158e+00
3.446338870346834948e+00
8.857794584864972620e+00
1.272086491576590994e+01
1.098110815388438688e+01
1.029650275382357449e+01
5.647229268776552402e+00
9.126529064170728844e+00
7.874265205916771926e+00
1.050486068717871113e+01
6.342720244202165070e+00
4.607868154279545436e+00
8.540579079869104362e+00
9.040769307015187550e+00
4.508193681064571301e+00
7.854446688645378316e+00
6.715843713081336652e+00
1.134862174280224778e+01
1.177899926509777728e+01
9.948283504430241564e+00
2.322816519788040601e+00
1.002559291584246459e+01
5.311820010061567565e+00
7.885520230718544354e+00
5.688802424908471878e+00
5.973530224314197667e+00
1.031225676510369560e+01
4.005023801741350198e+00
1.235154283537138298e+01
1.125282774913703676e+01
1.308209891358067445e+01
5.995499459972055689e+00
5.707918399942453647e+00
4.876562900375429166e+00
7.563827957673436408e+00
7.034319480755693910e+00
4.951687828303818151e+00
9.845921797556362876e+00
6.381598752573760969e+00
6.941318881588967926e+00
6.075368579630329613e+00
8.930034022327252075e+00
6.580558155597386438e+00
1.500482938593102133e+01
9.012038938407419764e+00
6.253836587687786164e+00
7.609227513940696852e+00
1.263530646565917692e+01
8.533770679769343559e+00
1.109568219715104220e+01
8.105298004020406566e+00
1.004556253865700910e+01
8.817878141197930120e+00
9.005664896545981790e+00
7.258146882679312739e+00
8.078316797873656085e+00
6.045305634588332921e+00
5.183660642551462416e+00
5.618986353842713832e+00
1.007980610101909491e+01
1.042939035413688842e+01
5.106640669919764619e+00
5.416401130240495299e+00
6.925705440921016809e+00
8.552552704590070221e+00
9.375468929199373136e+00
1.198225768717687245e+01
1.342852600629954374e+01
1.138113490386157878e+01
1.090573332714203403e+01
7.993176959803154347e+00
7.093709777627535296e+00
8.088468579617963172e+00
5.947678544837702752e+00
6.063544229718506706e+00
9.008177563417122613e+00
8.650827758768437903e+00
9.638689018780670636e+00
9.568960198728813538e+00
1.234017630192858661e+01
1.043995653240953736e+01
7.531120517384268354e+00
1.295558998230865910e+01
7.355385431633281179e+00
9.251906115812671416e+00
1.242441111769031004e+01
6.698782307138943182e+00
1.033888476750146701e+01
4.859398574388315240e+00
6.672479926861191402e+00
5.287974636575224707e+00
7.510868965859935464e+00
9.134661118294200577e+00
9.993258841927028513e+00
8.196979506326870890e+00
1.018325183153804225e+01
9.327434901541588275e+00
1.045942535354849490e+01
1.189366337800164963e+01
7.371133272196336961e+00
8.527843513773078143e+00
7.840193501718896840e+00
2.580764335702725454e+00
1.034172218571863588e+01
7.683107769598863435e+00
6.135249921084455771e+00
5.866671154517932862e+00
6.062100944907168554e+00
4.475575848712475491e+00
6.851365077773292178e+00
7.597465226343117273e+00
7.809627154505380808e+00
1.243906028868087432e+01
5.021032461845042150e+00
7.871399009172965755e+00
6.271992416669078807e+00
8.144164475561646910e+00
4.484248571025331032e+00
1.266130516500618342e+01
9.461885589069296998e+00
7.319647222461244773e+00
8.546965658618647765e+00
8.514202409976174835e+00
7.484557095188170805e+00
5.121255818406070581e+00
7.705535761984643628e+00
1.052734116701847000e+01
6.818430855954312975e+00
1.085894224557513255e+01
4.366729444350664124e+00
1.008887305785863475e+01
1.333311039788379659e+01
7.206742023211450743e+00
6.074426884179803032e+00
3.614011978619321663e+00
4.812685429903469370e+00
9.784839462094069518e+00
7.993466849700353372e+00
9.365584855427279365e+00
9.081395670588994662e+00
1.099118418404816033e+01
7.820521481708799350e+00
1.190082683275930009e+01
9.258440420193073450e+00
2.543342008701218848e+00
5.598971567595635968e+00
7.818769833648810952e+00
1.185330118925718779e+01
1.421987253066927792e+01
8.779180667291029749e+00
1.072339575507086806e+01
9.354875906543487218e+00
5.700965142165057564e+00
8.120218714964062556e+00
6.469856116441622618e+00
5.825490270907660140e+00
9.236970331950352886e+00
1.194093621163821339e+01
5.304148471454115388e+00
5.816731114666108482e+00
8.976451704471667625e+00
4.800245458237149876e+00
5.496188023763878938e+00
8.619294685969418168e+00
8.970169004965743653e+00
5.509805635885937747e+00
9.921194044008274204e+00
1.043262549157685193e+01
8.965224514709190018e+00
9.524415796552334612e+00
1.070728763619521828e+01
8.377947899207208948e+00
7.281148276423172305e+00
7.150836722700784520e+00
8.520304067679564497e+00
6.736781287485297476e+00
2.504133743896900466e+00
6.697964877298949737e+00
7.479252753256194097e+00
1.140518816291504756e+01
6.714053988554021579e+00
7.901058168568300566e+00
9.696027082595284341e+00
4.884460627599519711e+00
6.640716683454520819e+00
9.444446731657649252e+00
1.277320241788522459e+01
9.814678302442228386e+00
8.942656125642031384e+00
5.999062412570719260e+00
6.401101152432248753e+00
6.601995652786021296e+00
8.132117139479287715e+00
8.519362016121824865e+00
8.532865736967670145e+00
6.450912665757816633e+00
5.480720844520980073e+00
6.967884377284585540e+00
7.184101314359493173e+00
6.803071934649029373e+00
5.347359063849392413e+00
1.011418480127972330e+01
8.259930867836724033e+00
9.720723088973294068e+00
7.330705540182146152e+00
6.569312732355585993e+00
6.971903555431631538e+00
5.844622562272768107e+00
3.607779800964853401e+00
6.255329729971013997e+00
5.514044718960597891e+00
3.638709756357372704e+00
1.295890979468493409e+00
6.943921344952316055e+00
6.441599900930976119e+00
6.190324853140545258e+00
7.593574019541735609e+00
9.340010615674300354e+00
6.075251561979572834e+00
9.488293940495868384e+00
8.049222472293603658e+00
2.848925188676812770e+00
7.057891722533365275e+00
7.317521332244174559e+00
1.049442273025601757e+01
6.936657568578292299e+00
4.592865869572547943e+00
8.420360128358273855e+00
8.850048005809576068e+00
4.941088858595484190e+00
5.826596532929925409e+00
6.669861501455161878e+00
8.090966790475778936e+00
8.758086586222850300e+00
4.267811568211929085e+00
7.801372633640314191e+00
9.163836854069630888e+00
5.219356303464701696e+00
4.956622974902685108e+00
9.603848400273378161e+00
1.079041822342194124e+01
4.836986597521187647e+00
3.833764643235416436e+00
8.792544997522423245e+00
6.388620964760248100e+00
5.580094080138233714e+00
7.074408565550476702e+00
7.275215876220351596e+00
8.648206064627377287e+00
7.777983794705378706e+00
7.665072784803891537e+00
8.169817611248387124e+00
7.798234993683843541e+00
8.543010287932016666e+00
7.890373397445697989e+00
8.973668211874684886e+00
9.360580638860955816e+00
9.702717638045541548e+00
5.964473220094659744e+00
7.202253030036550818e+00
4.628551768867529503e+00
6.260362144963171893e+00
6.138296803183836303e+00
5.979930439004500720e+00
8.154855654511086627e+00
9.294918603758693720e+00
4.981654444289290495e+00
9.351225059443329712e+00
9.147553120039624730e+00
6.649798343186716920e+00
4.792421445246327849e+00
5.233819749361485307e+00
4.649114372578898369e+00
8.340766313504069274e+00
9.262621560248829766e+00
9.056379690676811478e+00
6.254012817453249440e+00
7.450591560482930475e+00
7.956467168132513201e+00
4.836533757296729519e+00
7.018329801924270583e+00
9.528810574348932860e+00
5.395835755043123072e+00
7.820258584206030150e+00
4.133833056658074767e+00
5.754457159234879882e+00
6.064841291483808128e+00
1.004312788535292178e+01
1.135036353700537681e+01
6.895667839883047989e+00
1.026422671601836534e+01
6.882970635856413111e+00
8.730457723712959250e+00
6.987163682754355065e+00
8.508032424352558465e+00
3.771810915882195747e+00
4.448356880399948032e+00
2.806238161425301136e+00
8.422916780713077145e+00
7.976104706985272408e+00
4.543113166194662433e+00
6.192497116340491381e+00
9.471237914251190659e+00
1.085344597322722926e+01
9.221546185005063734e+00
8.885544249726056165e+00
7.561835900475922578e+00
2.925525984404417024e+00
6.966031613958692859e+00
6.306658573366869192e+00
6.058444949008555014e+00
6.822324452550319940e+00
7.975503640424820517e+00
7.256931363439216298e+00
1.030600634547109351e+01
6.666849985063073802e+00
4.062763669483191009e+00
9.545165901255872498e+00
8.261556935156226800e+00
3.877372772079435759e+00
5.986438107726522517e+00
7.060879867343245131e+00
6.543070560377414857e+00
5.832762960215113424e+00
4.633949269433538021e+00
5.681768239062305881e+00
7.253340581302953893e+00
6.235925158985399896e+00
7.179700625207591891e+00
7.833203914060943518e+00
6.697414648687838756e+00
8.098763650949610593e+00
5.713837767578713311e+00
3.904347775231146844e+00
7.028472868118338823e+00
8.857026294065223126e+00
8.906926466855615843e+00
6.785701725611311907e+00
5.557778073127096263e+00
7.415951767899661817e+00
6.959400554530993155e+00
6.538462695855245421e+00
3.253126062529294149e+00
6.439379309645125282e+00
7.632570738866474080e+00
4.675728063092014608e+00
1.026261917677562963e+01
7.736068629030947719e+00
4.268427433709846675e+00
8.605965332907516085e+00
6.786658170656091116e+00
1.045040655276453911e+01
6.170791270623772640e+00
6.732558632268996313e+00
8.220318127300030753e+00
4.661657529149167978e+00
6.282342102358755120e+00
6.740832064710948757e+00
5.739544839760212014e+00
8.263929356581755314e+00
5.882984172838702008e+00
6.974706130345665223e+00
7.547728442985915720e+00
7.637085728875741886e+00
5.838718136277014636e+00
6.737963912967011026e+00
7.847495945552780405e+00
5.080199079033646647e+00
1.024031051993648234e+01
8.168494919675428179e+00
5.270233581306140280e+00
5.739803906532356947e+00
4.895142605454559259e+00
4.822201126131992588e+00
7.005859481214829820e+00
6.813768992100558641e+00
3.324174670635582807e+00
7.403362328152567784e+00
4.474602847653055271e+00
8.114623558423197380e+00
1.084948684482025882e+01
7.062370494925128028e+00
6.574122800541087663e+00
8.739181833345920580e+00
6.087363576666210641e+00
6.221206527417869836e+00
3.975883991018209773e+00
6.038738328283745460e+00
6.656763942594116301e+00
8.194947250130121930e+00
6.083342120443459677e+00
5.880909536441780716e+00
6.752360267315786757e+00
7.879570055115138416e+00
9.275175083493341077e+00
5.662805179388264776e+00
5.794558968108397323e+00
8.586915433856743718e+00
5.892296460165798777e+00
7.351136989537113919e+00
5.969238929244083280e+00
6.903545525183431231e+00
2.987562432915241928e+00
2.673464767864986324e+00
5.816816803297166771e+00
7.305266946153563978e+00
5.962007350028940778e+00
5.349325384091526914e+00
7.902970682216369447e+00
6.897228421142302501e+00
8.727710149582886601e+00
6.632790374892925556e+00
4.322100517444438239e+00
8.484435944687797715e+00
8.135805015016968511e+00
3.768341927264999391e+00
6.153028248228555874e+00
9.133119652716574777e+00
6.513705180868054612e+00
9.276926278153514005e+00
1.096113420399974636e+01
7.823884658612163534e+00
6.996323842754022415e+00
7.366519698063983768e+00
7.718279425362949198e+00
6.384409230207760189e+00
6.116337590487274767e+00
9.817946963236211744e+00
7.345541419279514095e+00
4.333060283941548185e+00
5.994393079651614720e+00
7.434083743224141116e+00
5.758957908209473509e+00
8.403547642032696885e+00
5.381572122117449730e+00
5.838000530063658822e+00
1.029203978898415350e+01
4.126982623146535190e+00
6.600714139610985853e+00
8.840792164551396937e+00
4.978745342365086479e+00
7.235329149056739517e+00
5.966648515205271508e+00
8.752685362968950500e+00
8.234910346328558006e+00
7.001170552723484874e+00
9.650496402088270642e+00
6.315324154632052434e+00
8.449673939031852044e+00
7.653759718931040901e+00
4.551681252438427805e+00
1.011310188615586370e+01
8.417620798562886364e+00
6.551767710867035355e+00
3.473681992802036156e+00
6.587944747851512517e+00
7.389902378820362827e+00
7.283601686397945585e+00
7.273683840908726772e+00
3.686072932130406876e+00
7.698055809089199286e+00
8.635747911968634227e+00
5.134352805511597673e+00
6.333551703885934359e+00
7.467179302208093894e+00
9.340509317567523340e+00
8.284530686789274512e+00
5.853787271064672559e+00
8.746206428658057419e+00
8.954779399866163558e+00
5.220225548050229314e+00
6.452665408400504177e+00
8.483668852042576702e+00
4.723138325941955706e+00
6.669056225837977081e+00
6.567786135451159524e+00
9.379422894615675688e+00
9.429155693789496695e+00
9.458644214120567995e+00
8.631960462385338317e+00
6.716671131431551700e+00
6.121253217126390922e+00
9.037589828449085871e+00
4.618790163410295690e+00
2.656941671107087455e+00
6.071608270535404195e+00
5.920434330477371887e+00
6.060281391395753836e+00
7.733841554945030339e+00
9.262958708556743304e+00
5.337977006021943360e+00
4.515813742950454568e+00
7.688761758219714970e+00
4.848842914324616338e+00
4.586107980031451703e+00
4.112636746867337934e+00
8.286101446424245509e+00
7.507480094913246305e+00
7.000546984160196828e+00
7.333109736370527543e+00
7.537155324177198246e+00
6.274773424930934596e+00
9.068614254888652582e+00
7.445978427451986015e+00
6.480794948188551174e+00
6.839665237177413815e+00
6.341985043474016592e+00
5.211919157215869625e+00
5.136217638007944508e+00
3.926516640110006229e+00
4.810033127098276573e+00
6.784799724420579103e+00
5.956012783481213546e+00
4.158484182883787739e+00
4.656241853445892254e+00
4.578359436081473888e+00
5.619898344867721995e+00
6.411438565405318535e+00
3.974732969082238832e+00
5.899851215313294261e+00
7.303887244649827970e+00
4.933637732845005175e+00
7.916895889965599231e+00
5.964404366700667204e+00
8.572653251949079234e+00
8.770064169080194816e+00
4.561757294444310773e+00
7.817483771211756860e+00
8.593578894909795096e+00
8.872790604389535929e+00
6.399228783637943785e+00
7.948451179370615627e+00
8.558877829298669582e+00
1.161886307014675879e+01
1.273482278370838650e+01
1.435012102606643936e+01
1.576099137463188349e+01
1.649464309015863250e+01
1.511154932844289078e+01
1.513909774974403533e+01
1.391873404812976389e+01
7.854037593886223689e+00
9.921762026387478173e+00
7.434512781793490177e+00
7.355828796773566047e+00
6.890589761856880990e+00
5.949889425349324412e+00
3.904109599762506377e+00
5.317311116309979546e+00
9.158878270788324727e+00
7.094102672401485066e+00
7.601880855385591218e+00
7.313710040108606592e+00
8.397603335784276979e+00
5.267369590158394566e+00
6.525740366306686191e+00
6.624040266842964542e+00
8.530361944994226064e+00
6.499057929731605121e+00
4.915063129586616952e+00
4.313253196150993674e+00
5.120405307161828290e+00
6.717933678565002786e+00
5.729072303864711557e+00
8.031957269260995957e+00
5.547461992192096680e+00
5.690596492381727600e+00
5.463452742673160500e+00
5.515992550108851589e+00
4.867449870984289717e+00
6.878851032099252194e+00
8.651009849224776005e+00
8.525466678762578354e+00
6.221582844204744056e+00
5.114010634960225232e+00
5.378442186642610423e+00
6.429429446290285455e+00
5.139931552404446435e+00
7.546539362731962797e+00
6.952612719508797667e+00
5.749192181911382704e+00
6.327928936027958251e+00
6.040469383632906641e+00
9.274208505959519400e+00
6.213456073153052373e+00
9.457700055485940283e+00
6.981714011214727122e+00
6.790504236497997503e+00
6.943993656588935970e+00
6.288586986194623307e+00
6.707583031028704568e+00
4.255961832420156910e+00
5.893044299616113868e+00
5.428653094982963445e+00
6.034166785788535492e+00
7.763647125340195743e+00
8.686484062206218937e+00
5.007413740113444867e+00
6.194107871847251090e+00
3.035700983508500705e+00
6.224272712748728509e+00
5.019325581784366719e+00
4.752014642678104472e+00
7.745116388133226337e+00
4.563366557037090487e+00
7.141165244218540487e+00
8.773705042186607628e+00
5.278217532330380379e+00
6.016325405365885004e+00
3.949244658867641089e+00
6.462519192108929111e+00
5.258388912314703845e+00
6.212008964351559470e+00
5.404316479803356721e+00
6.431052922963850449e+00
5.070485058990899851e+00
4.360027395083252877e+00
5.261675798742174059e+00
5.817946033320048116e+00
5.209193564874743387e+00
7.110823125038463033e+00
1.990038740984606536e+00
4.454376458269996064e+00
4.578632640091353956e+00
6.330018963223447592e+00
7.878723899882861481e+00
5.834784737019129253e+00
4.238124061238211837e+00
6.552797976339633124e+00
3.483075394331101471e+00
5.997673437570631094e+00
5.369082805499640898e+00
5.614242955520169609e+00
5.585418998650351519e+00
5.538278508102475683e+00
3.844779998516930419e+00
7.199677421352465245e+00
6.267186869355631629e+00
7.445797305663672816e+00
6.883639510609731005e+00
6.106000108048020181e+00
3.686932693109301162e+00
6.478925632367978693e+00
7.070734614830572085e+00
2.718795853313368927e+00
3.850689679705766810e+00
4.600332734826267256e+00
6.805694511796503754e+00
4.837153684823860544e+00
6.583262508839840876e+00
4.544171019622665675e+00
6.614449715145909181e+00
3.880900336231443593e+00
6.147995179217623729e+00
6.246764835179920539e+00
5.953461773794812117e+00
6.795165746249348437e+00
5.019872888535080513e+00
6.836739699111238799e+00
2.024311972122244896e+00
5.888384878692100699e+00
5.397522914089858403e+00
2.666109299897539753e+00
6.627179550479898040e+00
4.685759290860501913e+00
3.824762011714143650e+00
6.842432322054023963e+00
5.927280668314105050e+00
6.077306812944519798e+00
4.984903326961717340e+00
4.543261748973149494e+00
4.937503428629136160e+00
6.413098014817796511e+00
6.044482830132081652e+00
4.356363645010331354e+00
6.662402738259414647e+00
4.749552499301941566e+00
5.427138393268718275e+00
5.024524626807065353e+00
7.247452913037466971e+00
9.075869733127525762e+00
5.727648500360245976e+00
4.978621907988565631e+00
5.814190371364631460e+00
6.822060097743850804e+00
3.972373145549096041e+00
5.244640570412772540e+00
7.011571469955231173e+00
5.657711857728440208e+00
6.213921841816352654e+00
6.185836613875611789e+00
4.387697576573446057e+00
5.230075334103721829e+00
4.462518243118941186e+00
7.062977257069715797e+00
7.278737166298435035e+00
6.235449639929877108e+00
9.662399648948980513e+00
8.123141042916312671e+00
9.319533966603248842e+00
7.986489408040479354e+00
6.518102566869408143e+00
8.959124662809889728e+00
5.315167241136749432e+00
6.850178546118611322e+00
5.586921327828960671e+00
5.255010601626700861e+00
6.239561429635470446e+00
4.618170649465785260e+00
4.725432679484469212e+00
6.344434044986228649e+00
6.414024663273646176e+00
5.289981643034129100e+00
5.545465974544572241e+00
5.744261684195758555e+00
4.935361857295120558e+00
6.716747833834110004e+00
6.578137093665587187e+00
4.567842299843833942e+00
6.020889639141742578e+00
5.833823152728808026e+00
6.275726770320399162e+00
5.472933931418994646e+00
7.140233599769402417e+00
7.269450892714008461e+00
6.786170995495520053e+00
5.170734108292181830e+00
5.118375790173834261e+00
6.324359498504261268e+00
6.384692523193362668e+00
5.497193586495381368e+00
1.913167720713706110e+00
2.871868308781789558e+00
4.812446539912571097e+00
5.888032017334574597e+00
3.724461626262641989e+00
4.772520037478047428e+00
4.457281231020636447e+00
2.747402430521820094e+00
6.206493422194699683e+00
5.888675594844896111e+00
9.578006744098535918e+00
5.818099558689396211e+00
3.276227390149133001e+00
6.403329668093943994e+00
6.697480785949832871e+00
5.715595841343590777e+00
4.447719554499131256e+00
6.740761964835071396e+00
7.185760956495040652e+00
6.463816975641251794e+00
1.289437028943199781e+00
4.517181558221952997e+00
3.591640495134834410e+00
5.034676523068355003e+00
5.439620936725654055e+00
5.215991013437588641e+00
7.984204849461518094e+00
4.703291110860829072e+00
3.745055593662122817e+00
3.220298905063462946e+00
5.101960331239350666e+00
4.652989630838669122e+00
6.420846582386380952e+00
3.788452451796505027e+00
3.383212906500574491e+00
6.303039497001638125e+00
4.096661019679597615e+00
3.790310846929914046e+00
4.917000101933567180e+00
5.707570950877993710e+00
4.696398990474142110e+00
3.420254684129949485e+00
4.413420910838019573e+00
4.833660908856288074e+00
6.197682640858542591e+00
8.010827251296113616e+00
5.657098206414813646e+00
3.002874148595863879e+00
4.754728699064953545e+00
6.449455508071821441e+00
5.710230761745593853e+00
2.374071349744286685e+00
9.316945370452089925e-01
4.513391866466104574e+00
7.548260632823101446e+00
4.825696483084174204e+00
5.024772172993623442e+00
5.118677483106626624e+00
5.565470464603126999e+00
5.852788702567356616e+00
6.880694619284231095e+00
5.299617491093883359e+00
2.986698635042197569e+00
6.156787133126429445e+00
5.801139431008680347e+00
8.856879084082821763e+00
3.683066200457768335e+00
4.541228110483332969e+00
6.691700031679568283e+00
4.121244840378757601e+00
3.941139190879580312e+00
5.776022797002460685e+00
4.926798463268776906e+00
7.201610725905065458e+00
3.923532589503075485e+00
4.899654047414986557e+00
4.374164852564257799e+00
4.739197681055285827e+00
4.174358134117327701e+00
4.507869232609443166e+00
5.603933119715580169e+00
3.224290766703384215e+00
5.061743664924002850e+00
3.117835995456446518e+00
1.679824613146031709e+00
6.735650625331731867e+00
6.613813242412048155e+00
4.744935355296667545e+00
5.356183668602012560e+00
3.807506040781283296e+00
8.567307022178889397e+00
8.248679008296537774e+00
6.347581979922582995e+00
5.147735299655221475e+00
6.655979356123680191e+00
5.288221228728632539e+00
4.633875558541624251e+00
6.088033000885686441e+00
5.017732861006101608e+00
5.278576606474754129e+00
5.630130931080883805e+00
5.770755893608027876e+00
6.861032495655454255e+00
3.864541500790500628e+00
4.747294407553802387e+00
5.364087708158829848e+00
4.322847152283773475e+00
3.677091988623905738e+00
6.174988949407699934e+00
5.918395233063790783e+00
6.729833311322023448e+00
6.633667491009610728e+00
4.258150432153778198e+00
4.305573974553879246e+00
7.359974968747128088e+00
6.120887297442646258e+00
5.564260059203681941e+00
5.044326228107981258e+00
6.868912012192139649e+00
8.069602916263596271e+00
5.029922543655589884e+00
5.073738896826154310e+00
6.255107569176357352e+00
6.582853341988390561e+00
4.325625022648444507e+00
7.067040478352449639e+00
7.051734621612651743e+00
4.385677135550746897e+00
4.513826729025351980e+00
5.534410162916725717e+00
4.647322803489651655e+00
6.882995063138820591e+00
5.375672062805124440e+00
6.487366364001223573e+00
6.885692032427865428e+00
8.216996744433126665e+00
7.591347696935853762e+00
7.376253852086014362e+00
4.602537284171930310e+00
6.639014951357669503e+00
4.526390060927425019e+00
2.725954196810627117e+00
5.448279258901773225e+00
5.333325925096676912e+00
7.202709421292277980e+00
5.386134925221664815e+00
7.706859291815098878e+00
4.877147432133220661e+00
4.678193510157456991e+00
4.020723629827301693e+00
5.502085878722243528e+00
5.478158862131587981e+00
4.737728060800887597e+00
5.494359649992564876e+00
4.702846198891688978e+00
5.748142369757482939e+00
6.133702234060322667e+00
5.594094348237104164e+00
6.120395321484265239e+00
7.199242439744002908e+00
7.419825180494660444e+00
8.160200413603618586e+00
3.937022792305013397e+00
5.189344752884539780e+00
7.239985436102560179e+00
6.450325386806166961e+00
1.054551626769048056e+01
6.196552838468184277e+00
6.211914850199521609e+00
9.556484347417312009e+00
5.636385757880735703e+00
7.072126852073708392e+00
4.084882119589944516e+00
6.296799962339614254e+00
7.856059713668825495e+00
5.407911209221850868e+00
5.884410665342421964e+00
4.693961862437874721e+00
7.126769144878891460e+00
7.436796338727183375e+00
5.803855263076831861e+00
6.219653095995958836e+00
7.809619434556697826e+00
8.513403021827498307e+00
4.739446507694092148e+00
4.766255168050480329e+00
4.462628370407594858e+00
5.343228703900877896e+00
4.944911903423714783e+00
6.139451809254075521e+00
7.932232266286851186e+00
6.077435716875173810e+00
7.061122177305762193e+00
6.439229277471861579e+00
6.115993848048237425e+00
4.602399566373533979e+00
3.054535065469804245e+00
7.775070751502223487e+00
8.588253948861483522e+00
4.765489347499601180e+00
7.099773486082156637e+00
6.010277342235190723e+00
5.493361962492971706e+00
6.887898779744361377e+00
4.234383342485387836e+00
6.383818156450090875e+00
9.664210251438229093e+00
8.170835508594635144e+00
5.733404811443061355e+00
8.237418207122416902e+00
7.511114363286027107e+00
5.527681917292993852e+00
7.951420117456548198e+00
5.692450681055928108e+00
5.748851712572583317e+00
6.662840898036482606e+00
5.920395225630455727e+00
5.696061002387849292e+00
4.997652289322957131e+00
5.770374867625434945e+00
4.981175493519550912e+00
4.428002443964257573e+00
5.147031282718884881e+00
3.993331785594234518e+00
5.078706260787681614e+00
7.825647516191466480e+00
5.139740869637472009e+00
4.482439064079033031e+00
3.910461229986280429e+00
6.192063637206452142e+00
4.039554071611372699e+00
5.173848410244370477e+00
6.821768758197854332e+00
4.977468434783910212e+00
6.314266928403397650e+00
4.209090488018543574e+00
4.701769456937459069e+00
3.868487308195927010e+00
5.600979324121217573e+00
6.318776301392501793e+00
4.794683914757211340e+00
7.291757648053413199e+00
5.029044327095610001e+00
4.218033385831231996e+00
4.708791459071040464e+00
7.255633399010731566e+00
5.426603721254617874e+00
6.058537988376945904e+00
5.164793197807993508e+00
4.509902073497668695e+00
4.488527310909502077e+00
5.745250527562860476e+00
5.133582957243927325e+00
4.646732743655944020e+00
5.479270047791382936e+00
4.443227521292127946e+00
5.082699057181236491e+00
7.057992941305870183e+00
4.863552539359577764e+00
4.696576289752096400e+00
4.284780520245742963e+00
4.982224974024441089e+00
4.755864106537175395e+00
4.922494666341047598e+00
6.902383697273603680e+00
5.838106124092226068e+00
6.143508127789520046e+00
5.936599383093858151e+00
5.023785525753732273e+00
4.660706352014654996e+00
5.540393679458837539e+00
4.307518643951276260e+00
5.190271505566277810e+00
5.512649215097229494e+00
4.204757568657413458e+00
5.176033963687447503e+00
5.811929241232551391e+00
2.812804861848298810e+00
6.036847819160318096e+00
5.865601098015018167e+00
3.094259153472218582e+00
6.232507751957736986e+00
5.050727388250442651e+00
4.855635933949193017e+00
6.522939519518303975e+00
4.549893449221499964e+00
6.348338963633205267e+00
7.809362631871685778e+00
3.536162768959078662e+00
4.283941710329678187e+00
6.772325605450656205e+00
5.703567528162260203e+00
5.355144635236960049e+00
4.391265109535028799e+00
3.988183088240045748e+00
4.897503175438394862e+00
3.548558960651644778e+00
5.011892078044565935e+00
5.329831532155298035e+00
6.910289343534140372e+00
1.888122223112279618e+00
4.242616864260103426e+00
5.330681018714243713e+00
5.331793001449137037e+00
4.061710865138100424e+00
4.791753836636960528e+00
6.129785550916817094e+00
5.016260752323439043e+00
4.044925273796204479e+00
5.265415981681033308e+00
5.080548009020670719e+00
4.684552193751239102e+00
6.439608614102576567e+00
5.424859069899090613e+00
5.187128694945657870e+00
6.063834733920815623e+00
4.919125680873925432e+00
5.876461041817068853e+00
2.057138230625334963e+00
7.426334315411913245e+00
4.774764902942886025e+00
2.758604083884885760e+00
2.914731857399476489e+00
2.193033613554879135e+00
3.668925968562095630e+00
2.336120602577419714e+00
3.958723101065289018e+00
4.608188957887045412e+00
4.895191261242462843e+00
5.684879597972239296e+00
3.761153366580265889e+00
7.213187943144099279e+00
6.435131696360700815e+00
4.024074752886114048e+00
4.943024857161749885e+00
8.197815533402541988e+00
6.976095033767199638e+00
6.014679345307797576e+00
2.992350319806391212e+00
6.995338180666041517e+00
6.375263047677633743e+00
4.628403512052156721e+00
3.283047375646658494e+00
5.985142916189827744e+00
6.287333401872150063e+00
3.862072888163930795e+00
5.247414605946947752e+00
3.630287116487800780e+00
2.790205543391024445e+00
5.258051016696343893e+00
5.932494706320312616e+00
5.962570892047587279e+00
5.197107805313168072e+00
3.807310305880287071e+00
5.288614212813501858e+00
2.319886674304158625e+00
7.724009187100481455e+00
6.066770807786475928e+00
4.537389862586037381e+00
6.210551352557189375e+00
5.372180320336894965e+00
3.527114891504836702e+00
6.047446767809369739e+00
7.119671376172542310e+00
7.004813410866492340e+00
3.426987575820801712e+00
7.925965843544728884e+00
5.375811363661918918e+00
3.935889908936084591e+00
4.736378883390871763e+00
3.806047799620341454e+00
4.477677134831712813e+00
5.297108043185462911e+00
7.662576927235168256e+00
5.783120331088343669e+00
6.029797626700259094e+00
5.268114072239929335e+00
4.341460874161052530e+00
6.396554586536104203e+00
4.455416802022043932e+00
6.318667064217233786e+00
6.794683700391082048e+00
5.316238446037717225e+00
4.190057931988359741e+00
6.984009774831850592e+00
6.851669740054151525e+00
3.890962799356096458e+00
5.749204570340091358e+00
5.646233936454682301e+00
7.239874947929951787e+00
6.031772621902653952e+00
5.068040543585171420e+00
6.554258967179742434e+00
4.195577087678796779e+00
5.811107788079608483e+00
6.751518851990065961e+00
5.593536246227911235e+00
6.392289917134282184e+00
6.339101764569925024e+00
6.063479162968587133e+00
8.237224557122821977e+00
5.200373028497332406e+00
7.507944446795246307e+00
5.910307509645279289e+00
5.138405010034051479e+00
6.600301450667406478e+00
7.201467721607746064e+00
6.289888535698711536e+00
6.198133320795893297e+00
7.706015988442433517e+00
8.926171093676106949e+00
6.196702582895740719e+00
6.932906582954619701e+00
4.909556069177278381e+00
6.407109567586913634e+00
4.022028407690370067e+00
4.748901142225980365e+00
7.453891180415092244e+00
5.695375352557610071e+00
5.834585908139958477e+00
4.871083516416701897e+00
5.992341253342065244e+00
7.162421894337452244e+00
6.883904821914406114e+00
7.451840289633503644e+00
5.619071822780471237e+00
5.464158372246663120e+00
7.833937120871829585e+00
6.542968247440241747e+00
6.484594721301002451e+00
3.636081173533610489e+00
3.348722615034356309e+00
4.330897325691645428e+00
5.265627799581038992e+00
5.696602010760429380e+00
4.273697438031588192e+00
6.438642652417523315e+00
4.531292368387368263e+00
4.286435420688399667e+00
5.992852193078468837e+00
5.651231742742039543e+00
4.374131651387060060e+00
5.032092973270813729e+00
8.114333411676897256e+00
6.861639084995696969e+00
4.749471901024865161e+00
6.553310491047677822e+00
4.841013950299315916e+00
6.191515313612504734e+00
5.078677292354702111e+00
4.957042369386801539e+00
6.154175419166425520e+00
7.401153336839017882e+00
7.414060475169263142e+00
7.745482023884779466e+00
8.678151792592315061e+00
6.347480960269976435e+00
7.090912890734582419e+00
4.958211805580664766e+00
6.696481078771220119e+00
6.606673593499166941e+00
5.999148301403928407e+00
6.577911065201258900e+00
7.435222905020819617e+00
5.596192134787918881e+00
6.473747003706587400e+00
5.816223608987598936e+00
8.168536028151253348e+00
6.201408403985240625e+00
5.925032406602567470e+00
5.574655445402295406e+00
5.935589497735393572e+00
6.371312415898097825e+00
4.430060160017520232e+00
4.923110688105341026e+00
5.261564287660806194e+00
6.021007203913593564e+00
5.435574633079673923e+00
4.992805211227981488e+00
5.862101571135102773e+00
5.755980963949211215e+00
4.528671251347362592e+00
4.726421165742796582e+00
7.247130791761391855e+00
7.278243185604257093e+00
5.774190967885136416e+00
6.873694275936582443e+00
6.185694675694585420e+00
5.277964454702758879e+00
8.524628367238415549e+00
3.576120283106857478e+00
7.768570683623802431e+00
6.165970786896520117e+00
5.227922578388536579e+00
6.169433860826117666e+00
7.469945717835251742e+00
7.090062915743234662e+00
7.901937511250325841e+00
6.487369823323491325e+00
3.594402974746374380e+00
6.231662329177473758e+00
4.712148956001936284e+00
4.686895054640699776e+00
5.508469333643594368e+00
7.791062095023443490e+00
8.647433716160767503e+00
4.320833021764046933e+00
6.900756200751623659e+00
4.692023010346433765e+00
7.647732015878296430e+00
3.583217146575399692e+00
2.687343106153038619e+00
6.313973216043874181e+00
7.410471128891723325e+00
4.588706617784500175e+00
5.342946204115833986e+00
7.621715115783501915e+00
4.529796201587712012e+00
3.987284194965750039e+00
3.619681638008032998e+00
6.350106965623128374e+00
4.420458883116140214e+00
1.768665203888660997e+00
5.551733835155464369e+00
6.900059178093027157e+00
5.507135569417314080e+00
3.730393017972625458e+00
5.274050202561095801e+00
7.486009600747483006e+00
4.835328442863975340e+00
6.454848106960247023e+00
5.644893850687977555e+00
5.529540027837406946e+00
3.953659923853129587e+00
6.626986857449145063e+00
5.294405219055240863e+00
4.722774738769988545e+00
5.476994191378657284e+00
6.138779067154114699e+00
4.265327006352628736e+00
6.666671660580253622e+00
5.186742606180382076e+00
5.071481701299689782e+00
6.518617258177559215e+00
7.169101732743540012e+00
6.455137973908487758e+00
4.140490081969022462e+00
6.966106374125875966e+00
5.984519079363074923e+00
4.532907025465688022e+00
5.900864689968514654e+00
5.843214543312769571e+00
6.091649404807926160e+00
4.799373468710941282e+00
6.740903240506191274e+00
5.919530886003870229e+00
4.988366733389921315e+00
4.300706040767232174e+00
5.107328130672134314e+00
7.296360885887016146e+00
5.798017055935362762e+00
5.255990341740876204e+00
6.120445094449018519e+00
6.719905144977459166e+00
6.701244199867543827e+00
6.439089618454992170e+00
6.651296133493361573e+00
4.117853005631316066e+00
5.983782175062940745e+00
7.778315317322758382e+00
5.085819169665984241e+00
4.483391847687100196e+00
7.090261223252675826e+00
4.367396613419547435e+00
3.708557174760480191e+00
4.326045066295286290e+00
4.384728204944927654e+01
2.604262950161279733e+01
1.548759567612924926e+01
4.816506248332018458e+00
7.054519524399736952e+00
5.812848771108900969e+00
6.275609760780662683e+00
4.545873350242915834e+00
6.567403387569122231e+00
3.183137564125273045e+00
4.826912329381112698e+00
3.609119515882715401e+00
3.731616090903212335e+00
6.486396127565235759e+00
5.912318989363416932e+00
5.582416228003705960e+00
4.877499294700807120e+00
6.234032044580464671e+00
5.421524779290685103e+00
4.314414062763844093e+00
5.311500495708997960e+00
6.007324519701599641e+00
7.065158313358154807e+00
4.675740985492015334e+00
7.367862030591019185e+00
5.199531660810460920e+00
4.520828537845049233e+00
6.632898805352747118e+00
5.012036010678781572e+00
4.415813461928303596e+00
6.136530092028968042e+00
7.673377153454836730e+00
5.095513891422268848e+00
5.958007017274958628e+00
5.755818825304637620e+00
6.360967073251204695e+00
5.676163587829617718e+00
7.368582635022080218e+00
5.411895751632782137e+00
5.540867627133504669e+00
6.000708606498211140e+00
6.504630083257034734e+00
4.704453300385853076e+00
7.367258710866734006e+00
5.047952097586506426e+00
7.243115168752180644e+00
6.522638494431408418e+00
4.686431047973667496e+00
5.273207333363058247e+00
3.248387911520652871e+00
4.855564325669905479e+00
7.316075347974490661e+00
8.431978169683100433e+00
8.027861848708720771e+00
7.222967332208746427e+00
6.641440353850412315e+00
4.870143694636637655e+00
7.437944697285471918e+00
5.585143221326726248e+00
4.285204125794458641e+00
6.004833109390828483e+00
5.190873475947637594e+00
5.569216076928010573e+00
6.434556885954473060e+00
5.487931768818283373e+00
7.371494470708491065e+00
6.986934710791114611e+00
5.672788989926938363e+00
7.752063664048780112e+00
5.942234041094559771e+00
5.990465297538984935e+00
3.079809671430769225e+00
8.906851415045855092e+00
6.441438526016231236e+00
5.627328072101628109e+00
7.675516130602172638e+00
5.621563186641362009e+00
6.719231910020875276e+00
5.758537747558930775e+00
5.404383335766543617e+00
4.702189854455389728e+00
5.604806692976664451e+00
5.755482609520264248e+00
5.441376404033182901e+00
5.756628880102478973e+00
7.402176296508311104e+00
5.877481321027169692e+00
5.182433482585699913e+00
5.949940354013229182e+00
5.079262153997036400e+00
9.210381905678707071e+00
6.175474612825146536e+00
7.233289965857514936e+00
5.781091451462809339e+00
6.142974756935313252e+00
7.167974457950816003e+00
6.733476879316878438e+00
4.950255943518113710e+00
6.338928363511185715e+00
8.174468442145697011e+00
6.684561501393759819e+00
5.898489850684264013e+00
5.840563582801831188e+00
7.059221206423314854e+00
6.839357858924820732e+00
5.089874380703708567e+00
6.596231063440121112e+00
6.089072199238656502e+00
4.930646396364077866e+00
7.243481535378083258e+00
5.599908687565914533e+00
5.725273278056937976e+00
7.163532106665787325e+00
6.486947608214978622e+00
5.719618061629194727e+00
6.398910902525130062e+00
4.935196688441775059e+00
5.953195173599943324e+00
6.740044930084591712e+00
6.504433312094494823e+00
6.423524350001194705e+00
5.527385395654174083e+00
3.776986387620844710e+00
6.522723391541098259e+00
4.864908867133020287e+00
5.448860028588796034e+00
6.675063149496261339e+00
5.081069915251531732e+00
6.470619417471901613e+00
4.762801667253202531e+00
4.433218138583995938e+00
6.414917124952636662e+00
4.772724047133102943e+00
8.019324203497571801e+00
6.599763520129318550e+00
5.315398017650028173e+00
6.507674188853845187e+00
7.246121271427604427e+00
8.148326036272651507e+00
6.172011618214068740e+00
7.510494703107446490e+00
6.474650097406256855e+00
7.607333883717766199e+00
6.946592469670157755e+00
9.898418699623594108e+00
5.076285509596877077e+00
5.965749763487188773e+00
9.344127029932415951e+00
3.538386130536450125e+00
5.041574271741452229e+00
6.080994569097315505e+00
5.038021766977607285e+00
7.397567455976126638e+00
4.887418389904910399e+00
6.475668312217250033e+00
6.145078508183397403e+00
6.933372818861125886e+00
8.101686419144721540e+00
6.865977719986549488e+00
3.517338007221868956e+00
9.104927684626805018e+00
6.092961255706669021e+00
7.057345544945934357e+00
5.213268093096543154e+00
4.550098618269409201e+00
6.448043371328771478e+00
7.660857512083614651e+00
7.367668585085455746e+00
6.118595730717219183e+00
5.139795137349250531e+00
7.332432147144740675e+00
8.080484611082969337e+00
4.121266964786116205e+00
4.597921352069812784e+00
3.200076139913009321e+00
6.040985785488051540e+00
5.956459023650542584e+00
6.174394664659863530e+00
7.953639072428970280e+00
6.001564235274951642e+00
7.445696773219126818e+00
7.347462549578723134e+00
5.058486677331188730e+00
7.887648250112627935e+00
5.570914723896859932e+00
8.744659982011095067e+00
5.745714910719894597e+00
5.080921660672066409e+00
4.609569016949501830e+00
6.250468786743792471e+00
6.781624047279832368e+00
4.505913305934059032e+00
5.742984758988503025e+00
5.595804111307713491e+00
8.489739407784046676e+00
7.120135946220772283e+00
6.785918495117902793e+00
5.334084141413758751e+00
4.156241910143661400e+00
3.920365632507672338e+00
5.098431900058852939e+00
7.758696396936896278e+00
6.658882042387980427e+00
5.805662612601592443e+00
5.736209354046354569e+00
5.326435956946006911e+00
5.934902183495084138e+00
6.474331538111991691e+00
4.178403668524522274e+00
5.370290321672293032e+00
5.216301040337156358e+00
5.912881053451338964e+00
5.191770154135608273e+00
5.411763090784047492e+00
6.597777558868186176e+00
4.808973166218999395e+00
5.205570718198849534e+00
7.945873047986100168e+00
5.590047646867805753e+00
7.452474440553926271e+00
2.293345235007638649e+00
4.977762847884073416e+00
7.559598435977383346e+00
6.108863880113855949e+00
8.412425172420615382e+00
6.168352862516339741e+00
2.820424045539617008e+00
6.178977892047107900e+00
7.714651862434902085e+00
3.254581579208810194e+00
6.266455270927979271e+00
6.125940266560675695e+00
6.057216688436334984e+00
7.994539737471463958e+00
3.013954385978459882e+00
6.806011213126406112e+00
8.176468411791137925e+00
3.105788363752261194e+00
2.877353431906934045e+00
1.130439097641233914e+01
5.779650393821537335e+00
9.221982753114099651e-01
8.827947704910734217e+00
8.467689795722041168e+00
8.433405000914495631e+00
5.455308838420654283e+00
6.017005479945115809e+00
7.052019946999593003e+00
4.671306586443575881e+00
6.636573179303127290e+00
3.747680944656822444e+00
6.782240853780231227e+00
5.181381423562530841e+00
6.074788613221771882e+00
5.622028463062883397e+00
6.780317915149903563e+00
5.612267674979260157e+00
3.351301677676695956e+00
4.690995712704877363e+00
5.702586208493565678e+00
5.969498743012362496e+00
6.640908118391947390e+00
7.413898114086777014e+00
5.691958165021483218e+00
6.072833369278719751e+00
4.067271944172370368e+00
5.083558484316519355e+00
6.154184853956659040e+00
5.467120920539097817e+00
5.175984989447823814e+00
6.251885654871639275e+00
5.899348867783388961e+00
4.826112935110093538e+00
6.548027600843607132e+00
5.848746845673534089e+00
5.492210938906375794e+00
6.722935946006206365e+00
5.034148986271230974e+00
4.529736653287564252e+00
8.181153052648156176e+00
5.581555362242543339e+00
5.177684436885249042e+00
5.102039813392500456e+00
9.219050982375030401e+00
6.435058929852072396e+00
6.437128548305159015e+00
5.736581425242795795e+00
5.470790062976073287e+00
4.590132402715714655e+00
4.897731090187406267e+00
6.994644634610803990e+00
8.986072520244555051e+00
6.871664012243879682e+00
5.592691111734954035e+00
8.363330130261052986e+00
5.366192888340451717e+00
4.346452510142402303e+00
4.423833316253823256e+00
3.954074042112850851e+00
7.483274880645967464e+00
5.610054148526828044e+00
5.870054188306270682e+00
5.154550634564515121e+00
5.667846326408284341e+00
7.566675846256718074e+00
7.523335776837360989e+00
6.582700886040480093e+00
5.453264230843480220e+00
5.598424542045826513e+00
5.440985290982603750e+00
6.660537759991047579e+00
7.537932699924247970e+00
7.425228586821328136e+00
8.491569236987421831e+00
8.075678917035393312e+00
7.156007436930362786e+00
5.981380977559423329e+00
4.393864913512158132e+00
6.440225918047037368e+00
7.435522041486174238e+00
5.481657536078706983e+00
5.760969859699001105e+00
6.887977114392193734e+00
7.983624209230711699e+00
5.384935821492534913e+00
6.342207581132003114e+00
5.189234541426015035e+00
5.968409258693398556e+00
6.744704640486374636e+00
7.417446170265052707e+00
7.330176412537087849e+00
7.530339511652842432e+00
7.595731087585393837e+00
6.851950646271333767e+00
6.540689683066420734e+00
5.795594175349207511e+00
7.228143736172448541e+00
6.755788325443364606e+00
6.821216776276754601e+00
6.500316965368104327e+00
8.052880752890596128e+00
7.255492625082256453e+00
6.034941193422075578e+00
5.197334429774471687e+00
7.113455086877351619e+00
9.008747784887129129e+00
6.963110044857785397e+00
7.761176633294561533e+00
8.505848784452997080e+00
6.725198973164662419e+00
6.823018380558506735e+00
7.076776453946681755e+00
6.889557240872820287e+00
7.301243285378419934e+00
9.327930473081798013e+00
8.125764625732632140e+00
6.953150025832072423e+00
8.497890796630969135e+00
7.397111702957829493e+00
6.696336716032188718e+00
9.972813483949938274e+00
8.590113954957079301e+00
7.010391815825631312e+00
7.813842382735840530e+00
8.355662994109373187e+00
6.551108795720427480e+00
8.405303483205816661e+00
9.261541650679410154e+00
6.395815094152209390e+00
6.798157606485223603e+00
6.876106503783687707e+00
5.675940923140270655e+00
7.472311417726547056e+00
8.614900421306158407e+00
7.643119641805423470e+00
7.194711963287936385e+00
6.861868825596294741e+00
7.246934896994464026e+00
6.935383085874407882e+00
7.744125498088346937e+00
7.962408690124417099e+00
8.663749481611649372e+00
1.034335777977568149e+01
8.757484393326148364e+00
8.069802483883670163e+00
8.456148763569744986e+00
7.415148676980307663e+00
5.708157101695475077e+00
4.938467966117679353e+00
6.342816715121100124e+00
8.632682274815095980e+00
7.575548936901538966e+00
7.720888143904799605e+00
6.056861640768669730e+00
6.240847461427117437e+00
6.166386811482261088e+00
6.764943044650107318e+00
7.696110073752242542e+00
6.794899583612457050e+00
5.406820429084238988e+00
5.873523850629314147e+00
6.109445360612911990e+00
6.837871252777068420e+00
6.195964377997740691e+00
5.265019035834074934e+00
5.078750250608825567e+00
5.743080884537584474e+00
5.933291395375050570e+00
6.960648057918665366e+00
5.855056196681146297e+00
6.811757107654917931e+00
7.478081626347610644e+00
6.100949287608224303e+00
6.074422564811236214e+00
5.722405789104744400e+00
4.929435084335983319e+00
6.172124866477521010e+00
5.605230820439571104e+00
4.190382638438734375e+00
6.561006381877391824e+00
6.187481338987603330e+00
6.676252075885448889e+00
7.136307297928506266e+00
6.891790878459605807e+00
5.700489654400749728e+00
6.466080308143468791e+00
5.124093567583949849e+00
7.594892219635087649e+00
6.678540477787375806e+00
6.272862652950792040e+00
4.556690455910235471e+00
5.702941216257874757e+00
6.084015970872674650e+00
6.154784511856931317e+00
5.980365551612234931e+00
5.659647320936247006e+00
6.651998469620592047e+00
4.886129326646511117e+00
7.275350031253843497e+00
5.077708576962383979e+00
5.387392895967701989e+00
6.769297455222870852e+00
5.222804498863940381e+00
6.773991759035618898e+00
6.208185691920501625e+00
5.783901625429505700e+00
5.462293999969515923e+00
6.934141487354791522e+00
6.956003141848644766e+00
5.248319717907040882e+00
4.533766579959091381e+00
5.558230488818326265e+00
6.149380537801018676e+00
6.014313719491585886e+00
5.634521588214463250e+00
7.183602703444353033e+00
7.047033398108588642e+00
6.677805777507048290e+00
5.638807052573032053e+00
8.158424364113049165e+00
7.531089115497730191e+00
5.992499336508030794e+00
6.682588414907291607e+00
7.221238220757363102e+00
6.703464209030846277e+00
8.176362308197271389e+00
8.937413555589500902e+00
8.572450423860107804e+00
1.107973199865641689e+01
1.271995889596799678e+01
8.862992513529345473e+00
9.775544085887352352e+00
8.444804446160057765e+00
7.711468887654922000e+00
6.546819651993465605e+00
5.135435637721652569e+00
6.992570436091907204e+00
6.050681408986071652e+00
6.749201359758325580e+00
5.749553376611569178e+00
5.624836344299819935e+00
7.063262263623908410e+00
4.572434291680974816e+00
6.321759103075369701e+00
6.864048641256919936e+00
5.663250106068667300e+00
4.864118250051641112e+00
4.738175716734673415e+00
5.970973210251908192e+00
5.413938706984621874e+00
6.247596243146001704e+00
5.364199981730719102e+00
4.049232332498381659e+00
5.175688229546281605e+00
6.735639003839605010e+00
6.509344292616225047e+00
6.369414652468928573e+00
6.275248392589615420e+00
6.083812418149233459e+00
8.533424026126294137e+00
3.943047615820878704e+00
5.815961280991097659e+00
8.280419073700871380e+00
8.149113608020488897e+00
1.022367035788688128e+01
9.276404095231486124e+00
1.065517876406691045e+01
1.073046474376101500e+01
1.233702861964949804e+01
1.638194522387095020e+01
1.860135448947376346e+01
2.124245351980527730e+01
2.040519984875929183e+01
1.630979812165812604e+01
1.363723092670778136e+01
1.029192605669705252e+01
8.770659226553236820e+00
6.531306835061917226e+00
7.656963722690602658e+00
7.071990617352424735e+00
5.101321080855375278e+00
5.792236854531986445e+00
5.491619721298029333e+00
6.377566818031545459e+00
6.635783822157568679e+00
5.494705609560710080e+00
4.295345146879383513e+00
4.447669620477300079e+00
7.218074545960630140e+00
6.080885727437222776e+00
6.623496701474761217e+00
5.318670736128665588e+00
5.611634525612752000e+00
5.704521600552463489e+00
4.243029314853107969e+00
3.701657694499646656e+00
4.738970341855907265e+00
6.120260452548165198e+00
5.041235767431300197e+00
5.408457969028621193e+00
5.209665649109799013e+00
5.845001094604460157e+00
6.021999078603654354e+00
5.556564564580351195e+00
5.158317547267616376e+00
3.315818659296544624e+00
5.411802209135174735e+00
6.718745712512659729e+00
5.539345801684008030e+00
5.668759757682994227e+00
6.777268588045004094e+00
3.223756812992303544e+00
4.991093993391729100e+00
5.853672795912899574e+00
6.190474113995663608e+00
5.935516609205977900e+00
6.088177881285446347e+00
5.944881146166022923e+00
5.527791640784492699e+00
5.739067810910692735e+00
4.292073879144080450e+00
4.791226314174167555e+00
4.009219827415195780e+00
4.793576858115565109e+00
5.286920142221891439e+00
6.113886607695801167e+00
4.470082545069766766e+00
4.479605230788920700e+00
4.034268176378898119e+00
5.120172205823072531e+00
4.317762358539596335e+00
5.512086107758428000e+00
6.000141501255675358e+00
3.728668544558285891e+00
4.002362334814896450e+00
5.002210333783138729e+00
5.789037753837162015e+00
5.375522208311619643e+00
4.095098662286242863e+00
5.282012209795420965e+00
5.672651388069776424e+00
6.222673815546129639e+00
5.878310695873820713e+00
5.342038947314295960e+00
4.521959445904232489e+00
7.041871560211793835e+00
6.487444885814145579e+00
6.034059218297978866e+00
7.605067955412524228e+00
5.106775253777418477e+00
5.845559898659144160e+00
4.880199979627265705e+00
5.104261361148186182e+00
4.460669771580039189e+00
3.209330751430742534e+00
7.913789928593943479e+00
4.341084246560074966e+00
5.935868539967153801e+00
5.702482594813159444e+00
5.122482165776676588e+00
5.627475526470287370e+00
5.624723096898993191e+00
5.649265193485175196e+00
5.236835880462981763e+00
6.932785428769632219e+00
5.073284708708984958e+00
4.609967924811378737e+00
6.043965498149483473e+00
4.781175100594320604e+00
4.639896151380308531e+00
4.187518144075440318e+00
5.296146149010814597e+00
4.301231164798025475e+00
4.723975716587264451e+00
4.784155479637775876e+00
3.351869328736296616e+00
6.072481576937370562e+00
5.800843085925058595e+00
6.237327793766147543e+00
4.959433269422016899e+00
5.808478903589579190e+00
4.649145998562484117e+00
5.746006597293736640e+00
4.047289719237129546e+00
5.308549583591757326e+00
4.833063371943575603e+00
5.702634979161508078e+00
4.997130623611252709e+00
3.386866675774807156e+00
5.564056529609779922e+00
5.296853221585902993e+00
5.039285128186994811e+00
4.829635962421860107e+00
4.678164674693221947e+00
5.562478765023336713e+00
4.997779989807083822e+00
5.860872388171840086e+00
4.715290181030795225e+00
6.219809765533732104e+00
4.704477648947556823e+00
5.063206176918908064e+00
4.572598358109622119e+00
4.646570946902636834e+00
5.972705665787818141e+00
5.667062160703107310e+00
3.212311749557090756e+00
5.293218433700903169e+00
4.434728960868016934e+00
4.386248889428680187e+00
3.692782739975327466e+00
5.230696234976501380e+00
2.569945715808520159e+00
3.265958466461652776e+00
5.248861950965699741e+00
4.305112913692273224e+00
5.527359391711748948e+00
3.264702180679324606e+00
3.015339999923912107e+00
5.449593909130020286e+00
5.591289825567576699e+00
5.433205619253368646e+00
3.844930279750256918e+00
5.044055306064700872e+00
4.236974220896622789e+00
4.636478234990030423e+00
4.394639059965306238e+00
5.456233856624224110e+00
4.445428343177997732e+00
5.619536282182267861e+00
4.592473471606097313e+00
5.218154398203336264e+00
6.355363427479384875e+00
5.459112969704229990e+00
5.830276353911918008e+00
4.656989599863052831e+00
4.624866570757585116e+00
7.019743767556170688e+00
5.138449216179649781e+00
4.866837893710452612e+00
4.812472073796937977e+00
4.884889341847741484e+00
4.304677409229969776e+00
4.972796359326723703e+00
4.595203251775900277e+00
4.812749820472040696e+00
4.803599774083878060e+00
4.559439903961495233e+00
4.867723235687745564e+00
6.173849108520421680e+00
4.110721486218848142e+00
7.451477220442419558e+00
5.388835625883706015e+00
5.977150256372725678e+00
4.693918824106376952e+00
4.866400398927257953e+00
4.575969877008918552e+00
4.873872731800803493e+00
4.187936981219087862e+00
6.038988616035803503e+00
4.572527119039929033e+00
5.874436118808048946e+00
4.328689158469481768e+00
4.592718032190596489e+00
5.542554242376878548e+00
6.893449556180192950e+00
5.109691918376235265e+00
5.158440430500652596e+00
5.723821501567098124e+00
6.690681657060494558e+00
4.571788721344570483e+00
4.700256857734456339e+00
5.223566804739634861e+00
7.185435356019016062e+00
6.034986359973176562e+00
5.709987769550510350e+00
4.605693228780508797e+00
5.750382246291278143e+00
5.095911997416449957e+00
4.814968389104461011e+00
5.469689509392892113e+00
4.617796480053049102e+00
4.823662466884680811e+00
4.003240829405564583e+00
5.322200253919099566e+00
4.983497353626768600e+00
6.442882555713515202e+00
3.634712026822656483e+00
5.669505562375883656e+00
4.462086087177864258e+00
5.117279369129417610e+00
6.129487292927667141e+00
5.102511851778301910e+00
3.981469272015729199e+00
5.088141448125924171e+00
5.214595652991928176e+00
4.678011164222992235e+00
5.897425298226386836e+00
5.770217655942376567e+00
4.624810491605462204e+00
5.467063291946991477e+00
5.546164451506977677e+00
5.614700336530891178e+00
4.971110063321098949e+00
5.342609219938596610e+00
5.123949302534368755e+00
5.097435367599419287e+00
6.450671682373695148e+00
5.260274279810306375e+00
5.869165349902768725e+00
6.007007613284578440e+00
5.191409191376377130e+00
5.709263088407833919e+00
6.103598558479324865e+00
5.693872479715557766e+00
6.057213985028815806e+00
6.130519564753737605e+00
4.988840531210223084e+00
5.508147741842364553e+00
5.837247972717537259e+00
5.443659599357021150e+00
4.719570846460967140e+00
5.261344964510715982e+00
5.968157511772398394e+00
4.919945570618582842e+00
5.252401574126618122e+00
5.516591801567247266e+00
5.494553323332270978e+00
4.962704720944357994e+00
5.007476465626591100e+00
6.298858273044620759e+00
4.319785221753203786e+00
4.910449033800547980e+00
4.016890318160299955e+00
5.691869454838398568e+00
5.884245781043379253e+00
6.141556884627591195e+00
6.026597865162456102e+00
5.423983784229031713e+00
4.394571169276263234e+00
6.121397583466405834e+00
4.973916511569491661e+00
4.695707258436318199e+00
4.953116881053618137e+00
3.943979298649334275e+00
5.114543513937412023e+00
4.470438252507294763e+00
4.930358470155451478e+00
4.332568256738075441e+00
4.987537818579641069e+00
6.216616412219964083e+00
4.428530138938447713e+00
4.224219253453033396e+00
4.408452440453054955e+00
4.516546215311310064e+00
4.476815251361101922e+00
5.558874101817194102e+00
4.460571035441552645e+00
4.609403116078927276e+00
4.682088708167934321e+00
4.495134812194265805e+00
4.407482796682448800e+00
5.071513090225139742e+00
4.575978904539681480e+00
6.753797937911855342e+00
5.431974091005583816e+00
3.984794857772170573e+00
5.405281622337300362e+00
4.927164125075931267e+00
5.637650652111955374e+00
5.298871268476341712e+00
6.016342862892856580e+00
5.671854423982638949e+00
5.661038284318129499e+00
4.516043206754353001e+00
5.716694290432739578e+00
5.591578470317632110e+00
5.571400788429323292e+00
6.280527550762146305e+00
5.244673795250279547e+00
6.691130729532355659e+00
5.980876599611822719e+00
5.944847603466006269e+00
6.257121186167394988e+00
4.798678751171657986e+00
5.240311467488427688e+00
4.671112008190392295e+00
6.408404304940944485e+00
5.212638171364393891e+00
5.323424557711526894e+00
5.034079320735461494e+00
4.912227304427664087e+00
5.013475263439591600e+00
5.425368781134868534e+00
5.321238407515698654e+00
5.371672574303325121e+00
4.556363949125650237e+00
5.093954060412770879e+00
6.533789178757544391e+00
5.087988689803532694e+00
4.656951071609249482e+00
5.186750834637070540e+00
5.337181976860784438e+00
5.585295869217208775e+00
4.590692601093491199e+00
5.074318876440099046e+00
5.139404524315064116e+00
4.548214236291668655e+00
4.633319768161509700e+00
5.054146024124620773e+00
4.537271082006482992e+00
5.989092138627991169e+00
5.126380221390370195e+00
4.877664484978145865e+00
5.343821631993341370e+00
5.426161754479809751e+00
4.955698912362333175e+00
5.449938898558568390e+00
5.459317788554653994e+00
6.083419895830622259e+00
5.216604562011958990e+00
5.427979175183104132e+00
4.621112233721019535e+00
6.638110777043484845e+00
5.898175564001119753e+00
5.864469415711124789e+00
5.548217332727451101e+00
4.550767274205474777e+00
5.274097492422393785e+00
5.763763985727982764e+00
5.503049815981067461e+00
5.779676597207370925e+00
4.322927178120079539e+00
6.782366487767764518e+00
4.753049428026251633e+00
3.720277248549904492e+00
5.012412606112832236e+00
4.991204353981504305e+00
6.086060927530943410e+00
5.889192139056023123e+00
3.859543710523994697e+00
5.485062748566979174e+00
4.938956927570359312e+00
6.272843818387224601e+00
3.329800347297668051e+00
4.932427194760233391e+00
5.753212000442779583e+00
5.666135195618767995e+00
4.985223883064185735e+00
4.942868587794526647e+00
7.229219403742206396e+00
7.277439689883931528e+00
5.904857111622682453e+00
5.551491514229303093e+00
6.455133842150861057e+00
5.366409721649810116e+00
5.925292951766582661e+00
4.186512597299884675e+00
4.237656487797745619e+00
5.375278799926124229e+00
4.200905103494434023e+00
4.734231404976370072e+00
5.692213917220211528e+00
4.516809716988617218e+00
5.587483050899614057e+00
5.154747667604458350e+00
4.924731534522738485e+00
7.297453481505930206e+00
5.840669944773503985e+00
4.641495751876804299e+00
4.484877274621447363e+00
6.238333716394234507e+00
5.496196592056418417e+00
5.526001269697019325e+00
3.706803478304093513e+00
5.947580538204712219e+00
5.291930382683478484e+00
4.532214371376594997e+00
4.506835773345915008e+00
5.457984543950121115e+00
5.534360338867490903e+00
6.042749494636797891e+00
4.171023581952324477e+00
4.719777845209303990e+00
5.211574074447958616e+00
4.287459910249860506e+00
5.253511975156063940e+00
5.580149112301594272e+00
5.787083946210438867e+00
5.502090494297759093e+00
5.734126899384761167e+00
5.271451990617860517e+00
7.406979782856538463e+00
5.520790953116443411e+00
4.120211340334143379e+00
5.249158526196890939e+00
5.199438274008314487e+00
5.565430444621195960e+00
5.662788160709435914e+00
5.458980835186761915e+00
6.529985566778470307e+00
4.389587901018951577e+00
6.149509886004193682e+00
4.958800389528968289e+00
5.937434074576158238e+00
5.378090855366244760e+00
5.090272402885696934e+00
4.721686766533510493e+00
6.078559373515937558e+00
4.733734275752376597e+00
4.008816170487670583e+00
4.666632379317634083e+00
7.061614757794316688e+00
6.763821070230438437e+00
5.686638886584984398e+00
5.393272670470552477e+00
4.764517361652935712e+00
2.263330217493019436e+00
4.753132598811481202e+00
5.569591024346183694e+00
4.708615089588478853e+00
4.062116744614391983e+00
5.937672718065291733e+00
5.273863344709531553e+00
4.726396087267891843e+00
4.240315197293849536e+00
5.509211861621456485e+00
6.242178779714498305e+00
5.500421697998318038e+00
6.302171514503474015e+00
6.416991459542600751e+00
6.078741466721275799e+00
5.149603140497598375e+00
5.285439247844152533e+00
5.706479079165498902e+00
5.562455968946953710e+00
4.557378905609261288e+00
4.539976061954199338e+00
5.002867741911148691e+00
5.043476073523290637e+00
5.937302550818548852e+00
4.981539877748820899e+00
5.104497455533566708e+00
4.998036206032050011e+00
5.257279183913465381e+00
4.089256425126981398e+00
5.224342942892766573e+00
6.668406178239246529e+00
5.854086100508602897e+00
4.484231602846532994e+00
5.130173301958047993e+00
5.511735562111518938e+00
5.583507800330995252e+00
4.546427924368575901e+00
5.483718849986923161e+00
4.259202426400681141e+00
5.982246666192597928e+00
5.464573537953808291e+00
4.318164073115239532e+00
5.619569535093601687e+00
4.021688634455282241e+00
5.167567072593687527e+00
5.779381488004644574e+00
4.183434593715947614e+00
5.620175308452626695e+00
4.585490938887929246e+00
5.382518069529036886e+00
5.667209249651307346e+00
5.944823264156929632e+00
4.911536624648936034e+00
5.435490084525441468e+00
4.537102728413166197e+00
5.341372915239225527e+00
5.650209573089343351e+00
5.097914105349887315e+00
5.381847239641031067e+00
5.911358061113839213e+00
4.703368346590757199e+00
6.518458645920698125e+00
4.926115788918626670e+00
5.418957114121545793e+00
4.787293510388725970e+00
5.940405233835360121e+00
3.992553878723188898e+00
4.933975774009904391e+00
5.277605103325909042e+00
5.156481886061678566e+00
5.026978370129038254e+00
4.424133103389850774e+00
4.593688934036120664e+00
4.942871169206455306e+00
4.653539116337775283e+00
5.332696174061237748e+00
3.405587496684714388e+00
4.907239531007067335e+00
4.288223418109613938e+00
4.159031386486479853e+00
6.625693665326920723e+00
5.582544894627053722e+00
5.567288627194155737e+00
4.502729956229237551e+00
5.806013241100751010e+00
6.146494270687516526e+00
5.753722205245484389e+00
4.954928407626058018e+00
5.513978871704738438e+00
4.433366195405325172e+00
5.071611873254574299e+00
4.948484518658514020e+00
4.762561782511935959e+00
5.304320959141104908e+00
5.784778801547433069e+00
3.676862118386341471e+00
5.572860763365221182e+00
4.680792291223954571e+00
5.803854547861681645e+00
5.534442148427721975e+00
6.396310146502634630e+00
5.437121342827394344e+00
5.870619382159285138e+00
6.301216252924118244e+00
5.815049736881538145e+00
4.863530170960970622e+00
5.227592836369738372e+00
5.258262533508188064e+00
5.181633213601526400e+00
4.685095037286417963e+00
5.386678290147925985e+00
3.752179039379339720e+00
5.174728097435911778e+00
5.062949487240212321e+00
5.638551971333617630e+00
5.632656133391611419e+00
5.727387545813035885e+00
4.728960300696942731e+00
5.779455215551196012e+00
5.831234095157907582e+00
4.122782291807180144e+00
5.285531945571144696e+00
4.688726226606900305e+00
6.463127170810523126e+00
5.911063635517184167e+00
5.381845455510913645e+00
4.821105946634543393e+00
5.875469355210344524e+00
5.641888892097539632e+00
5.506046700484091616e+00
4.753285963724362517e+00
5.837611032572871395e+00
6.103501714672945333e+00
5.351035028039704322e+00
5.976828336041988265e+00
5.715331166121148776e+00
5.846542509061495529e+00
5.004685333993271534e+00
5.644998742493596566e+00
5.473869536951140091e+00
5.925682346645250398e+00
5.084809226519841019e+00
5.271997409397511269e+00
5.355931147473890874e+00
6.029158643874582779e+00
5.797700486267278741e+00
4.123166466931705187e+00
6.397980772992039711e+00
5.830141828350131838e+00
6.210208962848933645e+00
5.746894050954742816e+00
5.866406350815760895e+00
6.145400617064707305e+00
5.852598277418157302e+00
4.800576935072513152e+00
5.197163496799404925e+00
6.193073836973918667e+00
5.503416952195796519e+00
5.134946614444758417e+00
5.389053350495117023e+00
5.972000138986576445e+00
4.345869388242106446e+00
4.605006728096522117e+00
4.642588037505439580e+00
5.659741164307567907e+00
5.380983388743995732e+00
5.003397575929935392e+00
4.604121718928706031e+00
5.842786758689894278e+00
4.815346778294478547e+00
5.119738967452281742e+00
5.541194077857216627e+00
4.976275650387017357e+00
5.849175645269800938e+00
4.835591672178654932e+00
5.274206802097745950e+00
8.710020500061627757e+00
4.847413078672953901e+00
5.025079168970298937e+00
3.371919652526087940e+00
1.347512840314279536e+01
1.796693893320697955e+00
4.278849587975400048e+00
4.645058385483061159e+00
3.654950542398019753e+00
6.198719588674387104e+00
3.999096145041411532e+00
4.002878952063083418e+00
6.145197084737084481e+00
4.908646465732493525e+00
5.158093214731768406e+00
6.228188033736491214e+00
5.545838597936162628e+00
5.254923855465732707e+00
6.011048856077501057e+00
4.576871479357781602e+00
5.804049275532037200e+00
5.067150526024430945e+00
6.197526751784968368e+00
3.776224757906200491e+00
4.052958822996371779e+00
2.446491954099870192e+00
6.982491388393665233e+00
5.378808528209809481e+00
4.755346388587405215e+00
6.162088182901778843e+00
4.646276230830791221e+00
6.496096630494059276e+00
4.288296452990520535e+00
6.550351291603966786e+00
7.454689574842114475e+00
4.081011081409011254e+00
7.108019372121296087e+00
5.493370077079163138e+00
4.537978268345358224e+00
3.584858578229034975e+00
5.662658413243053523e+00
5.020517685360753823e+00
8.116405552164884796e+00
4.833946022371445217e+00
3.632658620720800702e+00
7.286395264993047682e+00
5.318028395799582420e+00
3.701380476988495261e+00
2.415547642668508299e+00
6.970403204421658394e+00
5.548057863610033280e+00
5.106783663317706612e+00
4.673062777304380688e+00
6.096066596534569726e+00
9.023048274838995297e+00
4.081021796359230791e+00
7.280087618495025836e+00
5.351937104236032638e+00
5.288248423638175488e+00
4.335387491873169630e+00
6.081511887323532761e+00
4.881079480823407479e+00
1.667466961122324509e+00
4.982982912620177451e+00
4.304512517999118160e+00
7.161556462240242560e+00
6.406899459963839583e+00
6.081981361949460485e+00
4.067836847125575694e+00
4.680395193200986625e+00
5.475192629268042843e+00
4.852847946573209725e+00
4.796508339844838709e+00
5.576664764217551529e+00
5.769030109944676354e+00
5.704518484215300944e+00
5.178526286026428949e+00
5.804801218005976260e+00
4.206528242803523554e+00
7.409098603967672503e+00
5.473910578477005018e+00
4.882462215094063751e+00
5.711773289072860749e+00
6.108791292080123725e+00
3.814298831020730418e+00
4.696662333715752702e+00
4.667973206828424537e+00
5.005860655772941925e+00
4.420859788796621004e+00
4.632639832029761706e+00
4.424477060771592640e+00
5.064957010855424713e+00
5.661230052713726479e+00
4.332020810083914597e+00
5.163278189332534573e+00
5.702908449799823032e+00
5.611367136339398876e+00
6.762768960049986511e+00
2.915385898696400524e+00
3.582534100133400568e+00
5.246557414393368646e+00
4.616141618069293351e+00
5.790962212543321108e+00
5.050455858543957177e+00
3.902246790841277679e+00
5.578878691329115291e+00
5.593597878139727086e+00
5.428447306094118296e+00
5.037722660751729364e+00
4.251961677097322756e+00
4.372008192498861412e+00
4.887869279438238124e+00
4.225702115358014765e+00
5.868043024353860382e+00
5.041265726855833407e+00
4.428532620649373364e+00
5.389522429597426445e+00
4.988369688999005902e+00
5.628998253296159326e+00
5.372501397245896371e+00
3.705233251267828987e+00
4.299871068863390988e+00
6.836781193042955174e+00
4.282330475187018592e+00
5.139193096741356825e+00
4.653022867143067565e+00
5.353456500608310797e+00
5.538897026631325993e+00
5.489222488456298343e+00
5.098432672199665561e+00
5.090083304230263117e+00
4.866169408265437646e+00
4.352933570202956126e+00
5.229410120406480900e+00
5.089686026179794709e+00
5.268941809330693005e+00
3.891922728443799606e+00
4.869825271628295482e+00
5.173992344882140770e+00
3.901172926445092948e+00
4.348140515051453825e+00
4.959607490234168026e+00
5.120821101750490101e+00
5.107003316530410508e+00
5.388330786427554031e+00
3.415604601551137431e+00
5.481478254863254129e+00
5.833179910583740302e+00
4.669563066940391138e+00
5.683885465088853728e+00
5.977641383634265893e+00
6.172596766664046442e+00
5.641750924215195084e+00
4.643684255168477826e+00
5.233531620388792049e+00
4.476936862066415834e+00
4.906752755480568773e+00
4.733994993264835749e+00
4.733849939295747156e+00
5.051487806956605375e+00
5.551823386626507428e+00
6.270048250168342108e+00
5.342827139021851579e+00
6.112593107575385432e+00
5.956658386249060300e+00
5.330625161409449753e+00
3.323907192277467448e+00
6.514344300222860262e+00
4.309881366255393864e+00
5.173173072338431489e+00
4.595680388546562689e+00
4.739694004679709138e+00
4.881279665505600995e+00
5.216446124443909760e+00
3.978215031334777940e+00
5.565722860675038852e+00
5.112548114849521319e+00
4.934986569086764696e+00
6.028154326148877473e+00
5.086373685896736774e+00
6.055145771392129284e+00
5.099075346142615928e+00
4.017491203516327936e+00
4.898603704116328394e+00
4.900443737770773467e+00
4.843403828569108782e+00
4.730606931393590564e+00
4.904787697575803129e+00
5.587000278289335320e+00
5.602976905346155334e+00
4.971254440548598552e+00
5.793686571231845051e+00
4.997445941966645933e+00
6.142794255392503011e+00
5.296767073677630222e+00
5.943332441455127402e+00
4.350243105813424549e+00
3.097429550148145250e+00
3.862825373116565153e+00
5.277333909617398788e+00
5.294444872845575745e+00
3.207855600010646402e+00
5.610596293267986923e+00
4.831163952869057532e+00
5.913776866287878242e+00
5.677382048374750134e+00
5.020966823279559677e+00
5.815228172424309783e+00
5.174556884970193060e+00
5.769777843201842060e+00
4.820638177514555700e+00
3.446754872725564578e+00
3.698197418887363419e+00
3.586716625373318035e+00
7.353217219045790287e+00
2.038064548731830961e+00
3.993612068747590893e+00
5.828219080532397456e+00
6.612784366563589700e+00
6.560189913702433984e+00
6.569551005306476732e+00
5.911300356129713052e+00
6.952761692749993117e+00
4.964802060574612597e+00
4.623897137676149960e+00
4.864448323545610187e+00
6.603985993258358000e+00
4.624140809393139762e+00
3.789915906842692195e+00
2.919875664993424103e+00
3.724314568415064475e+00
3.909905585623943747e+00
6.485471509493233810e+00
2.516988820740558630e+00
3.223254640987872843e+00
4.634960083649739104e+00
6.985758870280641908e+00
5.192074352089179889e+00
3.966018290244035960e+00
5.049886553853034421e+00
4.766901135337317186e+00
4.715922504829546114e+00
4.012614941484699216e+00
4.285675066320224325e+00
3.859366985742083145e+00
5.194785032039990647e+00
5.959531990334177465e+00
6.479767155457381023e+00
4.123341827291840289e+00
4.642541926731900581e+00
5.730924556482470678e+00
4.669952284583501978e+00
5.123363130696239942e+00
4.538133401280764367e+00
4.493688789029102182e+00
3.660416593807054308e+00
5.117465812987043172e+00
6.158520250926992290e+00
4.687332414458111884e+00
4.153010232210675667e+00
4.573512393317215263e+00
4.632661260359608235e+00
4.250558933472204259e+00
4.548957932413220107e+00
5.357127418366921745e+00
5.674054759694752370e+00
5.023958987685613664e+00
4.450509141049415085e+00
5.298479192026804618e+00
5.569662351767511232e+00
5.804957802308411630e+00
4.719677317278069495e+00
4.802487905411510383e+00
4.361928453879934331e+00
5.213459064994057535e+00
5.114426890754529609e+00
4.472723741777302031e+00
2.174178814336245047e+00
9.256061585240772160e+00
4.972721564494738899e+00
3.626418262751346155e+00
6.837671191054521813e+00
4.563296965985335518e+00
3.286223559376037162e+00
6.126725804579729484e+00
5.500379043521707700e+00
5.451529373863740702e+00
4.185192998196566094e+00
5.026261012857736965e+00
4.706955829574479999e+00
5.110390201800952603e+00
5.719856421569168070e+00
5.233590480681029611e+00
4.170888088875869926e+00
3.643927286504992757e+00
4.837077166331870792e+00
6.328739988289949103e+00
3.368887106400660691e+00
6.195234339909891919e-01
7.408903197276968555e+00
4.122936961137522616e+00
5.056223065428623542e+00
4.999977921832386762e+00
6.370092041528367055e+00
3.233523042410397341e+00
6.195762419023107981e+00
5.134196590863945531e+00
4.372832017979698449e+00
4.570524072646358960e+00
3.735356757798221849e+00
6.436899856481703708e+00
5.958615490000037873e+00
5.542623575332911834e+00
5.048342779800744751e+00
4.590505182441747323e+00
5.080237240104212404e+00
5.796879867414093113e+00
6.029135276417909139e+00
4.578238869650832044e+00
5.475541704103656038e+00
4.803524835949664507e+00
5.453547271984877653e+00
2.226806875301003519e+00
3.572993209842607598e+00
6.053184260054859323e+00
4.353644249852490766e+00
4.878575110950616356e+00
4.937371809164312175e+00
5.661730434707507698e+00
5.771710695957193771e+00
5.412252078345945350e+00
4.613849874074348989e+00
5.639227805680545380e+00
4.936669475463370205e+00
5.263513059950200024e+00
4.938187958946520517e+00
6.889254973475968491e+00
4.597037298696166729e+00
3.236308387644091678e+00
4.517648561346190306e+00
3.849090047107952106e+00
5.768110897122173064e+00
4.755183165382329769e+00
5.499764888869727031e+00
4.851729019699323686e+00
5.573953040258715852e+00
4.757415470593651996e+00
4.999766669822615306e+00
5.527742324046383438e+00
1.219498850164553616e+00
5.391429189081799578e+00
5.312402005793672721e+00
5.403002128394350123e+00
4.417187653008178394e+00
6.658765753579132252e+00
1.339536022414279381e+00
1.275140395730675724e+00
6.092244374446394772e+00
7.076919170470697296e+00
4.005227978925194776e+00
5.188142299751818065e+00
4.516453836249540998e+00
6.548534572695626998e+00
4.680335059890467164e+00
6.673705441500103142e+00
2.881397802460167412e+00
5.299696010601474327e+00
6.128191987187075362e+00
6.622783817670288897e+00
4.747180674240978782e+00
2.732990318794182194e+00
5.475169523805103466e+00
5.719219939297118138e+00
6.689202885510532326e+00
6.852675302706584759e+00
3.427917119138744972e+00
4.524939821604744949e+00
8.342629195820681076e+00
5.393489846225334894e+00
6.860892046939038202e+00
5.336297727164065030e+00
5.901081490888162584e+00
5.799142382814694408e+00
4.876061027696644956e+00
4.167142375788170483e+00
4.739150389832114563e+00
7.082110274234969971e+00
6.639605329018833046e+00
3.845238784726315195e+00
6.280702107067000384e+00
6.954306349821002264e+00
4.989356819524051190e+00
2.114917076384412731e+00
6.691820772643920279e+00
2.221278350265879720e+00
5.921209206938576664e+00
6.591611157634560847e+00
4.369971465696781188e+00
4.041004271059448705e+00
5.224143086343221221e+00
5.324841251662929764e+00
5.123227395978110721e+00
6.374928075083117207e+00
5.610147154732031183e+00
5.086929913523102087e+00
6.093070879100287662e+00
6.456521311367812821e+00
5.205457181119499843e+00
6.627297629298614545e+00
5.328145363230792242e+00
5.277942149057476939e+00
4.490748808438921991e+00
3.812808502791893872e+00
4.405526209139462246e+00
5.733654289241941981e+00
6.979603249678104859e+00
2.855973192111563641e+00
1.873661705718898673e+00
6.977398175864264473e+00
4.569148154894753233e+00
4.943632358945645677e+00
4.910767573492563542e+00
4.786657758304004417e+00
5.969837403157367994e+00
4.891507964780346107e+00
4.276323527895629084e+00
5.014508149161877704e+00
5.357813332237100212e+00
5.823676120333517225e+00
4.586782992621587951e+00
7.116640895764517083e+00
9.345782905946235175e+00
2.989671422863963812e+00
5.867771634384251200e+00
5.620350844309058402e+00
5.017226809880356519e+00
4.897282323631213075e+00
4.719695119577652420e+00
3.031522752404010923e+00
4.969169335940277321e+00
6.359124615714196516e+00
6.570513067104093885e+00
4.743428487549103068e+00
5.394138166110558963e+00
6.150079404878646017e+00
5.472114806342704973e+00
5.406790198455570184e+00
5.347972029842662955e+00
5.998515831842160750e+00
5.246001438484731771e+00
9.949793336092829232e-01
6.612930154286162931e+00
6.201429373654047339e+00
7.000054024625436355e+00
5.664305662359545579e+00
5.080402087682607259e+00
6.921294047807000638e+00
6.954346928606753409e+00
5.762046201047243521e+00
6.004209991828467707e+00
5.675374717659499524e+00
5.258058493585515691e+00
6.312018608031515932e+00
7.611427377364244684e+00
4.099446873163292260e+00
5.173969065006107648e+00
4.498261520552233605e+00
7.819122883857167139e+00
9.196980510261306918e+00
5.046607660203468626e+00
5.749915766562074815e+00
5.726571064067507599e+00
6.813855978950623893e+00
5.595637815761647538e+00
6.190754658079288042e+00
5.443743856672153214e+00
6.443682666284384908e+00
5.508421476544961948e+00
6.799623376941690722e+00
6.890601634870758829e+00
6.497517587727879018e+00
5.773129045267148207e+00
6.519641721375187160e+00
5.624873936628979720e+00
6.681397589634988421e+00
7.328649529639813309e+00
5.714965689640356672e+00
7.736547099225480117e+00
7.881461724116100243e+00
6.373566672316195891e+00
6.509195026942250273e+00
8.112750555445815692e+00
6.549069903390173586e+00
6.673088794404746338e+00
8.637261079420493814e+00
9.119295554223835865e+00
6.760170519769013175e+00
8.034395630766789864e+00
7.573140127053930470e+00
8.452120972609796112e+00
8.143770244698631089e+00
8.636346688706602492e+00
8.310664301183555480e+00
9.027792987044577444e+00
9.249269459984247987e+00
9.404418486523125509e+00
9.413573972736660522e+00
9.204116730708774341e+00
9.524089305563759211e+00
1.028730130903732309e+01
1.127423657078807295e+01
1.116416944393927757e+01
9.500580732638242765e+00
1.037325381157789472e+01
1.107752556029184277e+01
1.067121711770496617e+01
8.834348190848437810e+00
1.076203052528845561e+01
9.154597984573960900e+00
1.083714069051392137e+01
1.033484882110701264e+01
1.333037554128446089e+01
8.474211068426264148e+00
1.155843065381655776e+01
1.108715333414960647e+01
1.204798563820380686e+01
9.863581927720904474e+00
1.148319234229327712e+01
1.039719703369649295e+01
9.438781006249264749e+00
1.095276595547118426e+01
9.946981610560820641e+00
9.403674534765984916e+00
1.000602305284452243e+01
1.062937895420095380e+01
9.704128380714362123e+00
1.061088969986843367e+01
8.320231840933990597e+00
1.066631295720190487e+01
1.136780884109343148e+01
9.282057119011621893e+00
8.373948588190341269e+00
1.121916120604102218e+01
9.813510200820024565e+00
1.107655174526687780e+01
1.071352274064434518e+01
1.052811979978724466e+01
1.223346525965150100e+01
8.627113580544591542e+00
9.404620821041977052e+00
1.119077888273830723e+01
1.087991669236610726e+01
1.169716349012602841e+01
1.128182587031415807e+01
1.413235456412149560e+01
1.258538966043386154e+01
1.213834956429415080e+01
1.029474152071828286e+01
1.141062011526148012e+01
8.490854556169642464e+00
9.459775737231124637e+00
9.280348294977059709e+00
8.642478652639871584e+00
5.449826567129909094e+00
9.329079684867894073e+00
1.044819254950897935e+01
1.122524509643364432e+01
1.315930603814944888e+01
1.331859490288232095e+01
1.349791848528065508e+01
1.228317561404618097e+01
1.076320724989952637e+01
8.036500658883360515e+00
7.537266803091063672e+00
8.870312791536003161e+00
6.166237125839165500e+00
7.639544537777394950e+00
6.282813790156102307e+00
6.943623348316262600e+00
7.164208783603345232e+00
7.649440122191731639e+00
7.074052815238498937e+00
6.763226367023019492e+00
7.270768400043940538e+00
5.889107861398483301e+00
5.417890682372863864e+00
3.717423737613136936e+00
6.111473026525521490e+00
8.428238253759962717e+00
6.409777716471598552e+00
7.742306940978004981e+00
4.487521140863967695e+00
4.830639336267808837e+00
7.898537587298525509e+00
8.679759924211044364e+00
3.007492259610305751e+00
6.976914820496402214e+00
4.931106282880564962e+00
6.679978929252666120e+00
5.844894136112629646e+00
5.200928941586536070e+00
4.819676311626214016e+00
7.226923963358892422e+00
5.097732898564727222e+00
5.675966250039879313e+00
6.355125831996398134e+00
4.350264973481790420e+00
5.095682593305301822e+00
6.838487564567794941e+00
1.852460925467495301e+00
5.443000860962287746e+00
3.593435809223477051e+00
4.985482426715480031e+00
5.067426702351185419e+00
5.424901299299438762e+00
3.815309447838137302e+00
3.776923763222827191e+00
2.899830936115790792e+00
1.373021052267548114e+00
9.667150160249995849e+00
4.646546083958746465e+00
4.001695340988432825e+00
4.924726567510049335e+00
-1.592052077103759400e-01
5.924796672802973063e+00
4.303904101491868417e+00
5.116234450483126750e+00
4.687371026545680941e+00
5.722837620229455524e+00
6.268669147545615772e+00
5.832957012511957195e+00
3.807059926191292298e+00
4.301287645266215875e+00
6.628655592218995807e+00
5.464973027675687156e+00
5.162775661573839159e+00
5.000758911161208076e+00
4.706087262636379442e+00
5.656913721287662788e+00
6.460768311881259329e+00
5.418722299183905022e+00
7.140255208144159482e+00
3.159586728633211994e+00
3.631231913860743621e+00
4.402086514267715245e+00
5.970128527987404787e+00
5.825213531576254766e+00
1.079420394667929273e-02
7.803800793507400968e+00
6.595740619937720872e+00
4.670638864188441097e+00
6.436972151288395061e+00
5.557080091370283803e+00
6.048033528399876069e+00
6.258120692855674960e+00
7.855778602726308790e+00
7.161362106009087292e+00
6.000929183981169146e+00
6.026402467812068231e+00
5.604771134258857757e+00
7.262727609687020802e+00
5.694711079508639529e+00
7.672830809395048135e+00
-2.680671109064542534e+00
4.985603170613345902e+00
7.195522071973339706e+00
8.324214829783395331e+00
4.094766094690229785e+00
5.582869853715759945e+00
6.249314979896129607e+00
7.106883242400839684e+00
3.529104297954768654e+00
5.998717261672240397e+00
3.219624060059173232e+00
2.353878519202479147e+00
3.634092404398788112e+00
5.499790691201551951e+00
5.290023003403828028e+00
5.671991657026770994e+00
4.715790928074622634e+00
8.070591932482429343e+00
-4.168207494759425202e+00
5.126050208767310323e+00
4.833530720880711229e+00
7.005836975571559044e+00
4.141300161867369489e+00
5.768389580585566279e+00
5.251570332690654652e+00
6.234499284704384969e+00
6.139103803124776881e+00
4.941591232908576714e+00
4.002247806823551635e+00
4.664512790183619195e+00
5.734171898499542230e+00
3.996663301162060034e+00
5.893204066710844735e+00
5.502172802227622839e+00
2.983238182790326487e+00
5.010094947176092717e+00
5.274898384440938059e+00
4.091164289576130209e+00
3.302224968647208492e+00
1.501673021410507403e+00
4.450220265150449883e+00
4.575636349313037421e+00
5.899309141702155479e+00
4.526323426654807136e+00
5.287697067902911385e+00
4.430773316789284877e+00
4.036596417209868726e+00
6.274929534215640814e+00
5.804722188554867657e+00
4.658427238904584655e+00
4.872404446526011235e+00
5.307377987346852954e+00
6.213893111945925085e+00
4.078368241822060369e+00
5.007534621936473584e+00
5.762916319629261430e+00
2.390382211085790853e-01
3.606898078976864319e+00
6.738766262005495555e+00
5.193522532631575928e+00
4.290455363492830188e+00
3.186887362487341946e+00
3.705359027272502548e+00
6.262876398312224424e+00
4.693043766072965362e+00
5.694654233369430330e+00
3.994768216119487292e+00
3.432807292324056458e+00
5.473207577593544038e+00
4.170841743854568406e+00
5.883943065201052036e+00
4.667783294129118410e+00
4.639147145986338927e+00
4.938542082343591488e+00
5.456993572375909984e+00
3.779823659385649126e+00
5.099377744327999729e+00
5.964917627490690322e+00
5.333600899950607044e+00
3.877989359610767295e+00
3.917908046973086922e+00
6.403595127845448154e+00
4.450011822515513416e+00
5.205760811190037529e+00
3.728514436660844478e+00
4.343654140463302227e+00
4.152094734934784981e+00
5.892983207762077846e+00
5.405498161896111320e+00
4.371276309505367053e+00
6.433576919689459217e+00
4.530221203590651946e+00
6.071922994451821154e+00
2.098861293752601664e+00
2.840559582190859800e+00
5.120347130465265018e+00
8.459240667750894005e+00
6.177327397526553909e+00
6.367115328320899437e+00
3.627432059280804921e+00
2.534066617547011901e+00
1.039701699994253836e+01
-2.993338589912843517e+00
5.125245862033138700e+00
2.765972861944533179e+00
3.039338614215675971e+00
8.016941858634275775e+00
5.643725539039751382e+00
5.153016113731800907e+00
6.402771193883054934e+00
6.148523308530979392e+00
-5.443650970969540204e-01
-5.258624038863338734e-01
4.855806703225361787e+00
7.409494193230664827e+00
-4.729027232194804142e+00
3.759507705483503770e+00
2.815891177158177161e+00
-9.155071406297942138e-01
1.952810004327219850e+00
-4.481030125027666067e+00
8.490510717419644138e+00
5.169576509921280483e+00
2.823257151742482929e+00
1.974354042056349345e-01
8.434644264975545980e+00
3.664056642911203809e+00
1.777126263726981570e+00
3.951433043618176377e+00
2.963263190054880258e+00
3.377378680233094954e+00
4.541071547478493287e+00
3.069424277842454085e+00
3.627221679712316238e+00
4.565257480777321852e+00
2.521102337976524055e+00
4.633081695610755446e+00
7.224716407517239425e+00
3.379396439224397142e+00
5.633509620692685793e+00
6.197192573344313615e+00
6.689735097057338820e+00
5.155205611512806207e+00
3.844465850223884651e+00
4.616789038955269930e+00
5.395847385929673834e+00
4.912456308209847577e+00
4.958588169327100559e+00
4.812521554842770222e+00
4.281455401717876086e+00
6.649415480091846575e+00
3.873106436264312169e+00
4.950772862277837305e+00
6.450220912561468900e+00
4.437982651057341243e+00
3.800034179614902197e+00
4.890752212374602337e+00
3.808937952806874971e+00
5.424752643149196807e+00
2.631885022526240459e+00
5.357074999529656267e+00
3.021517455517870765e+00
4.948402394168856411e+00
3.517503850540651733e+00
3.869407046652098892e+00
4.794204152469411007e+00
5.711659102662672183e+00
-1.599663959534121105e-01
3.644069606681359375e-01
5.729785134175836347e+00
7.593450057952418675e+00
6.299326799559001877e+00
4.672439023650355239e+00
4.681650331766965323e+00
7.644791948126044900e+00
6.341125276317201021e-01
8.118299174292729958e+00
7.598234271860795808e+00
7.240131273868430029e+00
5.442843807582491422e+00
4.350649806477627557e+00
5.156495654399773976e+00
4.409019220200051770e+00
4.034710080531513476e+00
6.281375131555418712e+00
4.816228353350509472e+00
4.974181840134338728e+00
4.008343360517609533e+00
3.737214543696716351e+00
4.306640691522943598e+00
3.599356134165877297e+00
5.367187532243866244e+00
2.770999081660808550e+00
4.482810961297452934e+00
6.770192368970235464e+00
3.727273974887598929e+00
6.946625643747172063e+00
5.626917684133158737e+00
9.090061003425035091e-01
1.750845502309148038e+00
2.336394635029348965e+00
8.667165845158375959e+00
7.684968759885893341e+00
4.988557292117789643e+00
3.300982259045994294e+00
7.916438159904635619e+00
6.472774576315827311e+00
6.409025025087143668e+00
6.777514419026045012e+00
3.094296984613229107e+00
8.434818404546403414e+00
3.024433932037123185e+00
5.922094218406849464e+00
6.269950253041430166e+00
4.582690819336957766e+00
3.725353796337605772e+00
3.340201188386662245e+00
6.118531668107643817e+00
3.236135595202677351e+00
5.439119557355754253e+00
5.146493086994892607e+00
1.111437464029258138e+01
5.078264331894800421e+00
5.616642756292452354e+00
3.381221847374088263e+00
4.473827287438052913e+00
3.423192728383220196e+00
9.561814221269838043e+00
3.667767627466850477e+00
6.963954114068709345e+00
6.280776514551085654e+00
4.384288127131820367e+00
4.987219463757118554e+00
3.580504751731198976e+00
5.300908580108065316e+00
4.922494638004033085e+00
2.294342480709595122e+00
-1.570506390982241429e-01
5.346700981055850121e+00
2.830880784269996120e+00
3.628395089699142151e+00
4.683022316919086769e+00
4.735935608543491604e+00
3.774827287591284275e+00
2.676752796765623721e+00
4.759762980024319745e+00
1.196083494986184448e+01
5.305213842773280675e+00
5.469245159903113773e+00
1.707705491701053901e+00
2.756543970615687122e+00
4.624485656877833861e+00
5.035860658209262652e+00
3.978873066538261671e+00
5.328153779828054937e+00
3.144728687585201854e+00
3.755106722720204182e+00
3.102588329032253789e+00
4.236849915105752373e+00
4.613769696254307107e+00
2.776070038429533149e+00
5.746223351498175980e+00
-4.351201041915225609e+00
3.206983477064660359e+00
-3.031681263600450649e+00
7.837431808815011003e+00
3.589142091964686809e+00
4.121056993895848564e+00
2.829302691368364986e+00
6.117333533568893422e+00
2.465190957156154994e+00
3.183090927395726411e+00
4.485987039041009261e+00
4.758884748203321635e+00
7.482538573174892349e+00
3.194241499705470222e+00
5.169047736157489581e+00
3.171814253020970753e+00
2.487762684317564865e+00
8.270372975111705216e+00
5.252141342462920193e+00
4.412731978356893237e+00
4.252102369307658947e+00
3.831760098660523806e+00
-8.172709920400315298e+00
1.788532091782848443e+00
6.531634598201524256e+00
2.992857500539002569e+00
3.993517162846786039e+00
2.415865307511644744e+00
3.717633849990880091e+00
7.046950651872050386e+00
3.777766440825332417e+00
7.287791700174111043e+00
4.419667167599893531e+00
5.553896531803941272e+00
4.482660248134965109e+00
2.328616970209512083e+00
4.664268222110874440e+00
6.347604563415764289e+00
7.543875535823504563e+00
5.729353418170789247e+00
7.554451186633478699e+00
4.203737841389790120e+00
8.727440262921749792e+00
3.281878357420849213e+00
2.501405080404551562e+00
4.755234210272219819e+00
1.638731219239673909e+00
6.915123355313545161e+00
5.835405956723728416e+00
4.953688377025438960e+00
4.218250577172894644e+00
5.745575470501114168e+00
4.455382217600027062e+00
5.467381307175505079e+00
5.798079594241594137e+00
2.648820302993825759e+00
5.818339773493871547e+00
4.798480944707889329e+00
4.523500386594852429e+00
3.793315895316450526e+00
4.278442449835205608e+00
3.994523805758388058e+00
3.816924941194293819e+00
4.528708294671150547e+00
4.066424540847981994e+00
4.436416793050015350e+00
5.747927701410414869e+00
6.637047034720485073e+00
4.384515255479217721e+00
6.096879167710323344e+00
4.817113947256094875e+00
3.930313697022175479e+00
8.755413684320902945e+00
3.923915663894352424e+00
5.337198306912736001e+00
4.665517444226842336e+00
4.372348648127772464e+00
4.006861551390858978e+00
3.655735927391284612e+00
5.650710110608779146e+00
5.005508597640304203e+00
4.841846292670621388e+00
4.019035090401256838e+00
3.954172041958170958e+00
5.022030020540132256e+00
4.734113700029856986e+00
4.733961914559910333e+00
5.132958002311479362e+00
2.587752254330835999e+00
6.226172455599130018e+00
4.981436671616568113e+00
6.237810804919051044e+00
6.173554120998733019e+00
4.003023343926786382e+00
2.518603855758740018e+00
9.009447711944844173e+00
7.312923688938861133e+00
2.047693039924890268e+00
5.398421711583072380e+00
7.290625384703359302e+00
7.902986341087975042e+00
4.451112128816212987e+00
5.997057744248344591e+00
3.768537111711639298e+00
4.102977935219139560e+00
2.759523928548015981e+00
3.772854401972431049e+00
7.039662771414246123e+00
4.814424815956161119e+00
3.249520049199333904e+00
5.284151279383727307e+00
5.824088728249739333e+00
6.686982614083683885e+00
5.757567534855748903e+00
5.982378200775832156e+00
4.585974097526659854e+00
5.488932693964312826e+00
8.756214245280315112e+00
8.067227600711309066e+00
5.307941442760021999e+00
6.260664814570088943e+00
3.886060538040088996e+00
2.010722091996941074e+00
2.089528099232910385e+00
