9.734176360719811072e+00
6.717515861643603259e+00
7.789267391120384687e+00
4.992969442793700807e+00
1.263075760748170184e+00
9.092842478927405381e+00
8.994947387743291500e+00
1.649737480285254776e+01
5.784940792910932217e+00
2.672365536060866020e+00
6.387448811381567282e+00
1.022996303186614142e+01
1.489881497471919758e+01
9.631813610586139163e+00
4.639151205303506664e-01
5.562805476508467351e+00
1.775945915171398992e+00
1.552057563234598625e+01
1.174016029258631733e+01
9.157401505792922336e+00
6.996311598003941867e+00
8.145306954452282255e+00
7.805118772402343197e+00
8.973015742898905245e+00
7.188958991370455465e+00
5.407426800523283283e+00
6.535826601743309539e+00
7.692704710157221015e-01
6.909385508589192426e+00
1.434121376241922974e+01
1.793578872013079106e+01
1.200996088296365727e+01
9.846727512493462342e+00
2.004254935888612010e+01
6.070964972702380891e+00
1.709119696512925302e+01
8.666908272332991103e+00
5.175767993765315822e+00
3.108520365392306140e+00
7.717292473705112954e+00
9.074693866173715762e+00
7.844961967380564616e+00
8.968529525814934900e+00
7.461774571091872588e+00
1.073600248484362396e+01
7.720554571172518088e+00
7.572653233957005625e+00
1.338330551831574411e+01
1.348135283155182051e+01
1.184255674188168683e+01
1.056179504181570827e+01
1.014361668839018371e+01
1.050970041702088942e+01
3.443615509367879746e+00
1.819304969772735481e+00
1.270600827723411541e+01
8.165429955567098830e+00
3.970831849286570847e+00
4.054509621641667394e+00
1.895369399608825489e+01
6.406152918073948044e+00
7.330953685764901806e+00
7.817675975410333322e+00
1.393881589994650838e+01
1.261999797504731902e+01
1.677295275834933364e+01
2.918922413581883646e-01
1.119142748417004896e+01
9.998310780863178593e+00
9.505214972745260837e+00
1.129192233193520245e+01
1.521148581978576964e+01
9.569031515273241695e+00
8.544921542195492492e+00
7.787557911901123120e+00
1.181551228496542016e+01
1.413350357215147035e+01
5.421634868852906131e+00
1.104001542957401760e+01
9.761149388014896289e+00
8.118905495699419106e+00
3.828468719422003730e+00
3.050561168482067043e+00
1.110735945083266074e+01
9.570856097823803310e+00
9.748307011680894973e+00
1.736957543175201124e+01
8.130010619927274362e+00
1.185286829505048622e+01
1.365093025226217804e+01
1.375465980087344064e+01
1.074900764452729796e+01
1.261721452425225110e+01
1.212927377481342361e+01
8.785529747953768620e+00
6.809264398458877210e+00
1.137212575180797813e+01
1.372429079542869168e+01
9.430643311561780706e+00
7.210136480505980217e+00
7.612053560533110108e+00
1.257074192925998091e+01
9.734618400940043159e+00
8.820711825825380714e+00
1.505411024061237235e+01
1.720490091753958950e+01
1.193755623662739040e+01
1.364437342504043471e+01
6.554695131975666555e+00
7.813125840015456625e+00
1.063509878625755434e+01
2.041774052739467216e+00
1.371479653864535031e+01
1.286540141198179299e+01
1.510980098773567448e+01
1.603742546955768944e+01
9.917568519194283283e+00
7.089529045163397214e+00
1.695411384581957037e+01
1.022930146556967479e+01
1.293178728864275762e+01
5.753523207072384515e+00
5.494291100490110047e+00
6.385539389867855853e+00
7.391703213773425318e+00
-1.788885728722036106e-01
6.583406465311342437e+00
4.832828222432895338e+00
9.977160793499349367e+00
1.251216401788346211e+01
1.179295927394206345e+01
8.484348025780354519e+00
1.114720757149157393e+01
1.019007549809934332e+01
5.622216588392817904e+00
1.042748318268658103e+01
7.937332248259366452e+00
5.138911074697586123e+00
9.831375915584573022e+00
3.084097528399854848e+00
5.911795146027643000e+00
8.687479137626377579e+00
9.482908129580973622e+00
7.427133707658316375e+00
1.128673984013705933e+01
1.115454131438193563e+01
7.782700414008520085e+00
1.020598980485801199e+01
6.605717251258331757e+00
8.653721436468574169e+00
1.191383447999105449e+01
4.303583895603780185e+00
1.373305372676219349e+01
1.394710029574025789e+01
1.074333866533949333e+01
1.134348310130655157e+01
9.603736714847354250e+00
1.221034225234531689e+01
1.434612943822539322e+01
1.230732075254622515e+01
7.141643484676328590e+00
8.301161806828192269e+00
7.735362707009335814e+00
1.186311440937080341e+01
1.022005357306651874e+01
5.893919511866546834e+00
4.750633532505790235e+00
4.512904746407258472e+00
4.404299240458422915e+00
8.474567461412769731e+00
3.880587169815157722e+00
7.706412996049911257e+00
7.766410496274801289e+00
6.190574197927481315e+00
1.572061907536587100e+01
1.153364736202154006e+01
7.225087463004089550e+00
4.209197855084187978e-01
7.553889053166815692e+00
8.333667341407121398e+00
6.580490281905333916e+00
1.211341468045392666e+00
1.488620224982923723e+01
8.425215184539887048e+00
4.434465401572116328e+00
7.564084549907300392e+00
5.155909278499185788e+00
9.080333369196356585e+00
8.844705975958886413e+00
8.538184009243643402e+00
1.094714365592601446e+01
1.328365145565924799e+01
9.467306037035003285e+00
6.338063834034445954e+00
3.460353088098941932e+00
1.221924441948712925e+01
1.427531973691944245e+01
1.292941260902927070e+01
5.890420654132257461e+00
8.356117122202510572e+00
9.640536522393039931e+00
1.029829117995865140e+01
5.091341537843879550e+00
9.140329783664201457e+00
9.055887319793230361e+00
5.370466837260570614e+00
8.002963101232053234e+00
6.514938816516055553e+00
1.039647186566452142e+01
9.110907986762262212e+00
1.104935694757041098e+01
1.006798865046951974e+01
1.108342898048233316e+01
2.978880410364727283e+00
6.939212841958982914e+00
9.745097834012637961e+00
-3.009536157811294466e+00
8.734851930620212812e+00
1.198969285328970180e+01
5.447149388441388851e+00
3.944666130685431149e+00
8.200738511328067304e+00
4.388450747170452360e+00
1.447847477745936651e+01
8.109190835982893475e+00
7.926634011417932335e+00
6.218790770415255409e+00
1.234387672243583012e+01
1.430605249269876467e+01
8.944214529375667411e+00
9.020405463938686808e+00
1.038081250837807801e+01
5.229721348953392912e+00
7.923411309623806353e+00
1.144858790731499099e+01
6.075048473231319690e+00
7.501867155774097462e+00
1.081374923018070611e+01
1.298028580264835341e+01
1.176224459308279435e+01
9.942131004004423289e+00
6.994891581340304754e+00
8.893143772498341093e+00
3.863857880602426409e+00
8.297621089586568743e+00
9.966933721479360742e+00
5.089382566575098465e+00
6.139222061120353402e+00
9.645769884962875906e+00
9.751635974973714482e+00
1.104187666276512125e+01
1.438348000948244376e+01
1.108605450761511158e+01
9.803041322631241172e+00
5.920548952071925441e+00
6.727580559042289465e+00
8.850282279367839067e+00
1.081695316628788639e+01
9.178194766832305618e+00
7.853359056909587466e+00
6.118740262902052862e+00
8.076793418941088376e+00
1.162510164726486650e+01
8.218821759215545697e+00
7.532741765033145853e+00
3.189174526950374844e+00
3.900500731939705812e+00
6.824711403610705496e+00
8.689991215654176315e+00
7.767884310553999860e+00
4.218763761254788136e+00
8.037849786393843843e+00
4.711600541155613442e+00
4.074558414626350711e+00
2.912825854852791885e+00
4.827116150496015834e+00
1.119873502919070063e+01
6.326170152366529464e+00
5.387851300536764754e+00
9.875225088725981593e+00
9.717097143094983736e+00
1.166378975269864071e+01
7.675325846164877674e+00
6.794752417563182156e+00
7.815778939928659241e+00
1.025265046962879367e+01
5.541523449791020184e+00
7.170594649640230855e+00
9.406361232949876694e+00
7.320290503214563316e+00
1.358614826481989546e+01
8.913871383673455995e+00
6.398599294122691461e+00
1.288930749253670882e+01
9.943334154058334207e+00
8.018776703222119551e+00
7.010261941721237733e+00
1.224706532335674858e+01
7.361006539781982383e+00
6.614122621802343893e+00
6.247429074220174350e+00
5.784280692684252934e+00
7.833467718695407811e+00
6.609704516381071038e+00
6.994971590011111573e+00
1.042525540218843361e+01
1.066632801605390846e+01
6.981092929663296864e+00
9.265027218916214835e+00
1.314859709455890524e+01
1.142785511817104904e+01
9.567833144818909119e+00
9.086802477871161798e+00
9.954081140436453978e+00
9.643981801626578587e+00
9.340348959386615135e+00
8.072195353181557564e+00
9.039415022031064950e+00
6.322525703704910072e+00
5.370385214495208892e+00
1.344968965188776266e+01
8.690178433382605760e+00
1.067832748831526857e+01
6.173407639360297239e+00
6.929537174720766579e+00
8.754089370792247138e+00
1.416340232132685095e+01
8.866957159504652353e+00
6.977707607180300364e+00
6.663562330897020658e+00
7.595602536315963604e+00
1.224030614504479431e+01
9.125254063934967519e+00
7.053218444343415605e+00
7.033101090842801995e+00
1.314619284509106123e+01
4.567861644424066725e+00
7.353304884310563061e+00
5.820256751447528742e+00
6.692464511667798099e+00
6.201464702935326478e+00
1.522433127106966211e+00
6.587600908598440164e+00
5.803381131730607656e+00
1.123151252631988939e+01
1.038298297715222063e+01
8.720806043576647681e+00
1.340509620949625891e+01
5.156563911341661921e+00
9.565478691187568216e+00
1.391034488241498579e+01
8.610667993131233544e+00
1.247916946779000469e+01
6.144698872955990154e+00
7.630308361454423149e+00
4.564983670582503983e+00
4.593362674499964271e+00
1.245156403230748232e+01
1.053570821735661589e+01
1.237910985281980913e+01
1.258706214432037740e+01
7.483585714024287405e+00
6.159383377504883406e+00
9.467184881425648513e+00
7.004561444346214749e+00
6.928801639078137065e+00
8.320799101190514691e+00
4.936462677118135467e+00
8.671940800029659613e+00
5.221820685911000126e+00
1.141226251542260073e+01
7.356719493383891972e+00
1.251149198187088629e+01
4.639183674179338190e+00
4.457959871312041855e+00
9.913024208989533292e+00
7.683721307799460831e+00
6.712929660927404285e+00
1.168426849432963621e+01
9.481355483683245211e+00
6.131760333881973501e+00
8.424279736833874210e+00
6.315323953447029126e+00
8.684677799858084413e+00
8.874670786025950164e+00
1.149474630913251261e+01
7.036935897512439197e+00
6.843632523932516420e+00
5.519506300360221829e+00
1.385248382769659337e+01
1.182381413466427311e+01
7.035424468777915941e+00
7.144160230111046950e+00
9.940236173242736228e+00
8.651612066868358042e+00
1.317747378331551289e+01
9.464298729745102889e+00
5.094344057050522068e+00
3.110540158378706455e+00
5.039199408186231466e+00
1.006161770142207601e+01
1.224665920748793901e+01
1.037195221038677850e+01
6.020617751029929465e+00
4.251996648546414015e+00
5.186375231629709148e+00
1.248628119449397644e+01
9.663641445852796608e+00
9.799298462492295414e+00
1.086817302602446844e+01
9.422161610003140453e+00
9.215481088178171021e+00
8.397282595411400763e+00
8.274899784829059968e+00
7.406398114695071477e+00
5.038974657930465284e+00
3.700972468715946206e+00
8.339359905023115971e+00
4.502587224209285921e+00
3.154760224379280054e+00
8.956147727359379473e+00
1.416261951736944802e+01
8.986848746396233878e+00
1.038957858581889404e+01
8.590382501293932549e+00
9.836719268948044714e+00
9.182717327866830814e+00
1.059817801842783247e+01
1.037965920256808872e+01
1.068253615136273460e+01
7.220117090329283727e+00
5.367119467785126830e+00
4.542854509312267197e+00
9.069088319747461213e+00
6.656102558524244373e+00
8.655632244737295977e+00
8.534281910057757159e+00
7.238939576545103449e+00
7.906707218125634817e+00
1.122527250133116894e+01
1.013126991682787192e+01
8.729797227195257747e+00
8.853389110230098780e+00
6.156346747231846273e+00
2.439350287755725599e+00
7.219650765397744863e+00
7.496961188813457966e+00
4.204548122166048785e+00
4.866416878466045759e+00
5.147971564813579981e+00
7.627663304839530589e+00
8.783283010348078790e+00
3.369947641507880398e+00
6.312774844016645126e+00
1.071449863388016510e+01
6.095675190101070839e+00
7.227567133554771317e+00
9.211430639741404747e+00
8.841471313208476346e+00
6.831126309822298737e+00
9.545402875210204030e+00
8.890377163886000744e+00
6.164339002856106475e+00
8.970371367982870936e+00
6.869068696045389721e+00
9.533376211526690014e+00
2.712552454288988280e+00
7.041006108136102171e+00
8.122961702743442203e+00
3.043699152455635826e+00
1.102780768069047213e+01
8.585715336150220978e+00
1.175343109032766620e+01
8.834680863127770678e+00
6.390513944171110516e+00
4.288419555660297533e+00
5.880952692113784686e+00
6.472129391139493038e+00
7.468536897413739162e+00
6.136286290548483180e+00
5.818166285937458326e+00
9.132400516629445519e+00
9.575100168532785005e+00
7.796554402646632909e+00
1.178243776329379244e+01
6.408053196268872931e+00
4.032235025508669857e+00
6.441839291115508459e+00
1.003219544626648307e+01
1.227522031152702731e+01
1.758911603996232031e+01
7.091641042862690369e+00
4.032009608917563881e+00
6.407051443215332043e+00
5.858308170935859316e+00
6.357610740860820897e+00
6.022561993608827713e+00
6.645421480264221969e+00
7.188097969214917171e+00
9.093855734914917832e+00
7.835080616162639622e+00
9.575519318420866455e+00
6.497047883668578550e+00
6.746597434238058355e+00
4.597923591896845075e+00
9.210456463991118170e+00
8.612060214914864176e+00
6.290340066202482205e+00
8.596219990063552530e+00
7.039729955914779680e+00
1.033513634373758450e+01
9.511566674694886814e+00
6.658422892634627388e+00
6.745225893520978566e+00
3.695597823572485119e+00
7.278973808268442980e+00
8.122032523480372745e+00
6.631263412800376678e+00
4.563217403565729136e+00
3.597201616868147322e+00
8.093682265656017449e+00
1.008349900912010355e+01
1.002656964910550386e+01
9.735759520738602291e+00
9.511515626491643616e+00
1.072973592810175703e+01
4.767588726266391852e+00
7.315876614369803299e+00
9.948968694835901516e+00
8.445583145318105167e+00
1.002623066524015982e+01
4.603017869628855507e+00
3.611349651868132948e+00
5.004452604585496012e+00
7.133901778450058906e+00
7.912333354825983989e+00
5.009967333002060208e+00
5.569702790891994937e+00
3.656065660403241768e+00
8.861703739508042688e+00
9.655135737225890580e+00
4.134230655177843161e+00
5.028466787153108797e+00
7.047580621991807348e+00
7.744514889130730495e+00
8.982889189219307013e+00
5.581013535976291351e+00
4.515038166467442160e+00
4.568027987557013780e+00
6.545657703117045756e+00
4.932974357897846218e+00
6.638221048926796541e+00
8.913769351356378934e+00
7.309386375898434984e+00
5.304934273708864723e+00
4.479394792682679594e+00
1.094275270009812040e+01
6.271905058738508565e+00
7.726321189735577022e+00
8.949299037748565055e+00
7.864858777683536140e+00
9.439261740509659049e+00
1.010529312446685779e+01
3.273563402253018673e+00
6.113857870903991909e+00
8.306894869115048152e+00
7.600185333357867279e+00
8.221936477840877444e+00
3.067128665862177250e+00
7.909245467165705534e+00
8.122099820192111963e+00
6.345081724501119069e+00
6.122591900855717029e+00
7.035294585888807184e+00
6.899828452019061586e+00
8.635272205935294210e+00
1.878475060357210680e+00
4.906194047819543158e+00
1.167075701331001447e+01
1.013572685054368172e+01
3.117127039093457341e+00
7.826752948661392040e+00
9.457395080342578808e+00
5.167295465551959843e+00
6.103469923749403669e+00
7.224971249507115445e+00
8.701565370566060054e+00
6.075269877375986560e+00
8.616601607946027030e+00
5.149484655673527200e+00
9.661690450320557844e+00
8.792765826779987748e+00
7.984006388151589029e+00
7.073742273650657886e+00
4.225698650096301634e+00
1.010443327259655177e+01
8.056512621066413971e+00
1.017578150199735809e+01
1.115428093159034795e+01
9.010960175745006850e+00
5.975513108330701151e+00
5.690526393640177538e+00
5.272275181452204862e+00
4.798126547123019670e+00
5.020927004925369808e+00
4.862344641162343883e+00
8.113068634041855631e+00
1.055838502484632002e+01
9.511160781181885682e+00
8.200475531810228702e+00
5.979245959922147691e+00
8.538472701728217373e+00
5.252833048482759892e+00
4.585947655010047086e+00
7.251329077260601608e+00
9.426936345560799069e+00
9.361951460498199040e+00
8.719933317068457868e+00
8.580845463696412878e+00
7.779857155638111976e+00
7.828587582772253306e+00
4.401557769177672164e+00
7.515205020689247561e+00
8.171862580604734916e+00
4.230765506831319911e+00
7.442048866211357527e+00
8.776421743333411740e+00
3.078138824704033105e+00
3.672474711740857600e+00
5.605513712249164726e+00
5.576914642688675983e+00
7.297521375044751402e+00
9.167796286301525654e+00
1.102725766173107402e+01
8.062024833073635932e+00
8.667018792342473077e+00
6.313518673476682608e+00
3.944650988440932871e+00
4.358917559421986887e+00
6.071678479298883602e+00
9.241776461331847159e+00
7.525137891623187691e+00
7.166024500110227180e+00
7.656207576575532414e+00
7.675500815177893621e+00
1.023801749138892525e+01
7.099395570161608049e+00
8.298617602103419699e+00
5.438221714827819575e+00
5.609666313778732594e+00
7.382604437881914450e+00
6.161060761204079306e+00
6.535847613668440914e+00
6.774305373997393076e+00
6.744818235308242649e+00
5.727675184147091869e+00
6.551460083193288320e+00
7.354165381768656751e+00
7.944023781140234775e+00
7.482299337980816034e+00
7.852515635892626911e+00
3.959697174796962482e+00
3.800398775401189866e+00
8.839630917705177282e+00
6.440419090120751200e+00
6.759306347054944375e+00
5.780154405060704548e+00
7.106731998823840435e+00
6.253020987497897032e+00
5.933936836839690976e+00
8.045011977318926810e+00
1.008693274043202592e+01
9.579250407130164291e+00
8.423916269955334712e+00
6.210291057685910054e+00
4.119258720016833131e+00
9.527501565361786717e+00
9.063274567318620356e+00
9.270946334325701699e+00
5.350822186862622232e+00
4.544151961796655037e+00
5.835903115680771691e+00
9.614685856982861267e+00
5.258124316348328442e+00
4.051334252966969807e+00
4.840987740128365857e+00
1.016347167638861393e+01
5.730311592316414071e+00
8.627278356106055313e+00
5.828063641467577938e+00
7.080581330109239957e+00
7.132830324980599990e+00
8.655289202009294414e+00
1.144038565213772962e+01
6.600614868118752199e+00
4.997698358189580858e+00
6.691028808204447564e+00
4.684979974852700124e+00
6.675626195894038162e+00
4.583935752134897790e+00
5.903496649273998642e+00
6.287605716294145886e+00
4.530197280318430941e+00
8.088629467022453667e+00
7.251697331550515102e+00
6.020324491028089753e+00
5.988539967074652637e+00
5.080077941911435246e+00
5.952600725600645681e+00
5.304539587477235862e+00
5.611393629541716166e+00
1.107855288675888339e+01
5.519073321301484647e+00
3.681877374928253843e+00
4.306220336110602176e+00
5.104337433774532862e+00
4.324758714035891849e+00
5.653823324603379774e+00
6.804903857764334596e+00
6.216545143107780724e+00
5.198830403998220717e+00
9.231488965596943430e+00
9.138718464261003760e+00
7.572521204061845701e+00
7.832025756697279739e+00
6.290564181492334761e+00
7.185992132315038639e+00
7.141087274869210688e+00
2.647236807317576712e+00
4.079878682105740673e+00
7.216010767184681818e+00
5.174595876803648409e+00
5.978111770308847994e+00
5.334703395802343096e+00
7.232665946260966372e+00
8.701139266206659784e+00
8.521815280205306209e+00
6.018274427918735903e+00
9.459327052911991274e+00
7.193889584381278013e+00
7.768359231476170024e+00
1.012078114804946871e+01
4.673977634808145432e+00
8.059993575445083991e+00
4.565718440647371423e+00
6.423111487134256947e+00
8.254588328472493686e+00
6.826696365943458744e+00
6.161348295766536864e+00
6.170008917514460123e+00
6.050894949575662096e+00
8.715179589408382554e+00
8.001210080671098623e+00
9.572265741717053800e+00
5.005306843599827360e+00
7.234549475283982289e+00
6.788050038388819374e+00
3.409244037002113981e+00
9.098105122286781921e+00
1.007573778556830391e+01
7.094235954785212073e+00
6.645366008994636253e+00
9.914055583868833565e+00
8.503109975523397424e+00
7.677168176351655937e+00
8.987086097812911234e+00
8.551132057907070205e+00
6.487325143080015621e+00
4.009453036525951752e+00
6.625636378157901518e+00
6.814224845597263602e+00
4.887161888024515122e+00
6.571355608287746897e+00
1.342355221868144532e+01
6.094159904965325225e+00
9.991521167890480726e+00
5.466150749264616415e+00
8.404284799628202407e+00
9.747320609690216742e+00
6.355361545078936025e+00
8.164865076701886437e+00
7.018968677580860849e+00
8.103194348731451058e+00
4.654514031191728129e+00
7.283697258399668861e+00
7.833481971531637278e+00
8.502734088115714073e+00
6.847850366739458572e+00
6.223781336662689512e+00
7.256128567084796366e+00
8.303173264655653085e+00
5.153856338145728522e+00
3.324588923501355708e+00
8.069445572613938467e+00
7.874846792477964819e+00
5.120702901762683723e+00
6.593274683493616450e+00
5.481548226113361011e+00
8.890037805158051754e+00
8.792648828838746766e+00
6.994878643153303877e+00
6.154768639514443862e+00
7.649527238847914745e+00
5.356415367135800132e+00
8.120847098549933918e+00
3.585170268400627247e+00
7.923944535304704218e+00
6.615733823569173389e+00
7.791798931648886928e+00
4.864588404179262859e+00
1.105182488032765065e+01
9.122003426539791349e+00
4.657430002245454226e+00
4.523931267850041849e+00
7.910694255656917306e+00
6.357848776174054528e+00
5.668299414812123516e+00
8.434819215737334730e+00
8.065121020587374900e+00
8.699878908018749968e+00
8.649862093807914931e+00
7.154767547732264532e+00
7.062786480865325345e+00
6.716411701641952448e+00
1.004643256815862884e+01
6.589339296170200200e+00
2.932458469962869518e+00
4.044521538540068128e+00
5.430183355131348755e+00
3.254264242738325930e+00
7.407836248415140545e+00
8.859843440104302914e+00
7.726881213775417478e+00
7.424456766399575969e+00
1.037312019046195743e+01
8.208802320103837147e+00
4.607028758484791986e+00
5.328000455189454421e+00
1.147173828375368920e+01
9.146582245014432289e+00
5.118940341206882572e+00
7.210909298978156912e+00
9.108074717895844330e+00
8.895679519220255571e+00
9.471006501139944689e+00
8.122281395328647235e+00
6.148453590131768287e+00
5.120376012123362131e+00
5.555716231474024269e+00
5.768735760107512434e+00
4.961302259175143448e+00
2.213193525720083432e+00
7.188295019565040356e+00
6.689598502068130337e+00
7.247744168528719833e+00
5.411844416718121664e+00
4.373526102910766156e+00
7.158503175352378456e+00
6.533132511989961699e+00
5.846913241351540336e+00
6.393219166623297589e+00
7.786778386836228805e+00
6.486055752531243890e+00
7.255081505816469267e+00
6.623976518458769114e+00
6.297708707838608255e+00
5.608815689791277315e+00
9.167680901250125913e+00
6.666689668922548329e+00
9.935622454199947384e+00
9.267502570498299619e+00
9.351076095377024444e+00
1.206397354094539409e+01
8.627398850062519386e+00
9.951793100068607956e+00
1.019374125786736407e+01
1.102745185971020803e+01
1.319959968921765281e+01
1.630747176588826974e+01
1.570527692566910893e+01
1.464160422339382528e+01
1.522197153716441598e+01
1.504853284884660525e+01
9.467221248755890883e+00
9.289869650960030256e+00
6.260889746477244167e+00
9.094487144424448388e+00
7.478413715998550870e+00
6.586762734206369707e+00
3.134690403367748068e+00
3.903718363118350965e+00
7.286022873878667205e+00
5.807186375281981228e+00
8.409481753853206953e+00
7.246303093580507060e+00
7.661867936104883370e+00
3.668002441633501309e+00
4.923563400483833341e+00
6.538522842943414126e+00
9.057547038875775058e+00
4.925162218959755478e+00
4.646403871447756906e+00
5.980597208690583422e+00
3.739319535723860888e+00
6.160216449693785457e+00
6.199027393817988951e+00
8.279786272126967717e+00
4.219755204418335737e+00
4.802671527140466523e+00
4.784038805499577052e+00
5.841804076807711965e+00
5.459215112105733958e+00
5.671256527112876533e+00
5.449513282332382857e+00
8.293410301412183827e+00
6.511404256398116708e+00
6.228034701536913076e+00
8.496602860963324844e+00
7.889654643980033910e+00
4.902747327484783924e+00
4.425091452903691547e+00
6.567847227574186597e+00
6.123386604890940887e+00
5.988705120792882752e+00
8.478304058112071218e+00
8.207952573544428532e+00
5.726617646622137237e+00
5.740953928479408219e+00
8.253076189487499548e+00
6.459527049490153772e+00
5.053359522948843718e+00
6.740916745174110325e+00
5.538623633345107322e+00
5.938068735429611777e+00
6.211810007829638991e+00
5.965433318366575755e+00
5.755195056103356244e+00
6.705947232821507953e+00
7.953491416813466053e+00
6.076980658624046683e+00
6.580895005679309406e+00
5.272344058798288380e+00
6.171878359696934879e+00
3.729306231307104369e+00
3.076683878182914000e+00
7.580056382596468190e+00
6.239494546167915878e+00
8.620651520609314389e+00
8.459072010495777505e+00
5.848481030230891164e+00
3.871918591335151483e+00
4.877844585573643421e+00
2.883049731709056207e+00
5.717993683023998130e+00
7.242126508534981966e+00
6.102174021481141075e+00
7.304373364050795736e+00
4.594538541346535609e+00
4.084249453428925314e+00
5.204920624292314280e+00
5.075710246722636043e+00
4.656518497256577405e+00
6.363143140514756269e+00
1.285561882016581725e+00
2.252285968025605545e+00
4.420447823034156620e+00
4.434881777081176146e+00
5.995122784201265098e+00
5.560061213305013794e+00
2.773495789730560990e+00
6.711075549756216674e+00
6.635765925692012956e+00
4.297200331231942450e+00
7.122933916092782702e+00
4.583968889458627238e+00
3.403445053487663685e+00
6.393114271454798825e+00
5.211730406782984382e+00
6.039646069631713132e+00
7.053575632126968031e+00
3.887715969267540927e+00
6.938907630098805512e+00
6.824106146679268292e+00
4.346646161923222174e+00
5.603971742651529198e+00
7.421192640166153431e+00
3.546373206647150500e+00
5.743570844403365072e+00
4.186677440909274850e+00
6.659625222104617492e+00
6.783143261816760194e+00
5.416192915353061466e+00
2.867604037350288237e+00
5.180721245602041058e+00
4.620250514721403690e+00
4.582583981721625399e+00
5.012351972270488787e+00
5.612000746297318265e+00
4.875367241310266664e+00
6.174556204148748506e+00
6.291683335927691800e+00
2.900423441845910943e+00
5.287882838462648394e+00
4.427758786972151306e+00
5.300011018123008455e+00
4.238586098469193431e+00
5.940419177163398068e+00
4.995438298539241373e+00
5.487054253410772020e+00
5.690821191818796976e+00
5.516595331007079217e+00
3.641618034004342697e+00
6.319677549101711200e+00
6.154661000327616982e+00
6.338900374492864920e+00
3.260680290577220752e+00
4.376120803235011181e+00
7.349569744525995318e+00
4.058341407260894762e+00
5.780102513862248159e+00
4.291093559112504785e+00
6.196877174090941409e+00
7.624567167082107133e+00
6.659176657476738370e+00
5.749995084286972258e+00
4.489749984203461608e+00
6.412882785247346895e+00
4.706901063668706087e+00
6.711725147770318145e+00
2.844043365864785677e+00
4.692191235138249539e+00
3.264780025373972272e+00
6.113465855718918540e+00
4.470939377269850468e+00
8.370787167276038332e+00
7.629450365660636280e+00
5.605148038675857869e+00
7.666926509944779866e+00
7.751298813331794157e+00
9.337176038655307764e+00
9.739420959749590878e+00
5.684591078814928977e+00
7.771663744002469620e+00
5.756204817922045081e+00
9.103561050741248550e+00
5.668503272578967689e+00
5.989681473289600433e+00
5.160081674179958888e+00
6.650325888237167860e+00
7.023659067054622618e+00
4.529718889108741209e+00
6.518802842498709893e+00
7.239969564337433994e+00
5.837745280780144874e+00
7.080075952046003707e+00
6.866557113811762925e+00
5.920992911562686700e+00
3.982172699729487508e+00
6.474023446251351288e+00
5.686164125726685725e+00
5.974029927330935408e+00
5.967012154628782206e+00
7.463063476539744556e+00
4.901005215459452558e+00
7.847110804379584081e+00
6.629698035596114813e+00
6.733647853900511571e+00
5.886601983090116619e+00
4.950217121869176395e+00
3.705006878002810033e+00
5.835142065585117166e+00
5.670054386151894832e+00
5.498892355396694853e+00
5.586365019139331700e+00
2.127701244590015861e+00
6.384037818795417429e+00
6.917300117814892069e+00
3.623500614308917900e+00
5.326372940931713096e+00
5.027659310395525161e+00
2.753337653101409543e+00
3.782594330869611721e+00
6.163371945043808253e+00
8.021012454931844005e+00
6.829080043162434777e+00
2.213974116868264730e+00
6.986555284522193432e+00
5.927258618124507272e+00
3.500100899319509296e+00
4.904005807493722280e+00
4.775244994119505648e+00
8.726938916015953396e+00
5.556586896725780989e+00
3.589703181618754346e+00
6.887168809130125524e+00
3.830152327471382012e+00
3.025625468503609028e+00
6.042803659077105927e+00
6.825298472334010214e+00
5.813096130916227899e+00
5.745119784834036736e+00
3.624266466013381649e+00
3.988072474282873259e+00
4.441477651504442292e+00
6.626220090470850366e+00
7.283897564371150324e+00
3.001363887153743804e+00
2.639117625719630045e+00
4.377685568650968584e+00
6.054429874031029613e+00
5.736224092239401884e+00
7.267722628834714094e+00
4.207481650892055391e+00
4.672991656239727121e+00
3.896470033033160085e+00
2.540761110890365160e+00
3.411857108664862803e+00
4.322331273821498954e+00
6.128997007993538304e+00
5.508660083984786127e+00
4.637964790809835591e+00
6.130050892755679826e+00
5.445496290298321718e+00
6.564303955933204371e+00
2.892443265321416934e+00
-1.949775232174562056e-01
6.013244753180300606e+00
6.464469557526363985e+00
6.212614534284981005e+00
4.366956903142031443e+00
6.136562686157458479e+00
4.805504341585905337e+00
3.958452467495360949e+00
5.819209059665054085e+00
5.439306234906064574e+00
3.650408533561815272e+00
4.451893871095444766e+00
6.968517766924116508e+00
7.221092150206819937e+00
2.448361518604813547e+00
3.268322021948848910e+00
5.796523277844237043e+00
5.439964538525474680e+00
5.561613351086906576e+00
4.902708376172530080e+00
5.851867368815905301e+00
6.077002115730696374e+00
3.557323828213786676e+00
7.067396134189603885e+00
5.247431846970617819e+00
4.738565893136968299e+00
6.199807619306916706e+00
3.747496247951336734e+00
3.291263326621270302e+00
4.721548154135932762e+00
6.297798739021446046e+00
4.813569882830451618e+00
2.152768679168552968e+00
5.706141522743427785e+00
4.778872340500148752e+00
6.612626200162879719e+00
4.931491462669455927e+00
4.370424930267076569e+00
6.058617759374275380e+00
9.286722156491668656e+00
6.786883899030104139e+00
5.849431488709173621e+00
5.715903247181211455e+00
4.747921394346213297e+00
4.795347013086939114e+00
5.062423521170866358e+00
4.605543886884861493e+00
4.864005281939888015e+00
5.393978796454229396e+00
5.902615004196309023e+00
5.725427634144108602e+00
5.665442157115103683e+00
5.720057733747304418e+00
6.109179006124092481e+00
4.554657173118625835e+00
4.535407323066088736e+00
3.446755276299781734e+00
3.796066811282342357e+00
5.258768812391116043e+00
5.245916259175887220e+00
4.422526977197483333e+00
3.827319872361868214e+00
5.645358616996476897e+00
5.714652732415793857e+00
5.447268632431168989e+00
5.048861503121484517e+00
6.014785651213092166e+00
8.019166642386689858e+00
7.347577445925995931e+00
5.593778738464284750e+00
6.321928220811025234e+00
6.218025945855815806e+00
5.985637527104943345e+00
6.237537806463313572e+00
6.877983332361693236e+00
5.111393220694450790e+00
5.619156271337059749e+00
7.250347373588978961e+00
3.565275908780156655e+00
7.065586481801556573e+00
5.547828180925217012e+00
6.008393775333100706e+00
7.244761246593814263e+00
7.838382516641034137e+00
6.345692406262514851e+00
7.500557423067778728e+00
5.257841251909656677e+00
7.668967240264104035e+00
4.677764945836902832e+00
5.244452167845574664e+00
4.109223655972858325e+00
4.916377826510311522e+00
6.073775616106277475e+00
3.257357763066205170e+00
6.419523116198908141e+00
5.300754824885006933e+00
4.142008248681084304e+00
6.439932550032867908e+00
5.515515948583868067e+00
6.907915325529158324e+00
6.805990576546425253e+00
5.107818688906426985e+00
6.187826991868805138e+00
6.682458548731945669e+00
6.603192416560164091e+00
6.080631656774333038e+00
5.550959879722389800e+00
7.732470851324029226e+00
6.391839554271397716e+00
7.511574752234522201e+00
5.209303779262547174e+00
5.269870450882695678e+00
7.042390421819270330e+00
6.553296032839462271e+00
7.198200507435156936e+00
5.592808433028272574e+00
4.964287103206492802e+00
8.385011677099592831e+00
5.939855475071057711e+00
4.770623398097074030e+00
5.948205685808800602e+00
7.028933516667647652e+00
5.939635580221280797e+00
6.163618880995815452e+00
7.081822159599150623e+00
6.149920313132922089e+00
5.323147958721152762e+00
6.627956904316006259e+00
5.967198612801754898e+00
6.288988969436519305e+00
6.979009184904605867e+00
7.490551569028897738e+00
5.896231449689797621e+00
5.786409082291367412e+00
5.922026533058295072e+00
5.909303810033592619e+00
6.069457897754153564e+00
5.429553944021058953e+00
6.360607871817567371e+00
6.546575856820167516e+00
6.249334691909750994e+00
4.761180986815905847e+00
5.685836740011454005e+00
5.470282352674288973e+00
4.088291628650361886e+00
5.898267427688431042e+00
7.515157223613407211e+00
6.597357230197885336e+00
7.019379262478689263e+00
7.601170975312389722e+00
6.306480600750342447e+00
4.725422253778582160e+00
4.933736862206492546e+00
5.501394349555610574e+00
9.063684517136627150e+00
5.343623320139133881e+00
5.922259901861552933e+00
8.466863226405067167e+00
6.845162922870208888e+00
7.990117691068066463e+00
8.442467395419555487e+00
5.503073154800556033e+00
6.057701798470719545e+00
5.274424238714837898e+00
6.779340034044853525e+00
5.632838892702956457e+00
6.710230388713879890e+00
6.818410409649039217e+00
7.124288356565429581e+00
6.098447379590536066e+00
7.095457689660396916e+00
6.541820721210603651e+00
3.524361046506284012e+00
7.006924515017976418e+00
5.273298511874786598e+00
4.167856145208211238e+00
5.217438738472924165e+00
5.850264245124963125e+00
5.642254784008251534e+00
5.927888717143640740e+00
5.553600051437991070e+00
5.783270461573218668e+00
5.324989010869865425e+00
4.058633342274596600e+00
4.866999668788562161e+00
3.851103255586894036e+00
5.214610082807552338e+00
6.392021039883410083e+00
5.918655368506778203e+00
5.690635420281984658e+00
6.261666705383515108e+00
4.950285604335417311e+00
5.096480815820488175e+00
7.587376098578190842e+00
6.336985020911489741e+00
5.204760759172627260e+00
6.682152875843802242e+00
4.348734292314622607e+00
4.459103111012606924e+00
7.059594136576273549e+00
6.247667271559075530e+00
5.350015961869587500e+00
6.686545623716183329e+00
6.311390731506392626e+00
5.216029454437283164e+00
7.845043172492330186e+00
7.637759986719477645e+00
4.482149710632078232e+00
6.831019022380362848e+00
5.798925866891566194e+00
5.664548619198127355e+00
6.803370565472290465e+00
7.706832014420289312e+00
5.307935343265446804e+00
4.770794446343938233e+00
3.559976271225826494e+00
5.199586461144651395e+00
2.931539718064706701e+00
4.616563810939996237e+00
4.571801979291659102e+00
4.664312134300685919e+00
5.380690214749296985e+00
4.432381924267200013e+00
4.749327041710926345e+00
3.730380080362447615e+00
3.730447858279228868e+00
5.984478222637373612e+00
6.058910644897279596e+00
4.330730305831889559e+00
5.698490431988063598e+00
7.328595169476781024e+00
5.746185656836268585e+00
7.977742110170574108e+00
5.809095581977315348e+00
6.453528624085625331e+00
5.367447066461815020e+00
4.096944446801116690e+00
5.410599593327435564e+00
7.035751125713582077e+00
5.679353696056326228e+00
4.457536512452932698e+00
5.138995553497215596e+00
4.095973814177673589e+00
4.467674634813575629e+00
2.126121040886459479e+00
3.967401213293956896e+00
5.353021319389509536e+00
5.628960479313855458e+00
3.627419259731704315e+00
5.410185728507177494e+00
6.381034251173781868e+00
4.737291636980092591e+00
2.241054738994583406e+00
5.260024805913198875e+00
3.598832965276582030e+00
3.236097541931852284e+00
4.668428300874625236e+00
4.460273635614831811e+00
3.731028585039319889e+00
5.157110214528727532e+00
4.445893120787125952e+00
6.629040904076864749e+00
5.654908428995137015e+00
6.445632167882019203e+00
5.451951116754293558e+00
7.633502412850878827e+00
3.487681626928532008e+00
7.612130530936388695e+00
6.699712188323209361e+00
4.308453461773557258e+00
4.204527424440325234e+00
3.847601191672168852e+00
3.207292060344486995e+00
5.641168578010661072e+00
6.312042284011461390e+00
3.186637619855672732e+00
5.486031714893218947e+00
3.560664621838272925e+00
3.521856656425142340e+00
6.894167957350656906e+00
4.659747303627385762e+00
4.629531269573520014e+00
4.949694609359351460e+00
6.415083474416270803e+00
7.213370175436637055e+00
6.904746088200011123e+00
5.445704681336883013e+00
7.422381310398845855e+00
5.560027198509770230e+00
3.840848219417583476e+00
5.069017883200601204e+00
5.399738147922921172e+00
5.972523275096304651e+00
4.635424694681289814e+00
4.829111969645999203e+00
3.905658091543240396e+00
5.450049377972604248e+00
5.103084280744305090e+00
6.239873214416443936e+00
4.870122640614661158e+00
5.469159574858706740e+00
5.448302563453172986e+00
5.177357116592049557e+00
3.137049084200921101e+00
5.898955667152876003e+00
5.776763563986179406e+00
1.549222083930366978e+00
5.969186161245157329e+00
6.210532345327172798e+00
2.660949907920171498e+00
5.401040438345083849e+00
5.859959418369231621e+00
6.215775846435523277e+00
4.959638719265120343e+00
8.088795291045633107e+00
6.547735571770648910e+00
4.182413045884016967e+00
4.056544518429818780e+00
4.441112531430347232e+00
4.636704990707002594e+00
5.928147366295827503e+00
5.712726251727845650e+00
4.350714503945269485e+00
5.483492723012002301e+00
4.020773269948383799e+00
5.744749998054990314e+00
6.149764653821235605e+00
4.073491212547575735e+00
6.551624131374413018e+00
7.365927325674629600e+00
6.603897298625796886e+00
6.101636710607230896e+00
1.031272990913008769e+01
7.472263805144417681e+00
3.736131521842510850e+00
5.631504673802019134e+00
6.394438646274068994e+00
8.670991235743205294e+00
7.116761997647235383e+00
6.651015337044870357e+00
6.747223629791737842e+00
7.516612683508495429e+00
4.616916978103777325e+00
6.788765265271126559e+00
4.700751080229388812e+00
5.446728452401342402e+00
4.262493238926409411e+00
5.670235538055836244e+00
5.843620469149830576e+00
5.850051656871632311e+00
7.543466217304581889e+00
6.011629686543908058e+00
6.668172064824873679e+00
6.236553314763522593e+00
6.548671117014410292e+00
3.440934046366256993e+00
6.425893422943593336e+00
6.055506653726176580e+00
7.764112967240772711e+00
4.298428294073772804e+00
8.250095339867879574e+00
4.402576525153213183e+00
5.721978389726295688e+00
3.745996190343617638e+00
6.503053622760862851e+00
6.467199860240034681e+00
5.105539092482667130e+00
5.826247382639764716e+00
5.201074560531843360e+00
6.185986855372424209e+00
6.635201686594940362e+00
6.850326997541062113e+00
7.242414774132639899e+00
5.456564663933554549e+00
5.342270373401736272e+00
7.833376375819872450e+00
5.572630851025316190e+00
6.114356236086002205e+00
5.353787450764389888e+00
4.048665252812969406e+00
4.586336780817391379e+00
6.282718404770842646e+00
4.054034397579203919e+00
4.406086423426286203e+00
6.424764949578263717e+00
3.796633014118859784e+00
1.930329957626901960e+00
5.631521744622275172e+00
5.887347241983858837e+00
6.377351768760398443e+00
5.183448285553057033e+00
6.767762784402134635e+00
5.355474500787268610e+00
6.007640362094639030e+00
6.777166399528670837e+00
6.065187382279507489e+00
6.799184055860237663e+00
4.596313045030976596e+00
4.572077338843556937e+00
5.078383989943928256e+00
4.943127084230884094e+00
7.686290046309202317e+00
6.830884281902251054e+00
6.403340912013114838e+00
8.139763165700626857e+00
5.659715759357225373e+00
4.055922118292285106e+00
7.139863901659656342e+00
5.372476586023751111e+00
5.506630661150199835e+00
7.535820418523177189e+00
8.153773647833375549e+00
6.609842671018475890e+00
7.460170492710629375e+00
6.074899371636082179e+00
8.693010591582279289e+00
6.227754199242067301e+00
6.286393127998382013e+00
6.663490759484776760e+00
7.079648562091104047e+00
5.396279335012232004e+00
5.377350361271362011e+00
5.862135381853534000e+00
5.826352710901858245e+00
7.702021005215369698e+00
7.148082506554128024e+00
5.686617916763864855e+00
7.134347891458710400e+00
6.773772927620232309e+00
5.275005010493496904e+00
5.676565575819883414e+00
7.338590998327901183e+00
7.147397309909025331e+00
7.368778376660436003e+00
5.619344411420792440e+00
5.722280618326275103e+00
4.710982018426523865e+00
7.980677394107179801e+00
5.041615570769089061e+00
6.107410035894067057e+00
5.653017275213432669e+00
5.100894658772434198e+00
4.676933903471770293e+00
5.863597073406975113e+00
7.156612550030924780e+00
6.323967538329967830e+00
6.203836120063337844e+00
5.004403147496186754e+00
5.752931726827006820e+00
6.420172325482074172e+00
3.620747910790411694e+00
6.731527090089342025e+00
6.554706999350453422e+00
7.668582146950861045e+00
3.402800181629180187e+00
5.863833380480015123e+00
5.210051910111865858e+00
5.812672253841937753e+00
5.380396301759823530e+00
2.564361581170822024e+00
7.395085707274075659e+00
5.669628109425483231e+00
5.269127216749267539e+00
5.684645609272770628e+00
4.787444892767115157e+00
5.903708383560411832e+00
5.453618224462140951e+00
3.523735506062661393e+00
6.293223479140391596e+00
5.099870796517734561e+00
3.401632358357882246e+00
3.543828505411917185e+00
5.882652912926755739e+00
6.242973207028035709e+00
7.597349364686883710e+00
6.819347444561973504e+00
5.561228184720326873e+00
4.777676449298684069e+00
5.025740974918463166e+00
5.787250296175005637e+00
5.159104052783592742e+00
4.971991203320333952e+00
6.142768293440576066e+00
7.638658261240626857e+00
3.448568384932137132e+00
5.937967691902369616e+00
6.624267707699199370e+00
6.892494974245626516e+00
5.162457952479010181e+00
5.313127883087411796e+00
4.869076518771602302e+00
6.081609432205392629e+00
7.171686968952498020e+00
5.616750044337439185e+00
5.526357768689217131e+00
5.094220085981208790e+00
5.651157463561866656e+00
6.257573913374828933e+00
5.971440627145646829e+00
5.854926357508103862e+00
7.243976038747411472e+00
7.215482402494954428e+00
4.734677001464671520e+00
4.192225887805657081e+00
5.356698503489691454e+00
3.646978770158506578e+00
4.961079149166847557e+00
5.932012241505061567e+00
6.096851577227966779e+00
5.930761775543984982e+00
5.271129112505730241e+00
5.776177220011232905e+00
6.806228030658566297e+00
6.128616665834835331e+00
7.095596285330676878e+00
5.958346822203776760e+00
6.215664430504157068e+00
7.144114621924931186e+00
5.578770652695421717e+00
4.858310234846312525e+00
5.856171127967238377e+00
3.800895930542761647e+00
6.353634431185922082e+00
1.810675623003559664e+00
3.907335220207875892e+01
4.337194782968801121e+01
1.176556387362831657e+01
9.759736769989547867e+00
5.398112026494413129e+00
2.764973993364115756e+00
5.272897119672691701e+00
6.313090049593757414e+00
7.169834060901188799e+00
4.781080317284829739e+00
5.399115385675579581e+00
4.260841100950024440e+00
4.846150048431637991e+00
5.145229112808294758e+00
5.541849275458892166e+00
5.994978952810993356e+00
7.135586881606074350e+00
5.137195270615054987e+00
5.273691652659756812e+00
4.385153194755659456e+00
6.663542574299027521e+00
6.323456567258126881e+00
6.555158788738908449e+00
7.521181549101829233e+00
6.050836119342100972e+00
6.929793788901700502e+00
6.555018112490027526e+00
5.889827420824163440e+00
5.875568625060581418e+00
7.099861575772574263e+00
6.677135743155607095e+00
7.731892351347949166e+00
5.657971751505575853e+00
5.776692205326964924e+00
5.276626544596091151e+00
5.582670782153714484e+00
4.078129093291630092e+00
5.160027167848513230e+00
5.120448783369125678e+00
6.361870642709520851e+00
4.147337556664353997e+00
7.401303365443278715e+00
3.231172770803217187e+00
5.623271114076022315e+00
5.323694390709155400e+00
6.841408174419595589e+00
6.417810970107005630e+00
5.278772302657097626e+00
5.955172078396256730e+00
4.754657285351898466e+00
5.284176029515264439e+00
8.227210147092275605e+00
6.559232481535032022e+00
5.799801343853351554e+00
6.204658093474022529e+00
4.377854615166185681e+00
5.224205300975961919e+00
5.741381860080748467e+00
8.245907792220785737e+00
4.279287769275430087e+00
9.147501342422540205e+00
3.441186219448364003e+00
6.342148158745113840e+00
3.951831454511102848e+00
5.895345164406148086e+00
3.961550402400424886e+00
4.413787146991247745e+00
4.255515414207719616e+00
9.480691130333674721e+00
5.020374079387703858e+00
7.965210413132492562e+00
3.047601603199443066e+00
7.939801750990602258e+00
7.518079482526964341e+00
5.095300477284642859e+00
4.906239167314359051e+00
4.993195920006067823e+00
5.941568164423006948e+00
4.921884632597803844e+00
7.313311788613630071e+00
5.343013027130482762e+00
5.093046789859572598e+00
5.169595737041260186e+00
3.963478847558475238e+00
4.582981601152362749e+00
7.192059454010312436e+00
4.555059065913661165e+00
6.815399322183810504e+00
6.029223827720509021e+00
4.792711025462086383e+00
8.141192914607456643e+00
5.668519747003048614e+00
4.867319370136643286e+00
5.774471310346016573e+00
8.334119717217022938e+00
6.303616533583881854e+00
6.344440142073740851e+00
6.267178268939016306e+00
7.146043138155218521e+00
5.816943332561226754e+00
5.184274519117010094e+00
5.968798789821071260e+00
4.353845813608206328e+00
8.420856789094775863e+00
6.595787258678559972e+00
4.322452500961315280e+00
6.208716780127551793e+00
6.449912511184508368e+00
6.178529945238304677e+00
4.874654510451355449e+00
5.665982287060601585e+00
5.529950418986623539e+00
5.567071002004510660e+00
5.267592254782040406e+00
4.740291735078289825e+00
6.384930419207765162e+00
6.067567123768356829e+00
6.414525785493212950e+00
6.267553690402917432e+00
6.906234074907031228e+00
6.749254135834153345e+00
5.724238614628181843e+00
5.321973360388006391e+00
7.059082681853301011e+00
5.769279381050436584e+00
5.688418154611212252e+00
4.528212312744882340e+00
3.885824255846537234e+00
4.435648840716098995e+00
5.975896512156136708e+00
5.425151708118525207e+00
5.652537428639058170e+00
4.885459422309343047e+00
9.367396528531518385e+00
5.363095702795614983e+00
4.204216728807489645e+00
6.941782146294203315e+00
6.375861692277670301e+00
8.279185059086152876e+00
6.333913380718060537e+00
5.765857541915641704e+00
6.836614409184614161e+00
8.198588891496264353e+00
7.312257234317925736e+00
8.846298807927325925e+00
4.001861737347758741e+00
6.630234990807662321e+00
7.071055311231752682e+00
3.032487686233785951e+00
5.834937695772950406e+00
7.882025330739579339e+00
5.966380624230183116e+00
5.805185239762267635e+00
4.659812552181034739e+00
5.379095664801449850e+00
6.757087889310327000e+00
6.247668728064750709e+00
8.057063292007619282e+00
5.320554497474905276e+00
5.897694595486981939e+00
7.823536706610863867e+00
5.981430346650474128e+00
6.818083971168502622e+00
7.519243291117057026e+00
6.131304583404878272e+00
6.854833938525894510e+00
5.285660446080840735e+00
5.802720125158338682e+00
7.215363940771033491e+00
6.405105170236904399e+00
6.294607948535142938e+00
8.146325548321225796e+00
4.872868115274459733e+00
3.466793220719716295e+00
5.267461637082768711e+00
5.829334664004913513e+00
7.261439368667037542e+00
6.014635247731058065e+00
6.686168163388063412e+00
5.313414462414175254e+00
5.708555750965609299e+00
5.303709656584501886e+00
6.270889077741523820e+00
5.268675537610024051e+00
6.218442598619758677e+00
8.473000587409694973e+00
7.536058687320159599e+00
6.282731326245281522e+00
5.925673818198859522e+00
6.586586027071251515e+00
6.937466382034120471e+00
6.808947432673530642e+00
6.024102570546897795e+00
5.189285624540595165e+00
9.690561325123960401e+00
5.563082553324713686e+00
5.908862066055680984e+00
8.471006749627024490e+00
4.950203958142788352e+00
4.858775895915659504e+00
5.960568403924492387e+00
7.669148055654230411e+00
5.952214314510039017e+00
6.988858661716538911e+00
3.757978300358135737e+00
3.534923380747503341e+00
7.604379796328538887e+00
6.047728014334365021e+00
5.065600940977022404e+00
5.118322990594514010e+00
6.823167963477517084e+00
9.658712756236150554e+00
5.490489729356341719e+00
7.091968020668760531e+00
6.827010434406059147e+00
6.942498345478616883e+00
3.945094291128556030e+00
6.463655311745236887e+00
3.614263918944179643e+00
6.991226755756104083e+00
2.878533090439770348e+00
3.730518884611170094e+00
7.000365438296592302e+00
3.817522759515298958e+00
6.992365128776520500e+00
6.445013898884859316e+00
3.492776495070957665e+00
5.870858500444728456e+00
7.940248638593590869e+00
3.846281300521099400e+00
5.947266531190702032e+00
5.970147047431481724e+00
3.774932545997366162e+00
7.120306903712814162e+00
4.450116309248962843e+00
6.219870112954498431e+00
4.022888243278276654e+00
2.610054911141054923e+00
5.472112221158065282e+00
1.246039876817759584e+01
6.902250279701974023e+00
6.114049568601057416e+00
2.730861108959663497e-01
5.244469173981329391e+00
7.056644442486357249e+00
5.853249373575826198e+00
7.171392083883146640e+00
7.131301071041438178e+00
5.030809567458463860e+00
6.786295773477041493e+00
4.976524393151798620e+00
6.761008738873758084e+00
5.561146679615142752e+00
7.196303611166258385e+00
5.060836654029113646e+00
6.216708271083120962e+00
4.152783888535972245e+00
5.291089935251039655e+00
5.655059729445131467e+00
6.136341289976897428e+00
7.859333623604316088e+00
6.201617088308138293e+00
7.258715509171550728e+00
6.704549451658618153e+00
6.575533358993867594e+00
5.556343142045075290e+00
5.431057885981283029e+00
7.596461337665552094e+00
5.285847778297815047e+00
5.893111009106949183e+00
8.727794514452307695e+00
6.978844690556821106e+00
6.450609714328331634e+00
5.251770579874482259e+00
5.945433176757661364e+00
5.776664369627126483e+00
7.496076342044019292e+00
6.999355627224251641e+00
4.801926393180433905e+00
6.056498398384531079e+00
5.553691841934739415e+00
6.355764103904548712e+00
5.437655706457542593e+00
8.773614942488933366e+00
8.164995924139384798e+00
8.251791980671534077e+00
6.998894093294310892e+00
5.045499667509459663e+00
4.497901811441313846e+00
5.629225976746079496e+00
7.157862248507941061e+00
8.476856657937346995e+00
6.388331482726092858e+00
5.663620436098270261e+00
7.461880507897944881e+00
3.978143689642875014e+00
5.210074991131936173e+00
6.010742656831350672e+00
4.047252523257647283e+00
7.544003226697801878e+00
6.521610380625339154e+00
6.176046694208842780e+00
4.906809144561758984e+00
4.656271965585377259e+00
6.509314345245896583e+00
6.738487915835790432e+00
7.342471607481262375e+00
6.702455282248111601e+00
5.986785973680758488e+00
5.937083653202921418e+00
5.853469217036233019e+00
5.410887961989101491e+00
6.163807869969273767e+00
8.785714060456465191e+00
7.717155147655867964e+00
4.419932472646778798e+00
6.893796860053541309e+00
5.213901586218219641e+00
6.705837188008548999e+00
8.513559194227159566e+00
6.450017190689731450e+00
5.260642701946752098e+00
6.585544437622468550e+00
8.415683067005874207e+00
5.144952301610842937e+00
6.088510148602627403e+00
5.542055012663893443e+00
4.515827574812278478e+00
7.165873925758051044e+00
8.803389591602059028e+00
7.296083741634281417e+00
6.254337338129852597e+00
6.162979332964162893e+00
6.622045575438312071e+00
7.062138911160437793e+00
6.415772601269787323e+00
6.275772823246552612e+00
7.614985403740162084e+00
6.143387297139047298e+00
8.942652429628390465e+00
6.989538688076887496e+00
8.593714785867959449e+00
7.083348803467254484e+00
3.617450833114085551e+00
7.242868367312341071e+00
9.714305732740040611e+00
9.337101623774195502e+00
6.292933036813820102e+00
9.594919753486722769e+00
6.377475690052833990e+00
8.374477670845072552e+00
7.160285292443767879e+00
6.473683407500693932e+00
7.576783437921279507e+00
8.811481580564137772e+00
7.544590538877068653e+00
8.866750318329756908e+00
9.919569696579166873e+00
8.264780125736699290e+00
6.110948059246283037e+00
9.183477697328696010e+00
9.474041409363000099e+00
7.113690507381082995e+00
7.067303810827985977e+00
8.447073401905690559e+00
5.679424689806774396e+00
6.850496707851464251e+00
7.659087447506220059e+00
5.320871896565275705e+00
7.268975672271968058e+00
7.410472107187572099e+00
6.115550787187199688e+00
7.526855675590287120e+00
9.011161483948706419e+00
4.719136921226585457e+00
6.149080950703894821e+00
7.371887183801321797e+00
8.893324652351095594e+00
6.631847735392582877e+00
7.455426621031917556e+00
7.874396503975626516e+00
7.460885843879781376e+00
9.219525467530873541e+00
9.237374504318902169e+00
9.373275558680949970e+00
6.906267624131692706e+00
7.153799183005824069e+00
5.940818323469484241e+00
6.779122473892190470e+00
7.019653117374768492e+00
7.750274519604634094e+00
8.011810608459384753e+00
8.378476380536891810e+00
5.608599014292299678e+00
5.502929762441804762e+00
6.474086426373045100e+00
5.886166791253541142e+00
7.453853466568268971e+00
5.923735454685430390e+00
5.794627148842944386e+00
5.787506830792550794e+00
6.743725277998607659e+00
6.822730255539751099e+00
5.879982685035732182e+00
5.112157643581586974e+00
6.103973334256526329e+00
6.260974242467968409e+00
6.847582262069368042e+00
6.138717970622924902e+00
6.580848539156609611e+00
6.897097630224330977e+00
7.180888860535556972e+00
7.353297310630799721e+00
4.221495205279454765e+00
4.789749526186062312e+00
5.385568799870645407e+00
5.650443294699725172e+00
5.271575287959979761e+00
4.118154536166678703e+00
6.513532549077295286e+00
4.833258835124960129e+00
7.298851828206790238e+00
6.464702547232230145e+00
7.241682859153907970e+00
4.869909670192496876e+00
5.862894921364421918e+00
5.581597791981557144e+00
6.810282482837599183e+00
7.467309090371683666e+00
4.984085378511573516e+00
6.691323860335018026e+00
6.348920050526722925e+00
6.466683974557570380e+00
6.406853123647751502e+00
6.241451073378676995e+00
5.600391842544488519e+00
6.155239598406573975e+00
3.735237686725079165e+00
8.514411694459225188e+00
5.386934129006557548e+00
5.604167131110830979e+00
8.122728449482767843e+00
4.310049984976219051e+00
7.478347122516192158e+00
6.764361524226250921e+00
5.594131500266463775e+00
7.064885867889071136e+00
7.145969731743190501e+00
5.517800794917498308e+00
6.400118692703308909e+00
6.037751213742657441e+00
7.350090342135795929e+00
5.868405933886085890e+00
5.757581322750747965e+00
6.234320158714711013e+00
7.723755516916187780e+00
6.573983945790058847e+00
6.052656654148362847e+00
5.252499481778309054e+00
7.086730844248286587e+00
7.055065687194738366e+00
7.353828412745435195e+00
6.152309595737266434e+00
6.720265882506560651e+00
6.330298814907142635e+00
7.769335801551331855e+00
8.133669244707977697e+00
8.910960286446377054e+00
1.025281026227856351e+01
1.274270230898397394e+01
1.045471401339698936e+01
8.834829957011136159e+00
8.291194183751368740e+00
7.642918823827708152e+00
7.444345604248963078e+00
6.096078723137867250e+00
5.320350826521949905e+00
6.702052837033124710e+00
5.604063480927361951e+00
5.749907097633967901e+00
4.920005126305391663e+00
6.419084811432177240e+00
5.857150166038456618e+00
6.152526828477870247e+00
6.409690552736025282e+00
4.943148819567509733e+00
4.583614483074845758e+00
3.835945411338211208e+00
6.060351157957225787e+00
5.291665717292501903e+00
5.698092088085632057e+00
3.229511906157561008e+00
5.087192946897515000e+00
5.984358648834575689e+00
6.693553724978540842e+00
6.066266882974526098e+00
5.783714915586506855e+00
5.800816665502722458e+00
5.618317596888873666e+00
7.431195920463343541e+00
5.288127008939194518e+00
6.148525196719107910e+00
6.467385110344391563e+00
5.951732757058939782e+00
9.919276693997410632e+00
9.771004181414690848e+00
1.014026124606547086e+01
1.025168773030829783e+01
1.169564521014632241e+01
1.386130634681763674e+01
1.951822645779067855e+01
2.152960872657084934e+01
2.026143306434806846e+01
1.622044872048940078e+01
1.383116107765128433e+01
9.765798039404614883e+00
8.246872624198605450e+00
8.109364516455658034e+00
7.677905174287697143e+00
6.913096457849977838e+00
5.705280110609609601e+00
6.363956840365045053e+00
4.038531480322607337e+00
4.322915555796246423e+00
5.786691165344040932e+00
5.748240991367064900e+00
3.109922738666838882e+00
4.956613821765706085e+00
5.634062707752727661e+00
6.389931970547360507e+00
6.427511465403738633e+00
7.691580301984491719e+00
6.696262468178352023e+00
5.819440022643007637e+00
5.568636283438318735e+00
4.336388093676534439e+00
4.861271024043594124e+00
5.603009122562171207e+00
4.183831319207411248e+00
5.201726088973929407e+00
5.214591441332157906e+00
4.863360623253551118e+00
5.436195004627818683e+00
5.031971298259782621e+00
4.960667321497478355e+00
4.198754617126518873e+00
5.700971521965415789e+00
6.473393619247144848e+00
5.452860408297953043e+00
5.342371530853420758e+00
5.996784046733974805e+00
5.128030967431842946e+00
5.193403927731482739e+00
4.825039938446728627e+00
6.937179471462181723e+00
5.742755102797415745e+00
6.036775282489140082e+00
4.980338052731902998e+00
5.590753595205955939e+00
4.729488155117610226e+00
4.735927143005830509e+00
4.593154203377516787e+00
4.889375826210871523e+00
5.050950175445056090e+00
6.060982369547035731e+00
6.412922152527697151e+00
5.846578390004743220e+00
4.442706345227031228e+00
3.592348251333894460e+00
6.217113585527657804e+00
5.505936615343732576e+00
5.743187303754466733e+00
6.534874042370875991e+00
4.585683396540151335e+00
4.724100037734020319e+00
6.032555488672250554e+00
5.276393651903156901e+00
3.792798567977961888e+00
4.831905015985824114e+00
5.879746265214446765e+00
5.871554748054792938e+00
6.518270153739488926e+00
5.987235396256139985e+00
5.516155926029998824e+00
5.609086460455840140e+00
7.075088670539797064e+00
7.169776366341335638e+00
7.096402129142892257e+00
6.974318796141075083e+00
4.699010436135729663e+00
5.161368445187316745e+00
4.866384213420689164e+00
5.280600449279158504e+00
3.814615561274202094e+00
5.079055912150724161e+00
6.581490108711004261e+00
4.293226134587820653e+00
5.107585264491559585e+00
6.024141685949622627e+00
5.666355830880176470e+00
5.475106853842060417e+00
5.001010795548896049e+00
6.793677311414457520e+00
5.022829133660135170e+00
4.864339240585902502e+00
5.571347190200828692e+00
5.394643641875347839e+00
5.664323209378895108e+00
4.895626328324516940e+00
4.841576141917641074e+00
5.581764630629389323e+00
5.318149460124313777e+00
4.392133399974215813e+00
4.849349696934726950e+00
5.463192228845597853e+00
4.164475749270305727e+00
5.342350244449286301e+00
6.745790461184721032e+00
6.367901032748629397e+00
6.224894067562495081e+00
6.267112876190276793e+00
5.005642896004571796e+00
5.249989189986045801e+00
4.303024634874132559e+00
4.823479995741069892e+00
5.501379350237520782e+00
5.312609113565613050e+00
5.271232694263636276e+00
3.783468543258459604e+00
5.034628285393699443e+00
5.243395071666553164e+00
4.785918661943895813e+00
5.304880530915032644e+00
4.136477339682728349e+00
6.394894975661950198e+00
4.294111594106858831e+00
5.475819049681949657e+00
4.915433348547866288e+00
6.929133876702795902e+00
4.812343120895388182e+00
5.413619491635067504e+00
4.112452378266401531e+00
3.962175157263096992e+00
7.435556960262341697e+00
4.705686571676043428e+00
3.012717875945281953e+00
4.573529466019317979e+00
4.355362686305113584e+00
4.419885909638660237e+00
4.273292195519607262e+00
6.077910900019777074e+00
2.150931507501043782e+00
4.257759777639854804e+00
4.520815909210043948e+00
5.598366890255360495e+00
4.833126702343874648e+00
3.971469746637781295e+00
4.121996927086574836e+00
4.439685757823331080e+00
5.871830861302886895e+00
5.608267410594817370e+00
4.035190096524016390e+00
4.367238653162003104e+00
4.377413523692063713e+00
4.395464134810563195e+00
4.161907137222178754e+00
3.775554048740133339e+00
5.692634873728787959e+00
5.477573778265297122e+00
5.117748935061062099e+00
4.499401628601815695e+00
6.636697343602993904e+00
5.443170631405750193e+00
4.614914805830927058e+00
5.203047523657050810e+00
5.149043374231110803e+00
7.230014107512609201e+00
4.709877942421277552e+00
5.147839635902363931e+00
5.116023710927925627e+00
4.199306261755951120e+00
4.613076165357982816e+00
4.810250117639370160e+00
4.174487897063013264e+00
5.029030048245885176e+00
5.810317081163050013e+00
5.025072023967636525e+00
5.935229472660589423e+00
5.496216477207263473e+00
4.989736943334406760e+00
6.513051164781161084e+00
6.071253366380255478e+00
4.283418916278561639e+00
5.537814927630307693e+00
5.066787389034676181e+00
4.853730308364113455e+00
5.478039878888145253e+00
4.189567119303333698e+00
5.932166320376025759e+00
4.558124930144844100e+00
5.863295979328395191e+00
3.702818540701361183e+00
4.620777025704440710e+00
5.943703725450841802e+00
7.142143691807060435e+00
5.723496172236789192e+00
5.793027359360882755e+00
6.569913917686702298e+00
6.282575658667552965e+00
5.003949836311298860e+00
5.155183128479587040e+00
5.785551354508457145e+00
5.880485788242750367e+00
6.715665586918034613e+00
5.378726717673714575e+00
4.640021125984242545e+00
6.259143825668878947e+00
4.951365824272489391e+00
4.747697323567554584e+00
6.003316783572182125e+00
4.404753429904947559e+00
4.324793000058475556e+00
4.713530764867011058e+00
5.415399287228838787e+00
4.216872264624178968e+00
5.213259707590223613e+00
4.973330937837723731e+00
6.030304107192582030e+00
4.678103992231126718e+00
4.441678263270903315e+00
6.417116449278896795e+00
5.907125283878523980e+00
4.359781431379957439e+00
5.119844207765787303e+00
4.572164912582231899e+00
4.722251729138084997e+00
5.966582579131369357e+00
5.498808962356096508e+00
5.178837690927063697e+00
5.021121489120453418e+00
4.799394927284784451e+00
6.493048938126309011e+00
5.625551824047170690e+00
5.842524346079775555e+00
4.495937152551149119e+00
4.396090057349051783e+00
6.278031564348818705e+00
6.346862586147060448e+00
6.297058036917986712e+00
5.368192497727930501e+00
5.156901852017536925e+00
6.057845413224986153e+00
6.296395100133413081e+00
6.055729705156191578e+00
6.211840135907228166e+00
5.365235127983834396e+00
5.792440885415290452e+00
6.003843295887168807e+00
4.907603687787553959e+00
4.635370860918210489e+00
4.289031294802606809e+00
4.717563807045199731e+00
6.082633403134998673e+00
5.415492677789620402e+00
4.680482386365977909e+00
5.150039071900731180e+00
5.010855386758773733e+00
5.597976220987870732e+00
6.737361063102506264e+00
5.794339937018915698e+00
5.107288031356768343e+00
6.008902827673969327e+00
4.724837518713710161e+00
6.026822243543491275e+00
4.720974468123854351e+00
6.051987107296854518e+00
6.073552585046910757e+00
5.785897859609249849e+00
4.397022474786604462e+00
6.563148872491357366e+00
5.938063139304579963e+00
4.967257261923628597e+00
4.698531760989539841e+00
4.240273184859899125e+00
5.240907745585794864e+00
4.890431211080952245e+00
4.838400265374630749e+00
5.694202494580967056e+00
5.346147648948326392e+00
5.929448799805509651e+00
5.286652109758544604e+00
4.314264024683876819e+00
4.679706418888510022e+00
4.571247932227780808e+00
5.736407102577207873e+00
5.963925804531220010e+00
4.801349838351003818e+00
3.539378692543446725e+00
5.458070751321201897e+00
4.687635900723281068e+00
4.993757977555683958e+00
4.921588946453773872e+00
4.904617813434533069e+00
6.435706801356658069e+00
6.520716779764558879e+00
4.993254231977878987e+00
5.510209314864530583e+00
5.202855830149119676e+00
5.577038297671590428e+00
5.268918156425579369e+00
5.306055871797386914e+00
5.467426299995529426e+00
5.268658202152290748e+00
5.150656358742630836e+00
4.429455184905092935e+00
4.983719312313336758e+00
5.499654591208698484e+00
6.286897869967285502e+00
6.050160439764789011e+00
6.705040893586303064e+00
6.288126458040458999e+00
4.765175505117625221e+00
6.369452942295121822e+00
5.129702877466675304e+00
6.095411716715346984e+00
5.320519274974382817e+00
5.726513574194853184e+00
5.024796167744495001e+00
5.497726165026340261e+00
4.707866409104700445e+00
5.331298164586240951e+00
3.807592291964248865e+00
5.066875171205112771e+00
5.241723501369667915e+00
5.953997905420052916e+00
4.866047250982581396e+00
4.977495828126523136e+00
6.001071737894602798e+00
5.707652946444995656e+00
4.922236074469321210e+00
5.735498061231955269e+00
5.964229068803092559e+00
4.912147402358874260e+00
3.918176891188171584e+00
5.206314160193703522e+00
4.734973952805399122e+00
4.643357643490424458e+00
4.487624087367479753e+00
4.551871515067682950e+00
4.739872219481255478e+00
5.925849494212469537e+00
5.707185424340798896e+00
5.196883116444797501e+00
6.188360188551522256e+00
5.388461326585918698e+00
5.174655081974484538e+00
4.798965831035435059e+00
4.397799988302800500e+00
5.630199871391740274e+00
6.362698568176357483e+00
6.442537707930307000e+00
4.582410076579278346e+00
6.066517068030202076e+00
5.492310452580524860e+00
4.909859767144878262e+00
5.337063552470717731e+00
5.008531165991593426e+00
5.263440591043337946e+00
6.449395765594110763e+00
5.511698432729629893e+00
6.210583523683518514e+00
5.667712650384622464e+00
6.490622902747611889e+00
5.127876281864247154e+00
3.671271527947005175e+00
4.789233168286183506e+00
4.791909382127963468e+00
6.135940246185449531e+00
5.237988846845026636e+00
3.401248884309854059e+00
7.275949188129695600e+00
5.376947026515238370e+00
8.001996587146207318e+00
5.380553254848688738e+00
3.890821365571857982e+00
5.308978230153285516e+00
4.314917255860017065e+00
3.897155433281629833e+00
5.703625883337176461e+00
6.642037950830176563e+00
8.060252980609821094e+00
5.865176749041128623e+00
5.319450221108112942e+00
5.408138080948917015e+00
5.584653006444985301e+00
5.908931860168528338e+00
4.924028004966083394e+00
5.195617124140254894e+00
4.542707472107048616e+00
4.450648064332484388e+00
5.476483726861419932e+00
5.779520999698570805e+00
4.721459684812709057e+00
5.962426012009281351e+00
6.666072475152592602e+00
5.512501898057443839e+00
5.511620885128275305e+00
5.035238824150293446e+00
5.284872510465921991e+00
4.805923488941985511e+00
6.958658479090753524e+00
6.208777220182747136e+00
5.412742215578208338e+00
5.404151452727356642e+00
4.550538273127101796e+00
5.460717098816155080e+00
4.372580296548587597e+00
5.149008283820312393e+00
5.438378616088049178e+00
4.694593200936235888e+00
5.899870240711450720e+00
4.300347719818721437e+00
5.197707085058936194e+00
4.537358293096056983e+00
5.288572538241524512e+00
5.476075549463642389e+00
4.578017829169208852e+00
5.847507365457960127e+00
5.527608118989240538e+00
6.345680298640938410e+00
6.255627873712380271e+00
6.351607325961049710e+00
5.961325026815457839e+00
5.025203432476879506e+00
4.465718566184755822e+00
5.826405763431140805e+00
6.150122000315004556e+00
5.453215941408728895e+00
5.271477559319821538e+00
5.736481339202744500e+00
5.174900854120288329e+00
5.921870288604456078e+00
5.106936107747698905e+00
5.310592515336407970e+00
5.702051461553487854e+00
4.980122947698727209e+00
4.248822897443828239e+00
5.684063004805484098e+00
5.006733316655259891e+00
4.319568288908843812e+00
4.303944211309396195e+00
6.306584099949860800e+00
6.474375084416224446e+00
5.752267673345025756e+00
5.211688337782293345e+00
5.043615081579850390e+00
8.032065707966038470e-01
5.070256387873135928e+00
5.687888441721404398e+00
4.829972681732377815e+00
4.881411653603085377e+00
5.919898143723046680e+00
4.692072053783149954e+00
4.429940718606947492e+00
3.719416794389076131e+00
5.123198795785587123e+00
5.846733948202565756e+00
5.545320845413532318e+00
6.871704770970669784e+00
5.420310158116376620e+00
5.738189821853927342e+00
5.859887608676352500e+00
5.789225268021384707e+00
4.584484368552772082e+00
3.797143035201577810e+00
6.090393761651528237e+00
5.458302603931423747e+00
4.661036979360980048e+00
5.171019861120389471e+00
5.983854087513189590e+00
3.831765563361648752e+00
5.493997224046168526e+00
4.839101405882508367e+00
5.251271162991287156e+00
3.806985146811555865e+00
4.991013480443277750e+00
6.326779083390886349e+00
5.328733302062181210e+00
5.094447553691581199e+00
5.719789921891686113e+00
5.672004631109262007e+00
4.335300824998259195e+00
5.434333850227980989e+00
5.155620581569386296e+00
4.932468116056035967e+00
4.476150976646106727e+00
5.683293976980234419e+00
4.421007036216723307e+00
4.929066036680915808e+00
3.888090439794273934e+00
5.019843122707561278e+00
5.976260169262546995e+00
5.186314148749235464e+00
5.921312980377683388e+00
5.308032297266442434e+00
5.496057543516101873e+00
5.407512409790220964e+00
6.311384546124682693e+00
5.865575011191468846e+00
4.159287707100830289e+00
4.679795421524709731e+00
5.090680327285983964e+00
5.329483426638294219e+00
5.659015264497840647e+00
5.397967626798351404e+00
6.648278255074703935e+00
5.363852079428083286e+00
6.852154888197039995e+00
5.976146607726015247e+00
5.146520408211715747e+00
5.266061736921587411e+00
4.893191150201020356e+00
4.106803423827917854e+00
4.696811323266657290e+00
5.299621127440321544e+00
4.149755413801127446e+00
4.153440873153213531e+00
4.022415244860835237e+00
4.346758495804540878e+00
5.027820591088002722e+00
4.371534654562158728e+00
4.721266722670090843e+00
4.805368418393657137e+00
4.112710116439622254e+00
4.825482038383020367e+00
4.585933984640149674e+00
5.837405331896049709e+00
4.627521547053225603e+00
4.902055465914752830e+00
4.773446949781313897e+00
5.944661778491921567e+00
5.945925777228107556e+00
4.907598553389128426e+00
5.616869046378704766e+00
5.572947639992664293e+00
4.066395586108767723e+00
5.045552310431937748e+00
4.644370611967146623e+00
5.123779694082164937e+00
5.778023034122055535e+00
4.573422398672094324e+00
3.725333942590145941e+00
5.276675241803959082e+00
4.786171183098948845e+00
6.595647813896855283e+00
5.902572660410585037e+00
5.239285698001479474e+00
5.332104856955120376e+00
6.018409636465717583e+00
6.729958772879169437e+00
5.716319896055535921e+00
4.571112479939136719e+00
6.234191206360166326e+00
5.381996050219855832e+00
5.562496554301687546e+00
5.043278796485195947e+00
6.205630770879610125e+00
4.141839425046013545e+00
4.903334832489073314e+00
4.278035762992046465e+00
6.628991420068646612e+00
5.246707590733464599e+00
4.579607448722126328e+00
5.410720750151628344e+00
5.165390033311763496e+00
5.970962463896600347e+00
4.560383167540323690e+00
6.199625505385921720e+00
5.251063263833753325e+00
5.499458595774673775e+00
5.514137051434669701e+00
5.872057430517757304e+00
4.779517287659991176e+00
5.685354979081632010e+00
5.782683716463708379e+00
5.796702180200951737e+00
4.201802042770938606e+00
6.145698488784230307e+00
5.751810140265254390e+00
6.136524126266866830e+00
5.755009258367952185e+00
5.904652788717107192e+00
5.855456147669374722e+00
4.878957754409608327e+00
6.575242083892268496e+00
4.826184846057928191e+00
6.139570389343105283e+00
6.172113819342798458e+00
4.969106717198709333e+00
5.375793367335729656e+00
6.028012516792157882e+00
6.535512686818538697e+00
4.171701568612914635e+00
4.978961109737371160e+00
5.975693256946967402e+00
5.066515679483165613e+00
6.653910309495323361e+00
5.172041551696427319e+00
6.201712817958129342e+00
6.755090484319531186e+00
5.308443575561554439e+00
6.033642456120613673e+00
5.466967759777269897e+00
5.507377345568816196e+00
4.544527909982514657e+00
5.102922623294399607e+00
5.510976102363683182e+00
5.256004498370049127e+00
4.813649776944815883e+00
5.047486109888486006e+00
5.294792316463176718e+00
5.107475485912059021e+00
4.561937029059723869e+00
5.175689830661568180e+00
5.273386752817085465e+00
4.423937419105802960e+00
5.427882643508208815e+00
5.937321486015087579e+00
4.461126413823679471e+00
6.053718592431010848e+00
5.152693394542465555e+00
4.386952588215553561e+00
7.503642131188845710e+00
3.132062501177779623e+00
4.089839871784043623e+00
3.469505765664719910e+00
1.111551560337219868e+01
5.219405609318627626e+00
5.816106797099423353e+00
4.172693368202899933e+00
5.110307378909515919e+00
6.128803489559557782e+00
5.487486112376546821e+00
5.542740130116733610e+00
5.121061537684735931e+00
5.717781544645117009e+00
4.231122007103520488e+00
6.544853967698440300e+00
5.705954619625824620e+00
5.526120423197708575e+00
5.601017213366380254e+00
5.605903276184896811e+00
6.943499145847887632e+00
5.375681727175245506e+00
9.845554690183401902e+00
2.208115217912865802e+00
5.557317193211436468e+00
4.196904226337273336e+00
7.936192388274616150e+00
8.430722139369507317e+00
5.811204962474098679e+00
7.704263383627924178e+00
3.447962345643078130e+00
6.919812772450055327e+00
3.971516514016944832e+00
7.646689238961750235e+00
6.478116453305063693e+00
3.543109245465542401e+00
6.140658805560335054e+00
5.314777691235795132e+00
4.461102125139415620e+00
4.236579207202263220e+00
4.493620363927707473e+00
5.484116065705130438e+00
7.566495447645100292e+00
4.467596671308929679e+00
3.677609512396836866e+00
7.417742734814316563e+00
5.894949730095061291e+00
3.998666283999417370e+00
2.827517145090104655e+00
6.158875952979470547e+00
6.942410996649914345e+00
5.157123169140310104e+00
4.689128706424751769e+00
6.069152785509037251e+00
7.225666347674516210e+00
3.348220750396452061e+00
7.644402504191280201e+00
4.970434310118173826e+00
6.228117089672124074e+00
4.492897018781421004e+00
6.444024319795278011e+00
7.379720261123887681e+00
3.888000103374975147e+00
4.614885729713956053e+00
3.511588585473458757e+00
6.422407950415548683e+00
6.600352195925509591e+00
5.587103796378841913e+00
4.455433789943728407e+00
4.216690890057954277e+00
4.734298321402540921e+00
5.780964688458352541e+00
6.104195686096339557e+00
5.682674481466097660e+00
4.286530262165488381e+00
6.192212742814684923e+00
4.875086150677991448e+00
5.149772580183515913e+00
3.188097461708295555e+00
5.548413592353094614e+00
6.336679962505403552e+00
5.839826680441926321e+00
5.372920526535258645e+00
6.261288552308468702e+00
3.305235495039535731e+00
5.281445851152878568e+00
4.369952106337487763e+00
4.575062705553131437e+00
4.305455774288103221e+00
4.275461256128020970e+00
3.851059451638149334e+00
5.223927933538161206e+00
4.915595252346240507e+00
2.225948297248606877e+00
5.404457006757971804e+00
5.657529678297057885e+00
5.761326106383646284e+00
6.489769604038420958e+00
2.739314676978325203e+00
5.343394395088880700e+00
5.643874295086291681e+00
5.278023252957671829e+00
5.005531633374920020e+00
4.687641008404554555e+00
5.322701439034773330e+00
5.286502913197184128e+00
4.816435617317779361e+00
4.469906517346498909e+00
5.867656963001087078e+00
4.808081633879869976e+00
5.037669208472657090e+00
4.582857590353616395e+00
4.634732195804134314e+00
6.096671405245557729e+00
4.363502507889074344e+00
4.331583246521223174e+00
5.287878550240738385e+00
5.400649130814516141e+00
4.948656462023093283e+00
6.402374989291540253e+00
5.083723225394026990e+00
6.166076360841185711e+00
6.594994396485796884e+00
5.453156680454180005e+00
4.717296859047030111e+00
4.825851358520185208e+00
5.878902250839072252e+00
4.571428427594399935e+00
4.768945088547121181e+00
3.911063318980485093e+00
4.905460188120393639e+00
5.105250090702944554e+00
4.329290187942573809e+00
4.984296936829278657e+00
4.650759145886375734e+00
4.877477704320313912e+00
4.188784528482121239e+00
4.873931554799008303e+00
4.391694215153008507e+00
5.365106700414682628e+00
2.856740866948935587e+00
6.489180802268508685e+00
6.251091450785085435e+00
6.524657912666594228e+00
5.595847968796813454e+00
3.404866708772908979e+00
5.602757041869081966e+00
6.091216532850336485e+00
5.509641922099602240e+00
6.281674493510943869e+00
5.219744539074567591e+00
5.340478472622661066e+00
5.971512815884171488e+00
5.148791348880862984e+00
4.802107668103039018e+00
4.751501803542526936e+00
4.792422803468849857e+00
4.329609974885102908e+00
4.945172739848794130e+00
4.453544893153888573e+00
5.684315089799865994e+00
6.208572959418500403e+00
6.476353867801934783e+00
5.357499982113179904e+00
5.064936539129752724e+00
4.663841619722952636e+00
3.072024091820036773e+00
6.078863746386815592e+00
4.298880588994506979e+00
3.191933144472732575e+00
3.842060254346298276e+00
4.442717928435117258e+00
5.818989507774104730e+00
4.663678115047773076e+00
4.329250520646303002e+00
4.887934700774804853e+00
5.397765252490261290e+00
4.440040028451515575e+00
6.094037226569918531e+00
6.601994398711178214e+00
5.771362028161764357e+00
4.458592768182899846e+00
4.960365745430888929e+00
5.048213008379629052e+00
4.524952091725918280e+00
5.788302726813849830e+00
4.885358498811306127e+00
4.243016016777678701e+00
4.803117480451453147e+00
4.961195278320690072e+00
4.850043583902108324e+00
5.358251993599099094e+00
4.351510604824333939e+00
5.142251657381348373e+00
4.114479969282850647e+00
5.750212453488420472e+00
5.104828000608224947e+00
4.004851996066295605e+00
4.399213644235312692e+00
4.388800274240656663e+00
4.414130930283402421e+00
3.848412682734836388e+00
5.950356993002805517e+00
5.930354384597935180e+00
6.604299758212222926e+00
5.380226539547307674e+00
5.063989747985822021e+00
4.778241903805398039e+00
4.747465538286734343e+00
5.080466049129644723e+00
5.121753321198512232e+00
2.713155920943023602e+00
5.018924011289477960e+00
2.808690192293957999e+00
5.342728740795904763e+00
3.757071332330555347e+00
3.380064640603924087e+00
5.476077839947775416e+00
4.118522718982140951e+00
4.092956293113280353e+00
7.557372274498985298e+00
5.599528715392882106e+00
5.737254296129455255e+00
3.841675894832064841e+00
5.109416378588060859e+00
4.054950371109229401e+00
6.646251357275765770e+00
4.791228344676605744e+00
3.321908273098125974e+00
3.696550543610840123e+00
2.537876537200613569e+00
3.754636371512439119e+00
6.561037547784017043e+00
3.398683473942361033e+00
2.980623826877154325e+00
5.440437461830969212e+00
6.865073517531707026e+00
5.677158580646284314e+00
4.446221478425927742e+00
4.915854954885352512e+00
5.141423672530443412e+00
4.409905749770524075e+00
4.095917428121425452e+00
4.932348008694207309e+00
3.718061885259946742e+00
6.213140893904460782e+00
4.896300875336450531e+00
5.181094775266060104e+00
5.469762215350819190e+00
5.624985343567190377e+00
6.098156316070490135e+00
5.493952481127716503e+00
4.360806876752342021e+00
4.867784546112568833e+00
4.700063440610878551e+00
3.841424999469266410e+00
5.220766610173320998e+00
5.233517566920707687e+00
5.305506730661539549e+00
4.931787374059241280e+00
3.504429623102848890e+00
4.855429298995994181e+00
4.001482463886591567e+00
4.481538617049498185e+00
6.568646524522792518e+00
6.631157226901301271e+00
5.835044407526575938e+00
4.591109035283811757e+00
5.018107973713427761e+00
5.701852517383439789e+00
5.325793008205232049e+00
5.262472954892253085e+00
5.816372375508725767e+00
4.221739231303030415e+00
7.007135852959975431e+00
5.949189387461232492e+00
2.501867459305383790e+00
4.596700907473248776e+00
8.507992428294581799e+00
6.353270985268103743e+00
1.717136273911665345e+00
6.345653666544101235e+00
5.588473106295761994e+00
4.383141151576959160e+00
4.630770301906435016e+00
4.574180880646617986e+00
6.014894997024177847e+00
4.433484313154429479e+00
5.469715825428764333e+00
4.230983186751826608e+00
4.757903044188179109e+00
5.548758774932793791e+00
5.326742245754573446e+00
5.647086216251539170e+00
4.169563487280904646e+00
5.201794902711545099e+00
7.668899992881495820e+00
5.753277685289959642e+00
6.121557647623057097e-01
8.036494101631053155e+00
4.267866070733830064e+00
4.956432224979900880e+00
4.399221915624116797e+00
5.558429784941989027e+00
2.555120958903371431e+00
6.211361089691759929e+00
5.162711422279254059e+00
3.810284408355093522e+00
4.323516810318627890e+00
3.766970852636527312e+00
5.306235823470727198e+00
7.427580177940741990e+00
4.867659494934091668e+00
5.179388563102023113e+00
4.952809632258175832e+00
4.010019387059919893e+00
4.475263280493819273e+00
6.510423411120305204e+00
3.847237162199430571e+00
5.463672216245018198e+00
4.660342612290587994e+00
6.204510124709427643e+00
1.879514996404151761e+00
4.201018974317019428e+00
5.987462393175978725e+00
4.672612888777537776e+00
4.417908875114006761e+00
4.252418619998716842e+00
5.314718190058310476e+00
4.974366629159669095e+00
6.748558825760453850e+00
4.850978082916731715e+00
4.969654845600058657e+00
3.263310093680834356e+00
4.705020048754644080e+00
5.227350945054154430e+00
5.626758813005529269e+00
3.570034971886795194e+00
3.398930621041028388e+00
3.620268250328587012e+00
3.916572162180649297e+00
4.547475975871451581e+00
4.659600260508871550e+00
5.265483803368359084e+00
5.205966747715096155e+00
5.922367390538035181e+00
4.704699310216382102e+00
3.683491644573594570e+00
6.114466003439861908e+00
4.112615142593254447e+00
5.504255992119828633e+00
5.084109729746424833e+00
5.251852154915459536e+00
4.662548239217171542e+00
5.011487813921401191e+00
-3.628984146663385424e-01
2.924945194615048427e-01
7.659949894534596737e+00
9.019058363683466695e+00
3.092397500342568772e+00
6.626680542912248839e+00
4.932747228826210417e+00
6.409542548362784586e+00
3.234728293914477248e+00
7.173777550573810835e+00
2.431295414747201011e+00
6.291002820008840146e+00
6.144803179817047045e+00
5.132467208647599755e+00
3.762917144852995222e+00
3.527606752218892971e+00
4.311104833365903666e+00
6.019899096745075617e+00
6.642654259919460458e+00
6.883171583296672225e+00
2.404040320629495575e+00
4.373028847705437094e+00
6.683506326820376486e+00
5.466644385508042880e+00
6.239664928372377517e+00
4.377821435297665431e+00
6.246780814208356958e+00
4.878976597871557352e+00
3.589659387353259401e+00
4.120081923063797724e+00
5.879346624644757213e+00
7.040737245104359943e+00
7.741641167968428050e+00
1.547957705958537211e+00
3.911788512987905087e+00
7.539206052855083939e+00
8.186612757196192192e+00
4.814232252388212174e+00
4.779104838580779280e+00
4.578205194590431404e+00
4.399920204133101365e+00
6.712954156146678564e+00
6.558084588510667778e+00
5.827735680340184743e+00
2.729006740629139838e+00
4.917425037521027775e+00
5.619106878109825232e+00
5.033266914716453044e+00
5.230633300399627927e+00
6.605136859458577092e+00
5.284647944248770379e+00
5.117694545681595208e+00
4.820773348583179185e+00
4.666178578803690691e+00
5.003633075911643857e+00
4.385101616762838717e+00
5.445709226173658379e+00
4.845842324224847175e+00
5.437101726505562560e+00
7.286275384413532841e+00
6.091521099371180803e+00
1.298810406174872201e+00
1.102873679817525820e+00
5.630109325661218911e+00
3.933481106169705921e+00
5.923199818187369736e+00
6.059326128309258763e+00
4.962867446408618655e+00
5.176063388982901081e+00
2.794680649198148625e+00
4.326507784114253852e+00
6.213784559389616824e+00
4.562763521482843032e+00
7.828400854183460211e+00
5.498511977737673639e+00
6.809463540593632125e+00
8.808654935564835142e+00
8.903709045855956461e-02
5.916367032056067288e+00
5.372695657208471864e+00
4.053395639438473808e+00
5.575594891761098459e+00
5.322163066037676415e+00
4.526329378191757513e+00
4.867820254034985972e+00
6.486421834362017691e+00
6.814147710790416923e+00
5.687210821844480790e+00
4.314656212225870036e+00
4.897514448167738621e+00
4.790721291003026572e+00
4.785116725530226489e+00
4.656934508261445060e+00
7.938168545325714476e+00
6.022049428526606185e+00
1.058006346735251846e+00
6.329828356943056455e+00
6.471244397446934471e+00
6.236505987241540261e+00
6.256474373808829981e+00
6.147025043042066095e+00
6.381410137520735049e+00
5.475523844405532081e+00
6.148704432402622544e+00
4.958643352226888013e+00
6.969198259843902399e+00
6.056700402729478405e+00
6.887883347354494035e+00
6.309710405686741019e+00
4.756125017740140848e+00
5.218813615657582616e+00
5.566028506669364440e+00
7.017084936163654696e+00
8.924643869486725833e+00
6.302049633891872560e+00
6.416188730189642975e+00
6.080068572710201735e+00
7.551466138194360411e+00
4.755747967512367502e+00
5.552384123119392889e+00
6.274471907918792724e+00
7.507438151764302958e+00
6.230723599624061748e+00
7.668372040691656011e+00
7.028830765247916723e+00
6.910156110761985104e+00
6.199247861387732428e+00
6.968450561794859333e+00
5.205463320647709224e+00
7.121702755681617703e+00
6.182759719430516832e+00
6.356298691504279397e+00
7.087320771523848428e+00
8.188778222707780330e+00
7.170940063374411366e+00
7.803610211974192801e+00
7.651088037608049675e+00
6.625636696487295474e+00
6.590358746910795595e+00
8.801240792753397102e+00
7.863505322739816172e+00
5.967261809763843239e+00
8.900956732714858433e+00
8.700996837856056487e+00
8.111038212238913303e+00
7.281008485408388964e+00
9.158360482568795646e+00
7.509584201768133127e+00
9.538209958447609438e+00
8.952676645910656816e+00
1.010796931213754668e+01
9.004310149166640187e+00
9.060525934122164671e+00
8.810512686306109842e+00
1.059258031697743974e+01
9.487604987292531433e+00
1.261846285806429435e+01
9.796923110563840353e+00
1.152052542185046669e+01
9.922430896096264163e+00
8.160363365851829087e+00
9.333167542032583697e+00
9.634493202758347863e+00
1.001384460756477424e+01
1.049758491146565120e+01
1.081951663838088429e+01
1.178576910150242441e+01
8.465952808735329072e+00
1.163860568575207566e+01
1.082449870614244070e+01
1.199594259021882614e+01
9.926272015059911524e+00
1.031966582130932508e+01
1.077110484598213169e+01
1.079688196580951676e+01
1.058674598253506183e+01
1.132181712468649515e+01
9.756371128219171851e+00
1.067417805184092394e+01
1.070253772021021987e+01
8.131848656796217156e+00
8.762460197042829080e+00
8.848541919141188927e+00
1.128778732539337604e+01
1.071895654250227814e+01
9.389098609102530801e+00
9.368123287006161704e+00
8.408109366141120589e+00
8.558434230746891913e+00
1.124692248845834364e+01
9.498418050677656765e+00
1.105476088924432787e+01
1.077894131753072315e+01
8.426197984505908067e+00
9.534182584466254440e+00
9.703058833440948661e+00
1.033302196535830575e+01
1.086011243004472782e+01
1.111179989971921955e+01
1.256151679389466302e+01
1.203822924846647879e+01
1.165858371730537613e+01
1.207327647477405463e+01
1.105491802245296995e+01
1.003538765686547052e+01
9.302344801203275892e+00
9.602195038233155344e+00
8.171918321509988203e+00
6.512080240718843172e+00
8.429043648467660077e+00
9.444321212446887159e+00
1.238935635578103422e+01
1.306741781605856190e+01
1.244298102291652519e+01
1.285951195071081088e+01
1.221437737150331948e+01
1.002037622284580820e+01
9.417985677036750047e+00
8.726712847632470016e+00
9.161680630314400275e+00
5.783884102333818333e+00
7.176069519806366870e+00
6.679223812323248133e+00
6.936304562020137787e+00
7.409397339473286159e+00
7.131892259210731666e+00
6.075706325755744430e+00
6.495880696281495226e+00
7.549697523526396559e+00
5.996935486832867035e+00
7.485066789093303363e+00
5.181394377335858614e+00
6.270622993157217273e+00
7.864760076802778777e+00
2.970189864645779387e+00
4.734453470638456452e+00
5.761019906031193294e+00
6.479322727621683597e+00
9.141587880121530674e+00
1.014710800752505904e+01
6.259077051809380343e+00
1.004027020081088395e+01
5.050103893558625323e+00
6.466552081843649269e+00
5.454478658441675343e+00
5.783578393073571355e+00
2.825931068181197325e+00
6.746530445694165046e+00
6.955836773151638397e+00
5.945265645752430217e+00
6.450148151778595462e+00
6.326611811888610326e+00
3.179410917490292920e+00
5.387723678290273988e+00
3.071606587253548515e+00
4.730679764936506437e+00
5.185945660889994535e+00
5.563790381234928972e+00
4.418690149149156809e+00
5.963170378769259372e+00
4.561008083938612678e+00
3.962084110237666490e+00
4.743309179925210728e+00
-1.017367002939953302e+00
5.160523758638550618e+00
5.852606822900254357e+00
4.326850007080149219e+00
3.471236825526043290e+00
7.763613316197865988e-01
6.849338228505022386e+00
4.814668720708073835e+00
6.104334505592905913e+00
4.339338054849871895e+00
4.173461075713590596e+00
6.566582562155968361e+00
4.724205715745325662e+00
4.550495138506446935e+00
5.941415061060788538e+00
6.313487553807355823e+00
5.961268113198136653e+00
4.440184321818144930e+00
4.721165123522276907e+00
5.283379006858154980e+00
6.995428300970305102e+00
5.285687153307948805e+00
5.524084585102534639e+00
6.255975871117413156e+00
4.582305097833068608e+00
3.947439061377341574e+00
4.178081994906173158e+00
6.154793167196302761e+00
1.358186861062110395e+00
5.385472651446429282e+00
5.537755621992947574e+00
6.196374224684962684e+00
4.357286410667559728e+00
6.867244069643852811e+00
5.995880330193188001e+00
7.850621483347564933e+00
7.651731135297584530e+00
7.274825156775725610e+00
5.343634786125716296e+00
6.103664584221577094e+00
7.228345921917269656e+00
7.120435043240105344e+00
6.935524818688273641e+00
4.679571010402820974e+00
1.083844672498367245e+01
3.797256475386762808e+00
4.075737529468737463e+00
7.008073644279733116e+00
6.888380470103149911e+00
4.544672115607118812e+00
5.800423107227833164e+00
5.396883020792713204e+00
4.968564938790439811e+00
4.938305014577503371e+00
6.066648826559624119e+00
4.373691883635587807e+00
3.465971124013763394e+00
4.517167410511953918e+00
5.390597145342124641e+00
6.668433455864860804e+00
4.575618673202876963e+00
3.249579012474341777e+00
8.524204554924953214e+00
2.749766159413764566e-01
3.790375241607674806e+00
4.144373508381794302e+00
8.013202764939581613e+00
5.505005092815113521e+00
6.213019470037270509e+00
5.197871610798551423e+00
5.246892289441889901e+00
4.904260509698076476e+00
4.169185057668040706e+00
3.893805925082908903e+00
6.315460322960467110e+00
5.267085576992892371e+00
4.959831900388907755e+00
4.633964762421855177e+00
7.333139819930319270e+00
4.386030605437431618e+00
4.549514680403849987e+00
6.799429128082437934e+00
3.960958314239864109e+00
1.130710144755906033e+00
3.109411374228546077e+00
6.569448324560361208e+00
4.751857481352014467e+00
4.548448287158192826e+00
5.121344021202940411e+00
5.042977784717554535e+00
5.742570724740773791e+00
3.554395135720614718e+00
5.619969746011563849e+00
6.314693624756105628e+00
4.632551168593483482e+00
4.525762619501379369e+00
5.112240854018681446e+00
5.639474338240141549e+00
5.298401129350683192e+00
3.815763447586690837e+00
6.704842766166644985e+00
1.142488064905522460e+00
2.708058465398516912e+00
3.989375442522137938e+00
6.066115979346425213e+00
1.955991488995372674e+00
1.619762545556556521e+00
4.905108250428884098e+00
4.104321870316298693e+00
5.921791097116000380e+00
5.647265103471676539e+00
3.991711476612100906e+00
4.858788323050298175e+00
5.536414595558780682e+00
4.465291561571566703e+00
5.208026686729173349e+00
5.896544769713948142e+00
3.889726542315644853e+00
4.495913539251378488e+00
5.657170673958187734e+00
4.261393009743934535e+00
5.637548074228998729e+00
5.399387722606051376e+00
5.489395344543282818e+00
5.486903988218550410e+00
3.389682034652268250e+00
6.566816371297865551e+00
4.329839828584627348e+00
5.069237232327242104e+00
4.938774587343713662e+00
6.184260642639808125e+00
5.467713029151286541e+00
5.375970287450594576e+00
5.391953840917013352e+00
4.996377560656903860e+00
6.542689256028321410e+00
4.070555204819513939e+00
5.647206807544311147e+00
1.059874228917320638e+00
1.127901996976781174e-01
6.641155607913606929e-01
4.921205564212162820e+00
5.679194704469414212e+00
5.074734300508671581e+00
4.454693712999588939e+00
1.012310846323418279e+00
9.254323584114244383e+00
-2.142017707226380185e+00
6.977390318295197957e+00
3.828515394929799420e+00
3.953108097545906752e+00
2.670943536679342589e+00
5.388167037469072440e+00
5.366567252185847181e+00
9.073390819934466833e+00
6.562979046029713714e+00
4.695704524279230796e+00
-1.667868191487857477e+00
1.794438164025605742e+00
1.717284008167753617e+00
4.366198753519809905e-01
4.801716628777636053e+00
1.399454229295862273e+00
8.248956506181988058e-01
6.865927196840127422e+00
2.132818869695195740e+00
9.047139880738164663e+00
4.094161561625403678e+00
3.900230616970737696e+00
6.048576091917039488e-01
8.046765966040386076e+00
5.134691120635148653e-01
1.756013367015412996e+00
4.386952212326640677e+00
4.550863820533255222e+00
3.417588451046099873e+00
4.845451586192197624e+00
2.564268366678376321e+00
5.091418029176593585e+00
4.665833009499529282e+00
3.727880264182513059e+00
6.242741312832800205e+00
5.283487749362842933e+00
3.793341219862491620e+00
5.992621598185589704e+00
3.998776228286920364e+00
5.830477018589075300e+00
5.141931625778841664e+00
4.820368086901241966e+00
5.393664429414441130e+00
4.848131700329045835e+00
3.927287498933618615e+00
4.818594747351006902e+00
4.531136402301764399e+00
3.949810893919946331e+00
5.703854955118414338e+00
3.464470430872071738e+00
5.854713343054762653e+00
5.831291236054555682e+00
3.514174422467906567e+00
4.528133303906681562e+00
4.758738301974481111e+00
6.148841769474246988e+00
5.190430464634163243e+00
3.462242638228969493e+00
5.234665038325553965e+00
4.847758561803363619e+00
6.367812707699524566e+00
6.026285386549369072e+00
4.306962007679383753e+00
4.312706910938415739e+00
1.889278046226802621e+00
3.128494847822611113e+00
5.456692956127673355e-01
7.014877893508639772e+00
6.914111648419227762e+00
8.923522842352893392e+00
4.330472505173343478e+00
5.231900317822991475e+00
7.010004477265155742e+00
-2.619022178886874386e+00
7.864264429067676865e+00
4.584069340322422192e+00
6.863576545074959512e+00
6.768484340841820490e+00
3.877074718222627503e+00
3.276781527235042457e+00
4.273287537168882544e+00
6.537679423253200284e+00
6.616142949093879011e+00
4.085097465492246727e+00
3.344263111976069958e+00
4.684586007037427002e+00
3.902396083782269542e+00
4.678116564465931049e+00
3.812018412718804150e+00
4.806799130230243300e+00
4.666088133175393615e+00
5.610080310704078421e+00
5.754451663675443918e+00
4.159082057100222940e+00
7.264143482377457772e+00
5.344627512984001960e+00
-1.623239458316634964e+00
5.572287278893206519e-01
-1.268325212239134858e+00
5.087601107397924594e+00
6.965529928171678264e+00
2.713705351129901189e+00
2.968537582372221095e+00
1.007119520854773498e+01
5.839011835597340827e+00
5.902054221431013659e+00
5.770871730094086161e+00
3.860943048010572642e+00
6.458060822463608019e+00
3.027993389699540572e+00
6.027300302414486666e+00
7.006169888204606622e+00
3.776298374939143443e+00
4.680370797254584048e+00
2.704189823996755671e+00
6.278953207722948626e+00
1.012117834017971507e+00
3.568400530398009529e+00
2.775166052814961759e+00
8.691923010655536075e+00
5.084175070768235827e+00
7.239595779138277898e+00
4.657311455296779812e+00
4.406787210839992142e+00
4.127162520239378019e+00
7.163530146353433103e+00
1.128391718363862850e+01
6.535532161298315046e+00
5.504112114120784049e+00
2.741343753587147880e+00
3.536406296825367335e+00
3.460824606287724592e+00
5.557335633858212276e+00
4.831385472324785546e+00
3.433562125414964861e+00
8.479700529753400051e-01
7.732351564786450027e+00
2.644592277158099414e+00
3.302409971265888533e+00
6.338282620992716332e+00
3.320969503482290808e+00
3.534800632750578764e+00
-3.843394811692230739e+00
3.431246941049639787e+00
1.451071229633734916e+00
3.788911199094946003e+00
6.283119519647843987e+00
3.832931370032974794e+00
4.623840267677639559e+00
1.381987901540008945e+00
5.790469439261698881e+00
3.532695949971627059e+00
5.795364218404209566e+00
6.329809001845710270e+00
-6.710336466588451287e-01
1.104115808887180172e+01
7.588014541143014213e+00
5.689368756639627378e+00
2.062271122608939411e+00
6.160739052397200766e+00
-6.822173142181959804e-01
3.138047085244485501e+00
-3.433939590802065123e+00
1.104803473753931442e+01
5.948137189480513953e+00
1.898539298831453337e+00
1.321283131102399366e+00
5.302333639216775474e+00
4.156745347527150081e+00
3.693586542997696398e+00
3.688941158444471569e+00
4.400749898421489448e+00
7.058840908858347696e+00
3.011368366092280979e+00
3.986401879826012795e+00
9.599760231009495381e-01
4.407156552893669144e+00
4.233363369096652562e+00
6.632286483587535031e+00
2.429006185115919259e+00
3.932718021490017701e+00
2.268391721735563138e+00
-1.079565505145075432e+00
9.117261410010635281e-01
9.161943850920804877e+00
2.649793135344387984e+00
4.549704312818391827e+00
3.488852914619430035e+00
3.426584295862434626e+00
6.044405505109319066e+00
6.331355288321863561e+00
6.474060217642751525e+00
3.920083574523089531e+00
5.601468984331496870e+00
4.282199684611178725e+00
3.091533219059373394e+00
6.668889573388812941e+00
5.718893026637384303e+00
5.779237648290441953e+00
3.243549190563057572e+00
4.174123049841838018e+00
6.458417429094719608e+00
5.484176511149828848e+00
1.678529352484639858e+00
2.221716543583540648e+00
4.130345403907483615e+00
6.123730410416415637e+00
4.011376484437090717e+00
7.349396575270827903e+00
6.246767264291972488e+00
3.459004568283778447e+00
6.355071066265074009e+00
4.782072444802629718e+00
6.263700343397975878e+00
5.366585404046392505e+00
4.554800262594534743e+00
4.091441335796915268e+00
3.624175115294987481e+00
3.784661823072248410e+00
4.465675036514660690e+00
5.411065463088839067e+00
6.923448881017053580e+00
5.797974968704853183e+00
5.339334169163110211e+00
5.353232961120163225e+00
5.352906178264187353e+00
4.796072342222064577e+00
4.388879565138206651e+00
4.201088652231929288e+00
8.481967644061452205e+00
4.282918385974586073e+00
1.710679403586595537e+00
8.950965487598807613e+00
2.280779698126180310e+00
5.110203288897134044e+00
5.040668621558355156e+00
6.131723299518924364e+00
3.888404425863174474e+00
3.691853193233793462e+00
4.180626255848392425e+00
7.289485312983241982e+00
5.023605987737035150e+00
4.040238334379083085e+00
2.552683280281931033e+00
4.770922142682231026e+00
6.414895322473290307e+00
3.533437399265066503e+00
4.348373746360111092e+00
4.050160095415631822e+00
3.722079433352614153e+00
6.324711812397748822e+00
3.976594250750333348e+00
4.974444412818572303e+00
2.911727689931335128e+00
4.179048533611068983e+00
6.137601032319088823e+00
9.033177177857753648e+00
3.272192333263878705e+00
2.526983481595398651e+00
5.282292506937783294e+00
5.906940823486652725e+00
3.306103888606556129e+00
6.718450687561235313e+00
6.139404185420223037e+00
2.704501200416661089e+00
3.042025420481950793e+00
5.656174447550329276e+00
4.635932613085098630e+00
5.951529742933830747e+00
5.150072562510177754e+00
5.150407532734693206e+00
6.312262135603159408e+00
5.716494723403759970e+00
5.347179175702757803e+00
1.923998689653344307e+00
2.931434771293973007e+00
4.879397129785100873e+00
6.820546672359957263e+00
7.487259151120939649e+00
4.034178688103233767e+00
6.018880312503490870e+00
3.913084218587679963e+00
2.178522354687051354e+00
5.050711022873477063e+00
