2.957757653156762423e+00
-inf
8.072504729700741066e+00
1.051636038964568698e+01
1.134772642166673151e+01
-7.449445664900438580e+00
-6.463005510453482039e+00
3.880449878063798153e+00
3.770534141841229481e+00
4.926543260957416237e+00
1.575656588465160546e+01
-4.712518181443696719e-01
3.658339222676165292e+00
6.522174913712436961e+00
-2.198736436245124271e+00
5.616966488830162696e+00
-7.230930148239007593e-01
3.788457338016749443e+00
5.783945627644158982e+00
4.497441033321750048e+00
4.954428221717849468e+00
6.133659206700285971e+00
3.654057162271696857e+00
1.304768465827656243e+01
2.452845958072047416e-01
2.818296528103192422e-01
1.954635497642453146e+01
1.991381468325549164e+01
6.687127787424011593e+00
7.045214506766935614e+00
3.444434763170292513e+00
1.567231189458760277e+01
2.304738487782045375e+00
8.725655425181884084e+00
1.141662591326108611e+01
6.453796672488604003e+00
4.797478863602004928e-01
2.093424601342170455e+00
1.121518021924472208e+01
7.935574034013386679e+00
9.443746033867212120e+00
8.579784952039267054e+00
6.421113527315002401e+00
1.117731526712067947e+01
4.403645728279737881e+00
4.715332881246192542e-01
9.265922895613993404e+00
6.799188022074308613e+00
-8.914616462223623472e-02
5.660399810053137415e+00
1.076467812886928499e+00
6.508230494657708753e+00
3.803400870031857117e+00
-1.839042587667876205e-01
5.703216731878102408e+00
3.643804878665869218e+00
8.877442124361923703e+00
1.305022345310756648e+01
9.382860965116318397e+00
7.845528288913202530e+00
4.643328387212705799e+00
1.268513479214421835e+01
1.649842640518355452e+01
6.690860850173105945e+00
1.349130623134215057e+01
1.147359244975187309e+01
1.346038345261495905e+00
4.221624863284217710e+00
9.832820130133999470e+00
4.438662077972903575e+00
-1.845379471596380938e+00
5.559063658776986827e+00
5.666760732429243497e+00
8.592652684404827212e+00
5.576755995839672408e+00
4.370426694008381574e+00
-3.683622877771339788e-01
1.106668437771258340e+01
3.333257583260844648e-01
8.832515479837910632e+00
7.666245084485273864e+00
1.842504581913297024e+00
4.830446242524469191e+00
9.611069771033234233e+00
6.257577774794603087e+00
7.874081535916921837e+00
3.109785107057909670e-01
4.244342586725233346e+00
2.560946339155904639e+00
2.685124991454625576e+00
9.253110883591403990e+00
-1.334273816597728368e+00
8.240333128270327379e+00
2.765705044076796959e+00
1.044395206091403061e+01
7.471401145519523723e+00
5.715601792079339383e+00
8.130566881617321329e+00
7.859438320802428990e+00
5.686550289427512617e+00
1.001886340078687532e+01
3.016546492906537313e+00
1.605468371270809991e+00
4.288251108989439508e+00
6.086518250854138223e+00
5.673110212153570586e+00
7.021384177630772605e+00
1.116239087454097678e+01
1.339327558786018812e+01
5.421961971662957680e+00
4.415160808519841495e+00
8.940099453131891138e+00
1.037775641285380956e+01
4.769352773098800569e-01
2.360066880799460698e+00
1.117984397534862318e+01
1.034953841736034796e+01
1.200656832524439466e+01
6.806672353951777055e+00
3.044233744573428435e+00
2.425330655335448338e+00
5.692528464335900651e+00
1.023973500306822970e+01
9.506201486391022470e+00
3.003532727820780401e+00
5.019070002400571440e+00
3.839235954645975113e+00
3.560138822583083673e+00
9.888165724295186365e+00
1.299700085671110017e+01
9.519524088633597003e+00
-2.532221830149294028e+00
5.746579544427208752e+00
8.588207022347582154e+00
2.395504381405941796e+00
1.320413759401250609e+00
4.503363232437138208e+00
6.374822472353704583e+00
7.136942525802116855e+00
8.666481502236496937e+00
8.364145033257790018e+00
9.118069002797026812e+00
8.999458786102710661e+00
6.674732760841611601e+00
1.201145672098884631e+01
9.121890094087737211e+00
7.074328971258177390e+00
5.320971545133267533e+00
-4.564006856837945492e-01
3.685164125376421573e+00
9.350156221280329305e+00
5.864312233223410331e+00
4.377071141179232683e+00
1.224146181478207751e+01
8.802176582816631623e+00
1.752698434471567257e+00
6.660251035916584073e+00
5.784235468224284027e+00
8.990045158006589432e+00
5.423403510436050290e+00
5.444925754315304900e+00
4.209897604005647054e+00
3.966708918128977857e+00
1.001774563921065564e+01
7.955311037589468448e+00
7.551384292463488634e+00
9.934695577739162786e+00
-3.545925031213622791e+00
1.180705244010083632e+01
5.930497213210755625e+00
1.125195067624288114e+01
1.219740523487779882e+01
5.817339066469835451e+00
8.680750556497704551e+00
6.942208941545018774e+00
1.605427948070213162e+01
8.056852741675921692e+00
1.084272956663256160e+01
1.107987369336927230e+01
4.343633277230172673e+00
3.941212826366621513e+00
5.973228486746535282e+00
6.664317777502477114e+00
6.981651360434898201e+00
6.432649326169050497e+00
9.834100690688549307e+00
1.642481114890690819e+00
5.348370041284641552e+00
9.172217830037574515e+00
9.454752106096000475e+00
2.016551265767025480e+00
3.363410391815988554e+00
7.470023656546489477e+00
4.048772156211109419e+00
5.223014377977877487e+00
1.377565315148142178e+00
1.130927562020762878e+01
6.924447975294691915e+00
9.228849887063125479e+00
5.427173515909674784e+00
8.441731298668573302e-01
3.688042508928092378e+00
8.178518226598612273e+00
8.908924265479933879e+00
4.225622711206105109e-01
5.012169700203797262e+00
3.220551816489105157e+00
4.397171406605329125e+00
1.252501399326942000e+01
1.111309251555383071e+01
1.061252732433368884e+01
7.729479099078401028e+00
5.177834038557190155e+00
4.063784945594912656e+00
5.422891723566646505e+00
8.139945135747909788e+00
6.373859850414663519e+00
5.572212104093630103e+00
4.229521473398285103e+00
1.198579784842300633e+01
6.893199470013896324e+00
9.516911208242136766e+00
7.411484162066185100e+00
5.720682444074410178e+00
6.094440331333009553e+00
1.375771316205720352e+00
6.007353860794515832e+00
5.981119616108729886e+00
4.453027063831986432e+00
2.887093708799389535e+00
8.172085487178687657e+00
7.418412214396662208e+00
4.039927527731149048e+00
6.301319252791794057e+00
1.063052065370900223e+01
2.507896728577089895e+00
5.844126714318178983e+00
1.416092585807400273e-01
6.364732555788847002e+00
8.099048451638781287e+00
6.169538852737019852e+00
9.810419836851121289e+00
1.210655324619709816e+01
4.220657834248042306e+00
1.236788132134319262e+01
6.535671598674321459e+00
7.518539638921507340e+00
6.946608942758841998e+00
5.889246798225184598e+00
3.910648498535392648e+00
5.058698651218190179e+00
8.639797756602661138e+00
4.900934056876146805e+00
2.650712104031489602e+00
7.850211374044305579e+00
3.595820280581123463e+00
4.361423382241959246e+00
3.583678283634712525e+00
3.658110839194340880e+00
-1.367006046718364232e-01
3.493052672293875283e+00
5.460566986101476950e+00
9.181178182838378277e+00
3.793309135199887994e+00
6.419030375617391648e+00
1.180847515240174772e+01
5.650489266797129595e+00
9.492097107699230207e+00
3.706454697285495481e+00
6.538390708620992697e+00
5.326426042570442831e+00
7.045990745286331958e+00
8.377237824319790249e+00
5.778842651348850445e+00
2.643469294968459948e+00
1.179693904842271834e+01
1.503911361236581534e+01
9.955880079528407478e+00
6.929468983055707909e+00
5.532874401824489752e+00
6.243680903941788429e+00
6.387176137988266333e+00
1.496735896258613696e+00
1.197680227375499395e+00
6.902582969463890272e+00
3.460277131930944439e+00
2.627513262940948557e+00
1.000840712149398115e+01
3.262390690237905844e+00
1.149361221760859664e+01
1.948981994306123067e+00
1.111834957170377791e+01
9.274435984245849696e+00
8.483844320481932044e+00
5.457723672924887914e+00
-6.425094979235641546e-01
5.090373583877470409e+00
3.483696369395338444e+00
6.750263647410256418e+00
3.230853137958305421e+00
1.071733174319074067e+01
1.063102927839658385e+01
3.840713728533708959e+00
8.020980881814402608e+00
1.239394158750157260e+01
6.040893334828453476e+00
7.722174726624750463e+00
8.105013713898365779e+00
3.176901128427248366e+00
9.672779682642660859e+00
1.167597499587922982e+01
4.628379280767278559e+00
7.572290002676138165e+00
6.696283475202577051e+00
5.058796674492514356e+00
4.683957044049370744e+00
3.884789223314624174e-01
9.542935001731406075e+00
8.235340907127872256e+00
6.872385998895954806e+00
2.657373133925846620e+00
8.463927724228266669e+00
9.414227112485619386e+00
1.023725361157935154e+01
1.019713878803053753e+01
4.613350166773485306e+00
6.612914455976861561e+00
5.695594463345022618e+00
3.207186294110991653e+00
5.380393759243577989e+00
1.880792742572615417e+00
3.764090352722078148e+00
3.865867643558154487e+00
9.511254952766698523e+00
7.656847426162145531e+00
1.293722633730158478e+01
8.809876652370409289e+00
6.221662960036493217e+00
8.551989886617535674e+00
6.979918361141111305e+00
4.770074555145186856e+00
8.321115167142524527e+00
8.566579106349784922e+00
6.663315397181653665e+00
6.802164316336327232e+00
8.693941415454066401e+00
9.318764261427226359e+00
9.493293904476189482e+00
1.218144476613828608e+01
6.044112054800610423e+00
1.007362616533193389e+01
7.127141760364828826e+00
9.260830433332936096e+00
9.846988562613708140e+00
9.875294582465681259e+00
8.992409038211016892e+00
1.101724462386567183e+01
6.366283224513344940e+00
6.251798416176403528e+00
7.671516275004742980e+00
1.068792122153192814e+01
1.194301116777147165e+01
5.198884912782691714e+00
4.675246559955905212e+00
5.863492442315529907e+00
7.399875949932537722e+00
5.264386482519217481e+00
7.055451283335940182e+00
4.545083056920291575e+00
1.027771902065911469e+01
8.172578816543746072e+00
5.776352042441150303e+00
1.186725616724234733e+01
1.193698829440198850e+01
7.033003174340562325e+00
6.469508111250602767e+00
9.660055790313716528e+00
1.002966425977164100e+01
8.249584834080973650e+00
6.639445363933737632e+00
7.801204909632182272e+00
8.128001237457675998e+00
2.735991026980947538e+00
5.122597753195623049e+00
5.560457848156298510e+00
9.724222900642377709e+00
7.058898345923712903e+00
4.579819711639773416e+00
6.405030867245608661e+00
1.076435054654033863e+01
5.451161354334853826e+00
8.925560187283695157e+00
6.802281041799073336e+00
5.764213719430609117e+00
9.513037469091235820e+00
6.675465038298607823e+00
1.152144899862803129e+01
6.936595266677464622e+00
6.079806783667616621e+00
8.451297237579836974e+00
9.159030698665016956e+00
8.285063441434818543e+00
3.618804084028107049e+00
7.570866143620788691e+00
8.365492507573726755e+00
4.785341096138593819e+00
8.009941954946709686e+00
7.034252851928370021e+00
9.955050502053182981e+00
7.059453558973514120e+00
8.285221127460227208e+00
8.963411276517643245e+00
6.910156036349293096e+00
1.486454325211508554e+00
1.228098642628104997e+01
9.847230400749030110e+00
4.693836093000709475e+00
7.779749098256165674e+00
9.484515550442925047e+00
1.344126344583555621e+01
1.118133655576437135e+01
9.078075446666735715e+00
1.040160136295338944e+01
1.271826693524618612e+01
1.658878919652054407e+01
1.578611507965409544e+01
1.647502206796757207e+01
2.365624744646759936e+01
2.244047526742776100e+01
2.097267891336409207e+01
1.861211212893708122e+01
1.412272579481539303e+01
1.112467728907430242e+01
1.076433737912330457e+01
7.785396364943794723e+00
8.717862251404174145e+00
9.001503493575054193e+00
7.887814106095834887e+00
4.586583633401042803e+00
7.120989705572579709e+00
8.373876459968640162e+00
9.917906488902172413e+00
8.738249702251577489e+00
7.288363391050799223e+00
6.548140092088334363e+00
7.295042721358025339e+00
5.588143574539677694e+00
9.437075987773543062e+00
6.207576771919502967e+00
6.331027539366184342e+00
8.435965396282220752e+00
5.082642986902059512e+00
8.146262690123062811e+00
4.967472427297154880e+00
4.198843875086580191e+00
5.770541823552971294e+00
8.529272646899574539e+00
8.471953036980959695e+00
1.109088589068376152e+01
5.218867825592651499e+00
1.046932685925539097e+01
1.046415144196611635e+01
7.675813216083525958e+00
8.927025313908426796e+00
9.674858063138183084e+00
7.119604438499539611e+00
8.069885262898775835e+00
7.189921519458843946e+00
6.034563375850312106e+00
7.207825835990797181e+00
1.628733573084025110e+00
5.747097629863138657e+00
7.540110490816358535e+00
9.686131334704608520e+00
9.783322982983769123e+00
6.390938219609902937e+00
4.753381643884188712e+00
7.221328619882386057e+00
9.160405885034402118e+00
1.057524990896070172e+01
1.164591245842208345e+01
8.342847101420300504e+00
7.108023038128937543e+00
9.319613005468031730e+00
1.231250847764828826e+01
1.222512255104856926e+01
1.023477099023623538e+01
1.263179303584016999e+01
1.269371521670342773e+01
1.349813324406703963e+01
1.127206302716661845e+01
8.273389456961966815e+00
9.822652421032552539e+00
8.438757589008124782e+00
7.558043235425497386e+00
9.179901506507022191e+00
7.665420905944696273e+00
7.220315317066389404e+00
6.290855161147524299e+00
7.569687628565279880e+00
6.817906124687412195e+00
6.498692806497787799e+00
8.138070728745278259e+00
6.144213948761040101e+00
7.970257322409590728e+00
7.679806431536099431e+00
1.049852021538475988e+01
8.348630874881353137e+00
6.135507653627855440e+00
5.951393484636177789e+00
8.377769295643108904e+00
7.883528234680671432e+00
6.768126020463228087e+00
9.866935494004174245e+00
8.121370421054134425e+00
8.048197277783041059e+00
5.950058680891546103e+00
9.234890533096256959e+00
1.031755056182452890e+01
1.139944200623931181e+01
9.300867554341298415e+00
8.473792735580842006e+00
7.702419204981046263e+00
9.173504246422581332e+00
7.531955296492275131e+00
7.823303002440531451e+00
1.153057446717479451e+01
5.418968225679317463e+00
1.054494673134688298e+01
9.094155331106598794e+00
7.300470860207761703e+00
1.025654915315661597e+01
8.592632338064476016e+00
1.020690990930547137e+01
7.199937502882736595e+00
6.634321401475037128e+00
9.271168538551110672e+00
4.946327563177255193e+00
7.942661621290977081e+00
1.051575083105781871e+01
1.051308548701836543e+01
6.649329296868540240e+00
5.757497049569378689e+00
8.881565948821837253e+00
5.988482409477517088e+00
9.639786704590514788e+00
9.860910097659422391e+00
2.407006975230452372e+00
1.148860662147456857e+00
5.344277345878252206e+00
6.023582564923367855e+00
5.757950053171034810e+00
7.995063857051450285e+00
4.248539416186923212e+00
4.555035815505076080e+00
4.139665815346458722e+00
4.012214251642928886e+00
6.891628252608049010e+00
7.486411351320088059e+00
7.545524466412318887e+00
1.133167049713113173e+01
1.119001314884516596e+01
9.280893169828019040e+00
9.021021967935791253e+00
6.285310235503704490e+00
9.742345695984877096e+00
8.336170779758944605e+00
5.849044628492704234e+00
1.142713547269461927e+01
9.256124003141430023e+00
9.348984903192748774e+00
9.348292157076244280e+00
5.181192149326039775e+00
8.993178577817218411e+00
8.826782433462932786e+00
1.170251829658091403e+01
6.708605313420003213e+00
4.251017013670379541e+00
9.802201169757321253e+00
7.463421287750198196e+00
8.888600992409724455e+00
1.164127684078626856e+01
5.561055510938464508e+00
6.892807901861181641e+00
1.286133428056202632e+01
8.578214342381581758e+00
1.237883396803704272e+01
1.033306164061937338e+01
1.290829091334536471e+01
9.431160413733708836e+00
9.386227629426203478e+00
1.153413159498334473e+01
7.941651039329537198e+00
9.374209980494907057e+00
1.150890660725364789e+01
8.917529060082616255e+00
1.151040155919872987e+01
8.091068748781545139e+00
7.010311649930297762e+00
1.051889075328081269e+01
9.914240561985712574e+00
5.474286325292377242e+00
1.281169904441945562e+01
5.435796783480379091e+00
3.707035938320186297e+00
8.342289327771148066e+00
6.115221410090393661e+00
1.006513029543043203e+01
1.117061564348463776e+01
7.843966981814997297e+00
4.478699643295143140e+00
8.836278349999066251e+00
8.803546528811034833e+00
7.280304339941404024e+00
1.049947307811920183e+01
7.777520706526532379e+00
8.161161485435755480e+00
8.408938862390023417e+00
1.106706847747618383e+01
6.604727467994236711e+00
8.397539328443652806e+00
9.481917875353369496e+00
1.048796426424114614e+01
8.228169856248621628e+00
1.175949539047848980e+01
8.671884985556179259e+00
8.524659098463457596e+00
6.125611087114716469e+00
1.079080406379753931e+01
1.110220032750565444e+01
1.000241461357765616e+01
8.922033441570214052e+00
9.039073402213158914e+00
8.947772419389984577e+00
1.284985902731832930e+01
8.088754087793496694e+00
7.714429705505896351e+00
1.330523415200868875e+01
1.092256578876805584e+01
1.032175121779281746e+01
1.048314031933019663e+01
1.064871127464178358e+01
1.257916070421211074e+01
9.653157534863696654e+00
1.320477346335204949e+01
1.100167033454446575e+01
9.685662457508470879e+00
1.117622381156567180e+01
1.073754200300444950e+01
7.590253279116101481e+00
7.085293503320865049e+00
1.206281752803340446e+01
6.225440087646489040e+00
9.371638562074879886e+00
5.105565361918139367e+00
7.491939129182429546e+00
1.008918838772492066e+01
5.702519662906974318e+00
4.654486954044375402e+00
4.445961683033396561e+00
5.674027941302846045e+00
3.768938303748906371e+00
6.995301022166319882e+00
5.661326120327975886e+00
3.495792734965820436e+00
4.969280930433026988e+00
6.164672380769693483e+00
7.496475457133438880e+00
1.095191416154471753e+01
1.034186808213085129e+01
8.250940778658282682e+00
7.375482774596810565e+00
9.715045804342810953e+00
1.617981788966302759e+01
9.261258516854592671e+00
6.964655823246464372e+00
7.220414228370088949e+00
6.683601695799088915e+00
1.152909744121383362e+01
8.727819253859555815e+00
9.296446328825059169e+00
1.010500527473614696e+01
9.460359300369329816e+00
1.004884115487968188e+01
1.045632082791745354e+01
7.962323497981735443e+00
9.059509181319251425e+00
1.022293060110169272e+01
1.287128116651185472e+01
1.152337057800357911e+01
6.108239386954647188e+00
1.006191995561413854e+01
9.853766652138951088e+00
5.022266037046795972e+00
9.466532563196368599e+00
6.886416489084773218e+00
5.719012971548033342e+00
4.766979702177511768e+00
1.013628943431621110e+01
4.401234243824355019e+00
2.945428008883086424e+00
4.032671541304921448e+00
5.414748006755799814e+00
8.048575562722010801e+00
8.375600425496440238e+00
6.498971458701772619e+00
1.039540557424031775e+01
1.178748556881048692e+01
9.587334603592962523e+00
9.980889495423102886e+00
1.268581341459325884e+01
1.195883910830989016e+01
9.735947576344965881e+00
9.234843480761188772e+00
9.442187949968033678e+00
8.470948652019675507e+00
8.522749150774993510e+00
1.062707298446499493e+01
1.171166416630598661e+01
1.276657200083165478e+01
1.174020095648892337e+01
1.296483862136480347e+01
1.295980236537639918e+01
9.416035240566174025e+00
1.424008890697979091e+01
1.231129244414723800e+01
1.248112329461288361e+01
1.380108941310179738e+01
1.203991324390682394e+01
1.020986488550300919e+01
1.263653154217242935e+01
1.055754111761383207e+01
1.176765738185859256e+01
1.344597052209832988e+01
1.247703330116811848e+01
1.130171404245832179e+01
1.283236595482871145e+01
1.395734106531720009e+01
1.066004750485915764e+01
1.199631262193127945e+01
1.409223339519947338e+01
1.359623069150037722e+01
1.018983451455263989e+01
1.325092519444557126e+01
1.319763526089429462e+01
1.409288253259216006e+01
1.178066864965690996e+01
1.167988239163347508e+01
1.101202589459746406e+01
1.388726416104859851e+01
1.433044363738476790e+01
1.241293942074642942e+01
1.018552751440929249e+01
1.485700373146468856e+01
1.409414844833962199e+01
1.159146981123626396e+01
1.307185561030565246e+01
1.618547320364081443e+01
1.159090782709665035e+01
1.255644443768453300e+01
1.503708668182302866e+01
1.436613469704156998e+01
1.162657759290918769e+01
1.248247767950253895e+01
1.183538845389525385e+01
1.131674855407661973e+01
1.137821114046841942e+01
1.181215015200651663e+01
1.333282776963843119e+01
1.304043362648667603e+01
1.128230886036536695e+01
1.626091149435200478e+01
1.513271017890885162e+01
1.416661130304144933e+01
1.212141798268988602e+01
1.274566443037207009e+01
1.224219963782237031e+01
1.353700647280090763e+01
9.420209663174311743e+00
1.477398016615868670e+01
1.402790563815050184e+01
1.092757117672210043e+01
1.273667597792361228e+01
1.332998695417072632e+01
1.535553082572591954e+01
1.143497362216563573e+01
1.633620675889244822e+01
1.116086482104196342e+01
9.222559372495817698e+00
1.435387579743272113e+01
1.173464266746626983e+01
1.371507070943405715e+01
9.435916448664055878e+00
1.052875506870529954e+01
1.214185898920807638e+01
8.281078246907075169e+00
1.024105296406995258e+01
1.235996065359583618e+01
1.290668030689359469e+01
9.810795465716198649e+00
1.164482825420899914e+01
1.718733452193153610e+01
1.276405300696222689e+01
1.169207888001068341e+01
1.036215439255332882e+01
1.237632060003231516e+01
1.216239353156582581e+01
1.232288037153717397e+01
1.379284445431033568e+01
1.172068850539847240e+01
1.052763272466773969e+01
1.458618369921907743e+01
1.226237496827063822e+01
1.157218462926493352e+01
1.007529181035200594e+01
1.554508818056851105e+01
1.403905828205881257e+01
1.302069790079948675e+01
1.015142417854894674e+01
1.083956758430964484e+01
1.454137253736375079e+01
1.658277804624838225e+01
1.631177960362299828e+01
1.271372786213511752e+01
1.550119944111391312e+01
1.303380256373662860e+01
1.402934948789904723e+01
1.581837045882945070e+01
1.411450210252516335e+01
1.248775106509421384e+01
1.195016235004168870e+01
1.218232227044727978e+01
1.452081468481454074e+01
1.176621771745388756e+01
1.372490829049174010e+01
1.340459727162511783e+01
1.305199245497155225e+01
1.025321115126313209e+01
1.005574261024131388e+01
1.248465275971624422e+01
1.043961596603951847e+01
1.281394277326226749e+01
1.163417383236984648e+01
6.765199416152470668e+00
9.247565256085072960e+00
1.046436115428627467e+01
1.257089831930683133e+01
1.197623245485285537e+01
1.511915885128199122e+01
1.258015386322948004e+01
1.389836089598069435e+01
1.253898720962561164e+01
1.606339384166597384e+01
1.320347624385164664e+01
1.239554144562498905e+01
1.651869119139946562e+01
1.367142156877332759e+01
1.280162733467117420e+01
1.020047027221384361e+01
1.066464863108727457e+01
1.466810530157220072e+01
9.811591316479809421e+00
1.524989739698313507e+01
1.321513866092464973e+01
1.336406915975322818e+01
1.182361959345128533e+01
1.222099628645875491e+01
1.351149227701656663e+01
1.669108530438967719e+01
1.171628675583332502e+01
1.466868902649234485e+01
1.322522925801089499e+01
1.195635471682475348e+01
1.579291834514858905e+01
1.174018406493442868e+01
1.162956651407322184e+01
9.678332766169624790e+00
1.167898164974660880e+01
1.576199847889135164e+01
1.102658861718343175e+01
1.163987612319352749e+01
1.343101246931567339e+01
1.287774888304903520e+01
1.372206076662457264e+01
1.300768453334315389e+01
1.164101940156178294e+01
1.623285113787022738e+01
1.196126893940529889e+01
1.078675849436948830e+01
1.415053065528674203e+01
1.358863598793517014e+01
1.127564034077220434e+01
1.344343407737838092e+01
1.311104769250266600e+01
1.248828013924099878e+01
1.389710387935564206e+01
1.330714532892099555e+01
1.031463014901026476e+01
1.356683125963320968e+01
1.193518455478114149e+01
1.310660906562139694e+01
1.507466297867873983e+01
1.509340932799610435e+01
1.138747670641734899e+01
1.372095786916742099e+01
1.267371460802528027e+01
1.355331175017887979e+01
1.157981694433231645e+01
1.380353685907815908e+01
1.302372350130522349e+01
1.085846864187078786e+01
1.298086255206311712e+01
1.230015924688926354e+01
1.460340526171212794e+01
1.419600749629172398e+01
1.063646566400390014e+01
1.063262582987553984e+01
1.328277907180210171e+01
1.111388519911666073e+01
1.198359222823242298e+01
1.194846989730697473e+01
1.307410786951443882e+01
1.328735821635249437e+01
1.317877661947112600e+01
1.279974476026101726e+01
1.142141954825909700e+01
1.219712704698781103e+01
1.116611122684082424e+01
1.316032607828322476e+01
1.483034276158361031e+01
1.554461593152361054e+01
1.555815426646235977e+01
1.652569912928925788e+01
1.310991261622942083e+01
1.126093937630804653e+01
1.325929955079312172e+01
1.638566314986905681e+01
1.346754770531494394e+01
1.325948556102935250e+01
1.400033614781704649e+01
1.386398839315763354e+01
1.174475244072084479e+01
1.332051247178477738e+01
1.237689922195515990e+01
1.244162013391606969e+01
9.980689140040031049e+00
1.227899996329689358e+01
1.607360992127788535e+01
1.355878412608389816e+01
1.316215644575501642e+01
1.233136991556615314e+01
1.562806438736355652e+01
1.054554873173558072e+01
1.475454474571791685e+01
1.545335449652013082e+01
1.357778831175953549e+01
1.278802086722878073e+01
1.416138488385731620e+01
1.202087871891800930e+01
1.313722028238527351e+01
1.198291837941926197e+01
1.204245637813463965e+01
1.380511498481021526e+01
1.343097939433987165e+01
9.553214534766096833e+00
1.252468866330167963e+01
1.468530039842582191e+01
1.354940859149511390e+01
1.411571860227737396e+01
1.321192882778554001e+01
1.035203797428357042e+01
1.382523082100448875e+01
1.376459161748736371e+01
1.299821854024088985e+01
1.033543540444524211e+01
1.113316181593449095e+01
1.221571087463204108e+01
1.279493366738867977e+01
1.429207275329642002e+01
1.737834135879193909e+01
1.178258501508576472e+01
1.282258831605919092e+01
1.608121217522772284e+01
1.261660279435249343e+01
1.390637546671098512e+01
1.319913975903219594e+01
1.453624468689768889e+01
1.507242977866279787e+01
1.082412470460092280e+01
1.362528197261080543e+01
1.194027608756939429e+01
1.415240565893528490e+01
1.509958621709746041e+01
1.432458500226175957e+01
1.349057059704317396e+01
1.465215709631547369e+01
1.700655321041348955e+01
1.570563384253991401e+01
1.213712730310453125e+01
1.336839267337033732e+01
1.362510781838566665e+01
1.643904882513987786e+01
1.659014538774870573e+01
1.506405963793229397e+01
1.280953404115950356e+01
1.679296623918910214e+01
1.578968141500024380e+01
1.443697230513201823e+01
1.408056692709681990e+01
1.416247528094662655e+01
1.538889677219703245e+01
1.369397906472053528e+01
1.496065490034071921e+01
1.506471510095186872e+01
1.519872318022715874e+01
1.237371534200310563e+01
1.501828283990626289e+01
1.520835860350766033e+01
1.333692378681856816e+01
1.402734748788411956e+01
1.264820541175189916e+01
1.159161072532299741e+01
1.054297887402265133e+01
1.068710476619506622e+01
1.601020029811794387e+01
1.527445130334300316e+01
1.398075428743440796e+01
1.149799481227608133e+01
1.164173398006401960e+01
1.296012859259063710e+01
1.340261234113606648e+01
1.194137150904801103e+01
1.216633701236016130e+01
1.158248816875264176e+01
1.151707525500918905e+01
1.270350113993719887e+01
1.566933889635659227e+01
1.180283689586092244e+01
1.351496625977065946e+01
1.440926031486030112e+01
1.326598624898785239e+01
1.465898223621277019e+01
1.239854070205057823e+01
1.513753709303877493e+01
1.528231296910860770e+01
1.187437145244296488e+01
1.106003051220641176e+01
1.165339897642050282e+01
1.067145278426041877e+01
1.187165531319881318e+01
1.051560947870773433e+01
1.125152718066653534e+01
9.740868607654807221e+00
7.280739015277744919e+00
1.291895723515304262e+01
1.010085026482622794e+01
1.181857620893987360e+01
1.123702624602362476e+01
9.067350379083906731e+00
1.289414646041034551e+01
1.285440733639587840e+01
1.381458278287855101e+01
1.804784399102902270e+01
1.618849953642882156e+01
1.428901617429128201e+01
1.565583616325734795e+01
1.269292997957525770e+01
1.585386714810833375e+01
1.743193633008935350e+01
1.474740793863600352e+01
1.234986169816530044e+01
1.412962914885505583e+01
1.011411451700985786e+01
1.360768396511154421e+01
1.504076665863482987e+01
1.185122285586672675e+01
1.513569808963768182e+01
1.542408078541599004e+01
1.358073267402284579e+01
1.500435838586410320e+01
1.547851392153883587e+01
1.354906816466226260e+01
1.604964195737909805e+01
1.376776895803120659e+01
1.477696918917282076e+01
1.681390793686130181e+01
1.300104802439770424e+01
1.407886352243711769e+01
1.323916115267572380e+01
1.477310660844858781e+01
1.911255621814854777e+01
1.257098113266418693e+01
1.697256143082449142e+01
1.325351741564841568e+01
1.749076364443160259e+01
1.425004720606618136e+01
1.587710432166728403e+01
1.441952173005752158e+01
1.609956622984765673e+01
1.344312641058522750e+01
1.618393545346978613e+01
1.239208426782036021e+01
1.471761815584063271e+01
1.209806060129049676e+01
1.285640645345813837e+01
1.325154645858180125e+01
1.473723764573010619e+01
1.457763814054722040e+01
1.487169483971691619e+01
1.537620725503898456e+01
1.487516629658276734e+01
1.862936622552345511e+01
1.813293888268825071e+01
1.635077759298443922e+01
1.535239367706420488e+01
1.654457681003851377e+01
1.334405455134273311e+01
1.572964378751555969e+01
1.456266851752919855e+01
1.544827686378116915e+01
1.530112089503406736e+01
1.741478847054916557e+01
1.152601921354103354e+01
1.206225589661255171e+01
1.274092155898315148e+01
1.574591516218251463e+01
1.555020510606827244e+01
1.504951130595495457e+01
1.643698590998834419e+01
1.469616868330449577e+01
1.249620479859141930e+01
1.250587266348292736e+01
1.222792752544278549e+01
1.186725757079611299e+01
1.338504629264939894e+01
1.311376457163260767e+01
1.650816868411841654e+01
1.563952103467297405e+01
1.507316544482342380e+01
1.295000837928127524e+01
1.306097982258048518e+01
1.342528468897377358e+01
1.697850891260534922e+01
1.494293937901047542e+01
1.534135301518599981e+01
1.222977510438749604e+01
1.144152208426756978e+01
1.380410307945855131e+01
1.250298040587032133e+01
1.440193065343931877e+01
1.416178309736563179e+01
1.517133009372564167e+01
1.716973382598760267e+01
1.323792823392954610e+01
1.480982476294068739e+01
1.404049923114033227e+01
1.621390871078121165e+01
1.527741884133500960e+01
1.277277486518755722e+01
1.880056958251428156e+01
1.542834493321231193e+01
1.607510298569713925e+01
1.731782783657028801e+01
1.408372546900454658e+01
1.414497929911539131e+01
1.519148685885183525e+01
1.467082242037553108e+01
1.550178778595974016e+01
1.638403157810011734e+01
1.733440509070126723e+01
1.706185389041903022e+01
1.650459626965392346e+01
1.630014535537073783e+01
1.598937736923473629e+01
1.692843157210845106e+01
1.571583292645224006e+01
1.551037036019416604e+01
1.566895055697220940e+01
1.542976578018021527e+01
1.639220456327460340e+01
1.597892599783204304e+01
1.378225134784972639e+01
1.667537240685231481e+01
1.620313942707178256e+01
1.817362658218121396e+01
1.690398998803580355e+01
1.759330493700683462e+01
1.421643315977363642e+01
1.602325055704269019e+01
1.683335235724132062e+01
1.606254687048658880e+01
1.640092638593681329e+01
1.808121057939603205e+01
1.585687640952120780e+01
1.517871099537808277e+01
1.949534120413317950e+01
1.814205557749222564e+01
1.775087469819996144e+01
1.734086290011174825e+01
1.827190526100550017e+01
1.524533352770338190e+01
1.534550899458082007e+01
1.596236989344257751e+01
1.612395929143824702e+01
1.308579000082152710e+01
1.438171592595057291e+01
1.409615284133410817e+01
1.453459527120899608e+01
1.413919044240820888e+01
1.348741915896708221e+01
1.443633772673554816e+01
1.479697113048881185e+01
1.584265073621782882e+01
1.573302683391041512e+01
1.695495749114754958e+01
1.567812088638436130e+01
1.665258664715226189e+01
1.693599087412497184e+01
1.898064545498734290e+01
1.591657262853034460e+01
1.815858702208801390e+01
1.853974374897491728e+01
1.528889190747611337e+01
1.722231358217152675e+01
1.464797681139349450e+01
1.754362052052469068e+01
1.707742167608250128e+01
1.856088652489515312e+01
1.527856953508743487e+01
1.731633064671281375e+01
1.598816857868255070e+01
1.484489238684238899e+01
1.960399693735644888e+01
1.629806711637080241e+01
1.577620928367381659e+01
1.793386958538608411e+01
1.620572401201072665e+01
1.666383632446705931e+01
1.470104467665393955e+01
1.893016582132508674e+01
1.488111228683984066e+01
1.697859451299910916e+01
1.673413964216392458e+01
1.736134313580159727e+01
1.706799636396176822e+01
1.498683938126721493e+01
1.908857827326828271e+01
1.740866806559637681e+01
1.581034729253766535e+01
1.975040495445229993e+01
1.752748325352697378e+01
1.948509587894259809e+01
2.055254853966560802e+01
1.824008296789349615e+01
1.872553947656798812e+01
1.908405372830990743e+01
1.709455974671033474e+01
1.861795595152732119e+01
1.923958641518650126e+01
1.916785588216015412e+01
1.934431923264533992e+01
1.419101228602626996e+01
1.808489242553502407e+01
1.844637688389346053e+01
1.901856007026557904e+01
1.625709049521210048e+01
1.824913448480610967e+01
1.653716788518654113e+01
1.540910333540379895e+01
1.803952952024862455e+01
2.033375864891186424e+01
1.662474446863368271e+01
1.613113366784979874e+01
1.696412570010626908e+01
1.569476708311434088e+01
1.475075830651412545e+01
1.285735183805075543e+01
1.602189039876216725e+01
1.523881963263940520e+01
1.612353939925691293e+01
1.865726973087939200e+01
1.417679545702301702e+01
1.892465368081352750e+01
1.815938207178932018e+01
1.782539257219547935e+01
1.786360896483386540e+01
1.896205941426227071e+01
1.797575199839459259e+01
1.943374417127425957e+01
1.765912116332723869e+01
1.770380616059318513e+01
1.772969719755381135e+01
1.765360525099665168e+01
1.743000735213752250e+01
1.922497507520272819e+01
1.612922621443925308e+01
1.473141928897169350e+01
1.560598606909283781e+01
1.492730323500552991e+01
1.528477405711513804e+01
1.805492132929170879e+01
1.714351481710908942e+01
1.918377801220283629e+01
1.803733882637927621e+01
1.817444851996541999e+01
1.855780964220150508e+01
1.740984645266953734e+01
1.754421216656773197e+01
1.696080107250757152e+01
1.499020577467509874e+01
1.766170819274027792e+01
1.794175822463035175e+01
1.746480953656836377e+01
1.644261756064521052e+01
1.678004544512190677e+01
1.699925817958617102e+01
1.771935606355228998e+01
1.979726094383688917e+01
2.000025181810643815e+01
1.923306571228878781e+01
1.536059395635662383e+01
1.614088183394655829e+01
1.868215087282274212e+01
1.821744834785480549e+01
1.920255330636270585e+01
1.707774549718655521e+01
1.571328860431457386e+01
1.590895643977454732e+01
1.900545432557602510e+01
1.441503251160531995e+01
1.710067828869886952e+01
1.603964267377684294e+01
1.634246002706889911e+01
1.787221083060788018e+01
1.818598664903647233e+01
1.580886268138686823e+01
1.383266776338440707e+01
1.793167446366920714e+01
1.811071212921198637e+01
1.768585939297271281e+01
1.587655927808582845e+01
1.586191647741236466e+01
1.671883809153811740e+01
1.606603843984159852e+01
1.520719861457422262e+01
2.068224175087636141e+01
1.683928661824079498e+01
1.805277370845172769e+01
1.676950656218468794e+01
1.863077763614859705e+01
1.948799044013654935e+01
1.853443698118784866e+01
1.999407464229489406e+01
1.966237730640448689e+01
1.970217144826322908e+01
1.908334716409710197e+01
2.054355187636234703e+01
1.702442328777239311e+01
1.954706444239355179e+01
1.857679569083847326e+01
1.988099182799164311e+01
1.769303545410950562e+01
1.964009751693734174e+01
1.796115053075421031e+01
1.988192299069269353e+01
1.961943603267172165e+01
1.855491824912452259e+01
1.911081897118635098e+01
1.988765272206516599e+01
2.286034178661445182e+01
1.793070534094924184e+01
1.848649881896855973e+01
1.929506926190766336e+01
2.113644573732762666e+01
1.982546211124046920e+01
1.712590982631107650e+01
1.843414994714371602e+01
1.821156979727105352e+01
2.015436251004042489e+01
1.754246024426612394e+01
1.823608387298360611e+01
1.701645733066391841e+01
1.778417785895279124e+01
1.661480642053673051e+01
1.654148604175777137e+01
1.783011282668719133e+01
1.598796157684705932e+01
1.896470485304616460e+01
1.850167882241215978e+01
1.498118593164053003e+01
1.645178674862713919e+01
1.749716959519284742e+01
1.789058337077775107e+01
1.967627596666026335e+01
1.577461611587898105e+01
1.697994322966106395e+01
1.982198089661283547e+01
2.094276108743413189e+01
1.811547138696636239e+01
1.670468130401365059e+01
1.630843595404228452e+01
1.988942668603901609e+01
1.808049467834582202e+01
1.531098042790993219e+01
1.687315047966492543e+01
1.874939496046208021e+01
1.557795297802179491e+01
1.601010259707398831e+01
1.763438105618170937e+01
1.802011317959367176e+01
1.857931238603448421e+01
1.650163830592844505e+01
1.702945391799414665e+01
1.726852117936084596e+01
1.916054126419430403e+01
1.874456646298949636e+01
1.864380856567430556e+01
1.865583469866245636e+01
1.882940847611064683e+01
1.829730939711341264e+01
1.907486206730926526e+01
1.775408741780900712e+01
1.868516623569999524e+01
1.873085588003185364e+01
1.733183918684232339e+01
1.931947565353341645e+01
1.755908723788199310e+01
1.727961513538246408e+01
1.750985209343076221e+01
1.944979155293739126e+01
1.726302120696730213e+01
1.643036702595969345e+01
1.678926560501917820e+01
1.775437873421656221e+01
1.806845181665378419e+01
1.528263142906744143e+01
1.452097136006877598e+01
1.842005602973303269e+01
1.669489365908498613e+01
1.638558514735132121e+01
1.488749017157727295e+01
1.773601741558580258e+01
1.748681918839984917e+01
1.652567048837120822e+01
1.687756422592722672e+01
1.915036688301614021e+01
1.781670419298187369e+01
1.682607082701609968e+01
1.813204539686085326e+01
2.005086944245279668e+01
1.834098236286407158e+01
1.771650043348381587e+01
1.643001058702164840e+01
1.783013507330637992e+01
1.781075692571314306e+01
1.820760564352673327e+01
1.986089420807992312e+01
1.946915277942296996e+01
1.787468490187433190e+01
1.720487861439130484e+01
1.465969361792956782e+01
1.683247078208637859e+01
1.927930002415480004e+01
1.833434785414047141e+01
2.002064889212461196e+01
1.734005826294403363e+01
1.848048164918212422e+01
1.804654496934782770e+01
1.615767126100180207e+01
1.889023474930975866e+01
1.665044717148230191e+01
1.968047901105808606e+01
1.915665171744518247e+01
1.882197945830323604e+01
1.840973963411365943e+01
1.784829524730332651e+01
2.017330489172921304e+01
1.966084717972191243e+01
1.979468866051049858e+01
2.096666714378791951e+01
1.960731045399389672e+01
1.667377896704867979e+01
1.869678623322431577e+01
1.660797486615861018e+01
1.797449349671019903e+01
1.672929152027228739e+01
1.531674579791647162e+01
1.876851495386885915e+01
1.584801703142995599e+01
1.707763565562827779e+01
1.792744681001654783e+01
1.709017617107714671e+01
1.562032384163819998e+01
1.913972688097891250e+01
1.544402911854383476e+01
1.803624779285744850e+01
1.747487824399805589e+01
1.691752806101487394e+01
1.874388961827190769e+01
2.043292529777528443e+01
1.786672829456966838e+01
1.677161917445589268e+01
1.889596633446507568e+01
1.882335305311908513e+01
2.199166075326380820e+01
1.898979069752981275e+01
1.969199302230725834e+01
1.774151905394365514e+01
2.017663501362803657e+01
1.764217681785833847e+01
1.813529029170236484e+01
1.819330825300005472e+01
1.848957328829511937e+01
1.657828682957896760e+01
1.931846000608270231e+01
1.871975475330026484e+01
1.956985150683184571e+01
1.930657279689793882e+01
1.832740871433232854e+01
2.079948324436443485e+01
1.931943984467435271e+01
1.890514706623693897e+01
1.919939836296952507e+01
2.042778873659567651e+01
2.032538254938461719e+01
2.028582216797771309e+01
1.897347319604954663e+01
1.831983100358454664e+01
1.968203072703561318e+01
1.812535519538315043e+01
2.000318500525892063e+01
2.196097119211378867e+01
1.717811745994868389e+01
1.953324121486917520e+01
2.029278266568674383e+01
1.849800803844136965e+01
1.818909610510795360e+01
1.735197903316429802e+01
1.914514214361301470e+01
1.832389737595118717e+01
1.916317664434844659e+01
2.125981106221678019e+01
1.966033703940228961e+01
1.783444307795368289e+01
1.902897633073735761e+01
2.002169840448003413e+01
2.179427688746761760e+01
2.074530155526591102e+01
1.927908476911464675e+01
1.976843772440106761e+01
1.736274170586716892e+01
1.714448515879615087e+01
1.568320627129708988e+01
2.106692630632097973e+01
1.865998935961529881e+01
1.873412509835090489e+01
1.691356064132158110e+01
2.078564868481194594e+01
1.746802233686207728e+01
1.860816913006233975e+01
1.828158523952548720e+01
1.727568938605854854e+01
1.758521813458765948e+01
1.742211431641930020e+01
1.793227232644326463e+01
1.895571410276300739e+01
1.872943194128808386e+01
1.685017949305192531e+01
1.699738006570075655e+01
1.607524547597181908e+01
1.831760117668028087e+01
1.847635598722314754e+01
1.859325169165835590e+01
1.787275275162621924e+01
1.541022077291385983e+01
1.967392798167358237e+01
1.920413252565590412e+01
1.639249697339955247e+01
1.790535184263979218e+01
2.051988609795969509e+01
1.778502487110874597e+01
2.025606010988453676e+01
1.748646807006152315e+01
1.873428622758939355e+01
2.040144146072177023e+01
2.034192208919814249e+01
1.598580928198362905e+01
1.556518252807131475e+01
1.547357678599311370e+01
1.702300765809892269e+01
1.451530418595210392e+01
1.628274385651684142e+01
1.748596636550356465e+01
1.797924499029808132e+01
1.743153529700678561e+01
1.611139571561237815e+01
1.704418299158395911e+01
1.840104608386161900e+01
1.828986624836939967e+01
1.848306019095219455e+01
1.935200166657758558e+01
1.984756136046574326e+01
1.497379718717928476e+01
1.456178389727136668e+01
1.716041402121050652e+01
1.774978799802690332e+01
1.707723502792309489e+01
1.887117786601164227e+01
1.832435353193839234e+01
1.856101400555427716e+01
2.124869661543925048e+01
1.858104166694173287e+01
1.901894837149078299e+01
2.103237732206940436e+01
1.770881351201273901e+01
1.799735131762980345e+01
1.922319460268587221e+01
2.080388269337426976e+01
1.916088559777292133e+01
1.902786801757145341e+01
1.965579359447649566e+01
1.797657597767801363e+01
1.761704997154295427e+01
1.904921074282622229e+01
1.777561200396799634e+01
1.675158324017867528e+01
2.014750312543118582e+01
2.110696635825624412e+01
2.078460004448817955e+01
1.845636049772503284e+01
1.920151154416926786e+01
2.163833553186859149e+01
1.437402515744130582e+01
1.770313769591802355e+01
1.659681196287008476e+01
1.859368322478761115e+01
1.854827869481067282e+01
1.638759235876202425e+01
1.760184030866319205e+01
1.845253699000477354e+01
1.799504392887767068e+01
1.936146239689171011e+01
1.841387121126330229e+01
1.833355450711838586e+01
1.760658422769386888e+01
2.053040217419875191e+01
1.858004796705374773e+01
1.828387742952846295e+01
1.728935286308951191e+01
1.905289688044829433e+01
1.685115299079862083e+01
1.877684767895678775e+01
1.956994406186756308e+01
1.777350292379141905e+01
2.077550547559408400e+01
1.816097247976808049e+01
2.041896252059480332e+01
2.207288217346367887e+01
1.972265850739573878e+01
1.948886659778918329e+01
2.396262527917188834e+01
2.187577725865637035e+01
1.979700501087774001e+01
2.173305293792403248e+01
2.151532609395031059e+01
2.591650778033299929e+01
2.373848551231208148e+01
2.379200499229798282e+01
2.452965977394553221e+01
2.613945924612000837e+01
2.544647655777744433e+01
2.293020523195152904e+01
1.965698462031484084e+01
-2.738713556039829911e+00
4.101707890974272175e+01
4.830555349940852494e+01
4.506090514203483366e+01
-1.289762487926584988e+00
1.479488422104190626e+01
1.676915892182152135e+01
1.868801065948281348e+01
1.984136534520521522e+01
1.780401338620786689e+01
1.886974682297118733e+01
1.653778962961158072e+01
2.068992246857533601e+01
1.800638945904163890e+01
1.905219103920273582e+01
1.772115925484665411e+01
1.820205627309594831e+01
1.662130800069470027e+01
1.863310818931530477e+01
1.840607012024983646e+01
1.948925443345751418e+01
1.911972712710684519e+01
1.611515385847931725e+01
1.760875396783163183e+01
1.814958706145761980e+01
1.916551591524867604e+01
2.043566100637435312e+01
1.895861827926335508e+01
2.169513047973490316e+01
1.705913490194404147e+01
1.757799979401538337e+01
2.102876463163807230e+01
2.414300830195417547e+01
2.724994345622519987e+01
3.146912415011642850e+01
3.480810006493410924e+01
3.661466479166361410e+01
3.974859377256312598e+01
3.869404130199290393e+01
3.380639186948253894e+01
2.714317762049908467e+01
2.362679983597656985e+01
2.140214060327040357e+01
2.163895585495677309e+01
1.958062999739570742e+01
1.859641949702206531e+01
1.992922035598911634e+01
1.832279502283027028e+01
1.737558468165313741e+01
1.908568292280515877e+01
2.064985886186095598e+01
1.891772599412315259e+01
1.660099801237014461e+01
1.728048725663894913e+01
1.702531955525450869e+01
1.961532127457489239e+01
2.001696101424787955e+01
1.826865043567110547e+01
2.201303390785574621e+01
2.018021126451266767e+01
1.850658428434267577e+01
1.788938525258950918e+01
2.026027496226247138e+01
1.813588541309579938e+01
1.563406738522035511e+01
1.788306558549765768e+01
1.969762625513928711e+01
1.731314725807989419e+01
2.036430201659146277e+01
2.133615099143794680e+01
1.839573956637205754e+01
1.645789248439877994e+01
2.053037325363104415e+01
1.900409539951202476e+01
1.981287981641333928e+01
1.930149439602176642e+01
1.830967034348321221e+01
1.690329455009456083e+01
1.912943531588273061e+01
1.894435562008757046e+01
1.734908047693873812e+01
2.133122664810026592e+01
1.746158138235973212e+01
2.024866992911729113e+01
1.914440713987282194e+01
2.064299624376194942e+01
1.852508267005488918e+01
1.878153030976447369e+01
2.037942384073931734e+01
1.619110682177140603e+01
1.862853053921533686e+01
2.011101726908324849e+01
1.853116317462594864e+01
1.638386589802820836e+01
1.896555965919114328e+01
1.644766507496223440e+01
1.803532744876800820e+01
1.643453487649039246e+01
1.730764582150149167e+01
1.811743994200930885e+01
1.717678963827196270e+01
1.666835287954838307e+01
2.083760157741293284e+01
1.918526688782971590e+01
1.978243402918051075e+01
1.726483061651380879e+01
1.541184938765007750e+01
1.802541857362609790e+01
1.974489188236522708e+01
2.070388288127430698e+01
1.794397468666301876e+01
1.797431505145834763e+01
1.751201228348393357e+01
1.964440709884527436e+01
2.002496217142554968e+01
1.634016084180327155e+01
1.864528348845072969e+01
2.008289157754187926e+01
1.746799576613263127e+01
1.722196762815329762e+01
1.628702448108040812e+01
1.919429830880989840e+01
1.555037944449468412e+01
1.981489991279164542e+01
1.646534633648066759e+01
1.982926424443504843e+01
1.693253392674870739e+01
1.885074056447303903e+01
1.854823903011211073e+01
1.588220719354260524e+01
1.872904339740985691e+01
2.114328540689682612e+01
1.940973829637968961e+01
1.568436862879375226e+01
1.594436640008252404e+01
1.763183161854567516e+01
1.865047059772194871e+01
1.690584821977413199e+01
1.978634868583463557e+01
2.000891463785214341e+01
1.700029418102406709e+01
1.607486249475575235e+01
1.766894175503680131e+01
1.869339210057245637e+01
2.123897023160927944e+01
1.703520840028941308e+01
1.979364281520338764e+01
1.512828268203633009e+01
1.752164783526433212e+01
1.799780164877303790e+01
1.925378528404546330e+01
1.911331756626922029e+01
1.589337813681569855e+01
1.640781018373161260e+01
1.886768250195453334e+01
1.645862569865383307e+01
1.771934290310801785e+01
1.761702355621923033e+01
1.621840529006253817e+01
1.746697911160730854e+01
1.767956605462055819e+01
1.990957980012009898e+01
1.845880753750378744e+01
1.526102695567340461e+01
1.767454919034268457e+01
1.581588061194638328e+01
1.593285430369630085e+01
1.842051557422539076e+01
1.825462709166766473e+01
2.013405127605308920e+01
1.691475404987180298e+01
1.782270552123848972e+01
1.614820628404096681e+01
1.790569888190025694e+01
1.617318503490616521e+01
1.496864687436182528e+01
1.565215684483458070e+01
1.431195324341224584e+01
1.524863443955034015e+01
1.702694546867910930e+01
1.309724427966388483e+01
1.561218757997447781e+01
1.566259287918353316e+01
1.699485452967904209e+01
1.810246014117607061e+01
1.640441024257644642e+01
1.830868016691363209e+01
1.927920121509986018e+01
1.475355748945047019e+01
1.726230683686910083e+01
1.777005856463575384e+01
1.807521849742116515e+01
1.923782143506257114e+01
1.888052430788136959e+01
1.781705624522526676e+01
1.406953495413838695e+01
1.739023121505032066e+01
2.050884036912593800e+01
1.923387223609055141e+01
2.198621578928895204e+01
1.991679520379720003e+01
1.957697029176508252e+01
1.919276588415693752e+01
2.027336135112697946e+01
1.952671628234374879e+01
1.610785440843466532e+01
1.514607911906660398e+01
1.758930784319045060e+01
1.957229873208127557e+01
1.455865441371559932e+01
1.737458355445990676e+01
1.835562167296965796e+01
1.810328493251117621e+01
1.931979046599134620e+01
1.975112814997434896e+01
1.849337296509198580e+01
1.998038936823027711e+01
2.000964927126848281e+01
2.238339860697841388e+01
2.054230823972410391e+01
1.779205895939374926e+01
1.920249928287425689e+01
1.689311207647800828e+01
1.895534332499266128e+01
1.907697273430447282e+01
2.007055667231032459e+01
1.683284312056342458e+01
1.795195643725329049e+01
1.864448465569482494e+01
2.064804794887519179e+01
1.850508161099128657e+01
1.865670711026117701e+01
2.017772976107379890e+01
1.661290568778208510e+01
1.984372162142846818e+01
1.978635795133719810e+01
1.808373994167182630e+01
1.963216760698438534e+01
2.258859806890731292e+01
1.874868480830246753e+01
2.013743959527698024e+01
1.889129974982785498e+01
2.067636686233031895e+01
2.254425658090706008e+01
1.795537263793089622e+01
1.781590731724044119e+01
1.873811651791712052e+01
1.913209229798444966e+01
1.722074007426358477e+01
1.758858220614308721e+01
2.103475590197606593e+01
1.845531097754227545e+01
1.779474086597760163e+01
1.882897230753862772e+01
1.637799669524459034e+01
1.469738785943125947e+01
1.764260163169633344e+01
1.604586975908828705e+01
1.489241647280742953e+01
1.762365934075798535e+01
1.743263829625666972e+01
1.602743751393166960e+01
1.977835208170547787e+01
1.975754188109650755e+01
1.795920084680776085e+01
2.061275012851738353e+01
1.918816710827243455e+01
1.887999160136766719e+01
2.185265245300106685e+01
1.875853575285961838e+01
1.841423772898241751e+01
1.933906040191117626e+01
1.938641724192832072e+01
2.078317613942236264e+01
2.066596153566651495e+01
2.031288016484016268e+01
2.018765151881214592e+01
1.928288746295917022e+01
1.873168223411277111e+01
1.870457143062930783e+01
1.922433070650983211e+01
1.688878733111171115e+01
1.904005493595980170e+01
1.694382414212714139e+01
2.006969342932178080e+01
2.286971692937834888e+01
1.873686011914840321e+01
1.884648799412731890e+01
2.044322336249721062e+01
1.917923342351047822e+01
2.292855667007638942e+01
2.191383131148914387e+01
2.072288616968237918e+01
2.003067506445028556e+01
1.896909247306943413e+01
2.148476459679659101e+01
1.987223309229472079e+01
1.957563974255579353e+01
1.947720509980765158e+01
2.108040078464622269e+01
2.064423638712516507e+01
1.914241769456724285e+01
1.758312682921098258e+01
1.882631678944112963e+01
1.865411632279965559e+01
1.888293075980654123e+01
1.788470898518077234e+01
2.114560317013232904e+01
1.913135806347018786e+01
2.007613053236046241e+01
1.795660183264235599e+01
1.861045837895844812e+01
1.838733824116524573e+01
1.953796005255603774e+01
2.076887005807137854e+01
1.873925790697438387e+01
1.852994955548361133e+01
1.763916206901345518e+01
2.206922268248463936e+01
2.023847701656926290e+01
2.050586282857416620e+01
1.940909240762913512e+01
1.816997738743852864e+01
1.918614064271663011e+01
2.007501719361806281e+01
2.017268792870951444e+01
1.981434127421164249e+01
2.129152335035848154e+01
2.077083479711043168e+01
1.887106579148129626e+01
2.192603740712165816e+01
2.056021231133624738e+01
2.081619058660231758e+01
2.021874126270206062e+01
1.979404189013362725e+01
2.081844676520262993e+01
2.094260527536167160e+01
1.900461472561528353e+01
2.089849880564194606e+01
1.930571632011959338e+01
1.816817707879824084e+01
2.049030483333052288e+01
2.100530315007614490e+01
1.887510267211009918e+01
2.040211754791976162e+01
1.841859328824060071e+01
1.817034134126489775e+01
2.060068879549994492e+01
1.966292899410024830e+01
2.120546688674768632e+01
2.222718552312938201e+01
1.936724136451308098e+01
1.969758833367700745e+01
1.868246449714368396e+01
1.936920310916389454e+01
2.026308602979166551e+01
1.998386415809280692e+01
1.849788745731394357e+01
1.791993903175472624e+01
1.960975930595931516e+01
1.935539931185160256e+01
1.928760704089029687e+01
1.896330513242362414e+01
2.016278565803289879e+01
1.962973919439282611e+01
1.927095419449510771e+01
1.784808054303444180e+01
1.950937013185331992e+01
1.764359913007993086e+01
1.956651747229981453e+01
1.955478986774501848e+01
1.826406822360740989e+01
1.872602617944553316e+01
1.766447800733705975e+01
1.928313538800550120e+01
2.023040207767251886e+01
1.912318881858521635e+01
1.769102287573271326e+01
2.400828701507017016e+01
2.140666715338208803e+01
1.935845344815611213e+01
2.082869572023681926e+01
2.085251176963997821e+01
1.985005278561849451e+01
1.973351667631584760e+01
1.988254950604560989e+01
1.775149510018906085e+01
2.020717248013499656e+01
1.934594128624374676e+01
1.826086860076579299e+01
1.816946835147699346e+01
1.929283979095696466e+01
2.094623847735362077e+01
1.742548933063754646e+01
1.962843416454567702e+01
1.916460353646434811e+01
2.094213016946721950e+01
2.038858062217125422e+01
2.153141694059346634e+01
2.182064134549926493e+01
1.909315707559762032e+01
2.096740019148747791e+01
1.919538126988114612e+01
1.889501124093249729e+01
2.016139994198185192e+01
1.912966694847583682e+01
1.956613393889491803e+01
1.975237651384547277e+01
1.935270213683655882e+01
1.908239529124752920e+01
1.963237764515782402e+01
1.935210725123624087e+01
1.955015865803192554e+01
2.035698476494718534e+01
1.805308791132938850e+01
1.972875839489394778e+01
1.991622883557299417e+01
1.856086055820277991e+01
2.003398090449204361e+01
1.976473006407627153e+01
2.172375292830345828e+01
2.070391040305277741e+01
1.800483022080963380e+01
1.945339247218978329e+01
1.956741597937821808e+01
1.931259631081207573e+01
1.895036650776142650e+01
2.035485779902777992e+01
2.050545657815241896e+01
1.897022952564926968e+01
1.977484212526016094e+01
2.110806458381333783e+01
1.875460059280432645e+01
2.044063720744253132e+01
1.953566307708006278e+01
2.001917485590446688e+01
1.815390084511773594e+01
1.827283140098851533e+01
1.743085478712153247e+01
1.928827151257591410e+01
1.976074016244083253e+01
1.865221853843219080e+01
2.039895906245611812e+01
2.012783473345212570e+01
2.061732724247945470e+01
1.991475915711694000e+01
1.971680999860749495e+01
1.966414135281138087e+01
2.275870296539332216e+01
2.193456848164379025e+01
1.919146040397878039e+01
2.098270688340267043e+01
1.986039723335370510e+01
1.861540230633443471e+01
1.971303018106394944e+01
2.183358256397400865e+01
1.965106788681407934e+01
2.171150904616010635e+01
1.828235325264215660e+01
1.944023991992076716e+01
2.119141429006130295e+01
2.023361466711871870e+01
2.078723955252002398e+01
1.921438965134480625e+01
1.961251068214992443e+01
1.942232733164436809e+01
1.990727163566736024e+01
2.183921572483979645e+01
2.101468704458013903e+01
2.013560869779179896e+01
1.886874671825692218e+01
2.074515679532036927e+01
2.109862030373891884e+01
2.001019356013588535e+01
2.073305399649757419e+01
2.187949678397711040e+01
2.067013886183156046e+01
2.183771411670010920e+01
1.965738450240735702e+01
2.082819054137721437e+01
2.145495151089496488e+01
1.879496080292559412e+01
1.893363094554822368e+01
2.013199804136184667e+01
2.079490029970722986e+01
1.944562476417367236e+01
2.011401044470497013e+01
2.141785889327015369e+01
1.766822198264771160e+01
2.049771993068581821e+01
2.148365593785753092e+01
2.033897490907108718e+01
1.881066883712176363e+01
2.077637616512524943e+01
2.147895623639308482e+01
2.101313061573991448e+01
2.005422581210500610e+01
1.981384060241835599e+01
1.942473340415558170e+01
1.916472717956126104e+01
2.279676436484098900e+01
2.247638849554265050e+01
1.858031582845593022e+01
1.944039805410326238e+01
1.965302729556389494e+01
2.197201255416537435e+01
2.132616435001499156e+01
1.901027386815960440e+01
2.011063416837977158e+01
2.006681091576569642e+01
1.952337515201328344e+01
1.909925907970696812e+01
1.913277024744570909e+01
1.854850992231003559e+01
1.678549861600778215e+01
1.758564951926481967e+01
2.131438980052841359e+01
1.925785693978365032e+01
1.923009403295585784e+01
1.971083057641306979e+01
2.145866222564115589e+01
1.890613733090500759e+01
1.768735911652572668e+01
1.899979159903835679e+01
1.839894718456359612e+01
1.941159542740158983e+01
1.869474192596701201e+01
1.937495340503591024e+01
1.892070424584990107e+01
2.092742555755775058e+01
2.166808012959678109e+01
1.900786647987210287e+01
1.695242652775334236e+01
2.254424130343784327e+01
2.216710349230383770e+01
1.992957633271473128e+01
1.873747903995965203e+01
1.944470477128047037e+01
1.856802008815698812e+01
1.932575166885293427e+01
1.954437939674278368e+01
2.021066970473246371e+01
2.121033195725194176e+01
1.879392179080993941e+01
1.907241119181676936e+01
2.001057575575789116e+01
2.020839127964000426e+01
2.070290829820378065e+01
1.872528976752677821e+01
1.865145329913197259e+01
1.958442408814875080e+01
1.893938887867944132e+01
1.961813880842902336e+01
2.075298732532417745e+01
2.233794801521867868e+01
2.194351309771350955e+01
1.988341485394946773e+01
1.994567339526654948e+01
1.968321459160948805e+01
1.860622901987491673e+01
1.959978266918256296e+01
1.901944754308164320e+01
2.038589225114396442e+01
2.041712600855439774e+01
2.249174621876049329e+01
1.921841916482525292e+01
2.063675867367878780e+01
1.958880136569739960e+01
1.995073776305894597e+01
1.961105839845640375e+01
1.901457680974007047e+01
2.038131138724727620e+01
1.975715335366245640e+01
2.039253819924541489e+01
1.839677398508769812e+01
2.001621176190858264e+01
2.102174411596671177e+01
2.026014092910951092e+01
2.085478297933669367e+01
2.090259104296695725e+01
2.168408865732807911e+01
2.088008114128657411e+01
2.063927328302829522e+01
2.052128250036418677e+01
2.047293178129499580e+01
2.033694852402008379e+01
2.171040828948036605e+01
2.066184202535482939e+01
1.996659121573027207e+01
2.247435199992247234e+01
1.992706765775698230e+01
1.987956386189441105e+01
1.977779541176832723e+01
1.903167245971223664e+01
2.242812421650798882e+01
2.118043535426054191e+01
2.099964735338136634e+01
2.036479079556976401e+01
1.870825756741346524e+01
1.871167186976343899e+01
1.833021579311346017e+01
2.011941215100996416e+01
1.955531577274732058e+01
2.109069995916478035e+01
2.075315248612469432e+01
2.079486036812237160e+01
2.027434289538533463e+01
2.118197338984465006e+01
1.963797695694055534e+01
2.016925091144281978e+01
1.904069605856387071e+01
1.977992768751300190e+01
2.006681224510396788e+01
2.059002463191045607e+01
2.171416510805817168e+01
2.037260914753975172e+01
2.140628507440610662e+01
2.202810473834810168e+01
2.218083771918071889e+01
2.277533286746828978e+01
2.040970517425800423e+01
2.092529662420657388e+01
2.271321081497546501e+01
2.118051629256129686e+01
2.064037923506827710e+01
2.145362581901276400e+01
2.070137156033680625e+01
2.128001417379809723e+01
2.104215162322768862e+01
1.994868402407777097e+01
2.170912375178921394e+01
2.151464333637926529e+01
2.076478394285931728e+01
2.013204482104543303e+01
2.198532769705037282e+01
2.172800415240897820e+01
2.278101144350464935e+01
2.268715093336588851e+01
2.347233375838389335e+01
2.161046804441922831e+01
2.102369891063238683e+01
2.138207877314088634e+01
2.118375742437329023e+01
2.063207636208670337e+01
1.884806226387042472e+01
2.152534280723967441e+01
1.862439166121191292e+01
2.272802364746695503e+01
2.083505878083315110e+01
2.074834163698371015e+01
2.129267763566619820e+01
1.908405368388066847e+01
2.201463782946693115e+01
2.140239822798483615e+01
2.029399832858274522e+01
2.166735627742856352e+01
2.154728359151462058e+01
2.319404398736163131e+01
2.070236691883460978e+01
2.034325337310083270e+01
2.043956621722445632e+01
2.074067665535648430e+01
2.025878709031667668e+01
1.870267280229651874e+01
1.929808602483906554e+01
1.917585764939305903e+01
2.249243796863965272e+01
2.076478292275819015e+01
2.199874406058109244e+01
2.025472177005580221e+01
2.042853377539358917e+01
2.184990970264060195e+01
2.159393476674130241e+01
2.285836026549526778e+01
2.164926467471877558e+01
2.122249561668103368e+01
2.068628337253335658e+01
2.040736629204972274e+01
2.102845668888709696e+01
2.169869714658959481e+01
2.033383898090073316e+01
2.003432770803468443e+01
2.094570364915775684e+01
2.086339129126351821e+01
2.204020286283260077e+01
2.385237158224551735e+01
2.069748078214139042e+01
2.265078525239339058e+01
2.105446993293893598e+01
1.894876717748340411e+01
1.985817355846170074e+01
2.166902127428561187e+01
2.274363175716138841e+01
2.236393434907186517e+01
2.104095965573432281e+01
2.154039286260008268e+01
2.192062933819928006e+01
2.080515309330055729e+01
2.305884189733912137e+01
2.096235918080498806e+01
2.303600646342554015e+01
2.196977173399426420e+01
2.005553939493420756e+01
2.202703261132850798e+01
2.163377833396835115e+01
2.114014709115408763e+01
1.935460084770341993e+01
2.103414480864628544e+01
2.209073873283408318e+01
2.078605356864893139e+01
2.056165870269731855e+01
2.032400394325717841e+01
2.138209496865035675e+01
1.968072628333301566e+01
1.933974135689220120e+01
2.209342425552313216e+01
1.821014897028691948e+01
2.319119375711836284e+01
1.953375210962488140e+01
1.963285970247758172e+01
2.047841835406956790e+01
1.956659097910181089e+01
1.962601077263762051e+01
1.945908580573722801e+01
1.991608205780375229e+01
2.128430557794733957e+01
2.045576849647209272e+01
2.117620908020279913e+01
2.215621052686857340e+01
2.293436746039357033e+01
2.046347456367947970e+01
2.118690126110531224e+01
2.255365432185497809e+01
2.305425170014445158e+01
2.035519084722931993e+01
2.058401139541465952e+01
1.988043174270930891e+01
1.897889101308282278e+01
2.107124664606056541e+01
1.851862739431367189e+01
1.705816697361528966e+01
1.658769670948939279e+01
1.611227738404892307e+01
1.717137253025057220e+01
1.693813151222398616e+01
1.557485922893609498e+01
1.733199256876504890e+01
1.768251763534423660e+01
1.738202613072721547e+01
1.977584734753563112e+01
1.843528103827024367e+01
1.765329855611808085e+01
1.965379301793764455e+01
2.069976288456217617e+01
1.999479643994966338e+01
1.890096321949036096e+01
2.174806439031206651e+01
2.017104574215954216e+01
2.060369819774136246e+01
2.157805064748591661e+01
2.094479605079132156e+01
1.977747361543892879e+01
2.111887079545198986e+01
2.080119896237362909e+01
2.213500546465485996e+01
2.166613889421259032e+01
2.148076001671380553e+01
2.113272282693430526e+01
2.159517359302627426e+01
2.172468590006484490e+01
2.076991627116127859e+01
2.112310713337628343e+01
1.977870797352143839e+01
2.036001971672907374e+01
2.087959218877119483e+01
2.187368348793944151e+01
2.136481197692745582e+01
2.249726367730645293e+01
1.970180764407018614e+01
2.154581337498913740e+01
2.230355343505197041e+01
2.267098433501063681e+01
2.046296931388543783e+01
2.096285037357812442e+01
2.226363645987202489e+01
2.056082563794829099e+01
2.214389894589387708e+01
2.070261348398224754e+01
2.058031747141664169e+01
2.029294804729360990e+01
1.978166192167782711e+01
2.122817292264609179e+01
2.108060074517189264e+01
2.106528235754396761e+01
2.179921492694911578e+01
2.178467513775838782e+01
2.101977360905603476e+01
2.158852535422802532e+01
2.177200331665432387e+01
2.167579627246887597e+01
2.141380594254277270e+01
2.076588575900038336e+01
2.119403948816819749e+01
2.131606546128275426e+01
1.987002560255542249e+01
1.921152839568538440e+01
2.074946810797942831e+01
2.076084999537487619e+01
2.026037568385301313e+01
1.924321832193715665e+01
2.122968359769878788e+01
2.201036463689175449e+01
2.095400524183339996e+01
1.993439928805979733e+01
2.048130998353873267e+01
2.020692499051165925e+01
2.162964416541128188e+01
2.196360335141111619e+01
2.010877239178456932e+01
1.917366350642792838e+01
2.085481499325912935e+01
2.058691392818581534e+01
2.158781884328529088e+01
1.989228349989314992e+01
1.947599148222047205e+01
2.120329825952998348e+01
2.001361788422408239e+01
2.047763650429141435e+01
2.110452312239709372e+01
1.997704093910244083e+01
2.135524562810638116e+01
2.089443950767177327e+01
2.007212853609700787e+01
1.959438132499950314e+01
2.062368906053311335e+01
2.197995570997640513e+01
2.233133710885160994e+01
2.071059162055876968e+01
1.990966816859561916e+01
1.995098579431266117e+01
2.017213685344222540e+01
2.068860496700372309e+01
2.021030054958484357e+01
2.012925597383216569e+01
2.201386573175181738e+01
2.088282860014037823e+01
2.166431239540938591e+01
2.069454341099370254e+01
2.131380190899588456e+01
2.240124491800099804e+01
2.037469516366224909e+01
2.061282419846849479e+01
2.063588178362677894e+01
2.280801591238871850e+01
2.113555804210840350e+01
2.079914073790263984e+01
2.126925610995412441e+01
2.146964312238801043e+01
2.237235848330473686e+01
2.189730800331611249e+01
2.233164190798096271e+01
2.253331136522555411e+01
2.102279845393612945e+01
2.235623144487778191e+01
2.015460770275186064e+01
2.016360709943777252e+01
2.163002930423395043e+01
2.116745347327771043e+01
2.174679632005614849e+01
2.112524180088892578e+01
2.160463415625219596e+01
2.012151685449020988e+01
2.076481306868737775e+01
2.424568718505640419e+01
2.235095932207009994e+01
2.149662177446810318e+01
2.187422329089829276e+01
2.256373875856737854e+01
2.036537876666727698e+01
2.268773593705452996e+01
2.139102050663883858e+01
2.237944388529251682e+01
2.022186385552473098e+01
2.168416410294698693e+01
1.971715462940219510e+01
1.967040995212896348e+01
2.326589746425196381e+01
1.974479871347415738e+01
2.330828220329887657e+01
2.154313317381339132e+01
2.083133212594179184e+01
2.249398249961915042e+01
2.127547268553459148e+01
2.009649178432961847e+01
2.043495426854115848e+01
2.209598902527392994e+01
2.186340604234022678e+01
2.060757979300286280e+01
2.184705263567515487e+01
2.110525355752886156e+01
1.981179057526231446e+01
2.162552368112962142e+01
2.289595128051288242e+01
2.169431507759050248e+01
2.078373990915090630e+01
2.177825239776974087e+01
2.231722384134777215e+01
2.018382298781035189e+01
2.062033155678568974e+01
2.018012208537510688e+01
2.099773907351899993e+01
2.025495885620987124e+01
2.095628160274021923e+01
2.307071423362128115e+01
2.132886587284350810e+01
2.061024739088629687e+01
2.155676717415227372e+01
1.915365161221827961e+01
2.147733247347590435e+01
2.168419708358765163e+01
2.137894582719160397e+01
2.075229130018383117e+01
2.287208122814038802e+01
2.029584033701923929e+01
2.084292097361985796e+01
2.105774943290723300e+01
2.059181277706857927e+01
2.180547955958946105e+01
2.172995114307412479e+01
2.062070806623191643e+01
2.084055299095522074e+01
2.139420159297578294e+01
2.223346614934510157e+01
2.013745027652165120e+01
1.861733395284276327e+01
2.062954991146335360e+01
2.154552867656526516e+01
2.094252884341265997e+01
2.000332723677531632e+01
2.256953846468276836e+01
1.669076358310678998e+01
1.800601614718478771e+01
1.846678210481419313e+01
2.116406151506603450e+01
1.979198432673408092e+01
2.077616139609754953e+01
2.003419095311049603e+01
1.939726459791369706e+01
2.042171515026522499e+01
2.030791453557243287e+01
2.227275021922095988e+01
1.882841001290667649e+01
2.112011392834279633e+01
2.127180471426281017e+01
1.971219576054939537e+01
2.168023498011946515e+01
2.134553064206986406e+01
1.956789741974101915e+01
1.933835287436738781e+01
2.143752450129555953e+01
2.181711879745375882e+01
1.990906439870403588e+01
2.146084496312697709e+01
1.889870812107630726e+01
1.959541475067228333e+01
2.217578783570066747e+01
2.114457285445990209e+01
2.108705403023596858e+01
2.182822685819661146e+01
1.961641607323474545e+01
1.877569789400661904e+01
2.133754750802983224e+01
2.105022826018678117e+01
2.184341139760977768e+01
2.088560619735502044e+01
1.715453629438754035e+01
1.987209626138947627e+01
2.047951015014350418e+01
1.895010207264466118e+01
2.071106142204945399e+01
2.121889199461488928e+01
1.994536882385923704e+01
2.071729626708026473e+01
1.938805531335005483e+01
1.925389177559519638e+01
1.933170344060313539e+01
1.895920739473113770e+01
1.990312656872516683e+01
1.992026064799539142e+01
1.803434246533328178e+01
1.987728079384607938e+01
2.104276149506038962e+01
1.997003378707154653e+01
2.033020313932020784e+01
1.862694919745670319e+01
1.769023929160316655e+01
1.938635307836698374e+01
1.963777839877682041e+01
2.095073741006519796e+01
2.031575923222857227e+01
2.025720946789040156e+01
1.956744512090076782e+01
1.916690989018672653e+01
1.826125600045370234e+01
1.901863839213953256e+01
2.061742065455546680e+01
2.096360029466485742e+01
1.956735585199888305e+01
2.041493621040141093e+01
1.972666419227824974e+01
2.166796728912794379e+01
2.081447028050439840e+01
2.055334977138443620e+01
2.117806860628336096e+01
2.173854154425346508e+01
2.253371237901799873e+01
2.122057424682784443e+01
2.001043955680767183e+01
2.072272571454119117e+01
1.953469556276207797e+01
1.997064488734455523e+01
2.247076341968061186e+01
1.952275825418021071e+01
2.039899097684352824e+01
1.927446169898495043e+01
2.128038127053448036e+01
2.115958425510119412e+01
2.103933516124482139e+01
2.130643823861875319e+01
1.946593852173371531e+01
2.302635117027338296e+01
2.280138369522464714e+01
2.280017547301870806e+01
2.205889966186713025e+01
2.313250726507594734e+01
2.406130539985396766e+01
2.290296551747726284e+01
2.122691425154647860e+01
2.314596835753161841e+01
2.165701354527773503e+01
2.051022315892683423e+01
1.919206522219832323e+01
2.128041805334327918e+01
2.105003300219990692e+01
2.152173933337774159e+01
2.137978001134867156e+01
2.014639004700993397e+01
2.021216526874167130e+01
1.839329378503553158e+01
2.100250993074308070e+01
2.018106361460385401e+01
2.081193913224113246e+01
2.142944701171884603e+01
2.158031722351222115e+01
2.037396342982437147e+01
2.033584943010938417e+01
2.040815631444226952e+01
2.102979223040332712e+01
2.155559429182819997e+01
2.090803032521916549e+01
1.983417514281875782e+01
2.068459608244415193e+01
2.043096774542754446e+01
2.055415422978324713e+01
2.049289025901161310e+01
1.978998991201627433e+01
2.042786092818477428e+01
2.051306117833675202e+01
1.914397440591137922e+01
2.005240235884226863e+01
2.068364609757834671e+01
1.963405961927643517e+01
2.040557284902022772e+01
2.105922024570044115e+01
1.983618886814182503e+01
2.147352570909140823e+01
2.081244535112655925e+01
2.200817803313227827e+01
2.007404523484847658e+01
2.060251347083995199e+01
2.096762020910453472e+01
2.085015815733571287e+01
2.067024952015597350e+01
2.216191988646262345e+01
2.132493617434910149e+01
2.291771304498021777e+01
2.255744070559989822e+01
2.206865259138510993e+01
2.087028758450810528e+01
2.115709310619963901e+01
1.963908188371234331e+01
2.127678983758388043e+01
2.014707638427334047e+01
2.053995771014380622e+01
1.888096084657480844e+01
2.089864192400812115e+01
2.013036374405588091e+01
2.144519268924369371e+01
2.171106867436579435e+01
2.275973517201093443e+01
2.168862453221232300e+01
2.086326507270405983e+01
2.010000516844786489e+01
2.123244686057345376e+01
2.121607798815857393e+01
2.049904981229750334e+01
2.026985517901856682e+01
2.003679325108465292e+01
2.041271126007813308e+01
1.842978566646969441e+01
2.062307932862394821e+01
2.132723985150182244e+01
2.245633584077230793e+01
2.042380615132774224e+01
2.238546756507033919e+01
2.038891480254875788e+01
1.994920042704304564e+01
2.224906516610059981e+01
2.074527529332116060e+01
2.169815474106503217e+01
2.069936035956805753e+01
2.284472108900599352e+01
2.251078305107959920e+01
2.230313300295673784e+01
2.159989145787485398e+01
2.032665449025720861e+01
2.191849521344359886e+01
2.194119041740157527e+01
2.150977476214461959e+01
2.176762925639972579e+01
2.338532832696024144e+01
2.328347045672191840e+01
2.129890950009430028e+01
2.127442889858806296e+01
2.143578537240030712e+01
2.086464819979901009e+01
2.249895951644812797e+01
2.363523248924245834e+01
2.006881531225394610e+01
2.055566020165809249e+01
2.106477095081231354e+01
2.253089149460673468e+01
2.014438922813164723e+01
2.265544868438301052e+01
1.897500970315863000e+01
2.237133849845874067e+01
2.153142169071044876e+01
2.092061096601643300e+01
2.030222738838344654e+01
2.201383334366519406e+01
2.212245837652467273e+01
1.883125489547315823e+01
2.146304464098456677e+01
2.332323301963841899e+01
2.228021846018604535e+01
2.510714150049716054e+01
1.812148911781752503e+01
1.814500512155077416e+01
2.391247734245505896e+01
2.272534212760768213e+01
2.309637888202740186e+01
2.388248847469899161e+01
2.002931155271888031e+01
2.171381737121243205e+01
1.944184931765300206e+01
2.050406141321017373e+01
2.077674727303111624e+01
2.056252191236827542e+01
2.136841823730908985e+01
2.231036049429784995e+01
2.236210043674165604e+01
2.159469327059894539e+01
2.314344745129633196e+01
2.231282178404897465e+01
2.259577632156746319e+01
2.371552606005534258e+01
2.230801940307747699e+01
2.485118314339984735e+01
2.295862615282401009e+01
2.729707685661510652e+01
1.918622898254867692e+01
1.780787426091514192e+01
2.459378647867100653e+01
2.392208678604728789e+01
2.530862121050217439e+01
2.333443467942983318e+01
2.413773312440290653e+01
2.463565770600954963e+01
2.329547758098351196e+01
2.600043750903241602e+01
2.460002162595419506e+01
2.151029588890458299e+01
2.673514851832191042e+01
2.663096393162253861e+01
2.751910441596868040e+01
2.577113386739402046e+01
2.551952132933551809e+01
2.853185778342071544e+01
2.877032996190477476e+01
2.872275181711830072e+01
3.008140422033444850e+01
3.265609806713572993e+01
3.343268751575538289e+01
3.210578109331189012e+01
3.157729783997206141e+01
2.967679549254678051e+01
2.843947166735934218e+01
2.889307434014139275e+01
3.240311165526755843e+01
3.566664978531273533e+01
4.264335838808769097e+01
3.896761103563255091e+01
4.093764343301295838e+01
4.096066143255782066e+01
4.249642765122211330e+01
3.550526543868634377e+01
2.910609275253975525e+01
2.675955630079264580e+01
2.844178284263323420e+01
2.704036199216222514e+01
2.796592287861238191e+01
3.086953466026198356e+01
3.669031675909197077e+01
3.964224227951158497e+01
4.320202242944761650e+01
4.685871541673191842e+01
4.822005535241749641e+01
4.384838790375355444e+01
4.108354146448836275e+01
3.287171501584797539e+01
3.377230326278972683e+01
2.649620510503093485e+01
2.593993843459625026e+01
2.756005675102480978e+01
2.580855612806974264e+01
2.737296699290426361e+01
2.446518377809918476e+01
2.686009016990579923e+01
2.488360849133124475e+01
2.298246126935441680e+01
2.412684869068125693e+01
2.327880163904032074e+01
2.480794586500301691e+01
2.395785645722900981e+01
2.314811386139687599e+01
2.346678643276225529e+01
2.637175487134504692e+01
2.457298599857854882e+01
2.361881987243522829e+01
2.419101054070464230e+01
2.266306345894133045e+01
2.293890705407089925e+01
1.889279919799232488e+01
2.047374417615245790e+01
2.300783394343274679e+01
2.145086100438714638e+01
2.410932184198358996e+01
2.205657132789941954e+01
2.143140581153179980e+01
2.129637531554855912e+01
2.158353607862247614e+01
2.311752645019574715e+01
2.271295012456684148e+01
2.304348108049977029e+01
2.300315103333628386e+01
2.210742767814092247e+01
2.302864426835026279e+01
2.288874437810645901e+01
2.237157448159999618e+01
2.331676552603626007e+01
2.319791795281580704e+01
2.263471327587821946e+01
2.019890742368878733e+01
2.372851395422556919e+01
2.103978833113309932e+01
2.298871730606041197e+01
2.348511291651724875e+01
2.048813096946514989e+01
2.248656781762945300e+01
2.334412946889002782e+01
2.222865127769339466e+01
2.355253199662983121e+01
2.225717614305053971e+01
2.160375353253651554e+01
2.339385074435814005e+01
2.132520606668364849e+01
2.041768964317277124e+01
2.110618206275858455e+01
2.099182739848092538e+01
2.085329542020117088e+01
2.139641622924079201e+01
2.165895091141798190e+01
2.024659081576276520e+01
2.215154384959961575e+01
2.174365072977809632e+01
2.227142243666204280e+01
2.129704010905207312e+01
2.206527883869219409e+01
2.117896266222626167e+01
2.131863400987763413e+01
2.139387144963411203e+01
2.200898504339445338e+01
1.902745625697805920e+01
2.169816286607918343e+01
2.181570319518596079e+01
2.265464044024747281e+01
2.224121916137794130e+01
2.174222983793146113e+01
2.343652438126371607e+01
2.442612503522861189e+01
2.703689216147551377e+01
2.697086396788698437e+01
2.883294942735689759e+01
2.715812172879040887e+01
2.801163251215207239e+01
2.630093139865043739e+01
2.483662837464525808e+01
2.174936124312380414e+01
2.627741620674145295e+01
2.368218513330585395e+01
2.631066772192203729e+01
2.690476707654994115e+01
2.602459491280737680e+01
2.466656783244485140e+01
2.520392624983725938e+01
2.355617795367120237e+01
2.148413475663520344e+01
2.136422797165906928e+01
2.241963090023381255e+01
2.347693380113277328e+01
2.003879647712564349e+01
1.983163266462554830e+01
2.145135657358908787e+01
2.194425811294168938e+01
1.965343075202805423e+01
1.967118884988624927e+01
2.047329385727969964e+01
2.175682014579383150e+01
2.160256751378751261e+01
2.097575341642048130e+01
2.087972468171333418e+01
2.168187950101960837e+01
1.887310557978782555e+01
2.097045355921535048e+01
2.334548259275244320e+01
2.155006944982094197e+01
1.970876729592340482e+01
1.980450721722225538e+01
2.310782756054398135e+01
2.407932728738034456e+01
2.051743827302372125e+01
1.978225915805188251e+01
2.306852444951885772e+01
1.774805888438055845e+01
2.277868491854965072e+01
2.330440203396478083e+01
2.040693601257034828e+01
2.163390611393927188e+01
2.086710899628998206e+01
1.864536039034735282e+01
2.098940960935638600e+01
2.417880197391741603e+01
2.181073238498536071e+01
1.846985018999675532e+01
2.455664077478710183e+01
2.258320576350557474e+01
2.092260692055263860e+01
1.931252634569142046e+01
2.074507493385529244e+01
2.307332308855428238e+01
2.218739551481801797e+01
2.029208766523899854e+01
2.181181070545799017e+01
2.305577021668836935e+01
1.971129058673968260e+01
2.207962344596982263e+01
1.985163904350055830e+01
2.041467926529918131e+01
2.204176895100053457e+01
2.078123934723728539e+01
2.178430715635763448e+01
2.084827119294517672e+01
2.147131035848379099e+01
1.986852619396915642e+01
1.992484714691712355e+01
2.055389986622872200e+01
2.124782222676365961e+01
2.280291102691751703e+01
2.040172061702828543e+01
2.055427558303517444e+01
2.040668054197869807e+01
1.962654815825863253e+01
1.832464713000804579e+01
2.000552494170438678e+01
2.114785048271533441e+01
2.338673302333463511e+01
2.063782362659672742e+01
2.196094360487866481e+01
2.089617743367677249e+01
2.230593084739005505e+01
2.039173683409187632e+01
2.027683558358307891e+01
2.167501806779067408e+01
2.049565116398531828e+01
1.998407611097719538e+01
2.104157451174889815e+01
2.020178355770817191e+01
2.080687731194118584e+01
2.427540801099902623e+01
1.989753859963100169e+01
1.967331747541962628e+01
1.950157936485102539e+01
1.959389703429376084e+01
2.096592318970055757e+01
2.212795639861682062e+01
2.142502696886975144e+01
2.058358651118329163e+01
2.244331173197661400e+01
2.179418014903312084e+01
2.202124842713379849e+01
2.222654050548157656e+01
2.028014012294393353e+01
2.204971754764137160e+01
2.130751683065960478e+01
2.113045122546980537e+01
2.097736590013304792e+01
2.036617471303879867e+01
2.199382737130029142e+01
2.115868275336806903e+01
1.957172469073175236e+01
2.370452748500262885e+01
2.522910580618010812e+01
1.952249263866362483e+01
2.307319016677835677e+01
2.140474065401669534e+01
2.133181690958276633e+01
1.995556055454618161e+01
2.364043824948162609e+01
2.110932202256306667e+01
2.075151231951672059e+01
2.086975378367598566e+01
2.170032911646253027e+01
2.160849840928415588e+01
2.207481782898342715e+01
2.205840707758386543e+01
2.026102236139838197e+01
2.277682573668017341e+01
2.147567345893632407e+01
2.076986090816317443e+01
2.126460140261328391e+01
2.107214305768974683e+01
2.175376339785990254e+01
2.122809059214074878e+01
2.138431637839549992e+01
2.400512065969186537e+01
2.149970807013419005e+01
2.303481226566707107e+01
1.918030838969589880e+01
2.241447549422082020e+01
2.084858962683822625e+01
2.177084138827078519e+01
1.938828280775736701e+01
2.168155378488156160e+01
1.911019319633016522e+01
2.104513366105202721e+01
1.944728548065024754e+01
2.108002282181882947e+01
2.175171933269195179e+01
2.176603957770196018e+01
2.408832054586228821e+01
2.313613691583181264e+01
1.933478940153880998e+01
2.219356598670152181e+01
2.212180860519475090e+01
2.068098946576359509e+01
2.311778528741236727e+01
2.055836025825462698e+01
2.234392660398760455e+01
2.096247597605331592e+01
1.886035561528605697e+01
2.319704440263329559e+01
2.023798326957943061e+01
2.077273027515349213e+01
2.062638418617296665e+01
2.198547265997624223e+01
2.060927975948062141e+01
2.145618160446712963e+01
2.177247662103439652e+01
2.036665162535014417e+01
2.007955529863966504e+01
2.455796445423796825e+01
2.260253245718050152e+01
1.970296770205295189e+01
2.107747430323620463e+01
2.228555532030038222e+01
2.261506618185240214e+01
2.260258400292602943e+01
2.241328109541944968e+01
2.099540642821053993e+01
2.115242141872087700e+01
2.122906025269450936e+01
2.109255306104813243e+01
2.038447183744233371e+01
1.899954408886431168e+01
2.096678763419683733e+01
2.084203243260487426e+01
2.087929592292606529e+01
2.384495548890183159e+01
1.929310879986356397e+01
2.147340309159743299e+01
2.087016908773370716e+01
2.067149150610479680e+01
2.039641574588365813e+01
1.977854120883825928e+01
2.077046822289348782e+01
2.219977346608242641e+01
2.249883175232045573e+01
2.112690007518887114e+01
2.201966727696755299e+01
2.019066415859347785e+01
2.834387346247274664e+01
1.894640730217221858e+01
1.872243150059372496e+01
2.138313176683340444e+01
1.952015532857025093e+01
2.284761208492004414e+01
2.103195514082722894e+01
1.991029555578133170e+01
2.168199374419245018e+01
1.920315341136325316e+01
2.314644177844575168e+01
1.984542952339332800e+01
2.023507170458849558e+01
2.017172068651481354e+01
2.171156881937595173e+01
2.065377998107382851e+01
1.973983405715027217e+01
2.187441005631170654e+01
2.048182362831667191e+01
2.063113819801370497e+01
1.979751546644928339e+01
1.852945632353948469e+01
2.030312689559865547e+01
2.126707920742680002e+01
2.045156403738172557e+01
1.828279844036005386e+01
2.151706842308999867e+01
1.881496142539896965e+01
2.634903495502720716e+01
1.499035274312285893e+01
1.936338526183774533e+01
1.918397130005617512e+01
2.013337382817025301e+01
2.103653095118898975e+01
1.938713853398401099e+01
2.067303698855610605e+01
2.093054017287085955e+01
2.085854895322633951e+01
1.863072225643632152e+01
2.189536484109719439e+01
1.971026906963716385e+01
2.143346925469135300e+01
2.136443488327425300e+01
2.377313082537134648e+01
2.524966756110788069e+01
1.367360375504836334e+01
2.232172798703946270e+01
2.010276925481339916e+01
1.891989737609231526e+01
1.954085616619622812e+01
1.897162195644343541e+01
1.836896785075176552e+01
1.710751079743526404e+01
2.060086609236273247e+01
1.956360243974858903e+01
2.199802683902248290e+01
1.955241903690945549e+01
2.163919723818634466e+01
2.158754503095868316e+01
1.931864429035879382e+01
1.921486014319300750e+01
1.948532729207085978e+01
1.539160550091634860e+01
1.736612797614410653e+01
1.805682916609014299e+01
1.802570631223612097e+01
2.044951781555565873e+01
2.016636752772713592e+01
2.120390835343181024e+01
2.010047479024943229e+01
1.991649419154064304e+01
1.945492170002392740e+01
1.901691514961693130e+01
2.036110183617774183e+01
2.029710783531802676e+01
2.210615975556446600e+01
1.658695319958770398e+01
1.898153886563315496e+01
2.204879720131688003e+01
2.099793238606082113e+01
2.122149807126461951e+01
2.013263416039371378e+01
1.891030795755806793e+01
1.916493561837574333e+01
2.123886655946443014e+01
1.932632301220227689e+01
1.870708161705518080e+01
1.966407275993005044e+01
1.903132936328881897e+01
2.068164062067512532e+01
2.268489119578975632e+01
2.119006672098205613e+01
2.114276152659381580e+01
1.980902221052152967e+01
1.891990777292236814e+01
1.805569044360977315e+01
1.944192163585985611e+01
1.864561644207970659e+01
2.102193843166777398e+01
1.954697680777013602e+01
1.863134114969296462e+01
1.745971115401019347e+01
1.946583766804756976e+01
2.114607402756697851e+01
2.003033133330722393e+01
2.054084235247135481e+01
1.949750750430334989e+01
2.016890096772955943e+01
1.911718763086899031e+01
1.998122805630566745e+01
1.902386281051744277e+01
1.890372001430242932e+01
2.106481036856102307e+01
2.081641419889551159e+01
2.054188166674587990e+01
1.863594843025204284e+01
2.203968741406309562e+01
2.306929145231253742e+01
2.046279791503945233e+01
1.914972340396843720e+01
1.800845381509969556e+01
1.984416076951361063e+01
1.883926994934925858e+01
2.083828098623938985e+01
1.829728879048142431e+01
1.879384535569912273e+01
1.922735240870233397e+01
1.824126514099078733e+01
1.895182677947011030e+01
1.796148063216864799e+01
2.078208290196245045e+01
2.014913812127662496e+01
1.992979315812153374e+01
2.082715819447462380e+01
1.899533240671375367e+01
2.191603309491683405e+01
1.920591306236936191e+01
2.283574847646594108e+01
2.181517979687468767e+01
2.125190721573378028e+01
2.361913930059998634e+01
2.200671836875794796e+01
2.139780774919830009e+01
2.185412899605966075e+01
2.187236422324669149e+01
2.031905059142878045e+01
1.899821891288830500e+01
1.993523178604855417e+01
1.905144218222850583e+01
2.276567217555334466e+01
2.217736256147264129e+01
2.426363973672158636e+01
2.413085300352391016e+01
2.199591637606153327e+01
2.384238882520876857e+01
2.172586993997808591e+01
2.186934688369472113e+01
2.094420780810520100e+01
1.946923559725762232e+01
2.198300442230972251e+01
2.157723950553235781e+01
2.217381172181794824e+01
2.235614408076590820e+01
2.130181402335627538e+01
2.222344273407546922e+01
2.178919310367057705e+01
2.038906891773673635e+01
1.952657641961977930e+01
2.159976253438729543e+01
2.088638531144466626e+01
1.974112390541747075e+01
2.235562804054001518e+01
2.054633911409315061e+01
2.041227593974226906e+01
2.092538540065881847e+01
2.264558911763046467e+01
2.063171981300552460e+01
2.313604029237446724e+01
2.249468379825468034e+01
2.335995327696486967e+01
2.491474033944452415e+01
2.043814039866579790e+01
2.141074105836585062e+01
2.118067298973237556e+01
2.078635117709513125e+01
2.271610137541723162e+01
2.044555424687553113e+01
2.193933220993670830e+01
2.038646536095811257e+01
2.189786580748522482e+01
2.332215716097974934e+01
1.994355993667846505e+01
2.024712269582423474e+01
2.168161194292462213e+01
2.080631934788040383e+01
1.871797312433132277e+01
2.056410001413344446e+01
2.219810038699865018e+01
2.415012636863128392e+01
2.383401540680625175e+01
2.349917430428810405e+01
2.390908308754478284e+01
2.206849035229614842e+01
1.867369152723024328e+01
1.969250694507509891e+01
1.885784494782155818e+01
2.231155476524437731e+01
1.180538035452714141e+01
2.320575555468582607e+01
2.269272577401378044e+01
1.991707877064252230e+01
2.241904957344375759e+01
2.031928562589586917e+01
2.447541758232930675e+01
1.747830449351714677e+01
2.412475759476012982e+01
2.008228161672988321e+01
2.160015566526147879e+01
2.078010149893314562e+01
2.202991520187132934e+01
2.076135997061960481e+01
2.269310751880474797e+01
2.086465619587047016e+01
2.015824603873571164e+01
2.185126430587971669e+01
2.278062059975653497e+01
2.031871260623824327e+01
2.077751107078412218e+01
2.277601789625677497e+01
1.811794402510065538e+01
2.717729022142805917e+01
2.490713469375902989e+01
1.796840960561134537e+01
2.670709983519088127e+01
1.983869640575936444e+01
2.796047217797006113e+01
1.293402648737167837e+01
2.443819595115337151e+01
2.389288585823423361e+01
2.234063969408560268e+01
2.090506413457188728e+01
1.606992445322847018e+01
2.486048396909829350e+01
2.019917739094736220e+01
2.188079067000791866e+01
2.068297458488329710e+01
2.270972853169175920e+01
2.092961220972843606e+01
2.164806451372544771e+01
2.115753752334108029e+01
1.890049147669356344e+01
1.957261776164228095e+01
2.057760547743989932e+01
2.204317502189564237e+01
1.981864542515610594e+01
2.281639322576755546e+01
2.093373399091216669e+01
2.264044639220565003e+01
1.940570065605897909e+01
2.556469885401710229e+01
8.991448590856554901e+00
2.652426014291864576e+01
2.309202667536388276e+01
1.982167564435766138e+01
2.073244553522621203e+01
2.133469401979554547e+01
1.832467712895655509e+01
2.376590684354698979e+01
1.542648483436422779e+01
2.661997056808340290e+01
2.308362557458901065e+01
2.307984482050164843e+01
1.979638000896343186e+01
1.983367653021953103e+01
2.143801744617637794e+01
2.767673759905493469e+01
1.307523629915247554e+01
2.333180768854737863e+01
2.241241776558881327e+01
2.143703919546025460e+01
2.107166598861669016e+01
2.126752360881718928e+01
2.198570459773490171e+01
2.183975999489796038e+01
2.142505439198446737e+01
1.888471591250231540e+01
2.633984730761881821e+01
1.753925785302176976e+01
1.957346206502493047e+01
2.386214074413418729e+01
2.211679944439243073e+01
2.168556228713913114e+01
2.029818979414326208e+01
2.456929253736605645e+01
9.053685863227116215e+00
2.374245121519042812e+01
2.373255790809858823e+01
2.191148685126018592e+01
2.153775930418732543e+01
2.073062920641193330e+01
2.188412548278596859e+01
2.157165019811282036e+01
2.491099571316404848e+01
2.169705410626729858e+01
2.229673298071016063e+01
2.101505130492755313e+01
2.259685863604135747e+01
2.188444586637165301e+01
2.012538253993835369e+01
1.981813624329707224e+01
2.124675521732299188e+01
2.212837433785901098e+01
1.879783392962944077e+01
1.846458331196067704e+01
1.846231608574434091e+01
2.069162481247580132e+01
2.324195268401803105e+01
2.212875580835857292e+01
2.201307150765933329e+01
2.187934895730813523e+01
2.249198805641814047e+01
2.044082072603618982e+01
2.070000138241977083e+01
2.386776149379574008e+01
2.270914068146910125e+01
2.225527312123317358e+01
2.013164366971473029e+01
2.330255639748498098e+01
2.017986849618602108e+01
2.020525993915031293e+01
2.189970179021398167e+01
2.252882858888499129e+01
1.776900067304920938e+01
2.062531192941422375e+01
2.062917734342872578e+01
2.007308906080222499e+01
2.157997247652373929e+01
2.421500160354544562e+01
2.086813565004305104e+01
2.108345589294288303e+01
2.082185882018985623e+01
2.118722339466713223e+01
2.054763059509213718e+01
1.980715721332313706e+01
2.086962178132226953e+01
1.971294762672632217e+01
2.152416627008828343e+01
2.365402165924943390e+01
1.981983153207537640e+01
2.149742603098503935e+01
2.094982542043848994e+01
2.018311077441261148e+01
2.128287358499764181e+01
2.127764218821511122e+01
2.036134030580397436e+01
2.087957367531919317e+01
1.964112363226726998e+01
1.975987875625637358e+01
2.058707350988600737e+01
2.305891819015262456e+01
2.131411785824621319e+01
1.804168205126245184e+01
2.226206508001736495e+01
1.894733164529107583e+01
1.816408296768059216e+01
2.106459403527294683e+01
1.880319521421177242e+01
2.085860161979322669e+01
1.790758457236684009e+01
1.867605077890171117e+01
1.942312490770783029e+01
2.140759439087560878e+01
1.836369705950921727e+01
2.015543295966969239e+01
1.924062469241811968e+01
1.847235165886633723e+01
1.729286789328622120e+01
2.117528464674995803e+01
1.998767127462454241e+01
1.683869094838626523e+01
1.773637037543142725e+01
2.087673766804341469e+01
2.068939861541023006e+01
1.872077227395570276e+01
1.805438115225279461e+01
2.369170160896995014e+01
1.896780019139149687e+01
1.909506018602070299e+01
1.362895001811459395e+01
2.312544220490019597e+01
1.979278650336867074e+01
1.667858546506391804e+01
2.297623320631404553e+01
1.725138671015562153e+01
2.654571252444641516e+01
1.708176567030126591e+01
2.316812485924544873e+01
1.761420023300259530e+01
1.759361100555624091e+01
2.028296365904927256e+01
2.211260202484237425e+01
2.218950799349156711e+01
2.242977569098071200e+01
1.733430932546724534e+01
2.241692339674927226e+01
2.252311768824681693e+01
1.926261088664813315e+01
2.128058946161469223e+01
1.991767576810590867e+01
1.913771904873457785e+01
1.871987517922552868e+01
2.168712250462256819e+01
2.068922014882146598e+01
1.819952290182133581e+01
2.155204947635342094e+01
2.042909796308240544e+01
2.050345411573067977e+01
1.827246989465268712e+01
1.952258316851259323e+01
2.213436829932998506e+01
1.875575993722414125e+01
1.903079625662483210e+01
2.238313149773942712e+01
2.018799102092470932e+01
2.092324280890449373e+01
2.263533672734313740e+01
2.083156143834344576e+01
2.106816860646320322e+01
2.024737534312177800e+01
1.960621175912038439e+01
2.000868714444989038e+01
1.743546456880247675e+01
1.905677784811236819e+01
2.229970132879533651e+01
2.060473405274703396e+01
2.388889178898406485e+01
1.952394179807229690e+01
1.881922963824147033e+01
2.160699301779597903e+01
1.825592419180315318e+01
1.998718877944541106e+01
2.285016420062859410e+01
2.413908932948215735e+01
1.759874002715892871e+01
2.069513719516277916e+01
2.674498178458800979e+01
2.298377402615768617e+01
1.549077774257160200e+01
1.981316203266585063e+01
1.971612186535316980e+01
1.928729800775852965e+01
2.734883484821529365e+01
9.833168850852418430e+00
2.377525173012912774e+01
2.229318726220595437e+01
2.036115136600242081e+01
2.036350126384598980e+01
2.425126842618622192e+01
2.074518308750926820e+01
2.422483945530700566e+01
2.182067749313199911e+01
1.988773247517514875e+01
2.159468313579137089e+01
1.902918853495739882e+01
2.135042171784780507e+01
1.825388951725501840e+01
2.110308457992669418e+01
2.147366562607799167e+01
1.979803497234805576e+01
1.935886883790360358e+01
1.930291768539488473e+01
2.251400936137217812e+01
1.913048391525948233e+01
2.238137010689469264e+01
1.729911854054108389e+01
2.739711257698755986e+01
1.078196399884625301e+01
2.665246989344445083e+01
1.992319717868463869e+01
2.688751230670112946e+01
1.263634652707022887e+01
2.038355951444539471e+01
2.015326839545881654e+01
1.975484243336516244e+01
2.052391361895533350e+01
1.963379607603735977e+01
2.225012388719418510e+01
1.769289641693503512e+01
1.986010487819457282e+01
1.915208169424091267e+01
2.095101878771802717e+01
2.305130627771394813e+01
2.283847489131814967e+01
2.265906149458276531e+01
1.760933110618467623e+01
2.028628520785753508e+01
1.739386503826040453e+01
2.079230297048759013e+01
1.997740317667823007e+01
1.947938178759131844e+01
2.059669486522857085e+01
2.065201211925630531e+01
2.285798917953249543e+01
2.673798713434295493e+01
1.659831202378141057e+01
7.823219982459965749e+00
2.059054398555459642e+01
1.935377526108815971e+01
2.211273155316620986e+01
2.058193391410951634e+01
2.185298191953652847e+01
1.895062864350516563e+01
1.699598300449009258e+01
2.243395254673110628e+01
1.753981509674312989e+01
2.019577267039244362e+01
1.985308887207565576e+01
1.650589506221397329e+01
2.320406161431672132e+01
1.355431545292060846e+01
3.215598988477529474e+01
3.861451453508088161e+00
1.742511299636403166e+01
2.083063377369551361e+01
1.920477490776499252e+01
2.006398025655526141e+01
1.939423918445421080e+01
1.820499658528083842e+01
2.248905128448825508e+01
1.933771025050497627e+01
1.821112985137029128e+01
2.423582670913074466e+01
1.246023221243523338e+01
1.760581497220832148e+01
1.891156488791614976e+01
1.937635857657728167e+01
2.127874646593358676e+01
1.736778932277319853e+01
2.307243495752341289e+01
1.264646076525074392e+01
2.654057703683928082e+01
2.085267410108350461e+01
2.000884294831921650e+01
1.849422464348037920e+01
2.101618046355163472e+01
1.842960047113326993e+01
2.010739616921423689e+01
1.717469804395979693e+01
1.886357877740441680e+01
1.739372145177117801e+01
2.251689744560488293e+01
2.043365717599751008e+01
1.658934728512260293e+01
2.513415607287543807e+01
1.046097174324039081e+01
2.614795710179543420e+01
1.962137660956361529e+01
2.252651010949699995e+01
1.852053282722143024e+01
2.649043444844801343e+01
1.425184383283808032e+00
1.936442161840096432e+01
2.187619317167485988e+01
2.351227468897243611e+01
1.725749723040052075e+01
2.216225055814502909e+01
1.725435714121434927e+01
2.054342800654028522e+01
2.284448720197345040e+01
1.847797611207422008e+01
2.195133971718501087e+01
1.869623666267643713e+01
2.390776238629959138e+01
2.362184071433764387e+01
2.260280300708532408e+01
2.384962422726797371e+01
1.904251899971609774e+01
2.537902273486331595e+01
2.914968088031936588e+01
2.068584637270594939e+01
2.176631004363174782e+01
2.059943315745137582e+01
2.009915685386419071e+01
1.904320965809213817e+01
2.073864303203853154e+01
2.093007401872328188e+01
2.082749226624545713e+01
2.437367470112104684e+01
2.433284186085319334e+01
1.917386883979972012e+01
1.722550416101387327e+01
2.205304484002687104e+01
2.034811562511161753e+01
2.181299627882636827e+01
2.191126355682888160e+01
2.317654579320397801e+01
2.001979547381575841e+01
1.874994089387271501e+01
1.761571610652484665e+01
2.190654690542410776e+01
2.105800232803118988e+01
2.331027378256328575e+01
1.973357579673697870e+01
2.193006292258332479e+01
2.180201571923739223e+01
2.313508875954351396e+01
1.477223084664973562e+01
2.053172705606657544e+01
1.906781239373631109e+01
2.213320614984937151e+01
2.057623453423892812e+01
2.009376182336881200e+01
2.331187049707892811e+01
2.043041702153240990e+01
2.203707719734092052e+01
2.005640190507084952e+01
1.693556125925297451e+01
2.039530978386643056e+01
2.172412660907138715e+01
2.124708464234519667e+01
2.265689182478644526e+01
1.829157754060540597e+01
1.840197510782309465e+01
2.132409235000640635e+01
2.353524202893296646e+01
1.954048421366776012e+01
2.085763005589683416e+01
2.241378193872271396e+01
1.938282804152628813e+01
1.968112979966598530e+01
1.883167797071686067e+01
1.872882020988544127e+01
1.655522063685749146e+01
2.153679801901128599e+01
1.884435568476447997e+01
1.840650923502505520e+01
3.078816198183320196e+01
2.488571257278606552e+01
1.513760950963933816e+01
9.053827722405578982e+00
2.017709489950838986e+01
2.630469768144578069e+01
2.074594148894706080e+01
1.378037464321185368e+01
2.128967015615918612e+01
2.718689696603880890e+01
2.249108472587659335e+01
2.259508107751319272e+01
2.279219240184293227e+01
1.858420479954853377e+01
2.165446305913816261e+01
2.202182546392675633e+01
