1.675228634220712109e+01
1.571240411682627780e+01
3.017946691762417810e+00
1.146394918900152327e+01
1.352314750406060462e+01
1.387929188407787784e+01
1.728045240703520236e+01
9.432575341248409018e+00
7.912500260963414078e+00
1.134434436854713724e+01
1.467586374534713656e+01
1.478799637658540611e+01
8.168364248382724568e+00
1.438801585534132066e+01
1.419470478996587737e+01
8.929870497103312488e+00
5.479569598901118610e+00
1.009075670733072627e+01
1.267947936343194293e+01
9.983849006731217557e+00
1.102964010683650109e+01
1.120271335229499954e+01
1.066809942404456457e+01
1.799710620121755866e+01
9.412618238304524709e+00
8.768673892113804769e+00
1.343898611379576025e+01
7.602387735468285612e+00
8.407583878778300601e+00
1.349313280362153478e+01
1.865488123513836882e+01
1.506613376257631742e+01
1.361705359519710790e+01
9.796837943101365909e+00
1.159131958840162824e+01
8.299616405378818840e+00
1.217427939162530670e+01
1.124317294021786928e+01
1.283992342234458128e+01
1.124522981734468452e+01
8.961307482658297019e+00
1.155814049217820028e+01
6.996282102249690382e+00
1.193972251811019625e+01
6.932973145860240827e+00
1.126913810226990620e+01
1.064916850919313518e+01
1.431063604851749638e+01
1.393467412148398310e+01
1.726188105106756154e+01
8.981119145028348072e+00
1.499129147974250031e+01
1.473036534219213500e+01
1.076365745651144046e+01
1.574238979597509314e+01
1.100890488152056967e+01
8.109439407045067938e+00
7.827217402539432101e+00
1.621764798257312279e+01
1.450225666530952928e+01
1.092410590062777409e+01
9.387621134309124926e+00
1.137571542033587590e+01
1.081845992560960212e+01
9.454981164887524159e+00
1.196019422904139695e+01
1.435763003960199846e+01
1.112519711812742074e+01
1.284373534038527254e+01
1.054146695458929628e+01
1.559818733417874270e+01
7.746009808151804954e+00
1.341067430789040316e+01
1.541359054693112540e+01
9.272617161992560142e+00
8.962018488672475414e+00
1.495568329360304283e+01
1.357900819334489739e+01
3.940504568266000707e+00
1.039476009296534897e+01
1.104436826150251960e+01
7.049126172466941398e+00
1.111574576061181219e+01
1.204901548432485647e+01
1.419610385968024957e+01
1.411944067866108377e+01
8.314692697627185325e+00
8.457218573958895647e+00
1.001150729876384027e+01
1.134476086801978845e+01
1.709012146733660487e+01
1.373610342180605670e+01
8.348951806234371276e+00
1.019267964238169277e+01
1.510924630859519979e+01
1.302030231940095639e+01
7.990269768959440633e+00
2.774592577922024184e+00
9.469379355623930294e+00
1.321638434054018241e+01
1.247881171153344404e+01
7.542017591297023316e+00
7.006273441760843212e+00
1.208533578723928770e+01
1.119109281442639947e+01
1.090448934920691748e+01
9.234848941057382632e+00
1.258031770441927932e+01
9.600532051835228842e+00
9.832522716570576193e+00
1.735844235932692214e+01
8.055104918214981424e+00
6.208172142680041361e+00
1.135320395300085927e+01
7.098047011729414102e+00
9.155311190516476572e+00
1.468444631233545472e+01
7.147622370908486289e+00
9.574341980004989594e+00
9.724614287687463943e+00
7.770415960806254851e+00
1.165167198224783718e+01
1.009607521232944549e+01
9.243635161042275783e+00
7.273964034757993247e+00
1.029630054335876643e+01
1.291013246621094268e+01
1.258692078596360986e+01
1.088827047709412632e+01
7.923031566549805227e+00
6.439982464156412512e+00
9.729087872630044487e+00
1.256431751610357139e+01
1.477635371986010426e+01
8.779360501825557606e+00
1.130706098877499954e+01
8.538256591371315096e+00
6.637565339714909030e+00
5.523171017813519157e+00
1.109621790378600892e+01
1.047493602811309898e+01
1.203108217552614256e+01
1.184843245535949841e+01
8.937960874583019688e+00
1.120894972289102576e+01
8.180124606166565115e+00
1.104084654415053279e+01
1.514562946945066635e+01
1.087963037127760302e+01
1.115883795626073116e+01
7.653866277652253913e+00
4.998876854005762205e+00
8.350350234459716248e+00
1.298191360688533891e+01
1.111245951818097666e+01
6.095907795175777188e+00
1.162604444758037836e+01
1.053653892598379471e+01
8.590342043259566296e+00
1.185927223718554480e+01
6.233611948462664643e+00
9.894925025336322122e+00
1.165920257925693448e+01
1.199222617383285261e+01
7.889039565866927006e+00
1.079678045076463455e+01
1.211273636241376295e+01
8.010520323336521642e+00
7.682221552600493553e+00
8.127011727127053220e+00
1.106394596505549366e+01
1.112409334125336535e+01
1.080376208601744459e+01
1.198682262854887703e+01
7.701880462185394016e+00
1.414046701010899731e+01
1.524834174643119411e+01
1.284795210807097199e+01
1.238928627597226750e+01
9.529613961577103609e+00
9.053901141280963571e+00
9.141027445176554522e+00
1.065311779587797858e+01
1.252852327294756485e+01
1.149555826928584779e+01
8.968959656308323147e+00
1.072617282507496306e+01
7.901719754946274321e+00
5.728231080357943483e+00
1.002916311536471206e+01
1.041573731510566958e+01
1.089103879479952575e+01
1.123648573330096312e+01
8.038720032753712275e+00
1.075296766667259618e+01
8.729795734080688874e+00
1.115671946152029115e+01
8.014859546800146006e+00
1.302147674970122537e+01
1.200041427407395034e+01
9.652699108371441739e+00
9.328066577349419575e+00
1.375488141921361063e+01
1.078736234140629868e+01
1.003912381435452161e+01
1.204023347543833289e+01
1.217093109867207801e+01
1.582082821310790877e+01
1.399791073482670178e+01
9.292810133270027251e+00
1.247473037786014416e+01
9.260056397536194694e+00
1.275973776376116398e+01
1.196082005295239981e+01
1.075279209299754157e+01
1.349440225907155799e+01
1.439498536111942073e+01
8.695139332651597996e+00
6.099957007398773889e+00
1.265442102759021381e+01
1.305644568892274648e+01
1.193469771562315707e+01
1.632168451387429897e+01
1.193654169966742984e+01
1.157185583841493326e+01
1.368692057320532918e+01
1.008508350843639434e+01
1.597447973965496537e+01
1.121531203048684766e+01
7.352038843513066801e+00
1.136638427517456407e+01
7.432204191582528097e+00
8.172582491314054565e+00
9.881056538485259111e+00
1.372270348387451300e+01
8.659062234837422878e+00
1.160903996871022237e+01
1.221159421683656277e+01
8.576128542419922951e+00
1.224058096052768008e+01
9.853417529888004012e+00
1.114844295567788102e+01
1.281468448974090890e+01
7.622418587091608799e+00
4.528459126306962901e+00
8.544768666876469965e+00
1.129070484893378534e+01
1.528163347375658354e+01
8.131771598896889941e+00
9.944315505455890047e+00
1.307201306707910327e+01
1.064098945490933446e+01
1.148145369241661840e+01
1.106846885970508865e+01
1.163284619103616357e+01
8.391882831432049272e+00
9.736815843775000090e+00
8.951483718012804403e+00
9.666747031815566160e+00
9.586716438846407229e+00
9.016402897861588883e+00
1.110104923440222180e+01
8.309802800593464767e+00
1.138184946751816184e+01
6.657205017227148858e+00
9.476044532284683797e+00
9.565563861645074439e+00
1.091578232236483537e+01
1.148824154387911989e+01
9.206130126960532678e+00
1.010817841143017759e+01
8.761644890160315668e+00
1.304535274955309454e+01
1.295988240155637072e+01
1.808189421494159177e+01
1.128665354415277555e+01
9.096246637281319991e+00
1.171469009868976840e+01
7.198774683335578572e+00
1.009960882815447825e+01
1.010291721903937479e+01
8.861210794079779518e+00
1.022088587081744393e+01
7.175677456995552816e+00
1.591262308719703711e+01
1.294183613459146542e+01
9.868303562663978568e+00
1.297540951326942960e+01
8.463977711818438721e+00
5.729442702964804290e+00
1.246352702596471218e+01
1.387494049939684970e+01
7.127993033289635960e+00
9.192602699218628715e+00
7.858684942987775202e+00
1.281082708246967350e+01
9.673954898524392831e+00
8.201118106392881302e+00
1.079676482642471136e+01
1.055835778708206973e+01
1.441285257028102507e+01
8.051813171342924846e+00
1.144557181038620719e+01
1.027669830280587071e+01
8.425043875443725128e+00
5.478935647348831317e+00
9.953540736066473826e+00
1.580983600440699988e+01
8.997087898264808814e+00
9.262910076433136908e+00
1.358926366753440185e+01
1.071861930173010968e+01
7.673829424008404843e+00
1.165202628594616208e+01
1.144682359142294636e+01
1.113640741683581403e+01
9.290791837184224633e+00
1.069494418399792046e+01
9.829504336075054027e+00
1.180810380498116352e+01
6.422342451723896062e+00
1.185800958042464970e+01
1.453042202935173499e+01
1.280594154718876432e+01
1.152048277663630493e+01
8.113095040507017686e+00
1.208680823261331483e+01
1.533106181103451071e+01
1.034247812122718635e+01
1.026883910330126426e+01
8.938834819545371957e+00
1.010253230624351950e+01
1.121736298333679294e+01
1.269848722393993512e+01
1.096529268350499642e+01
1.207512608297679613e+01
1.059292626810694848e+01
1.302441004069212127e+01
1.172354661792779140e+01
1.120586422070433485e+01
1.449033274201618759e+01
1.006079439623595384e+01
1.048445892149624648e+01
1.481353208259023013e+01
1.014606560740085861e+01
1.159811973834701604e+01
1.200414629345791973e+01
1.004525330757061674e+01
7.980276846670617097e+00
1.416714060094471606e+01
9.740397316494110669e+00
1.287118609504249989e+01
1.144584347765456478e+01
1.067330353749837535e+01
8.739815068755889982e+00
1.288013719777258004e+01
1.387694342118376412e+01
1.287298973394285895e+01
1.231454060837222997e+01
1.114404721976400658e+01
1.319213937827834826e+01
1.278846214326705777e+01
1.443933209412436014e+01
1.199771453044053970e+01
1.463943764253131974e+01
8.478379227448105127e+00
1.161489593183742386e+01
1.325626635817211785e+01
9.062158571118521522e+00
1.112391289786111948e+01
1.092492225429258390e+01
1.134988837229790271e+01
9.834085835293443267e+00
1.071044800758973636e+01
1.105062510076213833e+01
1.247970360868914952e+01
9.944623195129524973e+00
1.369635055477119678e+01
9.363715263182372794e+00
1.320014171980030504e+01
1.154234189805979227e+01
1.640429151731584767e+01
1.382323145445280943e+01
8.448725822330651170e+00
1.070163236694781084e+01
1.159386199723967081e+01
1.179976527004182785e+01
5.712114403252208206e+00
1.271908327223452773e+01
1.014705291029108558e+01
1.475204453736601096e+01
9.105334918802583388e+00
1.192309326435871419e+01
1.235162793225968159e+01
1.158626301045799423e+01
8.590860607695020690e+00
9.621598828960840066e+00
1.086762356229497328e+01
1.297268691128638096e+01
1.021607868737443958e+01
9.982988281092886496e+00
1.229574058169073503e+01
7.294058503807910654e+00
1.076818567525141113e+01
1.238257045446670013e+01
9.046254541830260010e+00
1.072314055743961525e+01
1.059329179330716997e+01
7.410884956808885704e+00
1.214431910597033593e+01
1.257165537341012040e+01
1.145550130894725704e+01
7.470749506944851959e+00
7.846660750620513269e+00
8.789373794905925408e+00
1.100904920737153603e+01
1.227758087585195135e+01
9.815765395984172415e+00
1.169447747954779437e+01
1.353908603375244901e+01
1.050517274539178914e+01
9.746746612857148051e+00
1.264098148741436489e+01
1.070962425234647952e+01
1.118870537779235974e+01
1.300877213279093603e+01
1.079043794182049432e+01
1.399634923613468196e+01
9.673595821714682685e+00
1.114816284104791855e+01
1.401014996945078650e+01
1.106517981781273718e+01
1.145070189443225139e+01
1.062897063868485326e+01
1.208730895196859123e+01
8.241660187754021649e+00
1.180152997033565754e+01
1.272100172455054690e+01
1.116343639789073805e+01
1.245445585891552476e+01
1.203672796840401205e+01
1.087575198551789413e+01
8.197417834297983319e+00
1.061969929547309022e+01
1.115425337362542280e+01
1.219350530520751086e+01
1.358116919725592098e+01
1.332656318006247353e+01
1.077980482264637097e+01
1.123440103133199131e+01
1.203850300648465677e+01
1.356831199434214597e+01
1.278990586103955884e+01
1.252844808832176149e+01
1.193933200886561252e+01
1.283152617087285563e+01
1.376138362923653879e+01
1.178962690844503314e+01
1.128481629143153064e+01
8.646614218307401956e+00
1.011761027574477367e+01
1.429327063164409672e+01
1.042555235638425515e+01
1.163405751947916578e+01
1.343394447069502462e+01
9.307951786462743016e+00
1.310624152205343407e+01
1.256275446984525423e+01
1.171474983514378643e+01
1.145197832561826878e+01
1.214668601159424099e+01
1.056800966340951753e+01
1.065251046932022128e+01
1.276413398495797935e+01
9.347135729732903187e+00
1.121793038244457819e+01
1.193386902973452024e+01
9.249201525414136427e+00
1.439377980014737268e+01
9.693965074060733045e+00
1.173059502505854823e+01
1.059431402674218070e+01
1.027102796755246672e+01
9.995929158544861082e+00
1.052799878656318633e+01
9.776784516506458189e+00
8.808003714161561248e+00
1.012469825446343563e+01
9.033298668087546446e+00
1.215112831468806931e+01
6.016806483009040640e+00
9.821269444993111719e+00
9.732366569583696503e+00
9.884153554029094124e+00
9.944904382327704795e+00
9.518024651965658833e+00
8.087639794621855671e+00
1.110854007331256987e+01
8.102485550560063032e+00
1.232702855482142112e+01
8.800953132266860379e+00
1.488536424215414655e+01
1.249179660629354771e+01
1.327597237395707275e+01
9.060177511979961906e+00
1.094231687449967971e+01
1.403813545948221275e+01
9.274065843451809954e+00
1.021817712507510301e+01
1.032798298596325459e+01
1.074292413273037461e+01
1.047092339647700854e+01
1.365536997154870846e+01
1.119350447004357285e+01
6.744314201589364899e+00
1.058048574191829161e+01
1.075118097979174969e+01
8.762489875763266767e+00
1.352531550272488303e+01
1.314773857452593475e+01
9.099044916844166053e+00
1.087804421102099539e+01
8.864164356438845260e+00
1.082161501291159489e+01
1.017340419771694293e+01
7.561261293262161232e+00
8.996998303714114797e+00
9.277689429443208624e+00
1.061710718480442850e+01
9.557359013023951633e+00
1.223353827985731179e+01
1.049184758506725146e+01
1.047266703750797134e+01
9.926920327420280188e+00
1.122052147837339220e+01
1.325421982453609182e+01
1.243677058455677198e+01
1.057155188121830491e+01
1.131979320966949665e+01
9.355368548268032214e+00
1.442619790459339413e+01
1.005624475245911675e+01
1.620760336093970011e+01
1.017201390637314695e+01
1.145221640548678543e+01
1.218531288764341802e+01
1.245695552537803330e+01
1.098157407635240368e+01
1.203255867478540608e+01
1.269632563008163473e+01
1.265641691284258918e+01
1.452069827090131326e+01
1.109392318457022775e+01
9.723074983296765339e+00
1.086544231284380935e+01
1.022956870802720175e+01
1.338244413116454545e+01
1.315645903820425211e+01
8.179631358122925633e+00
9.245623471999705245e+00
1.011796488716913700e+01
1.026372699677949285e+01
7.488189163280823735e+00
8.567286084150200764e+00
8.969015835988473739e+00
1.229106128613118187e+01
1.111068500347137800e+01
1.356161433175769560e+01
1.242533135113157883e+01
1.179987199287739230e+01
1.167935504301286009e+01
7.213407580040135159e+00
9.280853742355390068e+00
1.165310710730554788e+01
9.938325092298940788e+00
9.024142578305244911e+00
1.158872440492517697e+01
1.379088709643886901e+01
8.123350405303419564e+00
1.135381164264924436e+01
8.032844202373340181e+00
1.200586525247187808e+01
1.297001438223903769e+01
1.327355522653392583e+01
9.892573900820622157e+00
1.155283067020721965e+01
1.039347572923050755e+01
8.950204647877606945e+00
6.481240083391964113e+00
8.164139917876195085e+00
7.487697650472067146e+00
8.841544447220535119e+00
1.043140675234180925e+01
1.348900072936350369e+01
1.084571002887670055e+01
1.032703661644135273e+01
1.180380027136434506e+01
9.429278609477600881e+00
9.932675135834818647e+00
1.427098420945806545e+01
1.147089873611664501e+01
1.123711285361057222e+01
1.158721177672817504e+01
1.127632155210892506e+01
1.242928006881328962e+01
1.035837242519643020e+01
1.442957617941624271e+01
1.017105906215771149e+01
9.618237587618926554e+00
7.810236861888444793e+00
1.239467218715858188e+01
9.875369427416508472e+00
1.062848509102160577e+01
1.123188281699445135e+01
9.172067414098510341e+00
9.656074864862940643e+00
8.582356103622437615e+00
1.282430351806574720e+01
9.015976806698878576e+00
8.079587743642454356e+00
1.105127871045584520e+01
1.020864349285162476e+01
1.152190324987176417e+01
1.258114848534124697e+01
1.281924639470198635e+01
1.151255035561260343e+01
1.204616028231413871e+01
1.028785776370967575e+01
9.473697633225016901e+00
1.352767537778944806e+01
1.281544719154140743e+01
1.243353456534244295e+01
1.377999362717680398e+01
1.132255055326927540e+01
1.219745393903666120e+01
1.329821365575594250e+01
1.030279488555540546e+01
1.005972089628276400e+01
9.967595174153080606e+00
8.000806204549281375e+00
1.040845297210285558e+01
1.042734898895618478e+01
1.174698056249850175e+01
1.083483859106481439e+01
1.203055620705117690e+01
1.102983100819320050e+01
1.112613034870850903e+01
1.346839868400344997e+01
1.237510552116835605e+01
1.249857431003884578e+01
1.280790192038125852e+01
1.267031443293117832e+01
1.099999703656230743e+01
1.118706994784601605e+01
8.960974488637887703e+00
1.072747213191908955e+01
1.242865157991936798e+01
1.003012018899111979e+01
1.119391808510388486e+01
1.262577382136265669e+01
1.012750143295166083e+01
9.327067982301509019e+00
1.061914294077513610e+01
8.126084516290454474e+00
7.103863820613071312e+00
1.235836644679610430e+01
9.715772247972013886e+00
1.012153725879795196e+01
9.963123532434194018e+00
1.000348356477779710e+01
1.239542452075453305e+01
1.197387844492431519e+01
1.422873015726117352e+01
1.331447263955946703e+01
1.014646334623906121e+01
7.731689608684922277e+00
1.205013841779021355e+01
1.144259037363017129e+01
9.350216199800060579e+00
1.110838339234471839e+01
1.264337497138803457e+01
8.385145950770622747e+00
7.931502705682620835e+00
8.354819563342013922e+00
1.040608719348974454e+01
1.185369738752309310e+01
1.508312982283526260e+01
1.037495076336908895e+01
9.632446912640837411e+00
1.062935084828801813e+01
1.353701531881104714e+01
1.290869315533866413e+01
1.297314083622398329e+01
1.282711523055627190e+01
1.191397923224442401e+01
9.126594687049930599e+00
8.963864631342453038e+00
7.143788473935314798e+00
1.326256422382681777e+01
1.275027113371715082e+01
1.003448638501299861e+01
1.328717991150876365e+01
9.599102499393570298e+00
1.388974530263947393e+01
1.009428554390010291e+01
9.637915766159197872e+00
1.015682771309429278e+01
1.141592900721409798e+01
1.118268949049069683e+01
9.738818812917706680e+00
1.140727238505687779e+01
1.017647709581129334e+01
1.184774675522279352e+01
1.456700584474716109e+01
1.171981076235919161e+01
1.012572551156546297e+01
1.320512787166518542e+01
1.313301686139236679e+01
1.106383566403793850e+01
1.266762175362966403e+01
1.157632125934813772e+01
1.123910199740954496e+01
8.411147258370871072e+00
9.839648827950563614e+00
1.007760970464451411e+01
1.147617086907611039e+01
1.021729628595088890e+01
9.634551503282134277e+00
1.117771968752880518e+01
1.173686695006889913e+01
1.085494643145763760e+01
1.215778890726614492e+01
1.453701680694974741e+01
1.085615353617699697e+01
1.357622871343119897e+01
1.362196159544385843e+01
1.251830675286720762e+01
1.293964674766613676e+01
1.301562493164726497e+01
1.220274789979036356e+01
1.211310418040710601e+01
1.084427831063394265e+01
8.376823386742481503e+00
1.255571235361130000e+01
1.943018658306913338e+01
1.257297307554173749e+01
1.312368220296465715e+01
1.012828461367514521e+01
1.230136404635888425e+01
1.633147934708364701e+01
1.804358254970895459e+01
1.588742073662444731e+01
1.458266721254402931e+01
1.088714671821461089e+01
1.102148200142659107e+01
1.233596040840447117e+01
1.164255171959457869e+01
1.035360879942069445e+01
9.639797557670442885e+00
8.474972070580012229e+00
1.183805312295211642e+01
1.214053355197421880e+01
1.283133602961702557e+01
9.152408540714647600e+00
9.357397812176019514e+00
1.177248087941764965e+01
8.802417992099663024e+00
1.226181863682827000e+01
9.368207001296248393e+00
9.275044226482808796e+00
1.303380299600134506e+01
1.374139045127976999e+01
1.089356139669812684e+01
7.441107955882827696e+00
8.452230134491170332e+00
1.260824541371309060e+01
9.161459313833493212e+00
1.115331126318700861e+01
8.412668654348767205e+00
1.169493510547253301e+01
7.423932036028064729e+00
8.350080566852064123e+00
1.188370056850172318e+01
1.080043547843849971e+01
8.487800014566083462e+00
8.872058816859318853e+00
1.223749137043626689e+01
1.037733882869214952e+01
1.039129489226139569e+01
8.325481707771123396e+00
9.543996570444495120e+00
8.638257510019245800e+00
9.129180476776948439e+00
8.371019432750445688e+00
1.180627760976377871e+01
8.002403795374117834e+00
8.071311891243670544e+00
1.176788922492041856e+01
9.857989402935919188e+00
8.672220224685858625e+00
1.210273016216560649e+01
8.546292619786941103e+00
8.712211837621930854e+00
1.000337077575716904e+01
1.024766372654814539e+01
1.200813382245875971e+01
1.037307862254976243e+01
1.257223325973298422e+01
1.090191676660610476e+01
8.759149100521394615e+00
1.188467703855695845e+01
1.231078142107269535e+01
9.267648185262128635e+00
9.154019299003071097e+00
1.000897167580267677e+01
9.403116200772769773e+00
1.146631289693352862e+01
1.192328520861481067e+01
1.005923779851381816e+01
1.048226788530068454e+01
9.859290298381063522e+00
1.059837172775425884e+01
8.520492117614523409e+00
1.154210253652512641e+01
9.293353756314781222e+00
9.140984482305398728e+00
9.164695212643772848e+00
1.060702334248266965e+01
9.553805837466997630e+00
6.450685480085179613e+00
1.080041522822318001e+01
8.883785860237754406e+00
1.206780057093120107e+01
1.005885735179321294e+01
1.138227717917001769e+01
8.717848606825100433e+00
1.276694711002138760e+01
1.083426949174338638e+01
1.360891803012760093e+01
9.017711571310465857e+00
9.365272610022579158e+00
9.114894598531286363e+00
9.491460852038738238e+00
8.970030787668466843e+00
1.073130806724318909e+01
1.066060420939642484e+01
9.774367917304910947e+00
9.205054703080662648e+00
1.006300387890648729e+01
1.208674657395686225e+01
1.098041502084665311e+01
1.093722861885023256e+01
9.563224887971269794e+00
1.110176673677150561e+01
1.103169483235466508e+01
9.894430735936923682e+00
6.542472983349828297e+00
1.082170350493993460e+01
1.030311781142536098e+01
8.671472236954016921e+00
1.043032434662717201e+01
1.073980525656528151e+01
8.956003605628852782e+00
1.093251663762184300e+01
1.068127034181847890e+01
9.722225495464853040e+00
1.051372477337077527e+01
8.895903796442937050e+00
9.137749968589835348e+00
1.176379584918938725e+01
1.035423925311890159e+01
1.069524333963874696e+01
1.201162900126376520e+01
9.940803742853935532e+00
8.398912222601023103e+00
8.130879799325137824e+00
7.861888012354138588e+00
1.015698215313225816e+01
1.000217510249396646e+01
8.449423048062435271e+00
9.219651556612310728e+00
9.484125261723375999e+00
9.569116502436820326e+00
7.966072880884363272e+00
8.766577078713554627e+00
9.045604159877690620e+00
9.830361905416737045e+00
1.053642785702860785e+01
8.602436578026869896e+00
7.274974689149710905e+00
1.103722406519022137e+01
1.263724882045526243e+01
8.929152218520872708e+00
8.628992719867298433e+00
8.594013880739492350e+00
1.164489920599930350e+01
1.086923134211375164e+01
1.064632097522472165e+01
7.348911068345085340e+00
1.098467509928028996e+01
1.056100002094697921e+01
9.310048536439646583e+00
1.094330776765758273e+01
8.259291998119563161e+00
6.154380427271457066e+00
1.034511229604904514e+01
9.359006849777209425e+00
9.722730441957972758e+00
9.553468644025709722e+00
9.413849116060726274e+00
9.910612523258379269e+00
8.596523758086105360e+00
5.604327681688769047e+00
8.312862729818995433e+00
1.085389099851574635e+01
9.972466793772680305e+00
1.326109659881625014e+01
9.307055754725396923e+00
1.176608111650249988e+01
1.048404317622477144e+01
9.351907795142539115e+00
1.034624087547456561e+01
9.412780724730438919e+00
8.760392390310215660e+00
9.275281170470595526e+00
7.496545167540483945e+00
1.149010805547788472e+01
1.310903398108124485e+01
8.598358633854921607e+00
1.203320365115924773e+01
1.001684245512371341e+01
1.061970301101474767e+01
1.217153477797735128e+01
6.100030055036759435e+00
9.072087916425033427e+00
1.114115310238619472e+01
1.080563469999267490e+01
8.600019678381176647e+00
1.034200716625183603e+01
9.571122134845778007e+00
1.161830869627478435e+01
8.868001946345803077e+00
9.965224253103047047e+00
9.946081268691861155e+00
9.754037697602006673e+00
7.521061551808229773e+00
1.095731103918532234e+01
8.794917036994448267e+00
9.337070887065847202e+00
9.967234757616852292e+00
1.050779218405160620e+01
9.715903461020364063e+00
1.143878427178590762e+01
1.121241355901512904e+01
9.303722490061691275e+00
8.301614411137965277e+00
5.218884062696540482e+00
1.081562649719761993e+01
9.823473671848894639e+00
1.041262904837429026e+01
1.065758641425090403e+01
1.057199569118694882e+01
1.034969352188730696e+01
9.621490928080673299e+00
1.058892246778984081e+01
8.823397561402924083e+00
1.140045154914520253e+01
1.197725140472654637e+01
8.932496599109065016e+00
6.586447087963743563e+00
9.538898568494897034e+00
1.105743275133344738e+01
8.926224036730104672e+00
1.026533884021202603e+01
1.011060007344372202e+01
1.064709397589988704e+01
1.015979123339618617e+01
1.144034702614913357e+01
9.408331368261789507e+00
1.110174317593922133e+01
7.403283273755469907e+00
9.118729144010673693e+00
7.544250441464593671e+00
9.798424682857270085e+00
1.151344020410570224e+01
1.203901687616568239e+01
1.083902777382043148e+01
8.998568927293797870e+00
8.812327665525742759e+00
8.494608799247370001e+00
9.857082800244942433e+00
9.282850997194978859e+00
9.406817838139613031e+00
8.194839043180893512e+00
9.888192234250567481e+00
1.087870505351150285e+01
9.488317818780556578e+00
1.148260711422753388e+01
9.251811152776280522e+00
9.933502168696579204e+00
8.869608627383758659e+00
9.276916673078526188e+00
1.086699471725814625e+01
8.791197674140217799e+00
1.203586431414363034e+01
7.723344028357701951e+00
1.021712514023499985e+01
1.046058653463467891e+01
1.016362033679386023e+01
1.069799348142080397e+01
8.870200619451376056e+00
8.751359685447976489e+00
1.177833024934696837e+01
9.987044876962491102e+00
9.392250798580674243e+00
1.031866616278554538e+01
9.747568365413757263e+00
7.243510256794594149e+00
8.194834694165058053e+00
1.125090298894296481e+01
9.668025335848488666e+00
8.314879120454751416e+00
8.333832133976420309e+00
9.822049323411448540e+00
8.748884933955874743e+00
1.052252285367660178e+01
7.479689304821379281e+00
8.851927841705853339e+00
9.478815111624721013e+00
1.028452277817556393e+01
8.808896046194297114e+00
1.137968772517770866e+01
9.628877114995038511e+00
9.276956472450395452e+00
8.973136456820951068e+00
8.100271578137784090e+00
9.368816742101111927e+00
8.626951987753495033e+00
1.036389222770024610e+01
9.548674724096777311e+00
8.497512211793932124e+00
9.838133789090527159e+00
1.051695986233723090e+01
7.050162221812255048e+00
7.553949339740908542e+00
9.571603906417648133e+00
1.249776807693451630e+01
1.213436655895903726e+01
8.344384960812206486e+00
9.137874599656544916e+00
9.329532435148099268e+00
8.816254050895985017e+00
8.030325196568899315e+00
1.028622211114706175e+01
9.239162237429152214e+00
1.056761688130069388e+01
9.511098610674990184e+00
1.022897899553863077e+01
1.225198553095915877e+01
1.041196149271179472e+01
1.119269713481255657e+01
7.819266415609320120e+00
9.516516678843730759e+00
9.625280418279647421e+00
9.867436537046637923e+00
1.007338657059799658e+01
7.532597889194345697e+00
7.464152655868054431e+00
9.835732639477811290e+00
8.477185504749611411e+00
1.065189698124636308e+01
9.634826176921560403e+00
8.963256188345896547e+00
7.804683542321029677e+00
9.864367754531700783e+00
7.625557410260277891e+00
9.543145252946652946e+00
1.058298395691328686e+01
8.502326467062637505e+00
8.075581154825739461e+00
8.281917034365571695e+00
1.155733998618510583e+01
7.346628629671649868e+00
8.156601793581129911e+00
9.732853526634837493e+00
9.250673687806354906e+00
9.301194963549194838e+00
1.013743324313718652e+01
9.922443422162283255e+00
7.432796240182577563e+00
6.813636747864219245e+00
9.537010991533632520e+00
7.373111018878614864e+00
1.087849750662951820e+01
7.802429329891465315e+00
7.105111257313280859e+00
1.117309485996845098e+01
1.076341603922112711e+01
9.138572190232864045e+00
8.175578800144535307e+00
9.060438798078227052e+00
1.030207212905730785e+01
1.002719627893418242e+01
8.809461069653337972e+00
8.140701657285205783e+00
9.132024412134082780e+00
7.178513444196838122e+00
8.987517024490420781e+00
7.008993788813127956e+00
9.701599821988693861e+00
1.253250621670769860e+01
7.764193172442293012e+00
9.005831327588646573e+00
9.734804555559197325e+00
1.171413875083588962e+01
1.323445084996612664e+01
1.256769140223038761e+01
1.616150599842987745e+01
1.486103769275284492e+01
1.421636170814517897e+01
1.174801247985685926e+01
9.768949596500059229e+00
6.711953027839195229e+00
9.977837894312653333e+00
1.162353804693866444e+01
9.504234576920881139e+00
7.950588123346815195e+00
8.077013446900977556e+00
9.398785320156781253e+00
5.176409383666527475e+00
9.081745985702729840e+00
6.652352016562170789e+00
8.019998421579050074e+00
7.692457928749019125e+00
8.316427025052398392e+00
9.948478856749474630e+00
5.389204424347645350e+00
6.180431007202713545e+00
6.751020832584463172e+00
7.618298375723623117e+00
7.773224119247397645e+00
7.510973300207537839e+00
7.850776268477998698e+00
9.514102931689631504e+00
7.991975594009891992e+00
9.051342040579637427e+00
6.490925266062347987e+00
1.004955617631756404e+01
9.198120975364384222e+00
8.070027267010209115e+00
1.025594331680360938e+01
8.135607712372530997e+00
7.608394211206775282e+00
8.350161166814611846e+00
1.044773601713917976e+01
7.744001873228418376e+00
9.957761120550943090e+00
1.189677925321172225e+01
8.626434122620734612e+00
7.357079880655819082e+00
7.874159185735525313e+00
7.417652844996718287e+00
9.833617706922982649e+00
8.173349841117786951e+00
7.804734571562138790e+00
7.826252774729646866e+00
6.721837118465055383e+00
7.004907468351826871e+00
6.481554976536910928e+00
8.912182420058314847e+00
9.124418746295509308e+00
1.001704633495209862e+01
8.667889867590622188e+00
8.413089269954868499e+00
8.271077540541837081e+00
8.803534446723800144e+00
9.219867872676330123e+00
8.790221286214785934e+00
8.158618033416381365e+00
8.925629408671543530e+00
8.752779485887026922e+00
8.068128087228023659e+00
9.959250144918605940e+00
7.775416618493318666e+00
8.813968320846594651e+00
6.963645542138995559e+00
7.338281186647166443e+00
6.390534349869166242e+00
8.670916905596371294e+00
7.388534500243250314e+00
8.359882906743157704e+00
8.054118210725267346e+00
7.511698998673614902e+00
1.090740601979601898e+01
9.491639028345275619e+00
7.053334763885276359e+00
6.661328017814316382e+00
8.908773767328865389e+00
8.901778172613889595e+00
8.413148184350827563e+00
6.946460962989265298e+00
7.891703124093353061e+00
9.466672067328252282e+00
6.436511475599116849e+00
6.551781723875153673e+00
4.766339179814644389e+00
8.321206546505136359e+00
9.375284913785911556e+00
7.701758419174983494e+00
7.831557188888903731e+00
6.691011902593495542e+00
6.357648620787978544e+00
8.983980225025728572e+00
8.450337693355537638e+00
5.539406078698295488e+00
6.499659271372684621e+00
7.951075645677152970e+00
7.247285718595754211e+00
8.978800848515337663e+00
7.424577475091417078e+00
8.186145027843515720e+00
8.463539943130818699e+00
1.043299397739188628e+01
8.075179632636285021e+00
7.904780216217146993e+00
7.656045267750578809e+00
9.135816442175043406e+00
7.084240955603490875e+00
6.766630294797806755e+00
7.947112840588092197e+00
7.461023778452572586e+00
7.961530640416826010e+00
8.135984492128063295e+00
8.070154529803000187e+00
6.738611622554654623e+00
5.701755037574315566e+00
7.581882652593979088e+00
7.065675362456137698e+00
8.851961509836344888e+00
7.495507050236221325e+00
8.365995471269858541e+00
9.214161280267036958e+00
4.849560627139733349e+00
5.230844597497521953e+00
7.644051578970016081e+00
7.196545689124109302e+00
7.960614712838290252e+00
7.235739766477134793e+00
8.311658547297582800e+00
9.117577775188710376e+00
6.350629017681430177e+00
6.491734746573831316e+00
6.949536042729867802e+00
6.698511070320873451e+00
9.625620223019861754e+00
9.028030963803070463e+00
7.393278587772480037e+00
6.374541656682530366e+00
7.054463882325082480e+00
8.638881075185093295e+00
9.480550055829089828e+00
9.062618648423251599e+00
1.008473125370333889e+01
7.270067596970590351e+00
1.060909213885663860e+01
8.306332955657088846e+00
8.748100984827983595e+00
8.599413536143787340e+00
7.223524486469220740e+00
8.150939686417171259e+00
5.614109894734133022e+00
7.848500672985014859e+00
1.013603325106647723e+01
8.645118592903818566e+00
9.001436648554475894e+00
1.148962582966323254e+01
1.207082141182200630e+01
9.908849560833168368e+00
1.333691762136695402e+01
1.170867931084706193e+01
1.060838638441116544e+01
7.953795060233165515e+00
8.444412981677883678e+00
7.964682023406525424e+00
7.771579265016725913e+00
6.372414257820160799e+00
7.054950628990809491e+00
6.593827711250977330e+00
8.255839773159664219e+00
5.596930674262678984e+00
7.542815047038402554e+00
8.661477587916557752e+00
5.611023979688350316e+00
5.992764402951098468e+00
9.734266133897254036e+00
8.975606137743415758e+00
7.986267489206618109e+00
8.302537119250111175e+00
6.749430000735228141e+00
8.582633649117950014e+00
9.696649318287585473e+00
8.189334794525629846e+00
8.520758596550090047e+00
9.035553391661158784e+00
9.086713397446755991e+00
7.350627429006249436e+00
7.597124233360561973e+00
7.795294718234881515e+00
7.231844870513032042e+00
7.773248929505561122e+00
7.690725331210569671e+00
7.013383373105198437e+00
6.540120851196097540e+00
6.135637305475300174e+00
5.865298175580234030e+00
6.786511995067219694e+00
6.525109544768308290e+00
7.049346460988309637e+00
7.162629527296435761e+00
6.142085716659343220e+00
8.949108220160052696e+00
8.026409577211229163e+00
6.933603642231854103e+00
7.593308134439137547e+00
6.511981482649843223e+00
6.759549420536044906e+00
6.318760632210095096e+00
5.947696625911531143e+00
7.293961544795795504e+00
8.020121826694275313e+00
5.907090370338277552e+00
8.081976066219496602e+00
7.758133061047251644e+00
8.158629519121912921e+00
8.175196707014228181e+00
7.534599456892483893e+00
9.883289674345892450e+00
8.053146967317360350e+00
5.949743102956961849e+00
6.746170041966716546e+00
7.112144006079945235e+00
8.079744574169218652e+00
7.645591778160828689e+00
6.155366186585495392e+00
8.677979341604977748e+00
5.277534616295121772e+00
6.173714151327565069e+00
5.922182861585023161e+00
5.362516916982579041e+00
7.923414652221397958e+00
6.918302705315834800e+00
7.942309540782060751e+00
6.604704866455731960e+00
7.766719676216872870e+00
6.647622297261353452e+00
6.429858701797462217e+00
7.478565850054587294e+00
5.728785432033776104e+00
8.497129166929788369e+00
8.195452314913108438e+00
7.975242318541630127e+00
6.114451290042643095e+00
6.997324601227359331e+00
5.974396069576334511e+00
6.992994649095928494e+00
6.211645894649752364e+00
7.089586253802096394e+00
7.913952878986516559e+00
6.807831535641245324e+00
6.660404934324293258e+00
9.545537688905078255e+00
7.179806973388815905e+00
7.253845888661606622e+00
8.678338306084054210e+00
7.915940602548548810e+00
7.355893313174520998e+00
6.452783531508988979e+00
5.809913564504768146e+00
6.862811060241971184e+00
9.101644821607138169e+00
7.448341475298640546e+00
8.121638924425850448e+00
8.644128348273907747e+00
8.507686833724516617e+00
8.437328461336328189e+00
8.038052273309235218e+00
7.718913875844712003e+00
9.114925818634738164e+00
9.315081864262200639e+00
6.835850005053034195e+00
7.318404829271800693e+00
8.060292756622924770e+00
6.386712800679843482e+00
9.018224737057826346e+00
7.126933294539569808e+00
6.493811086585971282e+00
7.762472656268943894e+00
6.712081374388942479e+00
7.187888867498471335e+00
5.670453023079166321e+00
5.986760721503778804e+00
7.835332854904511812e+00
8.093899088815351917e+00
6.947503172228296719e+00
5.811281760949332131e+00
9.447664859767575862e+00
7.006559446703930938e+00
7.087803597525088151e+00
7.082616136729126488e+00
7.733349805528872523e+00
1.023349786524666172e+01
5.663134875539343582e+00
7.940651775055949102e+00
6.509960394930602412e+00
6.805778436943644039e+00
7.304320456968163455e+00
7.962497004456873029e+00
8.295447266645622264e+00
6.529687288457641792e+00
6.649488961250886732e+00
8.366403581970953240e+00
6.540092009329017131e+00
7.509516956692255718e+00
4.750607602450740430e+00
5.185191845301876157e+00
8.110022373823538189e+00
6.914097454689429156e+00
7.406167081321167522e+00
6.290613454435459495e+00
6.343472131085956534e+00
7.103577127641080402e+00
6.144175909823749393e+00
6.563287447286468179e+00
8.523548432593296198e+00
7.469776107128347498e+00
5.835722229351174128e+00
7.314252106384652841e+00
7.116416652408429577e+00
7.380670246384148925e+00
7.514918964323039852e+00
6.185756267602092073e+00
8.595184314452254171e+00
6.554410353230378128e+00
6.177558798760091285e+00
6.064926980575418902e+00
5.522711130462752749e+00
5.520358944092659925e+00
7.192762855940412869e+00
7.883024660986436949e+00
6.136918182240598263e+00
7.065507206840844212e+00
7.745719666246037249e+00
7.803383930055748152e+00
7.820072440566576688e+00
7.406359377182933024e+00
7.409397364305975842e+00
8.488765880691815369e+00
7.354428085751794519e+00
5.987076806696234321e+00
6.837540347861300383e+00
7.035489113741128619e+00
5.621082129337114708e+00
8.157697075670736098e+00
5.982647822705104090e+00
5.954042377241807849e+00
6.275789921764044266e+00
7.775833525181084838e+00
9.845758982294944062e+00
6.406344710627534411e+00
7.381013149667395190e+00
6.725830447690412939e+00
6.873523666180240355e+00
6.367814435147864494e+00
5.859786126682053897e+00
7.067171537538724735e+00
5.232664330966359856e+00
6.390278049639324998e+00
7.253131666176104275e+00
5.996264446812437754e+00
6.784846998333708967e+00
7.136361315614036194e+00
7.185935015415322091e+00
5.838330883196324983e+00
5.911738134160396285e+00
7.204588578780398045e+00
5.271115386164421324e+00
6.322132304546637549e+00
5.568809689873470248e+00
6.603758571172306802e+00
8.020299293453206246e+00
6.223965095619831800e+00
5.767785962737857375e+00
6.912326139379919354e+00
7.615713077600632097e+00
7.690646525896220886e+00
7.696759939678285534e+00
6.448450052069663485e+00
6.522909036253778048e+00
7.209261034759156139e+00
7.417575966938455778e+00
7.503223846615393100e+00
7.261999970791458203e+00
7.045474113274967642e+00
7.970365271189401746e+00
6.178265768908393518e+00
5.510357142304521894e+00
7.601318328743793984e+00
6.366577307735548530e+00
6.381042705412924398e+00
6.139257436048922045e+00
7.563841897514348211e+00
5.355800022253602855e+00
7.516711911452855333e+00
6.825363036898750124e+00
6.436260491560997110e+00
9.366300669894361164e+00
7.250903318644976281e+00
5.771695079709527221e+00
6.997111788810055799e+00
6.526687839215074227e+00
5.782453463274095817e+00
6.286650761592919245e+00
8.273962796183797153e+00
7.426047806692836595e+00
6.861006649819275438e+00
5.941663928415699125e+00
5.951368251488742267e+00
7.212737578965910501e+00
6.845840645400008917e+00
8.422287905530442487e+00
7.741728660177070509e+00
8.656778540198201810e+00
6.024387343134687711e+00
8.248489996815067116e+00
7.135293617127119070e+00
7.061528934024408066e+00
5.555541601054978074e+00
8.970313571988244306e+00
5.941508056326617826e+00
7.140708057600409830e+00
8.378774950517890119e+00
8.463875882205622148e+00
8.052430504378893517e+00
8.038489991664098611e+00
6.975132549189360098e+00
7.041334516569745183e+00
7.127281022826823076e+00
5.733347326181592152e+00
5.475684990563163268e+00
4.503990917225699775e+00
8.198241227043887136e+00
6.914924058235167870e+00
8.241441392521585030e+00
6.429591696075674712e+00
5.930779668178566943e+00
6.329866634372720569e+00
7.396429061511199166e+00
7.363815778342596374e+00
7.849385690825083195e+00
6.738029319424370556e+00
4.304206107118073277e+00
6.119780274043695734e+00
7.647930508280997408e+00
5.184540873939484484e+00
7.991961636016250203e+00
5.576604977415573039e+00
4.291437188600098374e+00
6.376923970219694482e+00
6.558721116940382956e+00
6.651470349511873437e+00
8.183887600853992694e+00
5.816991941417468226e+00
7.625703505448081287e+00
6.484193258953542482e+00
6.232103531627549486e+00
7.917118892639318339e+00
6.420121184016402971e+00
8.398659099203353406e+00
7.136690213331833732e+00
9.430874457312604875e+00
5.356435345523747671e+00
6.378107688373941819e+00
6.467943110441597199e+00
5.003220696651763610e+00
7.084424357262323113e+00
4.584453720528979481e+00
6.687227189266571337e+00
8.089053463299192614e+00
5.436825139102006155e+00
7.202106198388038116e+00
6.323577045634193539e+00
6.841360324488429789e+00
6.335953619991682828e+00
5.167464746357881111e+00
4.949613573790857757e+00
5.764225879702718380e+00
6.093671746572828063e+00
8.536214129606127798e+00
7.106181708765994642e+00
6.799634355859049961e+00
8.046161939238254845e+00
7.537828333241970213e+00
6.684794593592657819e+00
5.148517566639676524e+00
5.310786783488468110e+00
5.817823407755880361e+00
7.522305622607060371e+00
7.045838801670848639e+00
6.479749536754990658e+00
5.323924807530983294e+00
6.090479127693452455e+00
7.417612934217275189e+00
6.385086244288641133e+00
4.692508833991557715e+00
4.740828583668432294e+00
6.422296224564502332e+00
6.047047246201544546e+00
6.236122345624524499e+00
6.957545360061876849e+00
9.793064965079638640e+00
5.664474246596070017e+00
7.349337653614731458e+00
6.434162979410094962e+00
6.917447335857080049e+00
6.765007760022966998e+00
5.389673116276853193e+00
6.350998243538439780e+00
5.440922354948251716e+00
5.873180768032177923e+00
6.418310869512963812e+00
7.229508718274833434e+00
5.305384884954179370e+00
7.957327962896510343e+00
4.609522012706645633e+00
5.283485248288866565e+00
5.796024829632276720e+00
7.692743734630055563e+00
5.144514470317836263e+00
4.582631567917467841e+00
8.765706622357146927e+00
1.526700309336371575e+01
1.573777166120613202e+01
-1.442547921567134406e-01
5.637771248063159213e+00
4.140923721583545714e+00
7.513230745900719931e+00
6.361584332810540587e+00
5.368698206876526768e+00
4.320175431770033825e+00
3.794920167135254818e+00
6.772128966078521550e+00
7.123154014817457913e+00
5.054151291864409146e+00
7.533248721217158383e+00
5.762122697323560416e+00
6.006356047317293445e+00
7.125822169872293443e+00
6.396724522902131227e+00
4.719014649884297086e+00
7.550989369841125232e+00
5.753870472902128164e+00
5.717809491869122240e+00
8.068958095969469113e+00
4.557572197811969872e+00
4.602808910535923559e+00
6.459725182068898341e+00
6.182229994618754887e+00
7.901278304482542758e+00
5.251213286329370789e+00
6.728303702170704170e+00
8.502187547936838286e+00
6.386592558109228435e+00
6.757918580011367027e+00
5.882722436779835640e+00
5.757628921476496409e+00
6.406121012933443382e+00
6.384788527835351779e+00
7.006559277688384491e+00
7.598787552773907272e+00
4.995934770936570679e+00
7.448845495676729378e+00
6.052935182270658743e+00
6.996019673771231240e+00
6.684169553342344194e+00
4.102194332957684431e+00
5.804092049778848406e+00
8.060956784673287245e+00
7.294182486599736670e+00
7.206733996513978724e+00
6.228849976392750065e+00
6.656628188976554839e+00
5.705003729450227823e+00
6.252595101709617964e+00
5.982717377208933485e+00
5.579405836498957605e+00
8.011862370274251077e+00
5.344769966476896172e+00
5.537721804403312298e+00
6.531028628997087360e+00
5.996251633604964049e+00
6.300362022045868038e+00
6.011176401264449964e+00
5.586542149747283581e+00
4.102292080850924449e+00
6.310194484073559096e+00
6.876774490116433824e+00
7.917936782713222321e+00
4.674800473767462883e+00
4.796871734232732720e+00
6.701737849667629199e+00
6.746434660354018398e+00
6.198129834213321310e+00
6.952889419145704686e+00
5.682792638946926544e+00
4.914825067260047753e+00
6.059524269820000697e+00
5.992175069231437945e+00
5.996068242789544200e+00
4.596187668746708255e+00
9.653421747154805388e+00
7.053858867097563490e+00
4.859877175407143923e+00
6.326542070338232904e+00
6.155166357277132683e+00
4.361732077363813964e+00
4.722118486201497767e+00
5.723609287284914693e+00
9.151124912934513134e+00
7.251262040658512653e+00
6.075817536625257809e+00
3.906762929389568928e+00
7.205562282900153548e+00
6.616281840134652370e+00
6.623672756352014801e+00
4.988287792894433359e+00
5.152857070503355175e+00
6.748385866572253811e+00
6.937269674426834953e+00
7.029728443947504957e+00
5.839388404991059822e+00
6.825809999227443470e+00
6.333821606103763990e+00
6.315759389736449236e+00
8.186999292426628827e+00
5.322443782054581796e+00
6.544434589106251643e+00
5.080290003386396691e+00
5.466500819201722372e+00
7.461803406700783903e+00
7.019650847542566297e+00
6.751477938056916095e+00
5.202832918980751842e+00
6.385231997484535071e+00
7.472374340533869841e+00
5.198540696215410151e+00
6.064049345036922389e+00
5.643975411871159586e+00
5.709204189008541874e+00
7.420359181854619735e+00
9.111441638273424459e+00
7.853421458482700679e+00
7.615058154152418268e+00
5.408276339302206637e+00
7.460096456377055318e+00
6.546622254468199564e+00
7.784815339215261254e+00
5.415127526583913387e+00
6.096330437163496541e+00
5.288048998423422020e+00
6.619341092743344923e+00
8.165293683977283834e+00
7.945287549797381388e+00
9.711161731885368908e+00
7.386040690852135882e+00
7.883300994361770009e+00
9.557782285544247358e+00
7.311690942256865000e+00
5.567687382392922046e+00
7.920614734025656745e+00
9.469801389449678197e+00
8.291535279196130759e+00
7.855248470397790506e+00
7.785176595676611910e+00
8.376512616232989927e+00
7.165295975705350706e+00
7.333056758251214724e+00
5.905136014618711293e+00
7.606222952978871632e+00
8.335416571603632363e+00
7.750225375420391138e+00
7.317912042940259099e+00
7.270892498733165787e+00
6.884085918523228820e+00
9.923999142274562146e+00
7.901615057131940567e+00
6.292631842630378891e+00
9.848721758338241372e+00
5.918552827941606864e+00
9.276144421310418053e+00
7.135061146152843037e+00
9.053539302129621547e+00
1.125735689211741786e+01
9.536833109115551821e+00
8.988964863079750955e+00
6.764498006683902886e+00
8.782088572386966163e+00
6.998279110059673513e+00
6.213260321340045245e+00
8.099314299374833936e+00
5.892380531615677874e+00
5.856402489988322024e+00
6.890506948873648341e+00
8.868257378683516379e+00
6.115350747100957385e+00
8.197277222363879901e+00
6.483077405278779182e+00
5.783950332391280647e+00
5.721657268912093919e+00
8.202342289238833573e+00
5.318227195393042450e+00
5.354524145401951429e+00
7.239513269233018633e+00
7.144998583317483387e+00
7.289601009919549846e+00
6.162827439529194429e+00
8.201511778927500274e+00
6.178906719249246393e+00
8.226849901134242415e+00
6.952139659538030259e+00
6.713939289529601062e+00
5.858501708923821383e+00
6.563221865221328777e+00
9.284885916455330346e+00
7.475482085589819192e+00
4.853509378773036786e+00
7.422281943167078566e+00
8.505627020910399239e+00
5.770029738213076520e+00
8.232454459836924698e+00
8.031135575091576939e+00
7.378069306473319600e+00
5.654964642598788949e+00
8.566383541231695986e+00
6.719604148906520358e+00
5.868291980924215778e+00
6.931134433867453204e+00
5.838691955571642112e+00
4.971801766988308557e+00
7.539266618295559219e+00
8.215877908918017170e+00
7.159410619069265458e+00
5.083490976637381920e+00
6.916567301699721781e+00
7.489918427628065700e+00
7.162517140948227556e+00
5.886671178879510968e+00
5.381285983958911778e+00
6.309565659802837345e+00
7.645362181012526293e+00
8.834651413750128413e+00
7.354026132243064673e+00
6.979506524025840264e+00
6.135058533475825193e+00
4.391367806782622729e+00
8.800719966791971771e+00
6.751490899795074441e+00
8.274647954302286834e+00
5.029364546588698026e+00
5.019649172632853151e+00
7.775839232915551236e+00
7.222151046782967931e+00
6.241635758031634396e+00
7.284260663124975110e+00
6.104344093859936038e+00
5.385692882610889853e+00
7.350005312570712768e+00
3.722197632101552855e+00
7.969199479752205661e+00
6.760470832030211596e+00
7.095294904849047235e+00
6.568515673097654606e+00
6.421611294172911322e+00
8.646992485083156765e+00
4.586034961763564510e+00
7.031651065484687102e+00
7.702905525717032020e+00
5.384303494676626833e+00
5.347473452457607301e+00
6.666765361900011122e+00
6.578890536171126513e+00
5.735377131963494080e+00
6.120599821257924233e+00
8.050828145937472868e+00
5.417457270164128147e+00
7.652428176197490828e+00
5.500607782752482855e+00
7.900144986131667935e+00
5.729454780913655121e+00
5.325831204382323492e+00
5.952060472693272430e+00
4.982061328725721161e+00
6.348186572906589831e+00
6.747159680828129780e+00
6.132772870721698411e+00
9.451120646167154860e+00
6.460911788660459010e+00
7.075391463663083691e+00
6.962065263310376118e+00
7.108807842576860381e+00
6.483573157916787011e+00
5.272405898771622468e+00
6.868770930241851147e+00
7.748504144888476830e+00
5.900796322626645107e+00
6.752602858272684472e+00
7.185016664277077858e+00
6.316299427931921784e+00
6.606507805182556758e+00
6.420768185065647060e+00
5.354115269915400432e+00
5.728334120284215736e+00
7.248574587259730251e+00
7.398075138497860692e+00
6.636257908464191502e+00
4.899383947837607778e+00
5.814590415608242857e+00
4.457532537677140638e+00
5.868206541785328412e+00
6.182885141991470768e+00
6.394533271012809550e+00
5.676367416147701128e+00
4.250497721023333675e+00
4.659846357946166862e+00
6.585251372790795088e+00
6.597958100682166815e+00
4.598429630265806090e+00
5.513838767023927723e+00
5.392634162271988885e+00
5.683082089971240869e+00
7.341701275517974246e+00
6.887414337927687313e+00
7.257889104200240027e+00
5.667926501986353394e+00
6.612079168762240222e+00
6.883203144925495565e+00
6.049797979535464165e+00
7.133470743163794481e+00
5.089395151270911910e+00
4.270263553140289048e+00
6.451280969211391714e+00
5.816364561067739913e+00
4.456323035703833035e+00
3.345882097683119838e+00
7.588205853987732397e+00
7.312680934985902326e+00
5.865370223952917961e+00
6.187319077052988447e+00
5.158340007693234419e+00
4.151685725035915375e+00
6.350392365115920867e+00
5.288632334051491135e+00
5.317015486827156856e+00
4.628645022753102189e+00
6.015663753440682271e+00
4.128363765456429135e+00
5.236144075148749799e+00
5.332499368998361078e+00
5.540632882348359267e+00
5.243992497686115861e+00
5.496772841508606788e+00
4.805732993826685728e+00
5.222471470640305924e+00
5.583226649235983885e+00
6.762310472322663024e+00
6.793739672433360965e+00
6.108269648120646877e+00
6.921506975284431817e+00
4.961679745325007218e+00
5.341837409038856954e+00
5.263143120591618818e+00
5.181283995593952696e+00
6.236758030393924734e+00
4.737953454998627301e+00
5.081039021070841599e+00
6.378581268495924661e+00
6.693778810146674196e+00
6.980802831408126963e+00
5.980297039447644458e+00
6.250628562127900523e+00
5.439970832678816315e+00
6.098984265676878458e+00
5.887978915866723284e+00
6.827360514569127403e+00
8.189041825414879128e+00
6.042821635542933834e+00
7.738808341414030956e+00
7.086853602148918796e+00
6.812063270078189348e+00
6.070321479926525932e+00
5.661424568330328810e+00
6.070875995933469937e+00
6.124033875645222835e+00
6.767040843290220486e+00
5.605430760519894307e+00
5.850482761048416691e+00
6.118947337502433470e+00
6.254748327560752941e+00
7.011704449030471409e+00
6.596444001784294464e+00
6.716275310442938462e+00
4.222220910046685205e+00
6.002692932770382406e+00
5.109331511060934972e+00
6.488941521390780842e+00
4.827298178417010810e+00
5.510757025916962704e+00
6.374497274591759854e+00
5.835753166182130691e+00
6.017348283710267864e+00
6.935993118851183858e+00
5.904325408588497304e+00
6.334414728798910765e+00
5.953298902205654386e+00
5.648795775212301251e+00
4.437932823438908159e+00
5.328724672954732178e+00
6.615224290655472572e+00
6.818239499420877259e+00
5.547990999743936946e+00
4.522181705410934782e+00
6.984123870502140008e+00
5.276872167115513435e+00
6.166508977799326274e+00
6.062441509479114643e+00
5.017958880476535377e+00
6.961772984455622648e+00
4.606393932479893039e+00
6.776963939974605999e+00
3.306570939902095496e+00
5.427119902784352412e+00
7.102021872016914372e+00
4.775189791048337185e+00
6.555176850589151449e+00
6.513544350349240730e+00
5.570237536413302770e+00
7.038649609075651625e+00
5.744307979156178412e+00
5.321550177211363142e+00
5.961976534225611246e+00
6.881504629062114908e+00
6.855943421277916450e+00
5.008530540031844502e+00
5.972501903919801514e+00
6.061244374728097739e+00
6.483552094588140413e+00
6.425643533460253742e+00
7.100266727926429766e+00
7.463274543512181225e+00
6.268282286912527645e+00
6.552705576569124446e+00
5.937981347756759121e+00
6.237561095226404007e+00
6.015390544021861352e+00
5.344620352684940734e+00
5.145473482209641958e+00
5.921519943048374479e+00
5.496770132261906916e+00
6.032190753492575830e+00
6.115147541215775640e+00
7.543634929090756280e+00
6.589871267093426965e+00
6.262798537806614441e+00
5.834540801554314093e+00
7.187780115704306638e+00
6.855068107568894398e+00
6.723282607543539235e+00
6.526650942547697731e+00
6.435830621121530370e+00
6.902912639720524268e+00
7.041861752218529169e+00
5.529358416682713440e+00
5.312948845860953284e+00
7.354659699246883342e+00
7.057742546036518405e+00
6.410018401547113776e+00
6.494867670355353617e+00
7.340058129342773796e+00
5.551147263421729150e+00
5.894071256411225868e+00
5.924085346014907216e+00
6.437923100510830388e+00
6.899597017050614234e+00
6.072985850290820053e+00
6.817259298529677380e+00
6.231802694110872842e+00
5.446989730686655484e+00
6.532751884965337652e+00
6.627373405090613900e+00
5.831992407958244584e+00
5.206178161899874368e+00
4.878943652175822265e+00
5.629877743097420506e+00
6.384144180814130820e+00
7.117815487607073166e+00
6.323829670163640948e+00
7.570003727695844731e+00
7.787815028582794064e+00
6.469135949781548156e+00
5.821693898811106216e+00
5.806902781694371463e+00
7.251281700786122997e+00
7.449535944131977949e+00
7.427960928712282751e+00
7.471062388036881607e+00
6.884595148062622627e+00
6.879963877533861627e+00
6.538611912539566084e+00
6.066641018150287223e+00
6.421130233564714906e+00
6.522574279552292076e+00
6.349548196483840279e+00
5.416157645813317600e+00
6.454815548926110758e+00
7.826783367483223230e+00
5.698916951587983171e+00
5.581706033566060654e+00
7.619141426909848747e+00
5.918057414982959230e+00
6.338558270105031589e+00
5.988400227851249369e+00
6.437373986079022004e+00
6.782309159695044443e+00
5.625575002591745921e+00
5.473433813254783509e+00
5.711848727150233174e+00
7.653788720873977880e+00
5.965494065712864113e+00
4.693766751626035294e+00
5.684743406361023155e+00
5.676446273488267025e+00
7.321261793084004488e+00
6.731521300632589799e+00
7.415678152873689477e+00
5.009619100563673655e+00
6.531557561803941425e+00
5.407444594437808227e+00
5.916742314833118854e+00
6.300643786776922717e+00
6.592202640745067121e+00
5.517144156623784212e+00
6.002096326688275418e+00
5.639970861435883442e+00
5.645198714241360882e+00
6.907183374558524491e+00
6.656134230664076057e+00
4.763502280783254328e+00
7.053007822684501882e+00
5.380282546234475660e+00
6.441225065945298311e+00
5.922322147378283219e+00
4.892149249788713128e+00
5.398332056767458198e+00
4.960970335897954442e+00
5.810919034171419639e+00
7.536468174989113145e+00
6.192966833261361437e+00
6.961848403786225603e+00
5.468565680360093495e+00
6.422809003777924630e+00
5.232570365163916826e+00
5.076506335181866447e+00
6.204654780235165035e+00
5.390234284017419775e+00
6.681943896891293200e+00
6.509562859147357550e+00
5.565843170186115074e+00
6.906018186074123655e+00
6.785162168467334887e+00
8.302620739485364609e+00
5.343512435236362101e+00
6.923577653241999030e+00
6.930689295493090540e+00
6.823177194946694613e+00
5.919680437506456450e+00
6.810691449118876584e+00
6.259123890761504327e+00
6.607723895637399814e+00
6.518519076545198132e+00
6.515537518927691174e+00
6.357511685434418247e+00
6.701137966906038024e+00
7.025268204185537435e+00
6.935985718906358066e+00
6.204970609774445478e+00
6.477853055299358509e+00
6.524504536460093540e+00
4.714064823017641181e+00
5.476520455626551431e+00
6.041728171205941855e+00
6.640013856639102485e+00
5.811933132564424120e+00
5.260780994285873646e+00
6.210880640908150063e+00
6.264778791909279221e+00
5.895389975644315328e+00
5.512471908564169354e+00
5.857484683268961767e+00
5.901822609093457572e+00
6.373448060727655573e+00
6.419523655139299123e+00
6.475035434207068619e+00
6.377577360020866060e+00
7.531456152763438716e+00
8.568561641447766775e+00
5.333002391379156215e+00
7.486106450368362530e+00
6.654339081231792186e+00
8.177064830466736822e+00
5.989177217284904486e+00
7.373592024513590637e+00
7.839499198593821383e+00
8.145830769895445300e+00
6.842729414405047450e+00
6.666168700883829956e+00
6.945764887223363715e+00
6.169013633940971353e+00
5.911484796289755650e+00
7.253523124666411803e+00
6.750659334655295218e+00
7.086018340155938233e+00
7.472591473527829820e+00
7.041224840821498354e+00
7.583539708464508422e+00
7.997437760420331720e+00
6.736883678681820697e+00
5.944930473824585171e+00
7.768884167691090248e+00
6.020811909448291921e+00
7.497654851883037708e+00
7.009065164876664866e+00
7.401393367706094573e+00
7.222269874792791811e+00
7.765343738743775148e+00
7.540353745735555613e+00
6.742147977898966360e+00
7.751470403237849638e+00
7.246512726798377102e+00
6.872844056851140415e+00
6.604820959047245310e+00
7.530177257267506974e+00
8.058076465698407631e+00
5.932936937376794617e+00
6.706389522805939585e+00
6.443301299753573019e+00
6.766911191694959804e+00
6.807502411942778942e+00
7.049277506042878727e+00
6.150173274923992572e+00
6.658402099512758632e+00
7.367537004661614652e+00
7.577059238874057634e+00
7.595028496534076190e+00
7.059793520988378646e+00
7.513219740993745788e+00
8.771017272069288495e+00
7.934527546620517846e+00
7.209864961647459936e+00
6.679196971758844192e+00
7.481236038883878336e+00
9.366386377434329447e+00
9.773441275153524899e+00
1.067952966352005362e+01
8.945945222953763931e+00
7.211384758696386399e+00
7.462856910505161423e+00
7.264964200282559403e+00
8.685315553839165759e+00
7.474528151027033829e+00
7.315432910690815582e+00
7.019903870976815341e+00
7.869019837654539273e+00
6.368353693941204874e+00
7.932860620737192114e+00
6.916513749121945942e+00
7.754341705084977221e+00
8.032138580313555210e+00
9.940220270257835722e+00
9.150362397693477590e+00
6.750506273039765581e+00
7.469393467332630543e+00
8.005248367317253866e+00
6.852353470413145686e+00
6.308661083422425264e+00
6.917194540966404404e+00
6.762297979635079948e+00
6.762575970133952730e+00
7.829272021739618559e+00
7.375890844643741673e+00
6.750497381710062861e+00
8.226632030993213718e+00
7.307129516102576439e+00
7.082231100685695502e+00
6.418600537531667705e+00
6.093016980983177788e+00
6.805213160269452111e+00
7.827415218915493966e+00
6.237287144524334970e+00
6.759528813948937120e+00
7.194888132758634036e+00
5.586122709578194900e+00
6.241824782795047710e+00
6.753149173283289564e+00
6.136819879341250505e+00
6.038979809729180914e+00
6.851735079801326123e+00
7.391842327468467921e+00
6.376087327351272371e+00
5.505778933219030336e+00
6.312081194630200898e+00
6.631044693410478530e+00
6.117983831108217530e+00
6.072508940956461210e+00
5.294474412056306534e+00
6.776939694830034888e+00
6.764869106961441503e+00
6.027269815916028506e+00
5.674668503066838454e+00
6.855046355773461109e+00
6.751627379293873688e+00
6.264398250912935673e+00
5.977521201902759707e+00
6.246184336496447997e+00
7.386993258791981987e+00
7.621471726929829771e+00
6.565566396311107944e+00
6.594665866055462011e+00
5.282006846155812951e+00
6.062681746871070310e+00
6.862993749807157151e+00
6.431995250774633632e+00
6.882286993505762673e+00
7.264472163501565660e+00
6.510952920020859125e+00
5.926257689759522940e+00
5.827484658950530694e+00
6.223867901760770316e+00
6.385739135288096335e+00
6.807209461620716162e+00
7.007140708757606973e+00
7.409201387375800252e+00
6.999088088311629541e+00
7.965206329897253745e+00
7.647873668176854878e+00
1.033214336353075780e+01
1.210582715616657445e+01
1.253312505904080609e+01
1.906227890561954297e+01
1.572885541510297003e+01
1.639868428472202666e+01
1.158578106147289155e+01
8.696864796788872809e+00
8.919018664848477940e+00
7.712919156119642849e+00
7.686731278267102674e+00
6.867363686001533907e+00
6.997644199491423578e+00
5.772516283183114716e+00
6.067288605986796313e+00
5.883644925888901867e+00
7.144775727227552942e+00
6.480407097791774262e+00
7.620339875968358712e+00
5.735785892868489277e+00
6.607107997788583376e+00
6.341519726989654160e+00
4.437139719442487973e+00
5.428503705898168441e+00
4.739300507252174555e+00
5.780676057423633551e+00
6.105192145660509162e+00
5.546713889017506283e+00
5.677019559091222689e+00
6.701699871277619458e+00
6.888414676834639039e+00
5.689380699727415447e+00
7.491167983692409216e+00
7.765551477372079070e+00
7.645520160786863251e+00
6.637929183270941280e+00
6.727354522815231164e+00
8.995764780676138272e+00
9.366014417148743831e+00
9.809210028279974125e+00
1.042048658461304278e+01
1.341941644080358564e+01
1.491164828306487777e+01
2.504671750147392473e+01
3.132932377521182588e+01
3.784166202056383099e+01
3.883896178931852461e+01
2.978111721630511255e+01
2.191517392392877639e+01
1.503085219634624536e+01
1.020313022782975310e+01
9.211081218782334545e+00
9.153537254576997739e+00
7.352059329054315029e+00
6.878953459987633856e+00
7.489832572881365280e+00
7.124977921447083418e+00
6.916424175928675311e+00
5.245155807124539216e+00
5.321595578888057787e+00
5.485474710807725529e+00
6.028534044722008822e+00
5.992490687743309508e+00
5.507239390304082605e+00
5.946521419347816639e+00
6.552529827755971148e+00
5.176177196306047001e+00
5.350876630212535012e+00
5.676997857331838482e+00
5.308542442396388950e+00
5.875319362388848887e+00
5.365140637922310773e+00
4.967474034339029565e+00
6.556259687329956343e+00
5.546532156440505013e+00
5.425918038600886284e+00
5.145634020612988024e+00
6.525829152862865357e+00
6.224371603053404201e+00
6.348212336471858563e+00
4.912045950358271185e+00
5.053339333855241478e+00
4.763859816279686576e+00
6.404905185393613642e+00
4.881428989905259641e+00
5.806046566865251890e+00
5.388495492388970298e+00
5.700732298597174008e+00
5.373552535434795274e+00
6.037825970040558765e+00
6.428406562356697052e+00
5.518047272216404231e+00
5.465384923056448407e+00
4.068203266673484642e+00
5.308973192453565915e+00
4.604873313784917599e+00
6.309691556633712395e+00
4.412831365303090614e+00
4.598623060870087542e+00
5.892615681816382178e+00
6.653524464897762059e+00
6.191034888020622518e+00
5.121816698671908696e+00
5.258819779688778340e+00
4.605522699320727220e+00
6.497625107993256321e+00
4.939540555385867115e+00
4.748416075947239356e+00
5.648214318712466486e+00
4.731023479633775786e+00
5.588199730467464654e+00
5.070093573092263384e+00
5.108412244922762468e+00
5.584757209966492830e+00
5.975412889008977047e+00
5.369454596140553981e+00
5.129517860649912109e+00
5.113807515464282361e+00
5.654855546736407668e+00
5.692834262231623477e+00
5.416097403758381112e+00
5.441877032280437732e+00
5.856291775624575813e+00
5.395977222843496790e+00
6.281994009757656094e+00
5.712749056085187682e+00
5.496075470137880892e+00
5.924848307567077477e+00
4.974786166460456016e+00
4.501076352496783173e+00
4.592192693081166510e+00
5.361926066799492574e+00
5.216242373448896075e+00
5.295525764337631003e+00
4.666650499770600646e+00
6.289965978628867305e+00
5.615196204558343673e+00
7.002586116450403075e+00
5.825149739881473110e+00
4.914920415096556638e+00
5.810051738684131273e+00
5.160301681870631541e+00
4.981217184998726566e+00
5.126532817971259703e+00
5.064064494051105925e+00
5.405810931750421489e+00
4.692985537897551573e+00
4.719105512983833073e+00
5.705944043987344116e+00
5.510829598175900124e+00
5.202262082577457925e+00
5.338605433398345035e+00
4.569341637231956632e+00
5.328482054693223446e+00
4.966443818940305732e+00
4.735221698291934622e+00
5.221069703967160969e+00
5.179242252681065750e+00
4.428484997143922186e+00
5.087353922101419457e+00
5.123420331256470561e+00
5.804675043689424996e+00
6.412644713835389254e+00
4.759291737053676030e+00
4.562189175480114045e+00
4.803939332920793781e+00
5.421576038807036646e+00
5.355255134256625915e+00
4.422090455782763385e+00
4.436215366251226477e+00
6.176435038239437070e+00
3.904662514582696975e+00
4.818600228645171235e+00
5.549991089633746988e+00
5.202201584013751656e+00
6.146135665063903630e+00
5.666362630827891600e+00
6.173337990372395723e+00
4.688015062082232731e+00
5.004632033895469512e+00
5.009509047129854231e+00
4.775615885955060591e+00
4.851919145350546358e+00
4.803307988052440969e+00
4.914722499612310891e+00
4.881105709549803606e+00
4.328596215904735978e+00
4.805121541227546089e+00
4.575493334150696256e+00
4.035364077322946663e+00
6.219469983771377386e+00
4.728899234623555436e+00
4.838520701909621913e+00
5.074738054810093324e+00
3.825291917746444170e+00
5.217887513093532270e+00
5.007274638492520857e+00
5.111727913907829546e+00
4.463597756605964584e+00
4.295653553979696504e+00
4.399939860253414992e+00
4.390855499609839896e+00
5.001731092949113666e+00
4.913630700942555940e+00
4.475908387728805948e+00
4.564446504085261758e+00
5.198794522891234671e+00
3.828066142029769914e+00
4.235306155688509655e+00
5.593352446222604080e+00
6.118697858218757446e+00
5.663270643915072178e+00
5.125424011645006495e+00
4.720385599149499178e+00
3.745559161550388705e+00
5.360489857345101861e+00
5.689318350584540163e+00
5.155268520790235343e+00
4.709343895528760093e+00
3.276836803301463430e+00
4.544173168337981572e+00
4.697748512057501991e+00
5.211248133518566306e+00
4.808071572186442211e+00
4.585857570802782668e+00
4.484869900569018242e+00
6.348399897185611707e+00
4.004920493348127941e+00
3.666417728593290626e+00
5.327394854865537432e+00
4.818130183899532071e+00
4.752040114972150953e+00
5.746881348178762394e+00
4.920472212758040698e+00
5.367515493001327798e+00
4.057841903185355648e+00
5.587899396197727242e+00
6.149261676197176563e+00
5.577268079659788214e+00
5.723676635795511558e+00
5.440493207634959028e+00
5.072369145343786911e+00
6.606555412354241597e+00
6.927532700914603048e+00
2.785004821570266298e+00
5.571915105329735773e+00
4.953320103499169846e+00
5.600500069730061981e+00
5.995326536794805428e+00
5.496665676896388852e+00
6.284574785908547234e+00
5.066520985156309109e+00
5.724954574967376253e+00
5.015165158652404642e+00
4.832193595455575696e+00
6.058993422016792252e+00
5.554538641110351449e+00
5.093407402912884407e+00
6.019745608347633947e+00
5.973086095057412948e+00
5.509968657217038768e+00
6.072112587100461312e+00
5.139531624680493849e+00
4.608149668566415613e+00
4.667571992032780059e+00
5.497778334726645788e+00
5.529831688749861307e+00
4.508651982849613660e+00
5.577140749105711670e+00
4.402586039244799743e+00
5.238869525069600463e+00
4.845901050190803971e+00
4.802069750097655465e+00
4.140810896639907313e+00
5.550239772819218764e+00
6.454299361257833212e+00
5.118460389749516004e+00
4.847084572735539609e+00
5.532853682411242424e+00
5.052532006055747260e+00
4.356535243201732577e+00
4.461642687339063329e+00
4.427402346871430083e+00
6.009467924183448773e+00
5.519907288049274996e+00
5.242072122995198313e+00
5.986894987628015308e+00
6.057040990541729286e+00
6.407807259333862859e+00
5.692379145150129105e+00
4.523551612171637260e+00
5.208780503829741448e+00
5.844090821152279069e+00
5.529679261904807852e+00
5.468020522744895473e+00
5.255522114328967653e+00
5.506865017306952659e+00
5.555511543177495959e+00
5.113225920842519479e+00
5.344201704752447490e+00
5.837444947685158425e+00
5.501818431878599647e+00
5.755001689049891844e+00
4.616089456737643815e+00
5.662982743831534549e+00
6.536177189244696706e+00
4.851337988373607857e+00
4.676015250182643967e+00
5.200859412572522267e+00
4.887559329822734000e+00
6.100765705908644421e+00
5.918833811703744452e+00
5.149720847700876902e+00
4.540023099192163514e+00
6.366636716916755034e+00
5.472581475625919012e+00
4.534296782837531126e+00
6.159346254309048696e+00
5.941970702500150914e+00
6.749428579976901155e+00
4.588405243331856731e+00
4.407292580937383519e+00
5.098031275536711426e+00
4.627442823720418374e+00
5.304499072089517320e+00
5.544204934821169495e+00
5.901059990907334019e+00
4.800191085666347668e+00
4.402873548202377307e+00
5.038829847965614839e+00
4.444020563828698478e+00
5.378890695542684064e+00
3.988054915359803498e+00
4.344940052397223695e+00
5.726262661362793160e+00
5.768692672564739610e+00
5.687162973098065955e+00
6.030390616318329400e+00
4.634744806932276973e+00
4.808484307672093117e+00
5.206199158852126807e+00
5.015747645429851076e+00
3.878094341395784905e+00
4.733056579532137320e+00
5.224010353022801922e+00
5.292762368049316990e+00
5.207080156530930815e+00
4.495478791235891336e+00
5.569411387507995137e+00
5.424495615493239775e+00
4.960253386401832110e+00
5.198462680377491374e+00
5.565332259659814262e+00
5.326566928617693542e+00
5.163971491509552258e+00
5.421102651299853470e+00
5.604738113695837853e+00
5.664862082130122545e+00
4.397559560854631400e+00
4.887157038871024817e+00
4.231379602972882736e+00
6.483156698767563952e+00
6.055561948560381325e+00
4.993241349020678399e+00
5.146179280800605937e+00
5.539647617712148531e+00
5.376520319540082582e+00
5.145204129059925968e+00
5.060930713153502403e+00
5.573712856274424254e+00
4.924436444411073310e+00
5.512416596177455830e+00
5.370361371117129856e+00
5.312829163042735559e+00
5.354992247270633499e+00
6.541086230684945768e+00
3.314106072741556996e+00
5.399526294318416575e+00
4.916856103094207953e+00
4.813233181614324785e+00
4.678119637065203840e+00
4.946942592577223685e+00
4.982715006440129990e+00
5.705768244180005944e+00
5.023717196616948932e+00
5.663953237384028228e+00
4.925186147154633431e+00
5.077432553032004137e+00
5.025198673293338025e+00
5.291774460752177056e+00
5.049202260976621837e+00
4.647265961072812424e+00
5.571330095802152549e+00
5.491201233672793336e+00
5.984625138760995000e+00
5.122814166268180536e+00
5.845733672344523235e+00
4.362493886525886211e+00
4.649656787876218722e+00
5.343756998335616792e+00
4.890131663807331108e+00
4.896383655080255082e+00
5.335815580610346665e+00
6.927782092322991581e+00
5.115693788676153986e+00
5.018428937499433751e+00
5.569426390399340399e+00
6.214174502754134188e+00
5.580653601819848042e+00
5.349013170934291850e+00
6.193743088945845798e+00
5.344249704067804529e+00
6.342680949319428052e+00
5.210610078940343115e+00
4.250172239493435811e+00
4.593814949979445394e+00
4.532581798919564697e+00
5.005130025922877479e+00
6.208190838167996439e+00
5.180040315813903007e+00
5.000740807962241519e+00
4.733650369117836654e+00
4.902796874802060501e+00
3.587757744812223759e+00
5.334632209754151866e+00
5.048686114616048215e+00
4.299833357593151995e+00
5.087822705005714319e+00
5.078830817302969258e+00
4.433473343455114346e+00
7.013989172334454736e+00
5.971101727633601364e+00
3.338267989278027148e+00
5.127770267893071221e+00
4.246120071391612072e+00
4.461015048299963759e+00
4.320134152190345134e+00
5.131351385258324349e+00
5.365004417230433198e+00
5.033647803808467991e+00
5.212597105423911081e+00
5.820814497189097381e+00
5.452309643599313027e+00
3.523050222254543229e+00
5.198247529995180471e+00
4.895814506843901626e+00
4.655734984366277196e+00
4.327113740608064418e+00
4.210537331742978395e+00
6.175232221110807274e+00
5.379443082745242855e+00
5.066703237947963956e+00
4.680421710597379992e+00
5.209400643768749006e+00
4.230434477188336650e+00
4.792524181719099552e+00
5.394963429549978429e+00
4.690691628134192825e+00
5.521909250730865359e+00
3.345888523196888009e+00
4.772877113807211025e+00
5.295118207918131148e+00
4.786787970940053150e+00
3.760652909585438852e+00
5.368441175813037702e+00
4.408730911398893504e+00
3.352055852745902342e+00
5.161715452763974810e+00
6.289871937832113069e+00
4.241575109069170679e+00
5.427465533855929003e+00
5.506357578795562979e+00
5.158065494546731244e+00
3.632744004257286718e+00
4.603251588914534231e+00
5.230020945786353792e+00
6.067958345672953335e+00
5.322429292347173657e+00
5.105265364805633865e+00
4.572964218153004801e+00
6.778812550421362104e+00
7.598131964915381786e+00
5.596532302601469944e+00
5.983291566456939492e+00
4.197687199307009287e+00
5.672798705082589876e+00
4.280015052340521819e+00
4.594579921810645118e+00
4.692252714239550038e+00
5.956810151369290374e+00
5.619197879677723328e+00
5.447793224426422221e+00
4.026643928935368599e+00
4.964451215391163963e+00
6.173483523024925645e+00
4.614916785092857410e+00
5.429472183911517646e+00
6.147725761767671493e+00
5.025897739667410491e+00
5.176486457098252281e+00
5.000930461155508766e+00
5.422889141734116514e+00
4.552223987924242543e+00
5.644790996459813748e+00
4.597464881343606535e+00
4.367297281928682828e+00
4.652025315447886555e+00
5.328295143467417283e+00
5.397025588765385073e+00
5.003324083401805566e+00
5.617774774888917300e+00
6.035085933292719140e+00
4.401907291684999279e+00
4.698125601415015673e+00
4.382873674984862689e+00
5.350553081019735480e+00
4.888660284074816786e+00
6.906726974762840143e+00
6.255555592614966187e+00
5.176184248377879271e+00
5.395279196800411015e+00
5.786803624314365457e+00
5.728174800725429172e+00
4.291794282191616183e+00
4.914436275742425586e+00
5.549837251178963982e+00
4.200060901523766432e+00
5.460425455994036170e+00
4.940634432996983350e+00
4.652716706726145013e+00
4.785317064873640724e+00
5.279495096225924833e+00
4.902511645874638724e+00
6.109918444950126037e+00
4.738890412976281219e+00
5.056808054358525872e+00
4.024953458930554895e+00
5.596314905188110700e+00
5.176924883691899737e+00
4.766288167338450066e+00
5.209635032573534552e+00
4.593876460424597852e+00
4.614484785602623873e+00
6.101721591984042625e+00
5.474360106085089939e+00
5.314907546104143954e+00
4.115275272711687471e+00
4.928870414720555537e+00
5.171061872088029254e+00
5.350540507540892499e+00
5.573260592537069513e+00
5.691240083345893375e+00
6.199449622988712605e+00
4.710067283582782593e+00
5.567961605707902883e+00
5.804250905004477268e+00
5.277045535761346606e+00
5.208103174751483877e+00
4.441019688312199953e+00
4.760710395178463727e+00
5.312431427624709102e+00
4.803447058802867708e+00
4.190434517881984178e+00
5.640226084592728562e+00
6.753112942715390865e+00
5.874886650795327903e+00
4.604808444998583106e+00
5.126569443473553811e+00
4.909790362635539474e+00
5.454616907742898313e+00
4.795342087452491242e+00
5.771985425041524564e+00
4.479815524443921504e+00
5.913538381310326386e+00
4.112071731912259942e+00
5.719292534050189225e+00
5.867043289385229343e+00
4.254737521503422215e+00
4.494946712931597865e+00
4.769831377082503820e+00
4.899027466956548338e+00
5.026377279255428654e+00
5.548767425425364053e+00
4.772043651082885418e+00
4.646915785484235784e+00
5.129630001704130748e+00
4.689704931965218648e+00
5.100877515897980885e+00
5.686920848154737307e+00
5.969699206277493175e+00
4.761343374816440210e+00
5.270167078162570462e+00
6.768772003669710102e+00
6.173739636171678313e+00
5.581329235424175472e+00
5.157463233646083722e+00
4.322515408863571551e+00
4.049380072009250320e+00
4.859021476346345736e+00
4.690845863572580932e+00
4.920994443882189096e+00
4.546348802769214714e+00
5.158527899658269078e+00
4.964196545442502106e+00
5.070926920589360343e+00
4.326671137133085487e+00
4.377310820452899875e+00
5.624386571561240444e+00
4.698794982707050316e+00
3.917009661033189261e+00
4.810172193778331717e+00
4.742256596941426317e+00
5.665664037497559313e+00
5.412086644872986518e+00
4.790076964218642708e+00
5.775117536683013419e+00
5.538014213145528331e+00
5.776638021921057131e+00
5.699481584859508843e+00
5.517820231930854469e+00
5.302209879687606708e+00
5.086941503289457600e+00
5.128085389629702284e+00
5.022447647150685590e+00
6.330990331108274027e+00
5.152287246190313752e+00
3.986724193801171268e+00
4.074459304900380552e+00
4.478416303861203929e+00
5.011783468517916340e+00
3.990967966744548789e+00
5.560511950845951290e+00
4.864455494717076611e+00
6.121007400488173822e+00
3.633929996811565033e+00
6.874263893975307127e+00
4.816068515573003417e+00
6.792355649421744523e+00
5.785880441188608891e+00
3.829774688029822460e+00
3.575829578661454899e+00
4.666660713596231247e+00
5.635949615852186234e+00
4.994736836419561676e+00
6.029578782681996429e+00
5.695754861234820332e+00
5.641488058785221860e+00
4.615381947962613474e+00
3.521975435921181674e+00
7.030226183731977052e+00
3.747114184739867682e+00
5.104387131097293917e+00
4.437069206088255058e+00
4.753309037898602263e+00
4.660329443589596998e+00
6.179812590486817747e+00
4.628034072649456654e+00
5.509834695565064777e+00
5.771010177995214541e+00
6.519098886196868392e+00
5.766466203976101212e+00
6.205916838778790634e+00
5.107095262671608182e+00
4.609513891435323529e+00
5.338119819240476183e+00
4.571518216761008446e+00
4.637854642141226336e+00
4.191015051661031166e+00
6.008984089173107890e+00
4.495027005113282570e+00
4.127358333367746823e+00
5.316752364695208399e+00
5.043739576717667816e+00
5.387964176074304667e+00
6.142808181347847452e+00
4.708140187664922927e+00
6.176558710453607937e+00
3.453784455305453083e+00
3.975947470206120382e+00
4.112807796352385026e+00
4.425968416340475997e+00
4.974200802554451073e+00
5.011194833088287837e+00
6.599796401962906955e+00
5.752033159523928241e+00
5.944718557393700920e+00
4.525309160105190465e+00
5.152525106237600738e+00
5.453668764839117777e+00
4.877189557142630250e+00
4.349847546514217456e+00
5.460598549255387013e+00
5.623852390287624736e+00
4.883936913088241738e+00
5.607742670158427423e+00
3.642329869898686567e+00
6.504570979237654704e+00
6.154310795694577507e+00
2.878656438752489333e+00
5.745007936756289624e+00
5.107999440988288065e+00
4.242789835075335247e+00
4.719965045094429712e+00
5.032773225045837684e+00
5.279571097932594270e+00
5.850752143166642050e+00
4.468339293717422223e+00
5.376591575232977149e+00
5.111142993246008182e+00
5.315118186133141798e+00
4.329514561328557498e+00
6.131148002237631900e+00
5.414664848953537835e+00
5.243003232468444352e+00
5.723924939876330775e+00
4.305214088375160841e+00
5.458634568891860717e+00
5.670136421803963600e+00
5.610220955928446607e+00
7.066628711023722254e+00
4.928063177225776137e+00
4.919789415868566884e+00
5.110067695106716101e+00
5.894119172371487636e+00
4.138575325266503846e+00
4.914299699178419800e+00
3.957380952997404222e+00
4.584335160747186499e+00
5.088158062522407654e+00
3.603483086664040158e+00
5.347531334361410593e+00
4.695645023882883962e+00
4.581580043074155562e+00
3.045380260695821129e+00
5.739489297590727901e+00
3.933026225675238852e+00
5.659399221159817195e+00
4.411209802686509640e+00
5.392711324127034800e+00
5.423786042224348236e+00
6.722788935854762116e+00
6.177770712118168639e+00
4.055327565232116349e+00
5.961831337141108911e+00
4.689806600375137080e+00
5.365540348202603838e+00
5.986755669579912897e+00
5.257655843978716881e+00
6.521051762484862735e+00
4.062098931847770267e+00
3.855441924792854635e+00
5.011828674754821300e+00
3.467003818235045109e+00
4.417030616160685597e+00
5.679819995396821142e+00
4.048424445969540209e+00
6.227905993110459448e+00
9.399979991968644200e+00
4.549034555492807108e+00
5.602522502630641554e+00
4.144047643184285867e+00
4.531640575586310504e+00
5.411666043504601120e+00
4.434943074415107489e+00
4.807949294809088947e+00
4.701758036319069411e+00
5.283606342781520304e+00
4.015155889681840229e+00
5.395008376695046515e+00
6.041250752611619035e+00
4.411900147683905260e+00
4.218714700722707711e+00
4.775456491169193463e+00
3.283030578802318189e+00
3.546815132702282547e+00
5.590614723024311949e+00
4.287847628260633037e+00
4.857563557215487826e+00
4.376486109255210089e+00
5.451839634541203239e+00
6.569641782039373545e+00
4.861340791085449808e+00
4.794425310867858947e+00
3.769834179166675181e+00
4.923936451921091972e+00
4.934851292997990413e+00
4.598747009238596029e+00
5.797303694156480169e+00
5.427207992854132357e+00
2.694482048966705179e+00
5.072303950304675624e+00
3.854846946203320357e+00
5.006643935688848579e+00
5.226422544723154928e+00
4.745760755976135670e+00
5.799467374570308920e+00
3.763597947485295858e+00
5.463371207430162357e+00
6.066847488078892958e+00
4.980570087931551093e+00
3.815019532189836138e+00
3.546752186970913101e+00
5.583217860324618975e+00
5.256996349680443714e+00
4.331877553485636412e+00
5.645535215042901456e+00
6.188390008381182916e+00
3.846715146589981593e+00
1.760061534773259773e+00
6.159518069629219994e+00
4.807241409971496182e+00
6.021643352177524555e+00
5.066505372616457947e+00
3.880207056608459659e+00
5.316552211914399528e+00
4.947066438636389840e+00
4.477979735065334310e+00
5.114817684034945522e+00
5.966025792546717277e+00
5.228195164295346586e+00
4.496612213287299653e+00
3.829846065833693913e+00
6.127834269363710007e+00
4.147902032859359878e+00
6.159099067711288455e+00
3.732838582391817095e+00
7.087172595017108279e+00
4.935570016841792196e+00
6.500662433692125930e+00
3.921600702790003723e+00
5.564200162048495102e+00
3.723301494593892702e+00
5.428259540842610420e+00
4.828434047101997528e+00
4.128750830070571531e+00
4.680334107221725937e+00
5.363414693854509530e+00
6.047370717855503841e+00
4.349808950080857883e+00
4.863491546229693263e+00
5.184057416792188455e+00
5.535762749570263708e+00
6.980976772875499670e+00
5.320251149350511355e+00
6.752838379154573190e+00
5.167024707561140850e+00
5.394216383456925001e+00
4.424748574177469251e+00
5.483421243445662618e+00
4.461924999598958053e+00
4.047958072909834115e+00
4.780913294371570643e+00
4.821443628813719684e+00
3.737815772064213338e+00
5.803042844929623634e+00
5.876812012995524803e+00
5.506191601705684668e+00
6.642939108735411047e+00
5.495753323102653631e+00
5.102983304189588232e+00
5.333565895936081880e+00
3.795448635193066966e+00
5.157176592096773149e+00
4.944137430432036240e+00
4.770055854818227914e+00
5.658706902041537035e+00
5.026728155923560593e+00
7.445315341824689348e+00
2.660639801803538429e+00
8.361014432584800815e+00
3.854096178796937444e+00
5.051289779309131589e+00
4.504942498602546586e+00
4.009562441874816585e+00
4.839414710053046242e+00
5.167841913543869126e+00
5.718245536032037002e+00
5.035918565471114938e+00
4.767565979540155929e+00
4.677624313422198199e+00
4.726611271722014784e+00
5.604791220601040180e+00
5.824206619664851203e+00
5.574730253157790472e+00
2.683604406173270895e+00
4.652378959908562095e+00
4.244173335058341046e+00
3.740829762680239146e+00
6.233454185183557428e+00
5.199785189748858727e+00
4.617266524706653996e+00
5.575025446362793069e+00
5.897301106473087806e+00
4.947469140015987143e+00
5.129888077938159263e+00
5.213868279090703162e+00
5.080446481051486884e+00
5.470452261193226029e+00
4.865560480790476205e+00
5.249827596683801723e+00
4.856952000711515005e+00
5.825658409219986567e+00
4.741416135023376555e+00
4.465370503224311172e+00
3.610307854777506265e+00
5.783493871948871323e+00
3.749428167575810100e+00
4.222423198799422295e+00
5.296533160218976022e+00
5.747116073923956847e+00
5.424540994557976781e+00
5.303120699165755347e+00
5.608609503262277585e+00
4.047071994507153825e+00
4.620175587318602339e+00
3.729451596693247328e+00
4.276154148839637514e+00
3.911920127302305428e+00
4.203949078574212628e+00
4.922295797662995298e+00
5.360810120517291999e+00
3.441894821443335140e+00
5.353811658711060240e+00
4.358067068218009155e+00
3.968062720016602984e+00
5.554478465579181901e+00
5.346778260823968232e+00
4.538038968453958155e+00
5.469216952046016544e+00
3.920915672788169104e+00
3.078301137274308541e+00
5.041624322637721534e+00
5.005238977114089494e+00
3.816446344831617044e+00
5.103365821566886673e+00
4.885816168487544076e+00
5.905917324872744345e+00
5.708369072488570950e+00
5.356719538227334709e+00
5.815254064687843005e+00
5.182582539610437244e+00
5.161028667929417502e+00
4.940195849562323716e+00
4.197345282770437613e+00
4.944905303087197446e+00
5.692782768652998371e+00
4.092693121235524423e+00
4.851468095123422586e+00
3.634841816057598152e+00
5.053563936939536205e+00
5.946776196866338182e+00
5.737386302396245696e+00
5.514007237810916173e+00
5.270364254296888262e+00
4.384297366122323680e+00
4.293549504246080062e+00
4.788819647455420991e+00
5.304364152787141684e+00
4.984485851000811429e+00
5.880545486450092341e+00
5.169934741413998225e+00
4.591797268834008960e+00
3.920740338440130923e+00
5.409712626164628446e+00
5.784251163160706533e+00
4.463997270084645308e+00
3.613183952231328711e+00
4.720866790145182179e+00
4.116970460787738872e+00
5.356497903918529424e+00
4.724137524759200346e+00
4.867960405391732692e+00
4.687051936456756884e+00
4.436379817988446383e+00
3.536258017455765401e+00
5.033448479128343145e+00
3.750400387733877849e+00
5.304598921690542035e+00
4.599390409647182487e+00
4.980370089808363154e+00
4.348289623158177797e+00
3.301562796908398045e+00
5.197823050874690765e+00
5.316040821627351143e+00
5.463106178853895045e+00
5.082020237493346748e+00
4.061408115081205139e+00
4.242806433787328579e+00
4.465864959314939320e+00
3.808780518241726476e+00
4.744062171711327380e+00
6.358329587831318186e+00
4.254294454172636186e+00
4.218765336600206695e+00
4.441161770430504419e+00
5.465267475911593564e+00
5.640652605155036525e+00
4.422727848825679153e+00
4.777305480941793192e+00
4.714960567184362183e+00
4.933125976200975593e+00
5.907604928250945520e+00
4.562201864322228850e+00
3.894972159130705602e+00
2.733808508198063425e+00
5.041829672149487962e+00
5.832287423955132333e+00
4.210491103900658061e+00
3.125753619433391250e+00
5.009480776685627745e+00
5.419071710006476472e+00
6.034520082200048208e+00
5.752050952202508505e+00
6.496538359105525018e+00
4.130368715877072994e-01
5.542706486009747024e+00
4.621304519907741160e+00
5.406603020516252300e+00
5.693958099696221353e+00
3.844547269504415610e+00
3.616151448135138224e+00
3.807322662827211879e+00
4.889952227739619239e+00
3.395807468945133856e+00
4.413250229455415230e+00
5.343974693684069521e+00
4.433816718918161648e+00
3.788913775703670161e+00
3.861741380537066615e+00
3.805566315249476528e+00
5.192997384032609354e+00
5.018414381178640582e+00
3.651361871870913323e+00
6.294335919218800868e+00
5.893441890253391158e+00
6.760220883287558102e+00
7.749212884796299328e+00
7.731073678155373941e+00
6.466177038709891356e+00
5.984788639300644419e+00
5.910584615828210708e+00
6.391927509288371390e+00
6.340463021784667141e+00
7.111978063507066850e+00
6.531849741422952604e+00
5.256259234720602969e+00
6.303289987768863512e+00
4.925419894826043254e+00
5.289114930148001825e+00
4.044006941842760661e+00
4.690341143394385348e+00
6.995897931194330788e+00
5.318116120437021976e+00
4.950673292148439764e+00
4.737709242390804043e+00
3.996647993755837902e+00
4.704691386916003637e+00
5.664225772656510394e+00
3.637469535485819971e+00
3.146282562493053270e+00
4.550475604347608893e+00
5.244573303805363906e+00
5.454706944858410900e+00
5.410941562263582583e+00
5.109396709872077835e+00
5.924695418560238735e+00
5.672651138170002660e+00
6.959065441463795132e+00
4.881453921949019836e+00
3.752956109208883895e+00
5.328003898139209049e+00
5.421165064164934932e+00
4.570238801260294359e+00
5.651385272068660370e+00
3.628500252287982342e+00
7.137198807654840493e+00
3.130002656982319831e+00
5.982318554186734971e+00
6.363243434831774792e+00
2.828325498363122747e+00
8.258476153868844705e+00
7.980447951591772338e+00
9.877518417459048017e-01
4.233155693375421080e+00
2.687718589165310590e+00
4.501373156587492375e+00
4.988319547872566595e+00
4.721010162107436514e+00
5.517809164494063445e+00
5.425645435547897577e+00
4.757078595340649585e+00
6.449957996913763481e+00
4.078897179277035434e+00
4.686576280273953898e+00
3.391251551842992207e+00
4.968911984581720453e+00
4.923537756347091232e+00
4.203664115494742504e+00
3.506606283269213531e+00
7.065467273033913642e+00
4.405899540832068695e+00
8.665616747271823073e+00
3.387202614514050136e+00
5.090970886657553152e+00
4.365713751963594902e+00
5.064585577866967725e+00
4.622766747551743549e+00
3.875924167512563301e+00
4.536767275150509704e+00
4.798639977425283476e+00
4.681670935074647488e+00
4.761372353360297183e+00
5.189477356914433237e+00
6.781112211436718162e+00
4.790141088881602727e+00
2.247352126738381806e+00
5.043526466109440776e+00
2.614876509525550397e+00
6.316066022269429148e+00
4.439473450840849544e+00
8.058628363174724640e+00
6.181137777219312568e+00
5.566542546048394158e+00
5.888180568047203245e+00
5.142724541759140067e+00
4.534873533092673270e+00
4.273473208949768676e+00
4.838862056685253599e+00
6.258373272446339897e+00
4.908065679623855537e+00
3.092831075620179337e+00
5.532141514500558799e+00
6.107772342375758612e+00
3.548475467526945426e+00
5.607347620147940859e+00
5.514833336295354549e+00
5.071379789441520458e+00
3.979472945633832026e+00
6.044716070399155150e+00
5.258252878419207299e+00
4.709813503651316680e+00
5.613661664295979570e+00
5.255475576785640257e+00
6.643036674403791864e+00
5.141193430515438756e+00
5.230238367282282752e+00
4.843241542230168228e+00
3.827560744765288625e+00
4.878522056354837488e+00
5.921118088986596639e+00
5.265829176183742355e+00
4.564358287077125098e+00
7.560286299355609252e+00
6.246504276272983880e+00
6.578853578988762330e+00
7.744561594644848945e+00
6.860855480048011046e+00
6.286117365798617129e+00
5.190442755366965422e+00
5.648844502492939235e+00
6.635524258933612529e+00
6.577638053310561617e+00
6.348584540196987369e+00
7.529995714231803028e+00
7.941238069873494787e+00
7.744982533400420976e+00
5.691497028072781461e+00
8.983970398417872261e+00
7.527569151804162750e+00
7.747055924201918131e+00
7.193708612112200917e+00
7.144231737787531955e+00
7.452156788744232152e+00
7.962734720740891170e+00
9.979236454042293758e+00
8.614831448855328588e+00
1.129996157614093732e+01
7.615852781576156083e+00
1.011900672916825883e+01
8.712781946732720328e+00
7.656125189229585182e+00
1.104734591722407266e+01
8.274925702481723988e+00
9.136114549766420012e+00
6.888178408226147909e+00
8.852114831566362696e+00
7.711469140047652715e+00
8.750325877415315645e+00
8.768751840092020799e+00
8.329892129649154597e+00
8.712264702976984410e+00
9.258189511012659523e+00
8.786300936608279599e+00
9.903220362054932835e+00
9.124002358470271190e+00
9.763203023266406433e+00
9.926475616093838994e+00
1.024318761282059498e+01
9.017995078996772662e+00
9.352476570469589134e+00
9.032869796974281940e+00
1.172840188558189745e+01
1.200908403032464378e+01
1.136855558561586932e+01
7.677094367007214260e+00
9.948645451011087104e+00
9.045883347144771491e+00
1.093996564703757102e+01
1.101531886450386111e+01
1.166819503403451641e+01
1.123631042849250683e+01
1.306003629333691762e+01
1.272040386077519258e+01
1.067102658899483103e+01
1.273951566674940317e+01
1.368384251312954447e+01
1.090363687377077184e+01
1.236018456771925678e+01
1.354268271361120668e+01
1.667005982073419190e+01
1.677179933695379788e+01
1.491632203768315357e+01
1.748764537605184088e+01
1.257141656501692850e+01
1.146852539775210111e+01
1.191152991276989681e+01
1.055138396303988202e+01
1.325808154032701225e+01
1.020086746469864281e+01
1.273663040327636686e+01
1.237305570827772172e+01
1.336400019332523570e+01
1.311237177933698561e+01
1.679291587777899508e+01
1.606586096714726253e+01
1.447980230899045750e+01
1.278301915442330383e+01
1.069868464772408068e+01
1.151375170026775052e+01
1.028240603081467164e+01
1.025665363362641180e+01
9.891974578312142441e+00
9.660329497989062375e+00
1.099237760861992008e+01
9.047240307652632652e+00
9.922176624200217177e+00
9.712962179142534680e+00
1.036336932608685757e+01
1.396248086969767321e+01
6.784707530295734479e+00
1.048669229625558330e+01
8.538030115315072166e+00
8.570150611917989991e+00
5.618370891706510939e+00
8.149847177356686956e+00
9.722829068014860354e+00
1.034707154729315270e+01
8.381618534781852148e+00
9.408567107848188726e+00
9.067883322530002843e+00
7.297617735701421360e+00
7.523194601083309507e+00
8.932874603061952357e+00
8.834248203559175394e+00
9.217597364103424340e+00
8.702816642479158205e+00
4.716317268228080728e+00
5.895022256805992455e+00
7.104667414761988375e+00
7.392608401397581019e+00
5.864536756445351884e+00
6.337846323129666004e+00
7.576402574208102259e+00
6.232665597269472890e+00
5.941343173354021623e+00
6.254211043116183255e+00
8.334058065032117213e+00
5.673359032298479931e+00
6.297160870903467433e+00
6.585431358476428798e+00
7.705235716205184104e+00
8.538486823118871527e+00
7.629662835585849123e+00
7.492901302098276872e+00
7.838777214757977063e+00
9.116253668319650671e+00
6.232258572840154720e+00
7.320385679130290590e+00
7.165990929031597290e+00
4.480372362240577111e+00
7.103940686150637340e+00
6.523767550138471982e+00
8.174117850105652394e+00
6.685529721346842535e+00
5.183004365818170811e+00
5.133513486972936413e+00
6.810078101320411470e+00
8.322677410186530622e+00
5.475515938504721625e+00
7.554710935106098368e+00
6.573050390992196235e+00
9.154750230676240719e+00
5.826060636703813245e+00
5.857723039538724308e+00
4.668113683940418923e+00
6.613572438253462416e+00
4.621627202534547507e+00
5.206419044356795034e+00
7.209907103139261864e+00
5.697665245234115439e+00
7.940144476688208997e-01
6.093495652702206833e+00
2.784173133100706021e+00
5.194936680105231019e+00
6.425079518592126782e+00
7.459397067479253352e+00
6.296888575740955396e+00
6.667978640095856946e+00
6.308290025559561087e+00
6.450622306699530739e+00
9.921643712380671332e+00
7.314933437440428676e+00
4.524877158637065300e+00
8.933660283968073657e+00
5.181206133321785146e+00
8.795206128255195210e+00
4.788602678726087802e+00
9.869681978724813121e+00
4.629968909511084973e+00
7.238109949226163131e+00
8.474523412529070043e+00
5.842306226085669074e+00
6.335772183459676299e+00
6.478698782376274501e+00
5.787408981353805437e+00
4.794191570881320530e+00
5.194940947830358979e+00
5.228440855538746490e+00
5.629138550038804922e+00
6.953670568529788376e-01
7.917891404438934799e+00
2.746799966333022258e+00
5.649929366476883708e+00
4.860538977404868177e+00
8.066077465273577829e+00
5.309595457674743280e+00
1.178823524947361756e+00
4.878632458882590228e+00
6.037879684902107691e+00
3.259350826130005707e+00
3.964154895466024620e+00
7.579430572072423544e+00
4.649371751950801546e+00
5.298220350511255283e+00
5.311977932573039851e+00
3.228066919867229156e+00
6.942082615374331134e+00
5.267654838615129620e+00
3.829045160140444715e+00
5.226085856125058271e+00
4.102894774213662110e+00
5.546949940672903701e+00
4.721317595021684355e+00
6.047596060951960339e+00
5.703239602958864118e+00
4.940866985760136387e+00
7.159219442044242321e+00
3.139660259426516387e+00
3.926731845430917023e+00
3.855199317702789230e+00
4.576774928633718709e+00
3.643723102331822172e+00
3.883996400880904698e+00
4.546912815204671610e+00
2.093613816138202743e+00
4.147649554435776764e+00
5.125035808281969807e+00
5.888623514216464905e+00
4.240974804797828845e+00
5.586901601384063554e+00
3.057574269725413796e+00
3.595675219869425732e+00
5.648346398154316717e+00
7.381617885391991152e+00
6.804224976283622439e+00
4.270149375112309187e+00
3.045675035788798279e+00
6.660861584447193451e+00
5.701805162033120489e+00
3.954072625709176503e+00
3.658860973482489065e+00
3.512125810006941684e+00
5.051405355079146453e+00
4.739611952143325979e+00
5.073532025524212230e+00
7.373783162995716900e+00
6.640907247227003651e+00
7.054942073774704170e+00
4.152220039361283810e+00
5.484099071450732055e+00
5.466919076113255116e+00
5.604206886384037745e+00
3.236907268473464327e+00
5.080030036182840547e+00
5.042684684575590381e+00
4.402977813991548750e+00
4.396948798531876257e+00
3.812053361264513995e+00
4.284668412921581293e+00
4.296826742898952389e+00
6.860864056316715143e+00
5.083550930460262407e+00
5.262430223920802064e+00
5.971845528310621098e+00
4.680393013354809284e+00
6.666444802779166956e+00
2.980442551647701777e+00
5.907055610678108692e+00
8.097553795513530162e+00
4.817839647926447810e+00
6.279492565993261444e+00
4.502802201499857659e+00
4.654346725128430506e+00
4.510346383123978953e+00
4.998385489160177109e+00
5.955021967246949544e+00
5.745660150524878773e+00
4.496181690526600327e+00
7.273802062937884116e+00
5.400716791316554577e+00
5.515842884705875804e+00
5.749460009535984462e+00
4.383015913953748566e+00
6.059772783073682945e+00
4.910608542841931268e+00
5.317691747424981408e+00
5.146726838299925610e+00
1.988791186885546125e+00
5.329551886392960292e+00
6.376559316121012344e+00
3.264298548327119853e+00
3.485943324259183740e+00
4.382935342824902492e+00
7.874173810643236848e+00
5.042615134658010589e+00
3.546908454250861098e+00
3.917069655364906033e+00
4.578223471745319628e+00
4.632035627499385910e+00
4.241613727700606518e+00
8.172386151172037927e+00
4.386937736902620344e+00
4.617398347724180674e+00
4.281508288233249360e+00
6.204350969410873162e+00
4.655860209482487910e+00
4.816690482723710254e+00
4.677128620689848582e+00
5.151868234074271413e+00
4.841676320389021626e+00
3.879026077806221551e+00
7.830965508976875711e+00
5.573457520454367042e+00
6.709087528381360244e+00
5.598940385445383860e+00
3.966176473968596738e+00
4.748900240285282237e+00
3.179973640704883753e+00
inf
8.689411585362446289e+00
