1.406721265085191774e+01
-inf
2.079411884116273868e+01
1.827552356879264295e+01
1.335697483230750038e+01
1.067047972275687329e+01
7.943081893247057934e+00
9.707239113899747807e+00
4.541497352503868434e+00
1.585098415679601480e+01
7.056256697133020062e+00
7.869493466989053942e+00
1.402691575852369610e+01
5.195351321679229528e+00
1.078869157891609198e+01
1.614197137313455954e+01
9.940192789396384399e+00
1.643253407372269548e+00
1.632979706553662069e+01
8.322815402594743617e+00
1.681910624191733650e+00
7.149525589982211216e+00
9.614346007377200465e+00
4.440522222789489715e-01
1.058117276760220093e+01
9.997280892492929283e+00
1.314791567353888269e+01
4.536564914845491181e+00
1.819121243206288341e+01
1.028966258172091131e+01
7.498058697592242972e+00
3.185724376525947754e+00
9.407547008727192406e+00
2.681111375618590920e+00
7.133326766260180918e+00
8.002414433394514859e+00
1.330443644067893416e+01
3.095644745169566558e+00
1.359960515261464131e+01
8.688841348536458398e+00
1.100489817799215331e+01
1.835144416983747817e+01
1.756962938791340889e+01
2.112464416971533865e+00
1.287440183831384033e+01
1.147146674071155914e+01
1.426889571244274535e+01
1.318832642128477950e+01
1.174561888407669308e+01
8.997536764760672767e+00
1.665611920794881939e+01
7.501171299864143549e+00
3.485118244669642262e+00
9.409846200868612343e+00
7.729748387354227646e+00
5.876412345771722556e+00
1.537224690567780883e+01
1.781756458167901513e+01
8.322188781737805741e+00
7.444748908068685722e+00
5.068911859146583154e+00
2.276393463093786451e+01
1.614385227566125991e+01
5.883761519163083875e+00
6.355959732339276691e+00
6.332084024274726275e+00
8.516118394951520898e+00
1.363063154164601265e+01
6.525017728541517847e+00
6.636881531628290531e+00
3.007296191827247611e+00
1.012446407182042130e+01
4.057230973422213616e+00
1.011987868482930608e+01
7.304759273375635686e+00
3.785096658283764626e+00
5.934117654917058893e+00
9.662804475113725644e+00
1.561599794795069229e+01
1.609370618255703533e+01
1.297408124779296834e+01
3.573272033681432092e+00
1.047712256059816305e+01
1.247566700331694456e+01
7.517397675826364534e+00
7.513863321782850768e+00
1.210063475459766380e+01
2.147390337262559612e+01
1.520968771512455042e+01
1.046990062004624278e+01
1.374126211808109232e+01
1.614196401368214495e+01
1.983488804941708139e+01
2.490467273087663003e+01
2.494419687696060350e+01
2.013526779216187634e+01
1.077611367642346352e+01
1.011497567790001817e+01
1.662293213188159058e+01
7.973767418790359329e+00
1.038478024942040534e+01
4.699091721656076359e+00
1.325551401073784419e+01
1.102326885309690674e+01
1.177129713198890570e+01
1.491014512893416111e+01
1.319504496164471163e+01
4.501251622611567527e+00
5.578344458182977306e+00
6.872174950967719909e+00
1.242085426585361851e+01
7.976950939775973026e-01
1.189550890966192265e+00
6.685418243741450439e+00
4.130944234978283447e+00
5.196792356538066926e+00
9.435739446141367281e+00
1.072171420180740675e+01
9.191423763038946149e+00
1.097845244649783680e+01
1.301623885632892552e+01
1.636158127336491575e+01
3.878673526360243429e+00
9.831067340067747296e+00
1.072405269400060490e+01
8.287778081095833471e+00
6.195809613877653277e+00
1.663645725112403895e+01
1.275854781308897046e+01
1.086782212712621032e+01
7.605945677997747900e+00
5.397966397779024206e+00
5.769697218422098928e+00
1.278612786761487996e+01
9.125491193655541622e+00
3.449167843076172968e+00
1.347161358038883705e+01
1.359481866030706598e+01
8.946783495393800578e+00
1.320925311428610627e+01
1.260790929819407324e+01
5.171729330209414499e+00
1.118944930648621749e+01
1.501764479349384018e+01
6.742524625665183180e+00
1.079725928780594124e+01
1.388061301837812600e+01
1.148163590534372958e+01
1.983637747484393365e+00
-6.555042683401985926e-01
8.118609217652881682e+00
1.106515100273274044e+01
6.186416645710314910e+00
7.097660863560052213e+00
2.245721282697195953e+00
-2.349597745376640567e+00
7.999560071998722321e+00
6.089664859889518667e+00
5.945907706732191933e+00
9.554412822757790025e+00
1.305115069393577265e+01
1.007468346650111535e+01
8.638361731318726200e+00
1.079008701289033745e+01
1.222414229027562982e+01
1.217288789615241740e+01
1.017666302957712787e+01
5.499491791836621957e+00
1.206066020729944199e+01
7.578469284067420375e+00
1.044863040667060616e+01
5.786943360085251342e+00
7.501546528765307364e+00
5.245602145140617623e+00
3.882285328376706701e+00
1.315433233273984648e+01
1.370606357503380757e+01
1.208131128648945207e+01
1.092058886159215092e+01
8.322940676330880194e+00
7.148340701814985820e+00
1.036765469746580237e+01
1.068568017469928222e+01
9.373653029101189915e+00
9.922011075463373686e+00
7.598714128146688118e+00
9.624372314281519181e+00
6.584553338774545850e+00
9.449847748274883941e+00
1.046074232605795018e+01
8.600654741905575662e+00
9.204339946417348983e+00
1.096211072196706304e+01
1.137025608652870368e+01
1.023611989908184050e+01
1.117592711264667926e+01
9.626183681921768098e+00
8.840914486553332452e+00
4.779579208561181680e+00
4.319635980113526230e+00
1.189555313546287607e+01
7.075349033183974790e+00
8.084313703852878064e+00
1.105012157573215603e+01
1.337039076590640008e+01
6.368923496643573046e+00
1.046015593771566543e+01
4.650858748356263561e+00
1.663483329261394061e+01
1.221163903982566978e+01
1.142872559669315180e+01
9.777198448146764420e+00
7.872643108940597045e+00
1.292425766664280218e+01
3.864146871379186443e+00
7.564061475433542903e+00
1.156955854900122738e+01
1.051758776829066377e+01
1.310621333546801104e+01
9.424466483161690888e+00
9.677022902975087604e+00
9.935617695165458230e+00
1.067545244092729462e+01
7.151178749575908711e+00
9.860098095023031917e+00
4.909990506996170012e+00
1.174013882852063873e+01
8.403394459475162392e+00
5.089578236403407452e+00
6.533537920060796367e+00
5.704707290901346539e+00
8.308238090229691508e+00
1.155165217955156898e+01
1.677242650614062569e+01
1.304724489242565433e+01
1.181705109804643428e+01
5.656702968970663825e+00
8.289066763768357049e+00
8.392957584452066300e+00
9.982071222505730645e+00
6.699235269483296840e+00
7.627187821705486037e+00
7.097260472088307459e+00
1.006013422401385782e+01
6.070020137629685841e+00
9.164450138094426990e+00
7.183285572451901579e+00
1.195591424034924444e+01
6.364403178949670448e+00
5.830157826988676462e+00
6.851408817619144109e+00
6.190607559850683117e+00
9.628711518090003807e+00
8.603783400115297297e+00
2.767510585838484083e+00
3.776462566445869751e+00
1.454422481334479578e+01
7.545925956375977073e+00
1.039276431063721340e+01
1.074457931610610117e+01
8.709287716171965954e+00
3.681274654219932607e+00
9.107936759289000150e+00
1.074133839768022192e+01
3.439900009909374390e+00
8.776870736659503791e+00
8.842723627035431022e+00
1.270671378738433610e+01
1.032457582017582176e+01
1.165459751275903599e+01
6.478195765250807980e+00
1.059091353658274670e+01
5.751773213311649258e+00
5.009280806805460173e+00
1.041062336009615308e+01
7.578082043739367002e+00
7.589832103300537369e+00
8.278546100844405231e+00
4.641087386387241054e+00
9.940978160027956534e+00
8.575703022273785336e+00
9.564132098943948890e+00
8.761924913638253543e+00
7.113137626639857380e+00
7.247878761806293646e+00
8.478781742071086924e+00
6.010699814423284160e+00
1.246800465038328376e+01
1.102270204772685602e+01
7.491307944865686075e+00
6.945739739831498838e+00
6.131322860499015093e+00
7.550245231182571182e+00
7.646418117123416458e+00
1.188301341010904721e+01
1.011880527429365983e+01
9.684941191368134028e+00
7.918297691857542731e+00
6.295795671334643018e+00
5.359964269490682831e+00
9.584535969122008225e+00
2.499125765162012236e+00
6.832652278667321610e+00
4.532819677736562802e+00
9.766263686360895591e+00
1.700838942722492675e+01
1.244931724653139504e+01
4.579125412797756312e+00
8.216584618797707407e+00
1.313815896521380644e+01
1.279178547162912771e+01
8.314704343974099743e+00
1.047392495458182893e+01
5.754418016702000926e+00
3.937158506101276600e+00
7.871096782309721540e+00
7.029493278670726930e+00
1.280101487246627023e+01
6.917268098756063743e+00
8.219654002415667904e+00
1.155368662748857567e+01
7.940158207839369098e+00
5.843449307982507612e+00
4.011390069323796048e+00
5.292631258380003700e+00
1.241085579628819424e+01
1.122060349243810151e+01
9.847604845898699111e+00
9.857809966967272075e+00
1.235523915234880477e+01
6.947079903511788501e+00
8.069273781226378617e+00
1.023875290194514243e+01
3.219024265787229222e+00
8.649497623199959406e+00
9.285844186480289864e+00
1.297066264783057221e+01
7.868438554761755910e+00
4.186976114466991916e+00
8.992552644534461237e+00
9.293458324027982442e+00
9.781717065837483460e+00
1.283899829503879175e+01
8.702114317901369134e+00
5.634884917678562921e+00
9.374071817682548158e+00
7.687584006092468947e+00
6.854840203855679270e+00
4.168932169851435887e+00
7.278896607651433648e+00
8.536301284817687574e+00
1.005543601796681941e+01
8.975883024795452414e+00
2.754085638366172262e+00
8.816635648536129466e+00
8.823299286760459381e+00
1.106324408887769728e+01
8.937449865562355100e+00
6.291751183622254828e+00
7.765357369449731095e+00
8.478123022172315615e+00
9.320296699163375109e+00
7.843968054201908124e+00
7.909392687873820549e+00
6.430225206412037764e+00
5.312060080855069089e+00
8.270862248301929398e+00
8.669833872238875472e+00
8.008374182730609192e+00
4.489520274656850773e+00
6.542621165962608565e+00
6.021362509015044218e+00
9.521781744404703929e+00
1.220535900306814980e+01
1.142544921094157573e+01
9.653211885595968766e+00
1.361392516829548072e+01
1.304790089457411462e+01
7.231155788595682310e+00
1.113402310121040806e+01
8.009562449079691504e+00
9.509409408108560058e+00
7.876856084836385996e+00
5.742558457393601934e+00
6.567521426924962213e+00
8.690370973621396544e+00
9.779195329038456563e+00
1.013325621626928097e+01
6.440175416547211817e+00
1.217861738344665135e+01
5.237625446339547963e+00
9.958165233070788602e+00
8.730816772033657358e+00
9.571224390487042655e+00
8.004109012145972812e+00
9.159899797281756406e+00
1.014243184417501098e+01
1.052532749136490153e+01
8.627679501564582409e+00
1.130447402148369207e+01
8.235013136031685832e+00
1.107255575762971134e+01
7.537137046593647582e+00
6.842868121385055957e+00
8.338210629746017233e+00
5.825163422216363962e+00
1.361948598227101392e+01
1.114815995412146776e+01
5.818014559502794114e+00
1.060980930161101199e+01
8.210135996630841149e+00
1.305811644764837709e+01
7.092281762439187176e+00
4.553561682095955021e+00
6.283646038267725942e+00
4.978115580911699922e+00
6.231453121740266887e+00
5.552148020464682254e+00
6.927105834748410018e+00
8.620997051668005895e+00
1.030612233475175898e+01
5.353509458118820064e+00
6.850582185394925361e+00
7.296267739449454837e+00
8.463025142389243527e+00
8.194936683352185725e+00
7.940011477739897572e+00
8.382229252377729978e+00
1.232256613421759361e+01
1.021663935522840916e+01
1.082962177822899363e+01
1.310036031513054056e+01
4.913170293062377958e+00
4.756788665654097414e+00
7.861642088808840967e+00
7.143098102282773532e+00
4.992751311466161468e+00
6.278255182159083070e+00
8.175897091844046116e+00
8.431920723758187464e+00
9.746708407214821790e+00
7.296722587000372684e+00
8.101429490935942113e+00
9.331732217170099375e+00
8.333291536769412033e+00
1.117435808545988252e+01
1.039674792260187530e+01
9.884804954463369597e+00
1.283383966270999998e+01
9.666844315278778410e+00
7.208631120434728423e+00
7.376608173015147152e+00
8.003846965238556876e+00
1.104946123371599320e+01
8.436666430664782723e+00
1.108724117241646390e+01
9.892214453041940914e+00
1.153188019103088102e+01
1.548773772424987527e+01
1.824056218636192384e+01
1.769837871173260169e+01
1.847567919275289228e+01
2.058996539273370630e+01
1.686025153267727816e+01
1.224819923129225252e+01
1.272450591260392727e+01
8.967734447651155349e+00
8.485746081201689606e+00
9.598568292183148998e+00
6.138366730705969054e+00
6.012015948917745156e+00
7.596246548454240965e+00
1.175484144748367576e+01
9.901719816941607633e+00
1.072945321520225193e+01
7.938885408581416669e+00
7.847058619583657801e+00
9.859201622537179688e+00
9.738254050053724242e+00
8.143141547276588454e+00
6.940062086046195233e+00
6.610306145940994860e+00
6.351893003731254872e+00
6.138851755487893413e+00
6.687570492653479803e+00
7.808744866335687540e+00
5.715632202399246076e+00
9.019961862093445859e+00
7.497199580318290479e+00
8.518903207079294049e+00
5.946496306411048316e+00
1.046635986754048453e+01
8.053873801070729144e+00
6.598140567679663171e+00
6.352115773589054548e+00
6.275246242324792334e+00
1.213991922158308512e+01
1.015341061218075502e+01
9.415607738637314483e+00
8.678281776051665730e+00
9.020493421979882243e+00
9.268078790205201756e+00
1.125258995800137285e+01
5.342532683938143734e+00
7.215427549724814149e+00
8.305519738381580197e+00
1.047043356373360012e+01
7.679581178319307533e+00
6.699059511520893295e+00
4.824318399649351718e+00
1.048044608984573500e+01
7.084183280169503938e+00
7.743371268622015080e+00
8.700051326174156330e+00
8.370268031019961086e+00
8.597195211900091394e+00
5.280829132667943071e+00
9.474793401682690686e+00
1.333465234282144607e+01
1.102564981064924687e+01
1.032503619503549430e+01
6.064600803917663541e+00
9.134230765951578235e+00
9.164690886381087864e+00
7.886843895825220940e+00
1.046051955108941378e+01
9.365326068736534282e+00
7.268641368121524060e+00
9.737364731669760687e+00
1.143596336695522808e+01
8.420512626930994671e+00
9.296816554830266810e+00
1.011687531908170357e+01
9.900233709356200507e+00
9.098784183669520687e+00
8.541386676476731665e+00
1.116807729015918049e+01
9.093630869067236944e+00
8.485256185039501631e+00
6.217563088943388827e+00
6.634457262054180404e+00
1.207386979134048310e+01
7.840291097668431242e+00
8.223171267267487039e+00
8.741742662536053032e+00
1.141251685686364681e+01
7.449332614869882185e+00
8.866055084092280936e+00
8.618681527154228306e+00
1.052399825688204515e+01
1.190569285486580853e+01
5.632563644270192071e+00
1.072926159082831354e+01
8.883538791679292501e+00
8.946284238988177151e+00
1.104557488352802253e+01
5.999252596679634841e+00
9.504941380873447088e+00
7.320441541012783659e+00
9.347527779287325700e+00
8.812845984728713944e+00
8.708398997875697489e+00
1.173808948345497249e+01
1.062550014639319862e+01
9.833039499238312331e+00
1.115155465702711446e+01
1.036287482316273412e+01
8.470881476961727330e+00
1.216690037885319065e+01
1.200272526749145463e+01
9.954658370466789918e+00
9.705246608841124001e+00
6.278976343384955250e+00
7.495825045826868482e+00
9.072497702993931767e+00
8.045689305756294374e+00
6.167291178582432032e+00
5.757670548512827224e+00
6.323397169334616486e+00
7.573262632309172737e+00
9.085584515698480246e+00
5.600295266256307691e+00
6.105774250589311336e+00
8.156525581608191189e+00
5.587625693281732531e+00
5.611272255204283965e+00
8.458490221412887422e+00
5.231939777739407660e+00
1.075365709377054202e+01
9.219008849756576751e+00
5.334422628401610744e+00
4.438594411475380141e+00
7.125865690913486539e+00
4.922141866487576678e+00
6.382149289483797006e+00
9.903406571299859351e+00
9.712073491398026448e+00
9.452073872717839720e+00
8.736250404737583963e+00
7.590892529698551883e+00
1.056851541853911058e+01
9.371045698116891032e+00
9.331479884037479522e+00
1.377921844911240612e+01
1.231800910061477339e+01
7.595311683792102642e+00
1.215035998221776659e+01
8.434258810019354513e+00
7.889478062984364826e+00
7.602106125456321806e+00
7.259488588059024750e+00
6.518556472264208423e+00
7.097965744558695000e+00
6.460457096304910607e+00
7.883030378804130045e+00
9.212468275437277754e+00
1.153995442117410519e+01
6.398085928381222587e+00
1.185304309404306622e+01
1.132673596320745801e+01
1.186666276553157218e+01
1.317039109850727030e+01
1.518323552486404893e+01
1.451858839456052230e+01
1.195780342312397693e+01
9.131190572801942906e+00
1.028986158111894689e+01
9.275972267999581078e+00
6.286597762616583651e+00
7.358370498993350495e+00
8.900311836760140594e+00
7.454531578442674444e+00
1.014977820252414098e+01
1.189244994338392125e+01
5.513480139726537388e+00
8.443506859645324880e+00
9.409253649479127901e+00
6.109437439543336623e+00
7.258168802786927998e+00
4.890956887678525433e+00
1.001358774065533552e+01
6.960184295432216395e+00
1.545234183805743555e+01
1.118830341655101890e+01
8.820235319862447909e+00
1.290492937154748532e+01
1.212001220097282328e+01
7.435507456422154604e+00
1.159874382852189001e+01
9.435618601552951290e+00
9.910491914634704358e+00
1.009844967279865457e+01
7.048109846345298912e+00
1.045779910952886205e+01
1.367148382153473740e+01
1.165411468500529324e+01
9.725786667962729837e+00
7.850186520243138233e+00
9.264052533451819116e+00
1.308274338988958974e+01
8.858461695088454491e+00
9.634826662510857176e+00
9.098186665370002757e+00
9.318876362233027066e+00
9.729167479640276284e+00
1.132183428940760272e+01
8.428858630868257151e+00
1.151340900954231827e+01
1.158422877976036780e+01
9.534168777208387624e+00
1.155146547066324558e+01
1.067523101788305873e+01
9.469919534675659278e+00
9.020445196236497765e+00
5.827087351698954087e+00
8.389727379346847869e+00
1.039913738927151243e+01
1.105048153148275958e+01
7.717794993754482746e+00
1.116341752971127121e+01
1.053703684917026173e+01
1.334236885662582672e+01
1.221982338341209662e+01
8.745590782547699504e+00
7.944564749118487867e+00
9.516545004876073577e+00
7.776032395902869432e+00
5.985629420564889003e+00
8.214273166210999122e+00
9.454931996668801020e+00
1.074897973402930873e+01
8.424061058051684370e+00
6.605979214648387554e+00
5.352134353811685230e+00
4.225142392794705160e+00
7.531994152095121464e+00
7.736268933810315218e+00
4.793078193373906615e+00
7.644185905108974666e+00
7.258442813924570913e+00
7.213298633155572404e+00
7.960321929087696091e+00
8.893416937324747806e+00
7.851105603886035844e+00
1.095476071225955117e+01
9.215324273958167112e+00
8.914937578581151101e+00
1.057800026754104294e+01
8.837441529130806828e+00
7.104599107338215980e+00
7.959010124439176437e+00
1.157866820698551003e+01
1.146535569494666262e+01
8.906258801756040455e+00
7.364208286360482525e+00
9.576934693659406861e+00
1.290837824868619421e+01
6.365150679640930065e+00
9.831943058007832192e+00
9.984860702193410376e+00
7.015181405814295168e+00
8.125519548394182223e+00
8.921781116833896519e+00
9.940636246802577958e+00
9.498427808547040385e+00
6.656389592308681991e+00
8.045719967125773309e+00
1.090600826569190041e+01
9.928282714456550195e+00
7.246578451178224967e+00
6.901568268893873537e+00
3.169935910542995838e+00
8.986586382339877943e+00
1.137680899396868739e+01
8.759074383781339179e+00
5.472497553069899823e+00
4.840543350846417958e+00
4.027487464533198391e+00
9.711400788109664006e+00
8.811619634202326523e+00
6.865648919556072372e+00
8.749087679956691233e+00
6.604371286767737104e+00
8.902212405959858188e+00
8.745720982189800097e+00
9.441632739690295040e+00
1.336659230376571728e+01
9.776784345839127255e+00
1.237234304098626225e+01
8.095372822765433796e+00
9.392052158114854166e+00
9.848729044687440037e+00
5.442651436229315465e+00
9.733159507986970382e+00
1.045487083806280637e+01
9.898853606000086458e+00
8.484781216714857521e+00
1.067040383918417135e+01
1.276132925336902701e+01
1.091139844849824847e+01
1.389529233868249847e+01
1.223621508052804963e+01
8.834706100350045332e+00
1.006783815131624138e+01
9.700705370373960079e+00
7.983510323642168949e+00
1.239668244819720044e+01
9.973747948745577574e+00
5.413792687691630690e+00
8.687985593054074585e+00
7.544551993956066127e+00
1.241610843227288719e+01
8.327068241176817764e+00
1.070735179801926229e+01
1.114024348942774090e+01
9.414349855110238252e+00
9.954287159515132544e+00
9.022979383149259291e+00
9.710570570851906780e+00
1.120055337859149169e+01
9.080793533829025321e+00
1.040412235116687789e+01
8.480030904136803827e+00
8.193865014302541994e+00
1.103557393278412491e+01
1.151236872970163283e+01
8.599278685184371440e+00
1.380606361207153832e+01
1.489696493102089292e+01
7.737952056353018193e+00
1.317440151931865344e+01
9.302920339583010900e+00
1.074725770384864099e+01
9.881423242398346574e+00
1.079357189610210277e+01
1.069928417473624371e+01
9.221699058804075477e+00
1.132239251051823459e+01
8.062217135287362169e+00
1.309839227380996718e+01
9.202752577951393675e+00
1.139698040718890937e+01
1.203137548929595901e+01
9.786076774527911581e+00
7.830557532731846848e+00
9.947500865926713232e+00
1.042689020161219382e+01
1.269165687337772574e+01
1.202704514395170321e+01
1.129504240238997070e+01
1.378849576247346498e+01
1.330333575353560427e+01
1.052327718876114737e+01
9.638334798924825364e+00
1.263727436298040097e+01
9.452436735213337826e+00
1.013203642808664107e+01
1.363102407582970521e+01
8.667532029200110344e+00
9.138511581680861084e+00
1.137106694264598516e+01
1.287494491201318603e+01
1.183312159244158401e+01
1.424591627716044684e+01
1.285246953648182533e+01
1.283886157324370814e+01
1.117313613123786276e+01
1.011481631857263253e+01
7.554311374191713391e+00
1.094699619300957494e+01
1.189519226403179175e+01
1.112923208022954746e+01
8.604128811766818430e+00
9.604043045114169175e+00
8.592602364671241943e+00
9.598464761396320100e+00
1.110094185938072364e+01
1.101961172895924079e+01
9.700574993766995391e+00
1.053300514543700572e+01
1.228148694806004393e+01
1.304974789786021461e+01
1.052345359140497294e+01
9.478832418827249029e+00
1.020068827404981882e+01
1.145392692493861020e+01
1.051604409188731637e+01
9.989038248031080869e+00
1.034724789482716467e+01
8.482307142767664843e+00
1.036676655890502019e+01
1.086607698781665832e+01
9.033228043671867269e+00
1.133665623427629576e+01
9.244022738534177108e+00
1.182416911809130688e+01
1.123574674331075585e+01
1.245022827551563083e+01
1.105467942656179225e+01
1.010204423934392892e+01
1.215030748482782208e+01
8.992537695507106577e+00
1.250634238559514699e+01
8.688206356393081364e+00
9.974670795464916750e+00
1.056980943865111655e+01
8.006762095569332160e+00
1.174034968895484354e+01
9.301795232321767415e+00
1.156259912311521276e+01
9.992667033316166680e+00
9.716124086562118123e+00
7.993674582609275880e+00
1.266061104792186320e+01
1.266744970238229762e+01
9.145987826949262711e+00
1.087922418623922560e+01
1.242881534298538426e+01
1.114868910445170869e+01
1.064460710894469564e+01
8.945749901680136063e+00
8.738741940268896613e+00
1.013373410353547222e+01
1.109586007065647806e+01
9.188372802713628218e+00
1.117822748662533350e+01
1.079637390218765525e+01
8.525671468623885474e+00
1.239693896272009610e+01
1.182937043248180053e+01
1.136683036643285405e+01
1.201004752298846157e+01
1.246163737615536249e+01
1.229813963365201346e+01
1.225473941996301619e+01
9.256668084789721362e+00
1.223274382444986230e+01
1.168776903249625398e+01
9.806013166128304093e+00
1.050386491729515548e+01
1.171263098155273674e+01
9.348951044521493614e+00
8.239960813904321668e+00
9.636128650515294325e+00
1.031948027370631316e+01
1.048099573817657770e+01
9.933837931678072053e+00
1.108866931263304956e+01
8.959160443530294060e+00
1.214712447125918082e+01
1.115999766500139501e+01
9.604157326949147588e+00
8.609671143576562713e+00
9.946819623528410759e+00
1.167192867324446937e+01
1.081381561083654397e+01
1.155902534592920361e+01
9.552013202101687028e+00
7.551385149556133491e+00
9.005738609464442490e+00
1.078106287478348158e+01
8.702143591461862115e+00
1.057334447348284634e+01
1.285871246685398717e+01
1.086999366820737656e+01
1.000322054590813536e+01
1.056358644555130688e+01
9.142384948707078962e+00
1.013881336890341345e+01
1.153616708739050090e+01
9.249448925837386426e+00
8.952627065274324281e+00
1.043771525101878872e+01
1.220971840282242482e+01
8.004407978776136190e+00
1.105298606129975880e+01
9.896391836138553444e+00
8.599390850366773975e+00
1.156859706603526661e+01
1.025433752139717036e+01
1.215686013632548956e+01
1.152176476081589129e+01
1.105841361881581086e+01
8.952386402426238732e+00
9.709321788501604544e+00
7.341914064175231402e+00
9.662234963949035915e+00
1.113401697215023844e+01
1.007893666294179802e+01
1.091254885789855678e+01
1.119818889186226940e+01
8.893734360247272264e+00
8.364353460341325430e+00
1.055958011183801304e+01
8.868668882163339262e+00
1.109504037073318372e+01
9.249709070122372978e+00
9.690236177806841766e+00
9.360260931410653740e+00
6.858609509247561853e+00
1.178716894812404625e+01
1.119985018581271241e+01
1.070817392022274106e+01
9.543497064989677980e+00
1.127775065223381468e+01
9.343298805799800988e+00
9.531743509924691438e+00
1.046852629332902573e+01
1.064174273291797412e+01
1.297330711648672974e+01
1.142098557108807810e+01
9.477637206298076933e+00
1.086964815299411313e+01
1.126942478266842862e+01
1.372661210558552369e+01
6.648088306636169342e+00
7.686175130959560065e+00
9.578900768010271349e+00
1.101035371550864994e+01
8.033926632719571970e+00
6.729459491167767204e+00
1.000028461738216379e+01
1.261608277780322496e+01
1.034168695914678082e+01
9.248223789938744943e+00
1.236746109016499773e+01
8.982980277709698314e+00
1.103669636012390498e+01
1.183147785769457272e+01
1.326806865550915582e+01
1.042971368471578586e+01
9.557548768522485361e+00
9.731150675584942178e+00
1.074673417194224001e+01
1.098297755493432781e+01
1.252073068009518231e+01
8.994064717251555763e+00
9.930185998796753566e+00
1.362321579614761902e+01
1.151172569782090704e+01
1.092248701857311133e+01
1.357837032258873933e+01
1.262246824608178741e+01
1.191684538308155439e+01
1.150044794684449201e+01
1.262880186221659251e+01
8.117529180928475085e+00
7.301340552207424395e+00
1.015473003665081819e+01
1.088523070778710533e+01
1.090113346512805315e+01
9.801276606940007241e+00
1.112734429508145517e+01
1.187363142927190118e+01
1.301020215201722507e+01
1.070352413871522579e+01
1.131922628189328428e+01
9.474025800911798356e+00
1.076915010015940233e+01
1.380969433910551558e+01
1.140767312588551441e+01
9.074653371769077381e+00
1.103095229433988500e+01
1.198086229377562617e+01
8.393301133675992176e+00
1.226828209867428754e+01
1.293752492735047710e+01
1.172746574185627466e+01
1.144917434767090292e+01
1.295120528161387696e+01
1.183848399934912976e+01
1.185440851668324136e+01
1.163796053008677767e+01
8.701158773600608853e+00
9.335550506727514630e+00
9.677461602450474487e+00
1.026910806381264685e+01
8.966068247108621492e+00
9.273033731569510607e+00
1.017791178858122514e+01
1.009834699771496958e+01
8.438927779866347123e+00
1.220682212388079435e+01
1.139918083493608769e+01
1.128453194209265220e+01
1.101948908517598547e+01
1.114527909842958309e+01
1.069787779849021447e+01
1.570283177545777775e+01
1.406643257021135440e+01
1.093542288083382097e+01
1.137064061964105832e+01
8.434536467758313449e+00
8.672476834023123970e+00
9.382645744634338314e+00
1.019269004222148212e+01
9.672787450415896160e+00
8.863156721984827513e+00
1.044569390063379366e+01
9.465205675120984097e+00
7.448296538922430265e+00
1.148586038961816236e+01
1.167410857244346012e+01
1.309089740496925813e+01
8.138291990757569039e+00
1.267046396790674834e+01
1.389547871770705001e+01
9.937040170024706853e+00
1.193721924500042419e+01
1.514367729276332319e+01
8.827155394906284869e+00
1.023304376825943685e+01
1.102172479811155625e+01
1.357858186861242800e+01
1.136747297237724652e+01
1.276481423382590208e+01
1.122564205463368836e+01
1.163299215281204724e+01
1.100280879081967456e+01
1.012738066994959141e+01
9.454389475691352018e+00
1.025085415633154007e+01
9.702682244700856273e+00
9.183499475648480015e+00
7.297928586517965499e+00
8.970654051163053921e+00
9.470871948921724126e+00
1.086281699564377590e+01
9.290333287782297944e+00
5.289359038753340236e+00
1.163284832752568931e+01
7.884176852184467066e+00
8.664771782837581426e+00
7.183001929384116302e+00
1.170491356046688658e+01
1.105150187902964554e+01
1.214856351612241525e+01
9.572155625120435829e+00
9.339822982995755751e+00
1.045399440606201225e+01
1.125362919677420059e+01
9.943771942273091469e+00
1.277587322029594397e+01
1.071060180379905447e+01
1.030479163124871356e+01
1.264632912689951638e+01
1.154565342456063171e+01
1.044304391832879197e+01
8.079308040080425357e+00
8.582981913990753498e+00
1.105352194960024903e+01
1.037276027577808257e+01
1.025989582405303580e+01
1.316111123790965642e+01
1.417112599794005767e+01
1.096357787556919305e+01
8.585663200580004428e+00
1.431647037801412026e+01
1.105024928145308394e+01
1.111216103196818317e+01
1.206861541342901134e+01
1.423823437097766487e+01
1.509852625885893929e+01
1.222793504991904889e+01
1.080591577486489818e+01
1.095383171848236792e+01
1.300576400843097424e+01
1.298495729649088126e+01
1.194134640022435967e+01
9.932139563155628181e+00
1.001113565914563530e+01
1.063329196705405977e+01
9.886919903418702305e+00
1.241712701193321777e+01
8.993731678662735263e+00
1.051231807011532382e+01
9.619857955594129706e+00
1.111533787217180524e+01
1.319361488295907314e+01
8.215679262068301014e+00
1.048557576298617633e+01
1.305836471894674489e+01
1.098165310716599308e+01
1.201048145476424978e+01
1.328408502250620238e+01
1.261202488358732765e+01
1.060666067764312359e+01
1.127338878702988723e+01
1.166108308925395143e+01
1.520785854525065162e+01
1.281023601788997546e+01
1.389339860763743140e+01
9.751743975766997252e+00
1.259973290568690096e+01
1.342867522969925176e+01
1.055154562782018424e+01
9.198958480063971876e+00
8.751859326672256856e+00
1.178517560160020849e+01
1.345523461313004887e+01
1.022408588954267827e+01
1.401208606462104633e+01
1.264727469989416697e+01
1.168124351016445139e+01
7.481586264898353100e+00
1.118702398820574473e+01
1.095672440456734797e+01
1.025865187982663329e+01
1.120389564525680726e+01
9.727571975075820276e+00
1.172484880419481534e+01
1.340893833517094258e+01
9.528583512963482605e+00
1.053997291875931630e+01
9.701587559111539250e+00
1.009447000035678421e+01
1.121878747906160712e+01
1.252405888600151940e+01
1.224506645956461881e+01
1.159864451866476998e+01
1.103626604213893536e+01
1.133198184250779228e+01
1.195036225218320070e+01
1.021050962499582759e+01
1.000920065357472488e+01
1.182231687764242878e+01
1.062415931986511808e+01
1.032740200303299716e+01
9.168282694335667671e+00
1.322441432382361803e+01
8.655601791237971909e+00
1.111821054519098695e+01
1.191844637135648632e+01
1.142467609300766895e+01
1.212909344195543504e+01
1.133756862171309088e+01
1.237996419228919898e+01
6.920758934612488922e+00
7.839983678086928087e+00
1.213891005394586031e+01
1.469204647897156235e+01
1.385788988391840348e+01
1.115612212562860606e+01
1.099423004008252569e+01
8.756776554310000904e+00
1.139025919120001795e+01
1.051406527427715254e+01
1.283093606601108050e+01
1.399589151118260588e+01
1.289199805795314013e+01
1.196752981218731904e+01
1.190469103778410087e+01
1.094552069690829477e+01
1.149895411956807401e+01
1.000636503927002607e+01
1.144957379227403393e+01
8.803986866531271716e+00
1.185709018788541158e+01
1.074103888408973440e+01
1.040718965855518796e+01
1.097582655286935882e+01
1.129761280514063593e+01
1.159311900836155829e+01
1.139282122845371958e+01
1.391192551164870927e+01
1.136609723288298923e+01
1.370796460124596550e+01
1.517866547682134382e+01
1.265556159157621607e+01
9.305295541023680173e+00
1.151064740906417150e+01
1.129069351458700510e+01
1.415180903440580096e+01
1.307380651340024791e+01
1.093641735271432047e+01
1.296509711165024470e+01
1.237184805648175612e+01
9.811942696855100010e+00
1.141701980725360954e+01
1.116279916219725798e+01
1.150424836774938164e+01
1.015204297974068659e+01
1.173091113355326698e+01
1.364990095459535979e+01
1.113098453137608423e+01
1.037095832993216682e+01
1.409755945396001486e+01
1.400127566224567488e+01
1.268340571331763122e+01
1.044003426096425535e+01
1.401153537927972259e+01
1.262545581338027567e+01
1.522064031931270556e+01
1.594704060594473205e+01
1.171741323146572711e+01
1.066377841614609601e+01
1.370280566465032912e+01
1.155256681751627035e+01
1.136517634081737782e+01
1.178734162786276585e+01
1.281811069415572746e+01
1.466904831279669175e+01
1.116406611162432583e+01
1.445047493896113444e+01
1.144711584286102912e+01
1.074680746715162982e+01
1.496442391810266770e+01
1.410085482189759531e+01
1.327361257868796685e+01
1.526384836029789582e+01
1.133812669996269840e+01
1.134722776021186519e+01
1.233535833356247124e+01
1.114950352666209277e+01
9.421817171676794445e+00
1.259079955134008699e+01
1.502789028223320322e+01
1.202562925458287779e+01
1.162642198236458846e+01
1.193933939046648263e+01
9.625254489281010351e+00
1.370034928450773570e+01
1.603741548917618687e+01
1.282196034299190579e+01
1.510620867834318481e+01
1.273283494515444225e+01
1.314633722781681868e+01
1.284426995082780465e+01
1.547218728283276690e+01
1.145920714498152115e+01
1.309704769405895064e+01
1.560516433094722899e+01
1.074857763393326415e+01
1.216950134101595715e+01
1.221039964750321438e+01
1.293012524021213139e+01
1.125707434331355472e+01
1.344399758487914198e+01
1.370433493812439174e+01
1.617487344833839202e+01
8.984180206892576237e+00
1.098173631288445051e+01
1.191718754598556629e+01
1.262863283611728349e+01
1.044814804459776170e+01
1.367608657238707615e+01
1.151184716075076864e+01
1.374617994557555889e+01
1.032986328108619034e+01
1.258693378226554316e+01
1.161379343946249776e+01
1.142833952163368316e+01
1.008111863642310624e+01
1.093824654205316094e+01
1.007029674262188301e+01
1.109043274404966439e+01
1.334582305036987293e+01
1.104525746645235174e+01
1.075200512601479019e+01
1.390422972650651268e+01
1.174330683352702920e+01
1.171698240441050842e+01
1.327471369072839558e+01
1.376857561575630129e+01
1.152825373432292366e+01
1.337472728466464922e+01
1.375621445700994805e+01
1.082204875893696894e+01
1.042546141721895836e+01
1.096817400812974874e+01
1.237911177348688341e+01
1.154936306579358707e+01
1.126298929561278506e+01
1.096795316872007042e+01
1.153628570356041116e+01
1.172892558357157355e+01
1.216896974602092207e+01
1.349949216156268683e+01
1.390144071735235443e+01
1.320204485259277760e+01
1.375139889489556211e+01
1.360075117309280301e+01
1.124830143421463902e+01
1.495304966243293521e+01
1.542217407885574332e+01
1.387899490334530483e+01
1.218077010638684676e+01
1.182943710323286091e+01
1.567642589013949639e+01
1.336138230695293316e+01
1.377052353321917444e+01
1.292429801567866221e+01
1.373470965126495180e+01
1.269946809023122825e+01
1.084199290818625627e+01
1.034409792960096297e+01
1.160775169289976638e+01
1.406723047296084061e+01
1.199249944256169975e+01
8.969819383599570983e+00
1.113674328585055306e+01
1.150636430826223489e+01
1.239611531680012924e+01
1.355372042191546811e+01
1.354205148904992306e+01
1.333797221807962785e+01
1.124668139465584282e+01
1.213372787847828249e+01
1.060030681722117585e+01
1.092216260595495392e+01
1.230152182041590514e+01
1.040899344668908455e+01
9.860649694922333452e+00
1.282122895750026537e+01
1.300851108133638334e+01
1.073229137036964076e+01
1.205197304285467830e+01
1.238687598488070485e+01
1.277753736688467789e+01
1.038930203546393649e+01
1.323317935497097508e+01
1.302641251998957017e+01
1.414531988765620696e+01
1.445541775178593724e+01
1.499376333480969237e+01
1.300405760175868508e+01
1.435176065563086034e+01
1.320707859741706258e+01
1.328690742694431570e+01
1.304703019471891956e+01
1.142413919534705968e+01
1.246532962600646144e+01
1.217466340999978414e+01
1.383225817819390180e+01
1.353645012880647513e+01
1.295418123917647790e+01
1.177629754833403197e+01
1.433151655224214061e+01
1.264104975473112091e+01
1.193928243829531510e+01
1.133948947775480498e+01
1.423723370245941311e+01
1.315793288556811369e+01
1.243275569235589373e+01
1.334721390799304253e+01
1.439429033845995498e+01
1.179766692217330970e+01
1.432003480007192842e+01
1.090649498763591296e+01
1.183280243051824598e+01
1.184277192560290892e+01
1.337678907467859446e+01
1.670140595174743225e+01
1.369863321509035359e+01
1.524428543198207464e+01
1.233066533430989686e+01
1.028732334704163698e+01
1.039576467841406604e+01
1.187331761431686594e+01
9.788843911398886988e+00
1.100931954637629318e+01
1.331613974766263020e+01
1.212878537665473999e+01
1.062569503829833906e+01
1.242977226430651427e+01
1.239056393926055399e+01
1.426139957640457645e+01
1.126338759120832300e+01
1.219914037491937542e+01
1.356234548019491193e+01
1.417134248532090801e+01
1.466802163015216109e+01
1.201175266600854563e+01
1.386804383829477949e+01
1.351654934898036053e+01
1.318326409800206456e+01
1.517506669281443976e+01
1.212450817621705745e+01
1.154115981508039646e+01
1.187676391199376091e+01
1.356749390524941923e+01
1.152378821809721643e+01
1.205403787725836473e+01
1.212101191228026664e+01
1.313295587414603993e+01
1.133046636786306216e+01
1.063856088839193070e+01
1.338984129818056523e+01
1.267152877419937518e+01
1.294629335978123486e+01
1.182109009483834150e+01
1.353976301991697007e+01
1.278913914494306958e+01
1.544447251923404529e+01
1.426491213112507062e+01
1.704281938332783852e+01
1.471784022775122303e+01
1.365858089094643546e+01
1.390325093718319316e+01
1.271907915408000811e+01
9.364628079984559150e+00
1.354018396178308059e+01
1.215748933395635589e+01
1.193615567239054087e+01
1.170802363205005925e+01
1.111593412378790013e+01
1.122034657600604035e+01
1.155875089125478716e+01
1.453007058357865589e+01
1.198934362576281565e+01
1.285021668781567961e+01
1.167352897246269983e+01
1.091431211059725470e+01
1.128702271384847933e+01
1.365207618101948306e+01
9.426619618073782902e+00
1.266242788401502395e+01
1.104494726955162420e+01
1.364480803583960444e+01
1.069066981967579721e+01
1.245180588186596360e+01
1.264673527000195463e+01
1.274707327131346624e+01
1.360404625647036525e+01
1.490487283258264917e+01
1.209107723509963783e+01
1.371808501947937842e+01
1.342905853805783067e+01
1.290933494714454710e+01
9.269069885204991976e+00
1.312045413488151979e+01
1.271540364840353021e+01
1.216700175325854794e+01
9.312983491707885975e+00
1.239283397084686023e+01
1.185931595859854149e+01
1.137713645834486975e+01
1.101346548908659706e+01
1.185463609154805553e+01
1.155528916355118163e+01
1.320392546686803392e+01
1.146625525266704848e+01
1.483266477380440662e+01
1.225567425475187910e+01
1.333011961273102486e+01
1.351758419217088836e+01
1.154685048402498815e+01
1.454330506666726741e+01
1.337133325249224747e+01
1.485572654895171141e+01
1.421612538681638505e+01
1.232821893106988931e+01
1.355088734801466011e+01
1.213248498092586658e+01
1.217372797582242150e+01
1.251434545810842103e+01
1.226389111964692447e+01
1.152821741647503018e+01
1.426778112761951078e+01
1.435338716857895669e+01
1.266662763586882079e+01
1.043260757299588271e+01
1.190721896268959590e+01
1.318906518023709928e+01
1.515527753244446529e+01
1.260355028657366461e+01
1.411513331516079894e+01
1.342207161122618153e+01
1.369027076173590274e+01
1.134909107571797193e+01
1.250215047089814391e+01
1.175324438209858613e+01
1.379755750636494227e+01
9.934136250503014409e+00
1.020732013353597623e+01
1.237858834999383362e+01
1.038764184187465034e+01
1.418675451091708872e+01
1.312313040596279201e+01
1.288198600599306154e+01
1.239095054869336821e+01
1.404995776787364292e+01
1.216494570696087507e+01
1.413692340647115842e+01
1.115010591886750468e+01
9.354926183203676970e+00
1.396704701039837637e+01
1.303773344340193141e+01
1.134137309540724203e+01
1.245517743930333765e+01
1.171808373076065557e+01
1.254672003516551904e+01
1.338362263894094006e+01
1.210957539547279005e+01
1.286209410049097279e+01
1.415015886400584577e+01
1.504303696751505370e+01
1.365138158091453491e+01
1.263370356563203778e+01
1.333658530717277557e+01
1.235415152605209066e+01
1.254805019987633941e+01
1.362261685799414757e+01
1.157665734382695177e+01
1.299698730342797326e+01
1.469698636713369311e+01
1.464781116985319542e+01
1.505397444001056328e+01
1.264347822914888120e+01
1.470243912411420517e+01
1.122074330448834267e+01
1.255446399986090888e+01
1.394098640224954622e+01
1.314485537520541669e+01
1.421473044588586099e+01
1.430182557210342154e+01
1.614207528578818795e+01
1.534692126447946592e+01
1.286615904094361618e+01
1.591509805285714307e+01
1.239594567943820280e+01
1.226869344566848952e+01
1.222824031621567364e+01
1.274358029814470683e+01
1.243834609828636673e+01
1.231972270495611355e+01
1.066966061934245147e+01
1.233577811204110120e+01
1.486615899273711427e+01
1.248834656973936497e+01
1.253022715596638115e+01
1.459550684602329440e+01
1.228925170373092790e+01
1.006561646076881367e+01
1.338355446718761854e+01
1.632906637373807257e+01
1.427599005518739617e+01
1.467974530396364230e+01
1.448563631992893797e+01
1.484363242158325846e+01
1.456716106641190045e+01
1.433947656694437001e+01
1.520904979559605330e+01
1.094282664672213023e+01
1.368422152830004812e+01
1.342320527900766614e+01
1.471390649868039802e+01
1.137110480496685305e+01
1.378450213848464756e+01
1.194931272194301997e+01
1.489636890925856427e+01
1.376395716718060136e+01
1.764563942560977949e+01
1.710924935545863690e+01
2.405798330365464466e+01
2.073545597399057172e+01
1.827437597164449912e+01
1.296455535532010650e+01
1.273639248542131774e+01
1.394598722232662347e+01
1.166868003682350441e+01
1.255809756631392560e+01
1.220781296092683199e+01
1.280617638558825711e+01
1.084248335289616705e+01
1.142170949154448856e+01
1.308588333402318504e+01
1.136016919458009333e+01
1.312450221850863130e+01
1.413874177229751439e+01
1.590574664101501412e+01
9.050866664921592530e+00
1.427274569784320235e+01
1.270228564492759560e+01
1.467306977920573985e+01
1.307478061653580426e+01
1.237375678837122273e+01
1.382642904300707087e+01
1.267488185288032021e+01
1.424529342321615211e+01
1.170984423947582798e+01
1.297280926895790643e+01
1.460852294565254716e+01
1.372519351547829736e+01
1.348512964847208018e+01
1.324647812711402572e+01
1.170667968368550937e+01
1.414653674918583803e+01
1.529333670383683597e+01
1.489837294828140379e+01
1.176997915891994673e+01
1.182125481413122436e+01
1.345407968559329248e+01
1.617400751245616775e+01
1.281585367272184683e+01
1.181139114231493537e+01
1.262495048419496158e+01
1.604338216099462855e+01
1.067685679702607260e+01
1.254610775273836332e+01
1.183977337558244081e+01
1.584940526692560070e+01
1.447596477717634578e+01
1.499395066706002311e+01
1.297841224380505842e+01
1.830350906295068114e+01
-5.196196049475808820e+00
1.100416607010475190e+01
1.183459220323365457e+01
1.453075101914290812e+01
1.308555570832749027e+01
1.198843499304439320e+01
1.088140712260820742e+01
1.271532267218323753e+01
1.248872500714089462e+01
1.625716381114441589e+01
1.537058989440900802e+01
1.318076673288429035e+01
1.503007798490678759e+01
1.248951213100615831e+01
1.120034062017156273e+01
1.353616124160102707e+01
1.240459273220300673e+01
1.379160736312153013e+01
1.275348998424843572e+01
1.039762875433582145e+01
1.287103457284641017e+01
1.133374348706216495e+01
1.429831907072596486e+01
1.432964386844688853e+01
1.371111195057298993e+01
1.354966484517972702e+01
1.376610481119353402e+01
1.600660155804276030e+01
1.380122717156788070e+01
1.539445059431849216e+01
1.488741750910334360e+01
1.410834919351081318e+01
2.021793983827224395e+01
2.296027316056290246e+01
3.236096516615567253e+01
3.014182573309305369e+01
2.288010183202571923e+01
1.737306253034847359e+01
1.590921329214979885e+01
1.575481237250794919e+01
1.301301424586207389e+01
1.441339827139271001e+01
1.285964536093059962e+01
1.423342044445236176e+01
1.311832488487657145e+01
1.260359482963529310e+01
1.392337211136090325e+01
1.338890473192199160e+01
1.248880204556091478e+01
1.407372945724731927e+01
1.278935202519679493e+01
1.364843309683345574e+01
1.226767234686649566e+01
1.286471262280416639e+01
1.275112917024381431e+01
1.058198110480692478e+01
1.306618496677904950e+01
1.015512690424899844e+01
1.307566586582519541e+01
1.314722056669214467e+01
1.589743215649958863e+01
1.273597317819551478e+01
1.409183232714322997e+01
1.362403341160214154e+01
1.138712552306928849e+01
1.232357598792447106e+01
1.264333971725538142e+01
1.415310343006375682e+01
1.482407238332728561e+01
1.168989811618610730e+01
1.424341212375051846e+01
1.470090328136857671e+01
1.412932230811192902e+01
1.723329397888437242e+01
2.675652295228665167e+01
5.457901924920504655e+01
8.181813435251503108e+01
6.135043328403508411e+01
3.759983616540554863e+01
2.320656846137154616e+01
1.527347727043052927e+01
1.448623669934863045e+01
1.104625760247217237e+01
1.113193001517869085e+01
9.928381612487378050e+00
1.306068467549096113e+01
9.715390322606484830e+00
1.311269037188395536e+01
1.117156849052244816e+01
1.144599347266326106e+01
1.109670265582036208e+01
1.387457940045983129e+01
1.128546279581872724e+01
1.216019050664229795e+01
1.210807987892451898e+01
1.165732188931747793e+01
1.158810366313156237e+01
1.116192567259348145e+01
1.296218372755657988e+01
1.211933526105287484e+01
1.189178779478981518e+01
1.392203586323592113e+01
1.331449718934750770e+01
9.963787300199980379e+00
1.100485606067511490e+01
1.299756955113503842e+01
1.244156894829523274e+01
1.161574517785940586e+01
1.357348670198124729e+01
1.293986226383123395e+01
1.257443851707101423e+01
1.291900009602104049e+01
1.162298288479931507e+01
1.258430033572293105e+01
1.449460410993274095e+01
1.409944655599780994e+01
1.322344789235849838e+01
1.232511080095295952e+01
1.399678372985376740e+01
1.199753111308518250e+01
1.340606817915359450e+01
1.399165533120392269e+01
1.235794483801672072e+01
1.600091608461953641e+01
1.177365132765284628e+01
1.028585734299898391e+01
1.052103498391527836e+01
9.446956763844703175e+00
1.372710227888663148e+01
1.312944898869221610e+01
1.419891654895797828e+01
1.303915369540273694e+01
1.312661785109185608e+01
1.267379821676617446e+01
1.200714703212349299e+01
1.025887355280632995e+01
1.536262680141660297e+01
1.303737567903158912e+01
1.250901053782173733e+01
9.535633090801995948e+00
1.088513046589669031e+01
1.061001219551354069e+01
1.022477265702593563e+01
1.080595267423958461e+01
1.222613387292469156e+01
1.104992826006865414e+01
1.274023970406858730e+01
1.387674733357855672e+01
1.560460837462164996e+01
1.057785561646631933e+01
1.281991161597248308e+01
1.158749771962002129e+01
1.492463910147673900e+01
1.475144843770814340e+01
1.296763601548928868e+01
1.261465223518279188e+01
9.656347104446272311e+00
1.329175500915130392e+01
1.373706655703682777e+01
1.388656666650143734e+01
1.151085927310554702e+01
1.453135220658986526e+01
1.343680048791640935e+01
1.122387005664723780e+01
1.333766016855834735e+01
1.403413400834899072e+01
1.399199167477456385e+01
1.099833217557180731e+01
1.248865432154047639e+01
1.420698868907826551e+01
1.279553908626521519e+01
1.404709551018254743e+01
9.564635974134963803e+00
1.249371280630380099e+01
1.114950670200147798e+01
1.216924514814744107e+01
1.400729097670510725e+01
1.176697478388944873e+01
1.455569922126150395e+01
1.210197222918143112e+01
1.109582173195681065e+01
1.127985879600492503e+01
1.124672230431103515e+01
1.295901308396782170e+01
1.412759542496215737e+01
1.509185302271584916e+01
1.159839870223079217e+01
1.338337898412589766e+01
1.233146423049827689e+01
1.405237424352334763e+01
1.195599255516204273e+01
1.002860642571201488e+01
1.151529760291222004e+01
1.301710963453724368e+01
1.092700933907222449e+01
1.139865311871301756e+01
1.081852136906576156e+01
1.326512456553198227e+01
1.421606991690329913e+01
1.072150280550489931e+01
1.073136591580007959e+01
9.647470382051343663e+00
1.107773867448183047e+01
1.254084821615262690e+01
1.479432271785259800e+01
1.171835995459683843e+01
1.227275042612891909e+01
1.240999238806824323e+01
1.260636811868558560e+01
1.189038037658411717e+01
9.408993015504995228e+00
1.174694079379297129e+01
1.236497736505718592e+01
1.020415349609492139e+01
9.149567211055666505e+00
1.025406808603839615e+01
1.190946039666286893e+01
9.551606130394699079e+00
9.135765002118242606e+00
1.156902014244743881e+01
1.005098665878541375e+01
1.176708945517390781e+01
1.171841150642151241e+01
9.859983157631960538e+00
1.194512281856207991e+01
1.209454378590660362e+01
1.224274044862348454e+01
1.002038535973591138e+01
8.365333017696617190e+00
1.113477111611763171e+01
1.221477642070239256e+01
1.165479399935915694e+01
1.184224407460777861e+01
1.270143549404168937e+01
1.346269055528179770e+01
1.294132314507652382e+01
9.407388820149311215e+00
9.331492501140932205e+00
1.291054790008612407e+01
1.322127920004570178e+01
1.390123343977468195e+01
1.408804741467662858e+01
1.517435212855290771e+01
1.034605693869543686e+01
1.308560402376627607e+01
1.168428592518006326e+01
1.071087550625035334e+01
1.021842082999355839e+01
9.136389963972192163e+00
9.111751881072477133e+00
1.125371002104520279e+01
1.076776823769387903e+01
1.251595359171125565e+01
1.391371244544802366e+01
1.266666770586106772e+01
1.136854073844048152e+01
1.220893705409142527e+01
9.592905920038736767e+00
1.315185850664579092e+01
1.176386456729720109e+01
1.268896247951834866e+01
1.424481263072899750e+01
1.506251724185440111e+01
1.143562225987559700e+01
1.164369340758369198e+01
1.077915502360765032e+01
1.291679607374637406e+01
1.717952501763641493e+01
1.121659065137754752e+01
1.270928646989442257e+01
1.178802386701782012e+01
1.271517606346471574e+01
1.326510473526187539e+01
1.581334331161416529e+01
1.296097929392803039e+01
1.335680619966734461e+01
1.528118032438334772e+01
1.186828670420398879e+01
1.167696781576637655e+01
1.398504195277744877e+01
1.236081710784445775e+01
1.262082118868769065e+01
1.202578598718684866e+01
1.526590641852159713e+01
1.331233723891771881e+01
1.193077388304061337e+01
1.123317496688812867e+01
1.230852746603798664e+01
1.322797615691527717e+01
1.318324644178567340e+01
1.253280933718333756e+01
1.577201858592705896e+01
1.292343229772788504e+01
1.435797988348921805e+01
1.180186595061411481e+01
1.375421699733799841e+01
1.051337291158485243e+01
1.005919935638872076e+01
1.113226218285185354e+01
1.233842383217325001e+01
1.130874003085915724e+01
1.102897757530311651e+01
1.154280844383402993e+01
1.278558098113937724e+01
1.472139602294922511e+01
1.137251479753636296e+01
1.525975232800182546e+01
1.333611715649359120e+01
1.303575993725526949e+01
1.218026249919111770e+01
1.452670264261263355e+01
1.332066900429232525e+01
1.354979593438979002e+01
1.258701972011723491e+01
1.307438620308415622e+01
1.407125508249052892e+01
1.296684056816254937e+01
1.306881389146922601e+01
1.506817368257764400e+01
1.701552280639353398e+01
1.548389218027918268e+01
1.462563747132168501e+01
1.369806209296408106e+01
1.127311448290357987e+01
1.029659184568218855e+01
1.105266643365861157e+01
1.261586751599361733e+01
1.524358647525102661e+01
1.445684206178246711e+01
1.511684331894893418e+01
1.454784967739832346e+01
1.548688908882361126e+01
1.479492068069749422e+01
1.377965264767605191e+01
1.505132458142080587e+01
1.316155722769487468e+01
1.382635000000684222e+01
1.336051221650696164e+01
1.398509730316063404e+01
1.496356902402992262e+01
1.416262726628209734e+01
1.441215728710788824e+01
1.414261213928341299e+01
1.271984205689070357e+01
1.133212904458631698e+01
1.212692408659263421e+01
1.260172233792532737e+01
1.241865369625390692e+01
1.300035929637111742e+01
1.166569170217250573e+01
1.481845968916249490e+01
1.576434142997917398e+01
1.370964336047104482e+01
1.407748941117157493e+01
1.204284115869851668e+01
1.199089295458504800e+01
1.424098309045934130e+01
1.343457883503629269e+01
1.297107897804552579e+01
1.292057063124672389e+01
1.344100156942140423e+01
1.252581218133608942e+01
1.139925466467719417e+01
1.416810517219336596e+01
1.413715239455719797e+01
1.332141392978940786e+01
1.258644852999319852e+01
1.428642963340464789e+01
1.269275888404583696e+01
1.462653331095431497e+01
1.562673626900665447e+01
1.480615093916415503e+01
1.448522918650369640e+01
1.491216532851460208e+01
1.358364021030566349e+01
1.441933969128545101e+01
1.613775286023099653e+01
1.408860371166666958e+01
1.331142977509757230e+01
1.213349448463451985e+01
1.304745739067894128e+01
1.480018689321352987e+01
1.351438699829565060e+01
1.468111963277577559e+01
1.309448114990903456e+01
1.390412804885648868e+01
1.378984212372603402e+01
1.296012908300354560e+01
1.151301296734922985e+01
1.371926527625872794e+01
1.485766236962550835e+01
1.267758424525621486e+01
1.368385220141411551e+01
1.515595155413397066e+01
1.188561569873880330e+01
1.254196481387399942e+01
1.433035475762974542e+01
9.588950570206357327e+00
1.402815829463778741e+01
1.367096915783717570e+01
1.377326789338498081e+01
1.249335221351215353e+01
1.164749649689454003e+01
1.253934722554970982e+01
1.260307678230440409e+01
1.311810368067425436e+01
1.172014655847943310e+01
1.191028945118028304e+01
1.108905812337623509e+01
1.198478570725178471e+01
1.041861570186725849e+01
1.131527567397015410e+01
1.218440968874728370e+01
1.248746010276655483e+01
1.177308969587148901e+01
1.478845278865990132e+01
1.474060841170848057e+01
1.447235393603833842e+01
1.297255921783998645e+01
1.349295003915366209e+01
1.539497870151588188e+01
1.395416876234015469e+01
1.321184388686238620e+01
1.293031535439054558e+01
1.388827202543256334e+01
1.462374283567482891e+01
1.393225512987782189e+01
1.266564094946910224e+01
1.489084261888153016e+01
1.214885807098159098e+01
1.422704254551240233e+01
1.417943261919585574e+01
1.136127206481823393e+01
1.249708912785173887e+01
1.268392784336923107e+01
1.382841369035496548e+01
1.347211989227172246e+01
1.251722146780571165e+01
1.517677864417456668e+01
1.237657063435850269e+01
1.379043434976645877e+01
1.450137939976833223e+01
1.409653200268032869e+01
1.383836565789087025e+01
1.359089891870726241e+01
1.346380481162334952e+01
1.338947764449974009e+01
1.263288320202697257e+01
1.372813558212431140e+01
1.356835607638525154e+01
1.215855495477743631e+01
1.198085228350460696e+01
1.268516010032777430e+01
1.385951503511649108e+01
1.246341738988370551e+01
1.302355342500750979e+01
1.251997957421243868e+01
1.165759575267400194e+01
1.171902088930455399e+01
1.508624651125398053e+01
1.157306408732862124e+01
1.634872944363758052e+01
1.493018365968448435e+01
1.369430617089021851e+01
1.296500546324568504e+01
1.432825481835297232e+01
1.299217972079645733e+01
1.387088227683635466e+01
1.246336874309559484e+01
1.348659687932525841e+01
1.098552138942279299e+01
1.393186727107183032e+01
1.279003650005866177e+01
1.256694296773792274e+01
1.252584884439976598e+01
1.385502022866982941e+01
1.161831741174848176e+01
1.363455469413936960e+01
1.382374098062875412e+01
1.370512914301449037e+01
1.234092031460166261e+01
1.339764790077395951e+01
1.191732988914277414e+01
1.393758520788878386e+01
1.254997748099202326e+01
1.506567470858881919e+01
1.315704692933030451e+01
1.279411326559038109e+01
1.332253514053728338e+01
1.327124764496958420e+01
1.387686510794053341e+01
1.533721204468529997e+01
1.334106229256145859e+01
1.210829144497613008e+01
1.120621300451992042e+01
1.054286077628687224e+01
1.262742490337888945e+01
1.320367890977848369e+01
1.327052176338044553e+01
1.559222362060441647e+01
1.486284646170294366e+01
1.293391097166064441e+01
1.415416676457679301e+01
1.389213580109786150e+01
1.318347775952723921e+01
1.278593759686459208e+01
1.269999446597834769e+01
1.274891407670951615e+01
1.351369478137768176e+01
1.231171105949151823e+01
1.304373163539989378e+01
1.304775489013716339e+01
1.196267573274434071e+01
1.463362176348137211e+01
1.355121830954458950e+01
1.273505049041586190e+01
1.382179980715479850e+01
1.393485626365838570e+01
1.290321349905183013e+01
1.391381696873084195e+01
1.342228095902435392e+01
1.317706500442982431e+01
1.408403166988579081e+01
1.228026251355530718e+01
1.257742409947932316e+01
1.353029281543452811e+01
1.304060528409729791e+01
1.349814704403664223e+01
1.192613894738991220e+01
1.301620326252028548e+01
1.443219526239968253e+01
1.387900041417658592e+01
1.298843548721786334e+01
1.315411562518664468e+01
1.381906829220853794e+01
1.224595304708577181e+01
1.173947111093655593e+01
1.306651672192361602e+01
1.388357333834800045e+01
1.466007745593229750e+01
1.237916272074921942e+01
1.325252503191565090e+01
1.184354392210236817e+01
1.406568629598453413e+01
1.278638202574400751e+01
1.198098697904282517e+01
1.241828869605116559e+01
1.344148922860834716e+01
1.314101563516187632e+01
1.312113476814410440e+01
1.261545492453106831e+01
1.347569038917930939e+01
1.312769556223591394e+01
1.249824228635236523e+01
1.308401937535204063e+01
1.230790243544704943e+01
1.247303977604712699e+01
1.334924192402866439e+01
1.331383089433099087e+01
1.362404216346580377e+01
1.519902855994238067e+01
1.592046404888315436e+01
1.210260854565254895e+01
1.251919717029124790e+01
1.159852059777282918e+01
1.132828146539735492e+01
1.278223256966442101e+01
1.353540115252151033e+01
1.241747969242740446e+01
1.364379289354496372e+01
1.349850375971682226e+01
1.473301726475384932e+01
1.373861835468698978e+01
1.439973792371927708e+01
1.317350303723834593e+01
1.243249890236164212e+01
1.275995140897180669e+01
1.448414152845947811e+01
1.331063105309929995e+01
1.271829615198064367e+01
1.238319929607498793e+01
1.356724525910483514e+01
1.312359266714503647e+01
1.356638899239664120e+01
1.235400571953802284e+01
1.184238159464497464e+01
1.346514487047830322e+01
1.360677769184827746e+01
1.489676138651735826e+01
1.458333880377275449e+01
1.306236674760362249e+01
1.300527807494123955e+01
1.185176930219290270e+01
1.355860002273317022e+01
1.251557470351729684e+01
1.397782559743466280e+01
1.153452248288973081e+01
1.272040505355148099e+01
1.431255992817550649e+01
1.305936108735201806e+01
1.365694244306153493e+01
1.212465352409902586e+01
1.322985917361163288e+01
1.415007313611163831e+01
1.375518602298230419e+01
1.346613866145903771e+01
1.330546551342059658e+01
1.398005352014952685e+01
1.427843024980350961e+01
1.310694046074149632e+01
1.471983502120067833e+01
1.249652272505672634e+01
1.147840430728940220e+01
1.362441775234200492e+01
1.130894874921241744e+01
1.382525353978780913e+01
1.345045045672728001e+01
1.460807001539700956e+01
1.323410683143930555e+01
1.352616560182949002e+01
1.480997856003164337e+01
1.408407677445399564e+01
1.482626550180639136e+01
1.311635356142592279e+01
1.364238364472207365e+01
1.426772425599240357e+01
1.295322471459326330e+01
1.361268641709501637e+01
1.241941729389954574e+01
1.259302803489470790e+01
1.287159165725522669e+01
1.457435051345099808e+01
1.287827169302556207e+01
1.394826054711080054e+01
1.318281074809374154e+01
1.457852193430530718e+01
1.470438316543790869e+01
1.345206210048464968e+01
1.308740231794356390e+01
1.282809609513676286e+01
1.308435106529952208e+01
1.441795719810839493e+01
1.312942736438335878e+01
1.079279987399982232e+01
1.284027029566528277e+01
1.167954153121057637e+01
1.411583133778221111e+01
1.213169690734273054e+01
1.256540559284975700e+01
1.404616601435806267e+01
1.372690659109104949e+01
1.261243586558964047e+01
1.184275475092235652e+01
1.580563987002807202e+01
1.459338718367786747e+01
1.553860323284469658e+01
1.450886978735485755e+01
1.283937172479880218e+01
1.347230448744534392e+01
1.456324697359577769e+01
1.518234483064694196e+01
1.494056955226649031e+01
1.334511735728029080e+01
1.291932013882774832e+01
1.278380429193723167e+01
1.323415596682277595e+01
1.339902270397082518e+01
1.282478585152284900e+01
1.316566693852155723e+01
1.385398225776404679e+01
1.289486413360014083e+01
1.313837921450494051e+01
1.338460554869081243e+01
1.444292510805583696e+01
1.280555569000969740e+01
1.329569346655142326e+01
1.304133137927751562e+01
1.434272279702398123e+01
1.395715288505672369e+01
1.483057681696044128e+01
1.417566292722907484e+01
1.269584577344061316e+01
1.305609784204334645e+01
1.374620444419503507e+01
1.300265907005811172e+01
1.296585834143167837e+01
1.203267590051090252e+01
1.439752329278299037e+01
1.275596838801714306e+01
1.270928087115150085e+01
1.276626192425047179e+01
1.398583119543726028e+01
1.398284885817869139e+01
1.333569679587511203e+01
1.307713802191722863e+01
1.352803270086037735e+01
1.222648706454641854e+01
1.344338810573790610e+01
1.388343570939483307e+01
1.323771530172611932e+01
1.368425955033264607e+01
1.538758297106248563e+01
1.401353955657183015e+01
1.365103401930121407e+01
1.305565506369333839e+01
1.232634375377176816e+01
1.239829755456907279e+01
1.403116403155126335e+01
1.324256162614469190e+01
1.430602676825482611e+01
1.215396063984285391e+01
1.336140370412173262e+01
1.461300170460271630e+01
1.383713250696670372e+01
1.309285003905362110e+01
1.180902920260130173e+01
1.431793879786704871e+01
1.402649099484608719e+01
1.391030824522065679e+01
1.348815649490030921e+01
1.440382821928843526e+01
1.347446412681785688e+01
1.453624006014677406e+01
1.387379911135848332e+01
1.344575374927295286e+01
1.410139817185245370e+01
1.434269445022697376e+01
1.339284928013311315e+01
1.373117263166223445e+01
1.538720666128855186e+01
1.366763694570319743e+01
1.347724471318429984e+01
1.240576907633048975e+01
1.481084001239883108e+01
1.432445700770639796e+01
1.323208934753096067e+01
1.468874865969604393e+01
1.388695725215247734e+01
1.292835984283348516e+01
1.355102738557838116e+01
1.387947133418751555e+01
1.441840934494852533e+01
1.268891674064743746e+01
1.340963892653324585e+01
1.466380100548303211e+01
1.476682139603480159e+01
1.410475780022741787e+01
1.400668291365341389e+01
1.384495022367148387e+01
1.422813038929274398e+01
1.395689820521603330e+01
1.358434799817475458e+01
1.406997347693497957e+01
1.461711630262336747e+01
1.316004768099888089e+01
1.307989372330724009e+01
1.341780554822013372e+01
1.469632698072379995e+01
1.203546060860284328e+01
1.360745588104278880e+01
1.353893153181781450e+01
1.338863390201036019e+01
1.475888717111172177e+01
1.316538909945978908e+01
1.293771305194436749e+01
1.366569428902919725e+01
1.321601219748791678e+01
1.387569060758950634e+01
1.443584007878021325e+01
1.374219738816933223e+01
1.453606633955797101e+01
1.558501096407676023e+01
1.616328418751395546e+01
1.529884082099055753e+01
1.500322876037876618e+01
1.292153556330102226e+01
1.352105946478652321e+01
1.359311094988555091e+01
1.417260629383253345e+01
1.235908202285200552e+01
1.292096790293168596e+01
1.342722746601173611e+01
1.158666656672512119e+01
1.254711362537831576e+01
1.302874922571603733e+01
1.190544192049169681e+01
1.173515167824479022e+01
1.324330474870571450e+01
1.350830153179818005e+01
1.255871744760202269e+01
1.335932353091601499e+01
1.413065242693334511e+01
1.385530828568901285e+01
1.298231728538527463e+01
1.227539480830656515e+01
1.462333323192820700e+01
1.088189056893816975e+01
1.242527480620390534e+01
1.501933797567472162e+01
1.325190206080566568e+01
1.265985079715291484e+01
1.216838033458299506e+01
1.405485569588170058e+01
1.424290368307414845e+01
1.313638270289395393e+01
1.297479762097925615e+01
1.405256314650004512e+01
1.368863653706513261e+01
1.381555997214673681e+01
1.331471730304943080e+01
1.301420332508365263e+01
1.339303920445228080e+01
1.390411297172504490e+01
1.317593900131365636e+01
1.407008632307668528e+01
1.343931439826159746e+01
1.335223839094892995e+01
1.382819051362205087e+01
1.323825783690651292e+01
1.386011746014148827e+01
1.372819341101278567e+01
1.365186745683040392e+01
1.325160755511127419e+01
1.235261837823158260e+01
1.443428152291461330e+01
1.329571156102023544e+01
1.422547017772138744e+01
1.349590990832042259e+01
1.394624817398673500e+01
1.343331636269504870e+01
1.290569676375850960e+01
1.314485373252758649e+01
1.211897654853934547e+01
1.258037179178998244e+01
1.365452737492328872e+01
1.437176518395886582e+01
1.430449732924837036e+01
1.336643090025777880e+01
1.338665090287935477e+01
1.363018423989211136e+01
1.404283402958273896e+01
1.250689739627879860e+01
1.431451624469995210e+01
1.443756790582698102e+01
1.356349796989581336e+01
1.399146796022076522e+01
1.265486165278240804e+01
1.311543448146948165e+01
1.300220074362827560e+01
1.271988897964959264e+01
1.232359346622341612e+01
1.385372324063930449e+01
1.394184535324118812e+01
1.394375282740971400e+01
1.422663469121877178e+01
1.401775329604818232e+01
1.345750396967704887e+01
1.385235217958594944e+01
1.431182227415314756e+01
1.482808656074515241e+01
1.356667053326664174e+01
1.348025743769203189e+01
1.432614086292253042e+01
1.357497404074442393e+01
1.343025545596889891e+01
1.397900768485415490e+01
1.438095081960729971e+01
1.394933141728702886e+01
1.421156231002843739e+01
1.409533689180791249e+01
1.428825543026512790e+01
1.351544185582073432e+01
1.472719564680943982e+01
1.357149805914556850e+01
1.357377896637878578e+01
1.180937082254301274e+01
1.181878485131622369e+01
1.324858992202377195e+01
1.321418722207328678e+01
1.352070471409352415e+01
1.462998189055256404e+01
1.304339122548282326e+01
1.213155201796784688e+01
1.361999123467868955e+01
1.205611194695093324e+01
1.413573621132929503e+01
1.390473233268831166e+01
1.486216911630112136e+01
1.410257231634303920e+01
1.272503580176437055e+01
1.488591208165648183e+01
1.439110322068348857e+01
1.448711341094416660e+01
1.539491117064171988e+01
1.391886671541513465e+01
1.369612838136278476e+01
1.419179780127893764e+01
1.228478987444408865e+01
1.327492135299073084e+01
1.326013401465720776e+01
1.404570412696607562e+01
1.589761599791366109e+01
1.495348752776135548e+01
1.395103877894098687e+01
1.347750456166655297e+01
1.196644703045284786e+01
1.468301588847478456e+01
1.344984909403006412e+01
1.408350988593012332e+01
1.406839221955562635e+01
1.298678905444976017e+01
1.458842797905305311e+01
1.158126862400770207e+01
1.443995930505521663e+01
1.298909358648546863e+01
1.566026982554405578e+01
1.422406575409213758e+01
1.675667168304964605e+01
1.323234054586314201e+01
1.374241794469950406e+01
1.497441397627061832e+01
1.335075827566696915e+01
1.221823155911472902e+01
1.514677794986763715e+01
1.436515317213128817e+01
1.432534752216811569e+01
1.519120154712980408e+01
1.359137788938673985e+01
1.319715167920120713e+01
1.429115139307716831e+01
1.234236962612050981e+01
1.480710341429036525e+01
1.295580086213328741e+01
1.167851307735036492e+01
1.251310116511870518e+01
1.543190949725804195e+01
1.423034897988782710e+01
1.341325035572995539e+01
1.362045935210933223e+01
1.351966354833600903e+01
1.269485285492746307e+01
1.216441444440548381e+01
1.209775773654173747e+01
1.260875207427498701e+01
1.436228023377724838e+01
1.389593563510245922e+01
1.297242628101951745e+01
1.264201099073432388e+01
1.391895945885486086e+01
1.158664337009740564e+01
1.377896799604365263e+01
1.393377956716068944e+01
1.279818278065858372e+01
1.406098615208104974e+01
1.079586731334646110e+01
1.315940762855666613e+01
1.396445653250342644e+01
1.426765082902622339e+01
1.247083936085512512e+01
1.420945988821714323e+01
1.264374165570772846e+01
1.219817258098718682e+01
1.242482736334344651e+01
1.128697623044844889e+01
1.364314728590393599e+01
1.258389393216564223e+01
1.366620525265940245e+01
1.369541491511375142e+01
1.409709570280258539e+01
1.348161076662492874e+01
1.302898424121799614e+01
1.349686467331299866e+01
1.302158147597249105e+01
1.195527733901573342e+01
1.167428906625062979e+01
1.280848984161750614e+01
1.257361224202099592e+01
1.409125953427536615e+01
1.283396884505588176e+01
1.138730004425908859e+01
1.134377884136254266e+01
1.303759828163449086e+01
1.314879545422584961e+01
1.372299744050904913e+01
1.197676372487468655e+01
1.164466347622276921e+01
1.135465060203032905e+01
1.269536350311599548e+01
1.354933870685672126e+01
1.257095276957383234e+01
1.170429226173061643e+01
1.382182338460127191e+01
1.344679319055594924e+01
1.472051209773808722e+01
1.271229308554010018e+01
1.299203871371424412e+01
1.247734724925735961e+01
1.256583982569716973e+01
1.353947036886862954e+01
1.139690311442296355e+01
1.275260204890798832e+01
1.572461820948461764e+01
1.396458330158931105e+01
1.217800977434500709e+01
1.319606278929020071e+01
1.306338195346806863e+01
1.321369506639051039e+01
1.278274435131887365e+01
1.420957624118809015e+01
1.302998761643787340e+01
1.237841550841273808e+01
1.412540760127137141e+01
1.303206003463789386e+01
1.315373259230289271e+01
1.180900582678075317e+01
1.344103910840241944e+01
1.170582461922570516e+01
1.280697095761981785e+01
9.918988520919644003e+00
1.148093503391194581e+01
1.412791726380268997e+01
1.338005959690318925e+01
1.321115965490351485e+01
1.352193824144964474e+01
1.293834117370674619e+01
1.363039765808999171e+01
1.297098493502027594e+01
1.365250266076970753e+01
1.310780354849010365e+01
1.204312466452617336e+01
1.153989179873715898e+01
1.365728331184851108e+01
1.308318777041270486e+01
1.076648398248700644e+01
1.247244164634322239e+01
1.306080399717026630e+01
1.285996820577242161e+01
1.341946197172596911e+01
1.462269774564299141e+01
1.410137084852433986e+01
1.336733669403348657e+01
1.285333781717893942e+01
1.379537086998411866e+01
1.319447798660512383e+01
1.221849939160179233e+01
1.254630719910202608e+01
1.368135799657613205e+01
1.260134331608087166e+01
1.319259313816085566e+01
1.272641167749469737e+01
1.224954653542739358e+01
1.353013442160142610e+01
1.291070983859151688e+01
1.176646720591343964e+01
1.287059081119884318e+01
1.274925636075210988e+01
1.320453440267554868e+01
1.367461390118870668e+01
1.310793244490429998e+01
1.234419984927471958e+01
1.335035164729300128e+01
1.324824588483297028e+01
1.165601238811943752e+01
1.373083876383195445e+01
1.350827581996582438e+01
1.269260674379627574e+01
1.232285203407381680e+01
1.286018011174631326e+01
1.290375666004778843e+01
1.321701589451392067e+01
1.231268869667184518e+01
1.434854786774298674e+01
1.595726260288513210e+01
1.345390767665450937e+01
1.358006553859685361e+01
1.528130910491753092e+01
1.315356192243415023e+01
1.322898185010450689e+01
1.496569734194563139e+01
1.365527725870395415e+01
1.411016908462920405e+01
1.568971710394738572e+01
1.544108402738090291e+01
1.401174104453285629e+01
1.306196291849941993e+01
1.228895779885523076e+01
1.230385876582440829e+01
1.377008062988346282e+01
1.388881290437452165e+01
1.196609675230022773e+01
1.313279220183800433e+01
1.164477119039879760e+01
1.198736066021948332e+01
1.503291816206718323e+01
1.379528883795241434e+01
1.426991438484313335e+01
1.453700693662352528e+01
1.329204606087867369e+01
1.370090426930509508e+01
1.393779646611933387e+01
1.196935744187489448e+01
1.233240307031380212e+01
1.331820171922318430e+01
1.549907514400365827e+01
1.405474785194994958e+01
1.368605826842112982e+01
1.454817567809031864e+01
1.416323866372807849e+01
1.377483930201741735e+01
1.166553717474049279e+01
1.415608766673095076e+01
1.589743789880098390e+01
1.286644309930379571e+01
1.221470014768392076e+01
1.376801469106454689e+01
1.313881270117907185e+01
1.145485478294815707e+01
1.364063535912069014e+01
1.361686885690841819e+01
1.580173031170146025e+01
1.454454322025594948e+01
1.262582258661154100e+01
1.466182874974742667e+01
1.436750008777313958e+01
1.387163590539721625e+01
1.389052388232652646e+01
1.413814687679560755e+01
1.241162167327358112e+01
1.482601151576728071e+01
1.304592298250467408e+01
1.351355400899256232e+01
1.240610451982848694e+01
1.032198026538695856e+01
1.414093119926897124e+01
1.292317260356606567e+01
1.339568256559058668e+01
1.444110614572975493e+01
1.435088332216157703e+01
1.297258766479399839e+01
1.420649157827383391e+01
1.134281265796379223e+01
1.348382003052671863e+01
1.269843769851816440e+01
1.372467276619106258e+01
1.346420717464966543e+01
1.428324279757979731e+01
1.338972303658582064e+01
1.158042167157752544e+01
1.354687776039368430e+01
1.235307898426149364e+01
1.523694845143730703e+01
1.306711471805358826e+01
1.201908131891152998e+01
1.326434541242776888e+01
1.392088811487234956e+01
1.361310906671238818e+01
1.482018090605947158e+01
1.288444562232495016e+01
1.065092477969599827e+01
1.186829811540983215e+01
1.208829624577597173e+01
1.321800869509864462e+01
1.318385438229352857e+01
1.349590444004765111e+01
1.247177816737110589e+01
1.449896163239967883e+01
1.567284166346303920e+01
1.316200843091218431e+01
1.307295732274466538e+01
1.359893580349067221e+01
1.540386948497788566e+01
1.315316508339431500e+01
1.323235192813304550e+01
1.378090363556788489e+01
1.518035854897786407e+01
1.292695875094060831e+01
1.281046052188344220e+01
1.375397174968748537e+01
1.519203058561607733e+01
1.262819939958188620e+01
1.306071604226938554e+01
1.279464221665730683e+01
1.396596018701334074e+01
1.399416059105750598e+01
1.227199730879078388e+01
1.224451021302303744e+01
1.520110359191006033e+01
1.409876733576216168e+01
1.356260223421242728e+01
1.439612340001901458e+01
1.618172380564173451e+01
1.583095298018970176e+01
1.368470252945088106e+01
1.218422565804488400e+01
1.526232898060847276e+01
1.271473852477771338e+01
1.461499553812311092e+01
1.518762438985574015e+01
1.396527576301967777e+01
1.345091134789025844e+01
1.525364082066166560e+01
1.363224534788762021e+01
1.654051866268089199e+01
1.564740626650529265e+01
1.549035451186366963e+01
1.638117341059093235e+01
1.240263806240591293e+01
1.253620212054372196e+01
1.403405161222963571e+01
1.112055391635960255e+01
1.414346534913232034e+01
1.374393867973168781e+01
1.552957361161528915e+01
1.512625927814784887e+01
1.413069533241174014e+01
1.461006340376231094e+01
1.377703906788343957e+01
1.429973209131363454e+01
1.451824050380697706e+01
1.682932383540453714e+01
1.576023126045993372e+01
1.529346317928576937e+01
1.505602365899749273e+01
1.559500415586849797e+01
1.515685353802520652e+01
1.611868767736305941e+01
1.643539532453213070e+01
1.622005160903175280e+01
1.375997944750849200e+01
1.646701803661042263e+01
1.644996076900281068e+01
1.670416693347771186e+01
1.590260549574292526e+01
1.856590407899191320e+01
1.743587511050780847e+01
1.711095958908649806e+01
1.696621667078202478e+01
1.790457302153753005e+01
1.615587249835483519e+01
1.828906284387599257e+01
1.941818273480031110e+01
2.255590117491977509e+01
2.570752746841976943e+01
2.220871610114334516e+01
2.264470781247931797e+01
2.025456534777608297e+01
1.856753651101480429e+01
1.773917650765657683e+01
1.792967539377622543e+01
2.347368103362169478e+01
3.227489533173552161e+01
4.522792566984298901e+01
4.377077220560988735e+01
3.996154226054715508e+01
3.032217529375988718e+01
2.495495292677161459e+01
2.020513233510332185e+01
1.625589175631676397e+01
1.810746255429546991e+01
1.757167687756070507e+01
1.708939093873043191e+01
1.674793415855803858e+01
2.063550015728522169e+01
2.175858978083099515e+01
2.995102812189011843e+01
3.734977118030477783e+01
3.675085486460228879e+01
3.438640372278916857e+01
2.628449089374121073e+01
1.932751877297356913e+01
1.809718513140373375e+01
1.663192648516934469e+01
1.682786011258874481e+01
1.592094470483097091e+01
1.529648374475007699e+01
1.560254725509679119e+01
1.686856724910938254e+01
1.637038317863029135e+01
1.607885369822009380e+01
1.483731157722351490e+01
1.609754144097180628e+01
1.563572725052605783e+01
1.546476291158232286e+01
1.556521606240169575e+01
1.497424250883309682e+01
1.603727280361178842e+01
1.536677399240148034e+01
1.555075222637240273e+01
1.414039810080043935e+01
1.641878185222497066e+01
1.562649678896469752e+01
1.513238755348119113e+01
1.661956617712151996e+01
1.378117538319837365e+01
1.499686799085748312e+01
1.425643925817474411e+01
1.266166115950221105e+01
1.763680590491632927e+01
1.361377741783140038e+01
1.416365727485073123e+01
1.500717637030350637e+01
1.448174850548205050e+01
1.425663722410727097e+01
1.595871638537091819e+01
1.347125885674311618e+01
1.431225393442519866e+01
1.380651304177939309e+01
1.393069057865048421e+01
1.277253306191355264e+01
1.411675220717050649e+01
1.408675345529109002e+01
1.389756182676017460e+01
1.375403291164119146e+01
1.415279622767689638e+01
1.477310977251146795e+01
1.430747222499162419e+01
1.497458584805350412e+01
1.331823687613768570e+01
1.362476866080292481e+01
1.404745802062653937e+01
1.459845037123722200e+01
1.217081189936487995e+01
1.495598340070084298e+01
1.336821420823524775e+01
1.312172929955169209e+01
1.485787232254825341e+01
1.389179269255164328e+01
1.462266196882543134e+01
1.540296546400195155e+01
1.548944301544527669e+01
1.410435288828862355e+01
1.371275191120447090e+01
1.236913857666885974e+01
1.326872976280938587e+01
1.468781805314993072e+01
1.318517399773061882e+01
1.358512018067652782e+01
1.418636057501703007e+01
1.361480673294902033e+01
1.316586898774463776e+01
1.500037998123029759e+01
1.111778020194848793e+01
1.093668332808642774e+01
1.033945137942728110e+01
1.293020463090552319e+01
1.145143736178534866e+01
1.678279699987960782e+01
1.414181090122111861e+01
1.239570219335646151e+01
1.407124796817568679e+01
1.677369757395817729e+01
1.599864923865440147e+01
1.645054413919222114e+01
1.759417690072268314e+01
1.797346310807337844e+01
1.728741665950484574e+01
1.475907071167709717e+01
1.430590339660644084e+01
1.223732056927538814e+01
1.349341338404248525e+01
1.892043843235904177e+01
1.566204934604358812e+01
1.779143404400101502e+01
1.606991673983480595e+01
1.513278108759197949e+01
1.492558906470779689e+01
1.562383743966082328e+01
1.063883738636464926e+01
1.255116508993402036e+01
1.224233127914176222e+01
1.393479641690790594e+01
1.102761246515077609e+01
1.365027730681748075e+01
1.436010662635388613e+01
1.412374779917390910e+01
1.293954863590207438e+01
1.244340256531762279e+01
1.242692734636759155e+01
1.422148277973145092e+01
1.296448322385416851e+01
1.346625474878307394e+01
1.454757755184067136e+01
1.329405489863005840e+01
1.398281917740837521e+01
1.367526498918944711e+01
1.417250881583304789e+01
1.309398187677705039e+01
1.507349666938879018e+01
1.381597215109638022e+01
1.386227440174296355e+01
1.276623961597426238e+01
1.426344751249223286e+01
1.299245655866593552e+01
1.363474441995082564e+01
1.424523845667568800e+01
1.411002106181840787e+01
1.386515515885849759e+01
1.188074956976711860e+01
1.207961156507549383e+01
1.190854659431123075e+01
1.213544239223806187e+01
1.363100846088076779e+01
1.172716494100278339e+01
1.347405119440122689e+01
1.148650472367297581e+01
1.149192859391804511e+01
1.308103282659637578e+01
1.193403528573779404e+01
1.217223360520565478e+01
1.501481684552347851e+01
1.221996342226210253e+01
1.422557528122734638e+01
1.252134821482688842e+01
1.426474617339370177e+01
1.169849999180472544e+01
1.282217311531126569e+01
1.229777221541964494e+01
1.288398513187027916e+01
1.202055337786078404e+01
1.324764065723125661e+01
1.270316238731970060e+01
1.333295865070548203e+01
1.311223280164797167e+01
1.497958740294660274e+01
1.195306222559779741e+01
1.142600787106325555e+01
1.213063041259882091e+01
1.152549199654443512e+01
1.602341501753850039e+01
1.605982031831287671e+01
1.430859825280185760e+01
1.356617245767943025e+01
1.430972442687420809e+01
1.105824595556235757e+01
1.258554516389746425e+01
1.257988558819839042e+01
1.207008902734609990e+01
1.183945433471312825e+01
1.147747203454054699e+01
1.398951521424293709e+01
1.413363963270480994e+01
1.196556940558052062e+01
1.262983001513673820e+01
1.360252610310334020e+01
1.303933921351062608e+01
1.310134600468061983e+01
1.260906978863682504e+01
1.255728903340925484e+01
1.423550035864423258e+01
1.440702410198243122e+01
1.492905024087536781e+01
1.380791059484994854e+01
1.200697108175583949e+01
1.437654212724453373e+01
1.209600652742001969e+01
1.337762599290775967e+01
1.133490814124360568e+01
1.217898152381657439e+01
1.496304565179233670e+01
1.467006322200773027e+01
1.297694120252033656e+01
1.386910426648074512e+01
1.235876702888879208e+01
1.310980893058602348e+01
1.193070538286393933e+01
1.244838236182568636e+01
1.506581229595931148e+01
1.057299436705402940e+01
1.315470253674447854e+01
1.483094339200734701e+01
1.502480033450555474e+01
1.358273287432647791e+01
1.439077386645955769e+01
1.389475832857638693e+01
1.324229980508726534e+01
1.279832023607759339e+01
1.282299263036686909e+01
1.077137959949020107e+01
1.405843816707532312e+01
1.219822435174725150e+01
1.255215778950798367e+01
1.480720915706054797e+01
1.406964485574216894e+01
1.419619606356314989e+01
1.307215921337544273e+01
1.388874854333500686e+01
1.277381734976827943e+01
1.159136629424474130e+01
1.221129144652064547e+01
1.665717081043107939e+01
1.267715329860351581e+01
1.547140886616607958e+01
1.327594375380155078e+01
1.255389596793693840e+01
1.393542320871525320e+01
1.272655201080934084e+01
1.307651369348791981e+01
1.454227818966514008e+01
1.425656040873490937e+01
1.121568930323521407e+01
1.372134625711956168e+01
1.303886989111050454e+01
1.409893235329755790e+01
1.291389534853250609e+01
1.291236753811480753e+01
1.376831303478125257e+01
1.428822557335538335e+01
1.246060660190908287e+01
1.381904243911807839e+01
1.339495867969841036e+01
1.237034433377667675e+01
1.475459109312213535e+01
1.326867488348717572e+01
1.460280579629476350e+01
1.312073154252767004e+01
1.489164430500822256e+01
1.242960451772673736e+01
1.470722231005588476e+01
1.333443022929134081e+01
1.406495101020953342e+01
1.047791933614593241e+01
1.295778279013874190e+01
1.382845770042396261e+01
1.206684045631723379e+01
1.397009607800847242e+01
1.219605186975964983e+01
1.536632728905139622e+01
1.332156289410755790e+01
1.347572988117510029e+01
1.431775738171863388e+01
1.266980068372604151e+01
1.344349061503178966e+01
1.341168821046985826e+01
1.354087203210617929e+01
1.368673809466938174e+01
1.471505228067069027e+01
1.310997019671657071e+01
1.180500151179233725e+01
1.303528136897031331e+01
1.286830703276305599e+01
1.411231959362641142e+01
1.179649461779653663e+01
1.266489646284180814e+01
1.305254994550379699e+01
1.499023026794159996e+01
1.246700691942352357e+01
1.492333105578076058e+01
1.482665383026152028e+01
1.270717556572678753e+01
1.167465206316177984e+01
1.338373119318193893e+01
1.317476180033093414e+01
1.314291326656587522e+01
1.476268261667003578e+01
1.233015267823855687e+01
1.398326614532552625e+01
1.341633493518588871e+01
1.479833800480890105e+01
1.271567856474243996e+01
1.442447344451446689e+01
1.255544664080462525e+01
1.396775936614261582e+01
1.286858397793712605e+01
1.527700831364082745e+01
1.182344755360383637e+01
1.127488339484474267e+01
1.522599454676045561e+01
1.068857770721016465e+01
1.197195155229185026e+01
1.309747104136153695e+01
1.055661009448184906e+01
1.418919214923437622e+01
1.351365890016338689e+01
1.244155411183496440e+01
1.308518518193183056e+01
1.335876906216848070e+01
1.389061840545768867e+01
1.413743368296815639e+01
1.272054175635330253e+01
1.129974589427551379e+01
1.487280767578548968e+01
1.742492910110931703e+01
1.204474341202441856e+01
1.259141660374521265e+01
1.287701646671961875e+01
1.056436590771679995e+01
1.219107301972001167e+01
1.238685641095771750e+01
1.269743658020157007e+01
1.411464900337523076e+01
1.226937597511722799e+01
1.337855578344078111e+01
1.187314334412560513e+01
1.307865916117215654e+01
1.444206964522376246e+01
1.362072167576313397e+01
1.400513734756586004e+01
1.135946103360972081e+01
1.286672485299186874e+01
1.413748040705760367e+01
1.278022654968074256e+01
9.883482369490181441e+00
1.243313174819621381e+01
1.192078093147990892e+01
1.243321735166548692e+01
1.166176642375693184e+01
1.281435255712138854e+01
1.125208583988096045e+01
1.302511843066982244e+01
1.249210634953428212e+01
1.346346909743250819e+01
1.318386013830582115e+01
1.255536172765897796e+01
1.253497429355831905e+01
1.285053963909346386e+01
1.247931193499118230e+01
1.508560620979748279e+01
1.292538410672052684e+01
1.274705398934153600e+01
1.354203988257281566e+01
1.257000884767960969e+01
1.067143242714518081e+01
1.382375222510306578e+01
1.075079542019842549e+01
1.134697978651736605e+01
1.272502390225021784e+01
1.304096165838242882e+01
1.206999374216553811e+01
1.173487005820664031e+01
1.322059089431928491e+01
1.403977511802729339e+01
1.106701085191122935e+01
1.308899119800726041e+01
1.268154702337000295e+01
1.281789214251891273e+01
1.201975090510557642e+01
1.215485592405476645e+01
1.302414519818503535e+01
1.235208815441149177e+01
1.372304250571417761e+01
1.439991037727871159e+01
1.197841997713755724e+01
1.263735705378456409e+01
1.100575967910391917e+01
1.389180121504958976e+01
1.427642640828466547e+01
1.304641068804110660e+01
1.237229444281736157e+01
1.158823092245366304e+01
1.316075487151971224e+01
1.358705424889862634e+01
1.194219736623493056e+01
1.262864844636300532e+01
1.197746016474950714e+01
1.317547426406451017e+01
1.282571493078504332e+01
1.119970324837352393e+01
1.230351191982145131e+01
1.244218809859402874e+01
1.236424095877253571e+01
1.475425429176748793e+01
1.268730279914533909e+01
1.349326447581334953e+01
1.407299145539268714e+01
1.568563098724986915e+01
1.585423547471719807e+01
1.424020452969800843e+01
1.412480647854564886e+01
1.172902835947240163e+01
1.422570280944193044e+01
1.434837898731012729e+01
1.370877387468716790e+01
1.438302461433521806e+01
1.380689336895161290e+01
1.343497747348007820e+01
1.394118666979185406e+01
1.362097154037199687e+01
1.402399692978143975e+01
1.420461573565596503e+01
1.311254665523173202e+01
1.219666917354046731e+01
1.258495616873661227e+01
1.331385517841771815e+01
1.366814806892234202e+01
1.540071508496796859e+01
1.251854466112409980e+01
1.275833408933085877e+01
1.300415636441921130e+01
1.298602480087567379e+01
1.437013225952696338e+01
1.487577156845065041e+01
1.267130430680072273e+01
1.561711640833776471e+01
1.458723236543369950e+01
1.353553888119285809e+01
1.499931080397727712e+01
1.534345849931966477e+01
1.247013944205125746e+01
1.309440106755126187e+01
1.447208284515603083e+01
1.359715173559454193e+01
1.363465681958390618e+01
1.247427377730691234e+01
1.200565462019595131e+01
1.349967410293610648e+01
1.276234717493193394e+01
1.354141637322628533e+01
1.289981164593681129e+01
1.211176780582444401e+01
1.320214066530562924e+01
1.401135503691859796e+01
1.331503210306848572e+01
1.144591257774286674e+01
1.268641745595142645e+01
1.322399926928892633e+01
1.496541790768930014e+01
1.691048912096305301e+01
1.488496141821768148e+01
1.548746750634381009e+01
9.998821598218432527e+00
1.286194608600333389e+01
1.466729205085610488e+01
1.327306569775953626e+01
1.369286220140439525e+01
1.215633990939650211e+01
1.637726280553336622e+01
1.283406395666582611e+01
1.347199365234330060e+01
1.412455430226186337e+01
1.412824382057764616e+01
1.406877407385742629e+01
1.301931116138528033e+01
1.294243657694992145e+01
1.256056867640808328e+01
1.482183739039648529e+01
1.300511555894283333e+01
1.199196798683292542e+01
1.370295608685079713e+01
1.313876789179684224e+01
1.180376694585949160e+01
1.138744489083295619e+01
1.560500219916734821e+01
1.152605991973435451e+01
1.443969631300959477e+01
1.085882424946230884e+01
1.175706568606030444e+01
1.392435944381007751e+01
1.168952207369298435e+01
1.355892041199196463e+01
8.568599600161157070e+00
1.182115526558784779e+01
1.389460699076156480e+01
1.476646933552965280e+01
1.432987315788133387e+01
1.604510323021706597e+01
1.359456478423464176e+01
1.520773092937636584e+01
1.418886443602779934e+01
1.469587997926465128e+01
1.352959155267086722e+01
1.185254976626849732e+01
1.406259514907319463e+01
1.340640714611148532e+01
1.444320357238814978e+01
1.157033228068840636e+01
1.411037355450187292e+01
1.301034475942586965e+01
1.563646152064148609e+01
1.235003403391633725e+01
1.166035315433229513e+01
1.449177351798339686e+01
1.277726416869443682e+01
1.184337729892476077e+01
1.405579305223390207e+01
1.239367422884785519e+01
1.418997422883486870e+01
1.241684073641213715e+01
1.466038499720424859e+01
1.646040251492329531e+01
1.457048581311629398e+01
1.488105629854559808e+01
1.498736139151491109e+01
1.282599564569879114e+01
1.326420688658352098e+01
1.364055335772665600e+01
1.448487937022455974e+01
1.037177103252326660e+01
1.223452339023383928e+01
1.293719855072119529e+01
1.293031435187840650e+01
1.368534911292726974e+01
1.341579322553626774e+01
1.276882183407283122e+01
1.548923011098751878e+01
1.968492392853396922e+01
1.701310091482142184e+01
1.336506791071880507e+01
1.172469121382845536e+01
1.357633822606796592e+01
1.235060411212646336e+01
1.515232475750778995e+01
1.428233985972539521e+01
1.352084578284773464e+01
1.173923457015960814e+01
1.511431770376159101e+01
1.100222017785010920e+01
1.348801280154771476e+01
1.291489402389241903e+01
1.461880033045536287e+01
1.412828927143639035e+01
1.321744925333993947e+01
1.473913024096870217e+01
9.349033503705591386e+00
1.312472877403829941e+01
1.175059766503119185e+01
1.614282064026370378e+01
1.453043232540359675e+01
1.218597869833105207e+01
1.315288738293352644e+01
1.312687550155148486e+01
1.371904654451418537e+01
1.422130878339314286e+01
1.238379073600135705e+01
1.489889636235051462e+01
1.379056209961470358e+01
1.603656223485330301e+01
1.532916210908189747e+01
1.190065628585536750e+01
1.273363900923837555e+01
1.416332457933139644e+01
1.314957102028806091e+01
1.647115453668999763e+01
1.517283956670085310e+01
1.554810384533180034e+01
1.425814492044932180e+01
1.224728457543224280e+01
1.523563365129325575e+01
1.355340808209825276e+01
1.402649942850674236e+01
1.253897060179672351e+01
1.373040509955701260e+01
1.694140870622811335e+01
1.396058958608139378e+01
1.236586742438808884e+01
1.517219325228040461e+01
1.342913884491940024e+01
1.524212687297782054e+01
1.494028987769492112e+01
1.385373762918261065e+01
1.432318197846120000e+01
1.220583141234311242e+01
1.614695831940316140e+01
1.265713165670183749e+01
1.647135148186924525e+01
1.408886899669643888e+01
1.447253178951377883e+01
1.330028689915867268e+01
1.405066657262335106e+01
1.419099332667628133e+01
1.467109202198291307e+01
1.361795265704254376e+01
1.148728984130240960e+01
1.454663051263595364e+01
1.489824007307028175e+01
1.585537025725228588e+01
1.183776003095301022e+01
1.301385826978309446e+01
1.159236008074867819e+01
1.401526886021475526e+01
1.358008712151993969e+01
1.570093519607261889e+01
1.192076746531439646e+01
1.508568462610436001e+01
1.143837434905357497e+01
1.668645282088087356e+01
1.371934203391916718e+01
1.528493668894687474e+01
1.433226677991856590e+01
1.419052213377656635e+01
1.125708476906177680e+01
1.361374282764602484e+01
1.247869664377413912e+01
1.311767552346757704e+01
1.375551006788635000e+01
1.186397778549967974e+01
1.219181561647137890e+01
1.071186899150064065e+01
1.448998335325430986e+01
1.223202137511826493e+01
1.378680269207250575e+01
1.193040348286844043e+01
1.203386480621856336e+01
1.371148800028717041e+01
1.668944932471991649e+01
1.122158776450496909e+01
1.726311278212071798e+01
1.004793525349552752e+01
1.625051514960203036e+01
1.549209218521226106e+01
1.225751690289338036e+01
1.586593075716852930e+01
1.183386577410479923e+01
1.405284375178990253e+01
1.365950613426791094e+01
1.237847185473463085e+01
1.890497813608494226e+01
1.224378325945974311e+01
1.451516830285611981e+01
1.196256640607589716e+01
9.101581788118327410e+00
1.503648340282003737e+01
1.438772554337156606e+01
1.360635739080399809e+01
1.214348612186204690e+01
1.333571509326936066e+01
1.089440538356243593e+01
1.079700916205050021e+01
1.219448808552231966e+01
1.082834645970471676e+01
1.295413922523725603e+01
1.053164480478299581e+01
1.203335399733778388e+01
1.693392234134078222e+01
1.086854887354574117e+01
1.223846463422799857e+01
1.273865180307964451e+01
1.232580333326604993e+01
1.357282322629265536e+01
1.185160779129811814e+01
1.269962318275351798e+01
1.211364386846275920e+01
1.158339941197212219e+01
1.165501229775588321e+01
1.343450635577964469e+01
1.192084906656286236e+01
1.128516813750705161e+01
1.232499120917111135e+01
1.418085350750917684e+01
1.620811253121286555e+01
1.303280703299224719e+01
1.098637277583262417e+01
1.355155008649697379e+01
1.214110200568964792e+01
1.181933884605269114e+01
1.498639556385006522e+01
1.031514809930311394e+01
1.357815786551164194e+01
1.349523513177619982e+01
1.271619573052097252e+01
1.288871838881271970e+01
1.493073928705630138e+01
1.361863966775755230e+01
1.443425457447984073e+01
1.530992213508040578e+01
1.203810281074730604e+01
1.434296392455317459e+01
1.297311750233338223e+01
1.431975615899108867e+01
1.019160957809654455e+01
1.137453111346976975e+01
1.682845174938142918e+01
1.563761440328841346e+01
9.021765802730563166e+00
1.285102802838502001e+01
1.457507005666039390e+01
1.122990050034601772e+01
1.331948447795826596e+01
1.283608913282772512e+01
1.411665789558278128e+01
1.544039331687710614e+01
1.547408259866571711e+01
1.381204511325778839e+01
1.395914367605739770e+01
1.391315578456246627e+01
1.154799681414334600e+01
1.633112856073113761e+01
1.416242314865529117e+01
1.097779311551823334e+01
1.131569755602834348e+01
1.157127475747172163e+01
1.214565112476617159e+01
1.280826376908811426e+01
1.423481676883375791e+01
1.426170519190259256e+01
1.207706475428802229e+01
1.341652374187691343e+01
1.247027693654031211e+01
1.303866254838196248e+01
1.200161887411972472e+01
9.705428203887908722e+00
1.333043465441641828e+01
1.199718592861586330e+01
1.718438070277922591e+01
2.067512087400324106e+01
1.084047331632448774e+01
1.360968448277176002e+01
1.651766527730050527e+01
1.513656487097541614e+01
1.425776519076931237e+01
1.470942595858378255e+01
1.497840065620768968e+01
1.097816286491639737e+01
1.461158034284658669e+01
1.495834113848770031e+01
1.351459609679458573e+01
1.425766456804030824e+01
1.256660650519156164e+01
1.205915184508115701e+01
1.394635663086956079e+01
1.403287517001753493e+01
1.299037804804764207e+01
1.567519137825535758e+01
1.379417757085358431e+01
2.202117519402481349e+01
1.308096932115233102e+01
1.393784441877880553e+01
1.235452462149910957e+01
1.076592789256945792e+01
1.463012383133914440e+01
1.440252934374018423e+01
1.447358061538343499e+01
1.265478805816964680e+01
1.247468529054554942e+01
8.806244635441316859e+00
1.532465025343097409e+01
1.434947912573483286e+01
1.363552576036101094e+01
1.496617587448127473e+01
1.618273283798169970e+01
1.786122315589526011e+01
1.844130924658199078e+01
1.399118708950288692e+01
1.575066207267586371e+01
1.571283998655609970e+01
1.154598345384512470e+01
1.339305598638274475e+01
1.206620845250739826e+01
8.040340605094145943e+00
2.124905540140918703e+01
1.939004160079189631e+01
1.786800545200744494e+01
1.351144983852988979e+01
1.669659286086530159e+01
1.395052615476218349e+01
1.220892091048539463e+01
1.495844468067511279e+01
1.032458475091070582e+01
1.416583994885713338e+01
1.397343226443124919e+01
1.376647030957064466e+01
1.050642659899300924e+01
1.258426749452712734e+01
1.248966698641417672e+01
1.092674666581959819e+01
1.494639502173698276e+01
1.151356805229269753e+01
9.518740173543253746e+00
1.424120492219583767e+01
1.206822518453443216e+01
1.109061125254216762e+01
1.518013853120159062e+01
1.583668245135064900e+01
1.265118052103996682e+01
1.228617241652367120e+01
1.324147409421847499e+01
1.405176612720833518e+01
1.206496706553673803e+01
1.242288466261382496e+01
1.419408579862835396e+01
1.134899757069898030e+01
1.365214822836258790e+01
1.353908186129714686e+01
1.373591282391885748e+01
1.478940165174798871e+01
1.054075444199164835e+01
1.536760547217586392e+01
1.359495124124041610e+01
1.480657215373822133e+01
1.406446038716927838e+01
1.597115555980760959e+01
1.201946257342234681e+01
1.267777000806588283e+01
1.122799586442203434e+01
1.362934266792022697e+01
1.160072848420997893e+01
1.230128043310205577e+01
1.114418698943499564e+01
1.315661482394698112e+01
1.323328550838367335e+01
1.034744964123052569e+01
1.515894483847721830e+01
1.033633507949581265e+01
1.128491127168297403e+01
1.124784456234390007e+01
1.024074216043202590e+01
1.857805476503951070e+01
1.400757790436734496e+01
1.471848777931572805e+01
1.440652610790666976e+01
1.505480733275206262e+01
1.331177609538848650e+01
1.560495703011314461e+01
1.631351238898909983e+01
1.112387229345331008e+01
1.238996672579227365e+01
1.093557899008910894e+01
1.326557057943108120e+01
1.111477936399554522e+01
1.545002281755477469e+01
1.179737682618199202e+01
1.415419875724424692e+01
1.288402152636675524e+01
1.248428840484339197e+01
1.437972172734531462e+01
1.515359161005683930e+01
1.519567024695332869e+01
1.274518555181954405e+01
1.106045666802236127e+01
1.407370641423507962e+01
1.556702466242955651e+01
1.399058999164124728e+01
1.631428599855124517e+01
9.137261173704448680e+00
1.400072880053906133e+01
1.329182659122716537e+01
1.289080198325681614e+01
1.575820096528574688e+01
1.069813148393097890e+01
1.404884643871687544e+01
1.165214706708703751e+01
1.338475494123239251e+01
1.451053556376963272e+01
1.705959331482849350e+01
1.380422645088755829e+01
1.298436322915596364e+01
1.676275482221876700e+01
1.425522112367467109e+01
1.444205903267897106e+01
1.296697154670994756e+01
1.434049768539111724e+01
1.128178420860657027e+01
1.409947052236687348e+01
1.295618126269459403e+01
1.406844442206117307e+01
1.277791235904504674e+01
1.015879881492565850e+01
1.298706897669425508e+01
1.473634832761009683e+01
1.524726767125656579e+01
1.357636511264629142e+01
1.498426333561642743e+01
1.257612173162836910e+01
1.116933894716492404e+01
1.349954007855740912e+01
1.218007748689817582e+01
1.655624982316726701e+01
1.468883511749556625e+01
1.256117820602097979e+01
1.343829226617407890e+01
1.308682349771006770e+01
1.397793326529666125e+01
9.444995817618139000e+00
1.378495306618131977e+01
1.146056739216640530e+01
1.180812087242569852e+01
1.206829445841638027e+01
1.106808413333350138e+01
1.445796149505047090e+01
1.460924286239712089e+01
1.180507353606843068e+01
1.152326351493909051e+01
9.737028351242226876e+00
1.366459890369419306e+01
1.141778648951861896e+01
1.131338133051881201e+01
1.466133734849733905e+01
1.100118242745432084e+01
1.878867493614108852e+01
