2.641946985846334783e+01
inf
1.096007472605875321e+01
1.706192870020264252e+01
1.484724032629796575e+01
1.180227540114824336e+01
1.769074868441428094e+01
1.570493276105766611e+01
1.942412136026471714e+01
1.439473514840012491e+01
1.337896114127009994e+01
9.084786453169169107e+00
2.480378403027408751e+01
1.203869784838286705e+01
9.458780697370229973e+00
1.438075445756667392e+01
8.602701333905550030e+00
1.785434195543975733e+01
2.047816350937457486e+01
1.290850076702677107e+01
1.205897444356225634e+01
9.722045402001567638e+00
2.101210202722990417e+01
1.908534949017190741e+01
7.284783185117444937e+00
1.684976837073267575e+01
9.927548230581122013e+00
5.762276109141362568e+00
8.825830836587623907e+00
1.192089091937614320e+01
1.029431173507303221e+01
1.287133603875544630e+01
1.122427028365343737e+01
1.465497768669699141e+01
1.619903458853096367e+01
1.314563012692001998e+01
2.331376743867346590e+01
1.880238687684332177e+01
1.442277836984499118e+01
1.698419370739760481e+01
1.732687621735390948e+01
1.245340396894295409e+01
8.948603840892332073e+00
1.052223325263639708e+01
1.946980749267433097e+01
2.476851706469431136e+01
1.635803734313294200e+01
1.204299406666551953e+01
1.669953360880647253e+01
2.081717170716409981e+01
1.874670844186071150e+01
1.441662688158486816e+01
1.504197229770607258e+01
1.256371053624525658e+01
1.292963234130838224e+01
1.497355768134683629e+01
1.367303208951753390e+01
6.609151971695091277e+00
1.689284294954996923e+01
1.584500335032657325e+01
2.484633878536142504e+01
1.920781837401870362e+01
1.973833859164062332e+01
7.434065892375812723e+00
1.180945482485436848e+01
9.366849739759164351e+00
1.285310224429640158e+01
1.209238538169471155e+01
8.775715330661673974e+00
1.644661643118942962e+01
9.868706918164754427e+00
7.628244227585121884e+00
6.776208116748269283e+00
1.377633244040104010e+00
8.280139704978182635e+00
1.170956870242529391e+01
1.830914687418198739e+01
1.028279586931200917e+01
1.117319715387232471e+01
1.057095718808227502e+01
1.332570971558402739e+01
1.229422205400530466e+01
8.455691065851226540e+00
5.573707106582255655e+00
8.088616587249614298e+00
9.697893230243497698e+00
2.283300880787393083e+01
9.441376258052512682e+00
1.256350919998618032e+01
1.333298055365189327e+01
2.005654810053716020e+01
1.310248315378392547e+01
1.696223144099511515e+01
1.421447601139359129e+01
1.287459294516258446e+01
1.747121980407552755e+01
1.311189529411930899e+01
1.442017139481760779e+01
1.745010295173835146e+01
1.129624207102847855e+01
1.580853930979235500e+01
9.188029838247096848e+00
1.508026534193172985e+01
9.686203373900287517e+00
8.404414969680724212e+00
1.051409136175762882e+01
1.263345861656906521e+01
1.051294779742461571e+01
1.049198032383489476e+01
1.314545590843159317e+01
4.888160181215750022e+00
8.855742576270168698e+00
1.076346025786869021e+01
1.319948172080800219e+01
1.513702850961176694e+01
6.323160561260539936e+00
6.924227815753971171e+00
1.261977575490952930e+01
1.447043984991488230e+01
1.047882715801202202e+01
1.282772300092994833e+01
1.250122496574825881e+01
1.117177946403214683e+01
1.736856001718182441e+01
4.364839328165660781e+00
8.571716750488082681e+00
7.917329914616672681e+00
6.407824060355734375e+00
1.210937533825035750e+01
1.526325009480038730e+01
1.047157732927825791e+01
1.075127687001032584e+01
1.192465025616344398e+01
1.133495252814755538e+01
1.153363243996142451e+01
9.818356859117454150e+00
1.202144759447642919e+01
1.392741386866201303e+01
1.651158982139980935e+01
1.348302359974797326e+01
1.498480911992530551e+01
1.217455703302347381e+01
1.146823365658364224e+01
1.045740058708012121e+01
1.336555289571654548e+01
7.100071706900577873e+00
1.713396486243159700e+01
1.789130699663210322e+01
6.191202457402722459e+00
1.301277549060737293e+01
1.367210410721670932e+01
1.060624405370436563e+01
7.330707822614360936e+00
1.003995973989769119e+01
1.368667770530866790e+01
1.880991415244511344e+01
6.699272806774255073e+00
1.126440111687215406e+01
9.578675047326550285e+00
9.580610583143744918e+00
8.201077253744450957e+00
1.709031794555369999e+01
1.314418119847933397e+01
1.947787157251261192e+01
8.569117530972665264e+00
1.224521806369608967e+01
9.166022399955258138e+00
9.313697432593682990e+00
1.717897194765989255e+01
1.139854545718730172e+01
1.179165299838676972e+01
1.548373644127575233e+01
1.083660934264200471e+01
1.017961514337906692e+01
1.035363539672590250e+01
1.718013450744180659e+01
1.364593912624795635e+01
8.517210952578624372e+00
1.178036779121903699e+01
1.312921977752616876e+01
8.910328158128422160e+00
7.323865146308482288e+00
1.206575102135704647e+01
7.621887985162826951e+00
1.040380787854592270e+01
1.096193636839618613e+01
9.167567844323270876e+00
9.456083681739272606e+00
1.017938657262088320e+01
1.133846637060898388e+01
1.182625838069860968e+01
1.310736637663331194e+01
7.006410384574470740e+00
5.468962513130117387e+00
1.242414804582658050e+01
1.202024586026378472e+01
9.931096149239134974e+00
1.110929667517054753e+01
1.296515841157120263e+01
8.349966886520078901e+00
8.438768373957358904e+00
7.788100604957639561e+00
1.580778395699907435e+01
6.361028211072831340e+00
1.322407722625694504e+01
1.492552003278370343e+01
8.582752418949896267e+00
9.021497668099565104e+00
9.881550713137462694e+00
1.122466808206968203e+01
8.583121359246025150e+00
5.732131473888882667e+00
7.457040834845592769e+00
5.328861256826962212e+00
1.139417387010863436e+01
1.120466766909669332e+01
1.068772047113517232e+01
7.906241964985305515e+00
1.309472742081524110e+01
1.023072769512594604e+01
1.637756937895860432e+01
1.313690848861272187e+01
9.915439654828333005e+00
6.662068899364235186e+00
9.888065231231024654e+00
9.181835639120240700e+00
8.670422965064783938e+00
8.679600952756061361e+00
1.336599300865523965e+01
1.361452535679853248e+01
7.590129587346917006e+00
1.023507339190332921e+01
1.381597945453409082e+01
1.078585591583182612e+01
6.588029665146835967e+00
1.001673858959925134e+01
1.064941457347188702e+01
1.474706355322053852e+01
8.952993905252190743e+00
7.479427984036465027e+00
1.131625989748703809e+01
4.798331626528764104e+00
9.960622921982784206e+00
9.834887002109878651e+00
8.230832556999267524e+00
7.831338372293984662e+00
8.017443969902062761e+00
5.749673663764782283e+00
8.867365762535413864e+00
6.357956179573135636e+00
9.102693088934540100e+00
7.671994949542992437e+00
1.229844376470564171e+01
1.345330332989047406e+01
1.153876023982527954e+01
6.846950009902299072e+00
6.897542044458228716e+00
1.168471415671587010e+01
1.324156222368468505e+01
1.247470430830976262e+01
1.027729358728023179e+01
7.519647139699814353e+00
8.335596847731389758e+00
9.444688640710683813e+00
1.125107955485075095e+01
1.055050263216619300e+01
5.176499877975074604e+00
8.626486538526375369e+00
6.371569102869888646e+00
1.121082176232342320e+01
1.214075777484260144e+01
9.518470348254913560e+00
1.266934652704451381e+01
4.276934297619019887e+00
9.586994209511972898e+00
1.190646006709347127e+01
8.259154715391666457e+00
7.570979460653459725e+00
9.001794891752890493e+00
8.236898097970783539e+00
9.863189809857020762e+00
1.055780246029932101e+01
1.101595778508613677e+01
1.307345846813734802e+01
7.678891960776312864e+00
9.423928668529928387e+00
1.237827404926972008e+01
1.085424339901770807e+01
1.140000654893607823e+01
1.055168400687221109e+01
1.004212074756644668e+01
1.042670461852010000e+01
9.729305231150059186e+00
9.583676474259204880e+00
3.831011140666164660e+00
1.318003514205010518e+01
1.249575966910208535e+01
9.378775964341436122e+00
9.414894375112929481e+00
9.927005664449065847e+00
6.772617331434722665e+00
1.136126798512966651e+01
1.191115858539881245e+01
1.012755939415063366e+01
1.363916409133262242e+01
1.009276093886414039e+01
9.752804812364948006e+00
7.456918725560079508e+00
4.159636339787555315e+00
1.145932753080553823e+01
8.921051711135492113e+00
7.771294848430713387e+00
7.656395057171355489e+00
9.421721584937900573e+00
1.268543690330879059e+01
1.364753546640007542e+01
8.024810294572050751e+00
9.078009596605864928e+00
8.966195176211595452e+00
9.682866117691695251e+00
1.316082937768299388e+01
1.375983282887378500e+01
1.044638482071268193e+01
7.921013369199113363e+00
9.661071924927755461e+00
1.105790262891071407e+01
9.395873584309082815e+00
1.314170765879168457e+01
1.215146420668555294e+01
1.428341267722797525e+01
1.210208950944646844e+01
1.164651606961711217e+01
7.662822252764599718e+00
8.501894989671583858e+00
1.277251219916563585e+01
6.394376377693357760e+00
9.205929635093339058e+00
1.551860579043942323e+01
1.272801481843151450e+01
9.034075343366255950e+00
8.940539409097532086e+00
8.619719245078934833e+00
8.390613221723379311e+00
1.060079975282354781e+01
7.679068965393284429e+00
9.996218604536188934e+00
7.631193143780196309e+00
1.072271438328689896e+01
1.354281424781114218e+01
5.388821370500467722e+00
9.265857668811035452e+00
8.487020342570950504e+00
7.883464535549501662e+00
9.324403194230246328e+00
4.888113920993943040e+00
8.055141503423499216e+00
1.090202196865121032e+01
1.001786766216145708e+01
4.831914119787827033e+00
1.064488745890306021e+01
6.912205083049647314e+00
9.848538581596040231e+00
8.024085500113761427e+00
5.922851720439318512e+00
9.828979152374373029e+00
7.791158558020243596e+00
1.077815477929316579e+01
1.122095716393116049e+01
9.205521580135762605e+00
7.088836173488958892e+00
1.375420044641635009e+01
7.968616863243735082e+00
1.242346390067294948e+01
1.670906537032618644e+01
1.181957159257564882e+01
1.317199700000423235e+01
9.806617417692828909e+00
1.154516081935617500e+01
9.290276647766230411e+00
9.224844529578776431e+00
8.439761021852817180e+00
1.130768260276660442e+01
1.132043893261944412e+01
1.071648286781693571e+01
7.020712398195927406e+00
9.981434349907164716e+00
7.141798184230465196e+00
7.304442986171527430e+00
1.028899757104675317e+01
1.004695382521321712e+01
1.157285976223011303e+01
1.144129196606182042e+01
1.067534959046721177e+01
5.767153019131917802e+00
7.287636460974442620e+00
9.019709285296070078e+00
7.650901123585309271e+00
1.157542510643793321e+01
1.093844464564622676e+01
9.321631042191384608e+00
8.074306554005959313e+00
9.537123259420438259e+00
8.207702564701572001e+00
8.815649061389601471e+00
1.384229360889803040e+01
1.037168658766871587e+01
1.381498267932640900e+01
1.386672857148405846e+01
1.564795583279860480e+01
4.645142270048790323e+00
1.038103855854316038e+01
1.148147601114300009e+01
1.067009688845521964e+01
8.939980502367083304e+00
9.024495058174414552e+00
9.586171090844697318e+00
9.698813222288952929e+00
8.278095385916884652e+00
7.186501294644776827e+00
1.197429854240180624e+01
8.376897947524174270e+00
1.390856437038100601e+01
1.052463207460033168e+01
1.283048143339924074e+01
1.359112961283602061e+01
1.143071578169677771e+01
1.248588374763793496e+01
1.844169181760845078e+01
5.595808240789662769e+00
9.306331767827144219e+00
1.274411147236953745e+01
8.720547690989263856e+00
1.610586313964880389e+01
1.090896134831629460e+01
7.493009466483552927e+00
9.333750643635482902e+00
1.064937317871990530e+01
7.486331632428592897e+00
8.396482618143558341e+00
9.854410877246300160e+00
9.850366568828324176e+00
1.207515828782975298e+01
1.399873239863865138e+01
9.936748400469436859e+00
1.089207631488547889e+01
1.106080718395632623e+01
1.031433576066085323e+01
1.312327803458664732e+01
1.230111289787536144e+01
1.362672321460644476e+01
1.208170514240954851e+01
7.913179999089715366e+00
1.110908660104871615e+01
1.091435910359037642e+01
8.387519334459113907e+00
8.610351731496082905e+00
8.116537350492050606e+00
1.208932563479777755e+01
1.244217748972521953e+01
6.444371784816766535e+00
7.379607350571466107e+00
1.067828592730947612e+01
1.341220319803438699e+01
1.115196999758495089e+01
9.158668379575429341e+00
1.049867429475155944e+01
1.057237969791865595e+01
9.571717205189845146e+00
9.777072478958533708e+00
8.601191820380670094e+00
7.087051398229498034e+00
1.142199736528407961e+01
1.299392638104543529e+01
9.474563434153496999e+00
1.086107056446835983e+01
1.046903256614865363e+01
1.314339400730566965e+01
1.108199645168993541e+01
1.043539237567160072e+01
9.915742063048041288e+00
7.685369206033178635e+00
1.101345492833494433e+01
1.262465302437234094e+01
1.106925389010047311e+01
6.729635877933495713e+00
9.059043712162624828e+00
1.395328574250832787e+01
1.106562000875182150e+01
9.918110555069425516e+00
1.083358358158775481e+01
1.003877023107903455e+01
1.070573993301558779e+01
1.054279099023281319e+01
9.353895088542369507e+00
1.162629232452732708e+01
1.320292486753745820e+01
1.132514546467536221e+01
3.928965453927887985e+00
5.498244239535707401e+00
1.090214887363997498e+01
7.227354153393608982e+00
8.690776537099791810e+00
9.001414954215519515e+00
7.360306722673154667e+00
9.416408028166944888e+00
9.490146182199749703e+00
7.776044152606390369e+00
1.032875031097982976e+01
1.039610367615055431e+01
1.120264819811674428e+01
8.473950020783622250e+00
6.906309321193466744e+00
1.074340243197364231e+01
8.982665067881718812e+00
8.144410446696099370e+00
1.407796136133272036e+01
1.230032140022419718e+01
1.039263213895647553e+01
1.155439350251756814e+01
1.110517407143796476e+01
7.696942635824769674e+00
9.967030000734094841e+00
8.970815509206689242e+00
1.151208799121739901e+01
8.803905809839969621e+00
8.828714193393675913e+00
1.066730255265206040e+01
1.078697931567596235e+01
8.900448282486751239e+00
8.385542489902336527e+00
1.509625400540942408e+01
1.223871068071320778e+01
1.308587628743996589e+01
1.283437577257712725e+01
9.504797666809491119e+00
7.858236824512998986e+00
1.138531486074673005e+01
9.502414463069522199e+00
1.090928266702987415e+01
9.893503194442926585e+00
7.713823814910249155e+00
1.263834013811223400e+01
1.205953705142411536e+01
9.330108339151271579e+00
1.142977747468751737e+01
1.075751467802735739e+01
8.076799398830130983e+00
9.901916884880408887e+00
1.451320418208008611e+01
8.523035626543078891e+00
8.247963818308251760e+00
1.077924447267562869e+01
1.119980385264473988e+01
9.126071947549080576e+00
9.834505948768821781e+00
6.677020429694223047e+00
1.190958880707860246e+01
1.356642498059930446e+01
9.690720357550791419e+00
8.570731815100879558e+00
6.672327140094805209e+00
9.070009333595995926e+00
1.001176988043456006e+01
1.011176419315792074e+01
1.106841432074956799e+01
8.290101446568552745e+00
6.352798765296668648e+00
1.089415611736392364e+01
1.292759843238521356e+01
9.719420190297729079e+00
8.194721755412317066e+00
1.137875279498217296e+01
1.264263493000292193e+01
7.196526030908959370e+00
6.092921177579690095e+00
1.145652020844885399e+01
1.031683767162925669e+01
8.924500879390500074e+00
7.818170407772452535e+00
1.016384185538920093e+01
8.407588822634197712e+00
9.355841517011446840e+00
1.213831381516606278e+01
1.107509104742040051e+01
1.046373110936562334e+01
8.431957772159851316e+00
1.265469420449268334e+01
1.057214957031485802e+01
8.598496941836765828e+00
1.073669238722867014e+01
1.005941536518567681e+01
1.338765209971865389e+01
8.775195095629968023e+00
6.690756358443121776e+00
9.918196451024048343e+00
9.770373466389587591e+00
9.950828845739970063e+00
8.071922817583031318e+00
1.159514406189538072e+01
9.193740984905716118e+00
7.628477986227758301e+00
9.023332018437331570e+00
9.475140802240112237e+00
7.841180474739383399e+00
1.161580435418728463e+01
8.520965166793537549e+00
1.139684494114834656e+01
8.501422837982692826e+00
9.538627648131116743e+00
9.865232960791542993e+00
8.168936122521200716e+00
9.869731931210596443e+00
9.179004083082961785e+00
7.728517758726562548e+00
8.581726829821423763e+00
8.429288293914147800e+00
8.457107055055297806e+00
1.181515594063716534e+01
8.647169029706207155e+00
8.192250381436288365e+00
9.242817331590323704e+00
8.284906850452593119e+00
9.531714694559802581e+00
9.345180084520633201e+00
1.095720659530761765e+01
9.408815572223696577e+00
6.419554370530843102e+00
8.375900289012069067e+00
9.967578816005756792e+00
8.797038242046431478e+00
7.016864201439649840e+00
1.188400356126912527e+01
9.314515870377757523e+00
8.910386796724495184e+00
6.926679217282680767e+00
8.350917790218456815e+00
8.023082370156290111e+00
1.214517464614079323e+01
6.716212321246314509e+00
8.057633223006973822e+00
7.767610303351202283e+00
6.945850382575049942e+00
8.850865198550391000e+00
1.257795719386353817e+01
1.214897375136380830e+01
8.657299723025388971e+00
7.067719386995984010e+00
9.729822135163452401e+00
8.224108768064466446e+00
9.158536023835536000e+00
1.200139842139178370e+01
1.141558588382720885e+01
8.362999132100849664e+00
1.147502378603114970e+01
1.058403231312833093e+01
9.117325710412732320e+00
8.972104869079339906e+00
9.615065250297632815e+00
1.057410368276378776e+01
8.879260007373083852e+00
8.689266462836110705e+00
8.211685729028832981e+00
8.735627244052789564e+00
6.812911187506225374e+00
6.499798104687698697e+00
1.243255278914493012e+01
7.997595417646081728e+00
9.473509593217279701e+00
9.704665388598659348e+00
8.326404917154176744e+00
8.376422198678850961e+00
7.043015485172674950e+00
7.299764047780626264e+00
1.013131004510459476e+01
9.834549835029919862e+00
7.113994023552550061e+00
9.186261343325110573e+00
8.027325758944600764e+00
6.104136755252201674e+00
7.397718915808469298e+00
1.230831638541184603e+01
5.215497233364957630e+00
5.748523218084576669e+00
7.732515667275613680e+00
5.714798204237085955e+00
9.639231169393218224e+00
9.897340400072968336e+00
8.771790573494920196e+00
6.445186676485516131e+00
8.834324854970320828e+00
6.350048024679217917e+00
8.688289823716264237e+00
9.169364361140132758e+00
1.047607626723580054e+01
1.066375821719749162e+01
9.113345836279931333e+00
1.015502712342286884e+01
6.800557136301164540e+00
6.827107135475551480e+00
8.753975423077497098e+00
1.054608865254244066e+01
5.394891527883104665e+00
5.529127827457508637e+00
1.000554509278019566e+01
1.119623578382634577e+01
8.442841935879537019e+00
1.111802961440086968e+01
9.731634582817125789e+00
7.812514767102777924e+00
6.234408851266291407e+00
7.466327190080235710e+00
9.566326344407835691e+00
7.320489579305766270e+00
7.369967251488531268e+00
8.826875344976356175e+00
8.334890793827179678e+00
8.592462628345581166e+00
9.886286440277055831e+00
9.084327877002978724e+00
9.932072692393887792e+00
8.917939413711525987e+00
6.119045166827675963e+00
5.329307686718566472e+00
6.802609954278227455e+00
7.084679945792026423e+00
6.047985846931946519e+00
1.161270373012682100e+01
1.170572785906865931e+01
6.614369745520031429e+00
9.091060412464694096e+00
8.988706925068640885e+00
9.542572028276500973e+00
1.051577548919369143e+01
9.184622206923153342e+00
8.280798371751533438e+00
7.902067517264486085e+00
7.404463709230258317e+00
8.098610457513883532e+00
6.924460119210054110e+00
1.006340341392736804e+01
9.195362589541023368e+00
8.385801815371277002e+00
1.090214199934321115e+01
8.410289328287115396e+00
7.281505465609400929e+00
7.186443197891429158e+00
1.041578703531945038e+01
1.284471271260860448e+01
7.435309781439158883e+00
1.190491526010162460e+01
9.685331435146437684e+00
1.067534342184889340e+01
8.594460914331047974e+00
1.099146045654112847e+01
8.195799064020379276e+00
8.299965489274962138e+00
5.856249080981297261e+00
5.727492554424153504e+00
8.151150320170231112e+00
7.439223510511815185e+00
7.825978271603588610e+00
8.334586221578824450e+00
9.754873225182979724e+00
6.902570914737420793e+00
9.535821878620362568e+00
1.296948374990782682e+01
7.692540090216863469e+00
1.062590878194898636e+01
9.529189728040908136e+00
1.076568540309798294e+01
9.965810912346208639e+00
9.219760590947940315e+00
7.982580874452128050e+00
9.934074779887867024e+00
1.191521512181282638e+01
9.183068844308111878e+00
9.260980077686562950e+00
9.126357763998347750e+00
9.049705517895098694e+00
1.096495837445011823e+01
6.376057554139242356e+00
7.212903084034369527e+00
7.587363555677627325e+00
6.974070754561195962e+00
1.058333830960583377e+01
5.328361167258554687e+00
7.775901399137943315e+00
1.019740867289341679e+01
9.997063102753282138e+00
7.261975606281537488e+00
7.826851653849257850e+00
5.401626813739108357e+00
6.249391327720037026e+00
9.859173333160336838e+00
8.144819165380772219e+00
6.372983434619124310e+00
6.863146045600793776e+00
8.066040374404323643e+00
8.877936074339018546e+00
5.459723154960331115e+00
9.878227028232549500e+00
8.181294548882767970e+00
7.566838336956320354e+00
7.008378662387101166e+00
9.607928085743219881e+00
7.349407537034506888e+00
7.821324171795077440e+00
9.557897772704260220e+00
9.748731693441424540e+00
8.568886181045588302e+00
8.104648540020779279e+00
1.057767638863551340e+01
9.223714875525358181e+00
9.630078290776559413e+00
5.441025428446547352e+00
7.519621315780975479e+00
9.873763032764170333e+00
7.963573299306323072e+00
7.252926311524587000e+00
7.613979640623030676e+00
7.937948541069695274e+00
8.355526602614693488e+00
9.500992835953406157e+00
1.054639332447972322e+01
5.729676873267725234e+00
8.380760719814450255e+00
9.438618761621032860e+00
7.901336350698255906e+00
5.611819297824765407e+00
9.084157171908513462e+00
8.440214659972941291e+00
1.256433830774790117e+01
6.319878817164140905e+00
6.342711004765856586e+00
8.930805029560008990e+00
1.176716160084913199e+01
6.623443171941885588e+00
8.942687222929576407e+00
6.976879448826279528e+00
6.470346658705517839e+00
6.762912937345197051e+00
9.180573537490255731e+00
9.670661802860355039e+00
8.824175766005081911e+00
7.318937646547363229e+00
7.702474873315124704e+00
8.667376766104212038e+00
8.263736273294220780e+00
4.908759026743789278e+00
8.007164599517505366e+00
9.113424381342772662e+00
9.474105053881759275e+00
7.653924893227238790e+00
9.658932840487794991e+00
9.403806588133786448e+00
7.128697812391267874e+00
5.868617060292806720e+00
7.010835013542718208e+00
7.633451710330517059e+00
7.615072288214624230e+00
9.200904238679397551e+00
7.873440084624901303e+00
8.772370853352942532e+00
6.685518353384167334e+00
8.151956170715422445e+00
7.304312099262295632e+00
1.070120791494227674e+01
7.812578381043765674e+00
1.103994505642756607e+01
7.238136758570122176e+00
6.343533172734852954e+00
6.529673548966623109e+00
8.911319140443122677e+00
5.040966356491994205e+00
8.653968064664114834e+00
1.015931931878422212e+01
8.230693394383674644e+00
9.403008101360937232e+00
8.237933875796890959e+00
8.255286583148041757e+00
9.584418513032698428e+00
8.836779691824327543e+00
6.225455207649513767e+00
6.688520987009605179e+00
6.309262765041605547e+00
1.029907782485287981e+01
8.253513034725964204e+00
7.422100121359389568e+00
7.395375319136463510e+00
7.314432653497175529e+00
7.399057935548951193e+00
7.015464620996134215e+00
5.902631673107337384e+00
9.910411645510297518e+00
1.013612072744718873e+01
6.998298366087261080e+00
5.385896261488173131e+00
9.344451690894933549e+00
9.685482385597405042e+00
8.866651616349754406e+00
7.004867540613686216e+00
6.596734776531507194e+00
7.912508566554439682e+00
7.822970474639604710e+00
8.223895594398728193e+00
8.277252746299588182e+00
8.255303907711446953e+00
7.686682896975767676e+00
7.095434698055036016e+00
5.595836799779442927e+00
9.961051448128619867e+00
7.067323833751053108e+00
7.735858059794080255e+00
8.726437681764272369e+00
9.847056920993468410e+00
6.036539170531668219e+00
6.300933535336155522e+00
7.457114493644566799e+00
8.954436428753988153e+00
7.024777074597205129e+00
6.155627047113574335e+00
9.088738789243548055e+00
6.645782284732582923e+00
7.579888317695265165e+00
7.859775914796313323e+00
6.988084151580758352e+00
6.533814290329575947e+00
6.232778946110223650e+00
8.124834903366773275e+00
1.064927061303689726e+01
8.303718042855749104e+00
8.883605666834956338e+00
7.078403938800311934e+00
7.209147454400516075e+00
7.953849716337572318e+00
8.606110788989042248e+00
6.115601643722581748e+00
9.142981268582191845e+00
7.572994491257531990e+00
8.515851211144550348e+00
8.102917470079750828e+00
8.344307851210462701e+00
9.712110492718498023e+00
9.856322931807318000e+00
6.127730058743708241e+00
8.143000020769447289e+00
8.445853270257872580e+00
7.293638602210587685e+00
6.075442231288573858e+00
5.960924862495185828e+00
8.133535693180176551e+00
6.796227836358614383e+00
6.158101663674754533e+00
8.431280151580658355e+00
7.718152640552756516e+00
6.063278030235804472e+00
9.607302528102522388e+00
6.435025803296991143e+00
9.251997274449797359e+00
5.257335195705611142e+00
9.257104926414021051e+00
6.905564222328409052e+00
1.067173955284830100e+01
5.881279592816595070e+00
6.892612097353081779e+00
8.042940996907768536e+00
7.476435732565442471e+00
5.990614169439655967e+00
9.053138256529200234e+00
8.964082570784078996e+00
9.556717978520547163e+00
8.710945024870040854e+00
9.284294792748209346e+00
9.579500715130796706e+00
4.807237603087088473e+00
7.787316105458523374e+00
5.037741113107854218e+00
3.948085842683586755e+00
7.749156569429873187e+00
7.632160206247399437e+00
9.814770882629659354e+00
8.735297432453457134e+00
6.285691220031674575e+00
8.310383083734825149e+00
8.555405712736758872e+00
8.677656401819627163e+00
8.773109507171673371e+00
9.061360010226984230e+00
8.768557671981692891e+00
7.008851451492976281e+00
5.135333642965190570e+00
6.050271824522592823e+00
9.291153611847448701e+00
6.464402553196058498e+00
7.428352324264392514e+00
7.581389925038977573e+00
8.710356373029902954e+00
8.654328675239533197e+00
7.757340399132759856e+00
6.612643967364538078e+00
7.011726419255486675e+00
8.499924611317174694e+00
5.146181044226064039e+00
5.030915554553978097e+00
6.778372860997574634e+00
8.861740927821514902e+00
6.401577247463597686e+00
7.849233154107713162e+00
5.870962465968871058e+00
6.648176607896335355e+00
4.985882916802211184e+00
7.552102810390641352e+00
8.644049168499510216e+00
9.029401805039540818e+00
6.861573802155861657e+00
4.419204876968460205e+00
6.757144495990947242e+00
6.293865364722482703e+00
5.998154479331924804e+00
8.760098687612819290e+00
1.203703530141296696e+01
7.488460957942707275e+00
5.612154227492987424e+00
6.770282789383728073e+00
6.365372747108472673e+00
6.228919028120781576e+00
7.123985265257635646e+00
6.841969471509543155e+00
6.696406103313600866e+00
7.771071583283624129e+00
7.552938753477370426e+00
9.613494986945012144e+00
9.052225509201411668e+00
7.673511556020529589e+00
7.140316244832209058e+00
7.005974645250513611e+00
5.466206184885961328e+00
3.423614688756595470e+00
8.653813726369881110e+00
8.277767209188375830e+00
8.316801270912691280e+00
8.301612293305206336e+00
7.312932668159120020e+00
9.577022242481209702e+00
3.804023655568408824e+00
7.374519933268532057e+00
8.128858412766524211e+00
6.835024222268793359e+00
6.656993280184313022e+00
6.453660037715431841e+00
7.600559027443571480e+00
6.865663892256478995e+00
7.840047927429041330e+00
8.189429195509967840e+00
7.539524344492384955e+00
6.791315655018653530e+00
6.699622358315088455e+00
5.886354894516171221e+00
3.712615517478271343e+00
6.741198068932511944e+00
7.021724357408960060e+00
7.179027074458023350e+00
5.950741473649436841e+00
7.494099572737138004e+00
6.312335034821368041e+00
9.131077798551190838e+00
7.703477283967119504e+00
6.472071625977669385e+00
8.674871840049322103e+00
5.891269603733936044e+00
7.852084598062591070e+00
7.754409274826235432e+00
7.267857044227058694e+00
5.859878175769019926e+00
6.535106123591009286e+00
6.772363825200995890e+00
5.198891962100209874e+00
5.107809899826720290e+00
8.998183570702202871e+00
8.278111769057328928e+00
8.170221758774639298e+00
9.072168132624128134e+00
6.906139833560545505e+00
8.257066287254088977e+00
9.887221162629460380e+00
7.243932124054245136e+00
9.680733258296243093e+00
6.448748854312731815e+00
6.951460899715495856e+00
5.083520043713045666e+00
5.388006764686966932e+00
8.368827254713087527e+00
6.770567551784471227e+00
7.691375164079599536e+00
7.509466424587166955e+00
8.959978755531876615e+00
6.917404680895852920e+00
7.246506741669434426e+00
7.771335275663997066e+00
5.451085757495947703e+00
6.663194616678790538e+00
5.588056127524131611e+00
7.124421328567709821e+00
6.722338434021149389e+00
4.122129367090919594e+00
1.079626767809742915e+01
8.627288623191340378e+00
7.361538052042239322e+00
8.360872912412883551e+00
7.788853954543085045e+00
6.046637702822980742e+00
6.766343851012168287e+00
6.793297966532222176e+00
7.015524749894341383e+00
6.584952174452961771e+00
7.127867006171392461e+00
8.532718439861385562e+00
8.190499115827927668e+00
6.704728040724530658e+00
7.553127813103249544e+00
7.373212628694764348e+00
8.072079396684195274e+00
6.546266647059167276e+00
9.548600861781389781e+00
8.120462956676638200e+00
4.722430272960822961e+00
7.092813533334560994e+00
6.272772788855862203e+00
6.232586837832178261e+00
5.141233624425135318e+00
6.815390042365992329e+00
7.225115603450236179e+00
5.736207823609659862e+00
6.862023362889068778e+00
5.496110376776550233e+00
7.546200688118869238e+00
8.241809681877988680e+00
7.187367386779184741e+00
6.664280551493299676e+00
7.361281411536073627e+00
8.702459258723932223e+00
8.710677576719385584e+00
7.287525804539976448e+00
1.189661818203415677e+01
1.034209943348537841e+01
8.168387047803101098e+00
6.867889888761047779e+00
7.575228670445935286e+00
7.352333314940326936e+00
7.541558283157199227e+00
7.357680934578428200e+00
7.410043222772211280e+00
4.905792077603523538e+00
6.514202292997906873e+00
7.506973102985456947e+00
5.343688730766142925e+00
5.873063102530064583e+00
6.823560598893070761e+00
7.700582189567406033e+00
6.533621891572404472e+00
9.697034486840173884e+00
7.168253299508861254e+00
6.560889161791011226e+00
5.543577160611193655e+00
6.223272202176177714e+00
6.941699038061349469e+00
7.964807787780546988e+00
4.779038063350705912e+00
6.328950585850360966e+00
6.722053961045293846e+00
6.648098844702332144e+00
6.717886397874028859e+00
8.094397160086485243e+00
6.340267100105831943e+00
5.852736062724749999e+00
5.958566895784071171e+00
6.886310967466758193e+00
7.000055397293568404e+00
4.613351029894492861e+00
5.631315276272529147e+00
6.933999400959914183e+00
5.948298346823068350e+00
6.488782749546989415e+00
7.494445099663787246e+00
1.042135138018330665e+01
7.792365348750302623e+00
4.555561463970166258e+00
4.746406069352615553e+00
6.575264987729059207e+00
6.283574247301371152e+00
6.277707047297549359e+00
4.897540521597588459e+00
5.851147288741951336e+00
7.995503351355624844e+00
5.444781545845783555e+00
8.041260211564257077e+00
4.026964705468406791e+00
7.023228054563630529e+00
7.684527055355957259e+00
6.422786353449504659e+00
5.271706245068005892e+00
7.736433018756337709e+00
7.554137911132531968e+00
6.538200900278961392e+00
6.204251762930140579e+00
6.548417772867486164e+00
6.562923823869741824e+00
5.331860201149214440e+00
7.125446514638325901e+00
6.644581518046613233e+00
6.465050719273460977e+00
5.954012204129827346e+00
5.437254883220137280e+00
7.076005958626814696e+00
7.777675580990510262e+00
5.753169971272368066e+00
5.984418594731700125e+00
7.991705744963881308e+00
5.986394257397275709e+00
9.078770039396667713e+00
7.266925884500146537e+00
8.272892220101986993e+00
6.484455558367937300e+00
5.513104400997293375e+00
6.502077014284762591e+00
5.233581908898325530e+00
8.511728052986487825e+00
6.966403249064622827e+00
5.285029765015485381e+00
6.291297355023313109e+00
6.412741921074666784e+00
6.234408673889240582e+00
5.747546205835059929e+00
7.778152615317019070e+00
9.249171845310094398e+00
7.189263016521961092e+00
7.129933117180602409e+00
7.898995112137964014e+00
6.362065378057160103e+00
6.051520538412525241e+00
6.592432046255849443e+00
7.088217344545756582e+00
6.895948897187192728e+00
7.447512321458681583e+00
4.880183602352668792e+00
4.137025312972453683e+00
5.694272092450043843e+00
7.155395629202017993e+00
5.664668386669936773e+00
6.477291392851766361e+00
4.592069223844496229e+00
7.959833230657859637e+00
8.724248189983509150e+00
5.211130574222900158e+00
5.072827505770838741e+00
7.322522178269313287e+00
6.558510953533236432e+00
6.289380696517669733e+00
4.732419257691730330e+00
6.904678533236862314e+00
5.357492348834867357e+00
7.140970285429187214e+00
7.818456714862659140e+00
5.478263906228233893e+00
5.008231454375274616e+00
6.253816297673867375e+00
5.096146857959148235e+00
6.079140394493176558e+00
5.737788981268404420e+00
8.624757464832844889e+00
5.135669044773558234e+00
8.971090090772005254e+00
5.946949666547622471e+00
5.692967587998142953e+00
5.762291175788326392e+00
5.513393688765357403e+00
7.304367887046485208e+00
5.509858537934127831e+00
5.148261453320449377e+00
6.104058256846815134e+00
6.678479223897347161e+00
6.453669236819871813e+00
5.992744076312219725e+00
5.958356218361287482e+00
4.662604896701314061e+00
5.216875659477341109e+00
4.226769197891716345e+00
5.975020780999123815e+00
7.598589338241156455e+00
6.287448094159001855e+00
7.817444757940426037e+00
6.227995048415497337e+00
7.223931730475059432e+00
7.004976755893462581e+00
6.771164787093150395e+00
6.338681045820187876e+00
6.131905682899595256e+00
5.262381902824913915e+00
6.055694806039725542e+00
6.118607692963169420e+00
8.519025617058275657e+00
6.548196867981047831e+00
6.673479003849044133e+00
6.671379939255836611e+00
7.853274804764390993e+00
8.542287490499502312e+00
5.624698595004032242e+00
7.697500540500029409e+00
7.188298511703570703e+00
5.858985210991661141e+00
7.286200255772133261e+00
8.518107270892443239e+00
6.995728204181875576e+00
5.513456032334407730e+00
6.006058347468715475e+00
5.741273575962061670e+00
5.899927873914811549e+00
5.202287316044658994e+00
7.707636062871053184e+00
4.658648722827744670e+00
6.510199731111300459e+00
6.071776066821941598e+00
8.707674515532179527e+00
6.859609192202311689e+00
6.734647529941245381e+00
8.316915347131807579e+00
4.990137026618949534e+00
7.045291231279347421e+00
6.275916032678358292e+00
7.783903164539349717e+00
6.257811484017102188e+00
6.545711550085735908e+00
7.665501911918770617e+00
6.447529377134242345e+00
5.908180998195624589e+00
5.726240248939276078e+00
5.521939727331786507e+00
6.516011533798099720e+00
5.842530974004720434e+00
4.723285782183157089e+00
6.804904758637122519e+00
7.151417167785171003e+00
6.684893694340855674e+00
6.428603146871330942e+00
7.839249725200424734e+00
6.118867482924859047e+00
6.564449238593775604e+00
6.099558952147466684e+00
5.751262353507104130e+00
5.946025340070939080e+00
6.461134908574069691e+00
4.785951524542349844e+00
5.782747483647043829e+00
6.259994764635070652e+00
5.636461821842011055e+00
6.415623632881367833e+00
5.287503573023142778e+00
7.543990448698654205e+00
6.200851035468988748e+00
6.102569876662642834e+00
5.331710205260618451e+00
5.119560087295729645e+00
6.370105808308220929e+00
5.592786544484631861e+00
4.591683407662652705e+00
6.773690439256727203e+00
6.759477356624062239e+00
5.455669326116346696e+00
6.127685996545011449e+00
6.364018261917067321e+00
5.799213947365994493e+00
7.027617936161317580e+00
6.256208929700060928e+00
7.299244455309894519e+00
6.245641626334623275e+00
7.243009875786035501e+00
6.414812053231548461e+00
5.662659918035440221e+00
5.709873174703233190e+00
5.843531549564091598e+00
6.329336672784631190e+00
4.937580392840878574e+00
6.568079675358216463e+00
7.272060625415323720e+00
6.377245281478936434e+00
5.782380065588756501e+00
5.903673164642818882e+00
6.422279333062642870e+00
7.903550751937468810e+00
6.173146526503804132e+00
5.316587908587062650e+00
3.843082592221845672e+00
6.786266798935904454e+00
5.531780764000347794e+00
5.927409586890147963e+00
5.136728130987226137e+00
4.685231778467681352e+00
4.797418776084832359e+00
6.954996077131894161e+00
6.505143285777132078e+00
4.990364272456197625e+00
6.338556233724958133e+00
6.903484690232355447e+00
5.316319498998987036e+00
5.723874473972196952e+00
4.802118248072156703e+00
6.407945026948262957e+00
5.835511341451942613e+00
5.664169433083576344e+00
6.677100619955461447e+00
3.762541984413056984e+00
5.941444183309635640e+00
5.966582684550001403e+00
5.835594889718000999e+00
4.369642485975071544e+00
5.421160027612490495e+00
5.784982922776308101e+00
4.164934719782888983e+00
4.708966520299238567e+00
5.375198566596954386e+00
5.021335500117496409e+00
5.163035912012768236e+00
3.140837059941028464e+00
6.985897091815723492e+00
5.333874463672161781e+00
4.837499394042513501e+00
6.300414457334322371e+00
6.205325426487990015e+00
7.283472564668320715e+00
5.094076909509163364e+00
6.207411719733755717e+00
7.389682521271966564e+00
5.063158360426449178e+00
3.836481695045187656e+00
5.740216319535697664e+00
5.856526163844774757e+00
5.895489224686581764e+00
4.856791082563850281e+00
5.473090621889845409e+00
5.098615761387021550e+00
6.482517564415925193e+00
7.777733179633497862e+00
6.447872943105782184e+00
5.099965274057495002e+00
5.525123047855780456e+00
7.409005848915869663e+00
5.098781578478081222e+00
4.750459800418612488e+00
6.728293629440594614e+00
5.681415423774537565e+00
4.053036595768146455e+00
6.231761916825791836e+00
5.740845794996197959e+00
4.108422206534859455e+00
4.737343163015066416e+00
4.924529977387259727e+00
4.817064889052249832e+00
5.081147735634165663e+00
4.164035574550076113e+00
5.055495791447202514e+00
7.800310586273777602e+00
6.098124215979073171e+00
5.948790070747047132e+00
6.271709223413805212e+00
5.267799563899926873e+00
6.169838872516654860e+00
5.000431617620311187e+00
5.182803038783217353e+00
8.025835985724979693e+00
5.795025159564690220e+00
5.748575547130631236e+00
5.052371100527033754e+00
4.873858688736627975e+00
6.033527361005352141e+00
4.917911601501510077e+00
6.421052427836012377e+00
5.657622192092527591e+00
6.129031612372410898e+00
5.480008736318529472e+00
3.871706962739594804e+00
5.032665699896655020e+00
4.602913384067325531e+00
4.861721766911421660e+00
5.703921882403172994e+00
5.017723938259433858e+00
6.652082631929845391e+00
6.267297267381079173e+00
5.516970354721225434e+00
7.438821519090396350e+00
4.824010886813249854e+00
6.697870401928984307e+00
6.241008199200719808e+00
6.514336238487727471e+00
5.368906364162735478e+00
4.508152717144919386e+00
6.941570711312308184e+00
6.042308181196281325e+00
5.153085173455231427e+00
5.484079712789418970e+00
7.108565419195572055e+00
7.075626190606108423e+00
6.432381390602733617e+00
7.563128427509953511e+00
5.773018677590171066e+00
6.576478785542473560e+00
6.989359994848770796e+00
7.033612244225158072e+00
4.855520508137109559e+00
7.349153197885449629e+00
5.347850901644540578e+00
6.373724967454100110e+00
5.859012343718170257e+00
5.108456888158089626e+00
6.050667632840322163e+00
5.563385658576865289e+00
3.982194686111848014e+00
5.394046264769303711e+00
6.918392213913350020e+00
5.696460180673137863e+00
5.874199031383360747e+00
5.508297713836228127e+00
4.860393792343480790e+00
6.238862032577367600e+00
4.129287941785468874e+00
5.354925291228806117e+00
7.474523174780935086e+00
5.918539106931107519e+00
5.274742723073870820e+00
3.825160509054927438e+00
5.503212289104078891e+00
5.374409702357722196e+00
5.256163907336910412e+00
6.196473231674509918e+00
5.997252766234224097e+00
4.442223606919736945e+00
4.083773024153607878e+00
5.072477549257886409e+00
7.608709765773887135e+00
5.735152518711592151e+00
3.206626593089097810e+00
4.389983985515326204e+00
6.004872973532628500e+00
7.650811209710830063e+00
6.199343421821277289e+00
6.100761506591511285e+00
7.341187594827510488e+00
5.097093635952429480e+00
4.656463137012858411e+00
5.856101072270458729e+00
6.456729921607879952e+00
7.032589501362062734e+00
5.961439452504126102e+00
7.133421422819283819e+00
5.912061915778901167e+00
6.048274241114337535e+00
5.182623718177518768e+00
5.535024988829785997e+00
4.694819985554521402e+00
5.125113563706367614e+00
4.529516183402728657e+00
7.935371392190924134e+00
4.404731720147035290e+00
6.288890442614838427e+00
5.697710897885193582e+00
6.226290897704980232e+00
7.022070480848861429e+00
5.088854987631121318e+00
7.351283273519002570e+00
6.548471036698302328e+00
3.832095414949323597e+00
5.606772049723924844e+00
7.018741512979119079e+00
5.059556200302523621e+00
4.183964101563710791e+00
4.269378101425912675e+00
5.593608030596936231e+00
5.373008925693521398e+00
5.143655772264957626e+00
6.579607274327296196e+00
5.048516239185202537e+00
5.073980407063128695e+00
4.533545758537774084e+00
5.319917037897216261e+00
5.372121801008006514e+00
5.730185741886074879e+00
6.431398590454735498e+00
5.708003118115726693e+00
6.000908764990822597e+00
6.577985469432007903e+00
4.227660115694994225e+00
4.400052798740184734e+00
5.040657401962321593e+00
6.656414591296560879e+00
4.795496182749189984e+00
5.149234811540184253e+00
5.324160622186292713e+00
3.501436815089732590e+00
7.416154737923777773e+00
5.980245522403166980e+00
7.390586717108386772e+00
4.883314658826063415e+00
5.402346388042795766e+00
6.191011399152459127e+00
4.471328130744716134e+00
4.216453398170413536e+00
6.207723521611875128e+00
3.486015811317212165e+00
3.580043933752490748e+00
5.543201095995247130e+00
6.102177760429018605e+00
5.658725930025718220e+00
5.503165990320649570e+00
5.807843235157254647e+00
5.381629493306948397e+00
7.480831520657702960e+00
5.600965610902793657e+00
3.851391100349911056e+00
3.218548012714407935e+00
5.480481094469197068e+00
5.957930720078448594e+00
4.272875278766211871e+00
4.421490073809983379e+00
4.206024682763445988e+00
4.401466051553660108e+00
4.367941908793871342e+00
6.157228931737714461e+00
6.780991008402633469e+00
3.450438966685331899e+00
6.568387585309199750e+00
4.326367343172209168e+00
5.687455985623373955e+00
4.502188170872488904e+00
6.116131274958093833e+00
4.707933747846316130e+00
5.145873805573392801e+00
5.801513438126362665e+00
5.736542097657596706e+00
6.519926277287080296e+00
6.141602137394715832e+00
4.193127804560279337e+00
4.612885822807523795e+00
5.889442352083157139e+00
5.143450153826694127e+00
4.839643740498180691e+00
7.198899172481376674e+00
4.186314907887354941e+00
5.649835526984814393e+00
6.477143505821494784e+00
4.216376755121387987e+00
6.145842044217976863e+00
5.272724414717497865e+00
5.379765423299839533e+00
4.800790104314025974e+00
5.120970524705414029e+00
5.530706526217175067e+00
5.393287758413037203e+00
4.938787556388678723e+00
3.411223617631007787e+00
5.627112038743299571e+00
4.188475629107208498e+00
5.979114074169117998e+00
5.687456115861803774e+00
4.471837632376833405e+00
9.281909511904258281e+00
8.811374007514540807e+00
-1.010245829336605450e+00
4.906991930143941083e+00
8.073640068853341845e+00
4.375388670901468657e+00
8.015932579656443124e+00
2.718255545948302654e+00
4.299113241880739622e+00
4.713974181318124401e+00
4.263291214974245236e+00
7.087453543197821837e+00
4.344542444756108956e+00
4.358640960234090755e+00
5.830954710792876305e+00
4.709065100410938065e+00
6.686135212296821173e+00
4.095656293357423650e+00
4.678941320344646826e+00
6.060781859743321398e+00
7.127150674995598401e+00
5.521109271059055246e+00
3.527412530890829956e+00
3.959135085657469855e+00
5.039418341626218378e+00
4.291620299671802030e+00
5.761711480715108635e+00
5.458787542238928481e+00
5.292707393252248593e+00
3.856282041418590989e+00
6.299048306349028792e+00
6.172703069739313264e+00
6.009815879298112229e+00
4.325514462592510156e+00
5.697491746304088167e+00
5.421609351012564915e+00
4.396043062667058798e+00
5.977878451979361962e+00
5.023845578602212036e+00
4.277433524476783155e+00
5.833159679270462306e+00
6.312692653921229358e+00
5.821403252067350209e+00
5.976017640898787064e+00
4.749477788908625264e+00
4.748316454949515375e+00
5.122653982420469099e+00
5.150315150802320829e+00
4.870315405419452404e+00
5.493248381421512505e+00
5.489805376410657800e+00
3.973317663870841621e+00
4.361251491274290792e+00
3.781556311536674819e+00
5.226848243739770083e+00
4.414382284939124546e+00
5.961522529742518728e+00
4.920113508546937631e+00
5.308511526917241596e+00
5.511812861660583707e+00
6.952122771067378970e+00
5.989451363347545687e+00
6.125570479286149173e+00
4.710988902066700845e+00
6.290523515131520860e+00
5.710357801032721170e+00
4.297401106859429554e+00
4.853183013866923190e+00
6.112388259389276435e+00
6.919202460884450012e+00
8.309119208723949157e+00
4.509438766749982008e+00
3.657368023099344612e+00
6.893298320769088328e+00
5.439348595443556533e+00
5.923807849025231498e+00
5.629173116167927482e+00
7.339146600238544593e+00
7.189205853381656297e+00
4.585532634454195566e+00
6.100609979665807536e+00
6.083066618680981641e+00
5.603360996289911355e+00
5.181262691631609130e+00
6.955401932448236124e+00
4.572720417332571508e+00
6.718091928449739569e+00
6.183196077575209948e+00
4.264412364937159694e+00
4.113031036705579346e+00
7.463691875097512529e+00
7.400773524591341967e+00
5.166400089875820001e+00
5.973708473187191892e+00
5.192302598954500858e+00
4.287302053400742885e+00
5.705610872439073944e+00
6.706088690717027845e+00
5.834443789619594867e+00
4.648458484637474797e+00
5.500409171786012408e+00
5.701811714179871871e+00
4.661922789238297504e+00
6.235424352149735228e+00
6.784796772858451064e+00
4.794297544492947871e+00
7.537408037891720980e+00
5.570946371611050552e+00
5.013988514058537405e+00
5.868915547680138900e+00
5.376102047662897121e+00
4.672568208898758790e+00
4.884751171666540159e+00
3.879187920437315640e+00
4.592198159171576144e+00
5.996734880005373469e+00
7.899719192289943237e+00
5.077094914813227611e+00
5.852864187325945267e+00
8.617648036062975692e+00
6.589351477055958917e+00
4.593243329487348703e+00
4.749381449084354223e+00
3.610006917277901906e+00
5.381942028935298161e+00
4.768836047883027618e+00
4.381344743131273312e+00
6.005016765860142769e+00
6.655118491616017096e+00
3.980772100810431091e+00
6.994204562369669809e+00
5.897727940207924568e+00
4.447635732279228371e+00
5.107666379090352038e+00
5.103391754095766508e+00
6.866422665500947708e+00
7.417969450354946481e+00
5.101193905484246116e+00
5.519535532056973004e+00
6.573534801217943979e+00
4.667718728494352654e+00
5.127031909740285442e+00
4.874443149932377040e+00
5.743540796058860920e+00
6.271876123389181323e+00
6.200402995282442653e+00
4.400483005405859238e+00
6.073350510527489199e+00
4.800145774775525176e+00
4.670108810093112517e+00
6.486179876635738140e+00
6.885698078887861229e+00
4.864729986683813401e+00
5.942702239909546158e+00
7.143184987667169139e+00
6.233265548738604167e+00
5.840244331434384151e+00
5.524744483517308957e+00
4.749313595746245120e+00
6.670939180239850330e+00
7.370436046797578022e+00
5.471653007886509101e+00
6.183622672627331340e+00
3.268126451000939792e+00
5.136159018576559099e+00
5.309740854370321728e+00
5.676118141960243335e+00
4.899257839422194394e+00
5.887219185895745888e+00
7.842739439419961656e+00
5.166637001267358364e+00
5.116551099016987791e+00
4.783324822740874893e+00
6.598013096979450154e+00
2.866926889392098943e+00
3.978678685917954816e+00
5.077010947062755797e+00
3.420467109938612804e+00
5.587021098334845171e+00
6.825418671158131723e+00
6.388213927457007557e+00
5.666130110518096785e+00
5.899804358468868415e+00
4.380815637193315126e+00
6.922397861232732375e+00
5.031501310925654558e+00
7.402185592107985102e+00
5.157514861979314524e+00
6.900242236460038647e+00
6.000483555039432204e+00
6.930475400641632255e+00
7.715825525163699794e+00
4.511158229954974175e+00
5.463780661336940625e+00
5.446816898500599358e+00
5.548834933169687567e+00
6.891192464665349071e+00
4.995744599081628934e+00
6.842922291583908745e+00
6.131768891964535229e+00
4.009296971827989609e+00
4.402921403998337091e+00
4.635235644937921506e+00
3.862945274255273898e+00
4.989003362403059860e+00
6.474954778839018488e+00
6.701770640913774280e+00
7.435291388753604735e+00
5.009485718824788769e+00
5.959613423330575088e+00
5.680118189707553888e+00
4.118969141540516077e+00
7.408389308293861220e+00
7.120732248691250099e+00
5.124119211201115576e+00
4.698204087926673544e+00
6.400899414369619400e+00
5.749730090709689989e+00
3.486766253482559641e+00
4.090818530918381768e+00
6.072004783050440224e+00
5.861622998872183743e+00
4.585154560697009885e+00
3.473872020190400978e+00
5.147445849149078434e+00
5.259519791462361482e+00
5.806879541934395483e+00
5.039700504193263875e+00
4.371642485930136601e+00
3.719248299470741870e+00
5.331001473218231368e+00
3.857274099557516323e+00
8.566133564799415012e+00
7.629513375905295547e+00
5.238947629369281600e+00
5.464772552990239340e+00
4.840998005333932319e+00
7.058023966231024460e+00
7.429320056832477981e-01
4.708208034497945782e+00
7.588542290097938015e+00
6.701072886777637905e+00
4.352714022556115836e+00
1.937251893061935126e+00
6.714739729493003573e+00
5.104181394470521660e+00
4.450382832994626447e+00
5.942846299783011155e+00
5.159327024179712673e+00
4.980341127489340991e+00
6.931822086139442618e+00
4.362293331757886250e+00
5.176776564921619084e+00
5.527572959154618104e+00
3.257363010411124637e+00
6.017244241500023350e+00
3.643979852234290107e+00
3.167332230661499715e+00
5.772570473423763282e+00
3.532100714670177499e+00
5.544162628074349897e+00
4.320346864026810785e+00
5.721759995941934740e+00
3.749316270618272551e+00
7.192569667649721055e+00
4.232597592620868987e+00
4.731949405146237631e+00
4.986850960049258319e+00
5.709220553443261181e+00
6.157172228043165774e+00
4.785716608486148438e+00
3.771587594527089138e+00
6.639283652632491872e+00
4.117900854224783025e+00
5.946910367373381412e+00
5.732996159677828274e+00
5.434202113335341977e+00
6.108376263671724260e+00
4.209465319350342405e+00
5.841335906210973761e+00
5.080643850957796026e+00
5.941355071384418096e+00
6.117900757417187307e+00
5.028339342229411812e+00
3.975533710106180507e+00
4.039499664900290554e+00
5.270488023668714384e+00
3.854258081506449773e+00
4.739812288123157025e+00
6.359294371540731738e+00
5.424570415124697398e+00
4.948835010856004857e+00
4.730926258182581279e+00
3.286872641823613606e+00
4.793723710390409565e+00
5.901129783052487809e+00
4.588898603374110152e+00
4.307726091319280748e+00
6.129957532933611120e+00
3.916916974924882666e+00
5.480072746871009315e+00
5.711496529101198760e+00
3.841373060669238448e+00
4.401442521361797588e+00
6.162833679997477887e+00
4.720743810106394101e+00
4.521208146744572609e+00
5.519004832073707512e+00
4.586942134788579040e+00
5.758258735199127010e+00
4.667613200031217602e+00
7.038243741046557922e+00
5.041413546715865834e+00
4.825690616953426826e+00
4.720670236705409195e+00
6.416415833070542085e+00
5.826546041739046444e+00
7.423751544975221606e+00
6.139872021335552432e+00
7.138027254993541959e+00
4.359851090687515196e+00
4.815628256927389828e+00
3.261371523100724534e+00
5.851077457952347238e+00
3.735010273427630256e+00
4.578213538834495999e+00
4.637891655535850255e+00
6.066792686951435698e+00
5.346972072781040808e+00
4.766166098772799842e+00
3.961986482975507151e+00
3.815131604478311456e+00
5.937300498276518290e+00
5.045369766106948539e+00
6.924099943007774982e+00
6.728466647393552158e+00
6.452523597177694192e+00
5.096898933128342968e+00
5.143628705641885901e+00
5.335778109629803367e+00
4.948464710109532483e+00
4.781984433844312044e+00
4.405613731368804409e+00
5.551862374231356867e+00
6.053079958749346901e+00
3.751709816691666699e+00
5.392182310717484661e+00
3.579395162391307395e+00
3.588637958631279101e+00
5.156881611383553832e+00
5.054565911763316599e+00
5.727173418428063378e+00
4.947604518722754641e+00
7.073600392389550962e+00
6.214257123853374587e+00
5.861359520196261386e+00
6.633972663868894060e+00
6.159346664183215303e+00
5.956564379964832234e+00
5.169696761325456968e+00
4.629079811464431593e+00
6.627128332951219392e+00
4.774177680551108693e+00
5.311427939093208650e+00
5.661691277906794717e+00
5.118462330621071921e+00
6.350823831105850914e+00
6.018763446230233960e+00
4.514008131520356848e+00
3.224995083057626832e+00
5.260588490797069028e+00
5.826961827865170029e+00
4.229376407601511900e+00
5.156187358960046652e+00
6.152797266308198232e+00
4.958358757863773114e+00
6.463620424135100961e+00
5.837918327238698524e+00
7.741630284952501384e+00
4.609154610475312275e+00
4.980601865754908708e+00
7.451764150066854775e+00
7.031915381750510008e+00
5.815931503140524761e+00
6.172167893212865408e+00
5.505303226038112285e+00
5.619796649122030807e+00
4.916864441487565074e+00
5.316682929871496377e+00
6.062647202342470010e+00
5.063104009832466446e+00
4.237633071494670389e+00
3.904949326991162373e+00
6.151329739413826658e+00
5.593026780884266635e+00
4.493422182753450400e+00
5.714367277938790401e+00
4.124388912089833603e+00
6.497650498481169379e+00
6.191107535806940732e+00
5.660549740167702737e+00
5.208843644737261691e+00
6.814636843652396081e+00
5.302630521820439924e+00
5.717098802575435457e+00
6.099041967925983521e+00
5.972838422373166978e+00
4.971716285500469290e+00
5.799450784452192309e+00
6.060595215553033377e+00
4.982898363123296370e+00
3.963338146527640049e+00
4.591114463650983524e+00
3.927289235975557347e+00
5.805678571470342497e+00
6.874626082513248804e+00
6.511166439518439653e+00
6.278953303018560028e+00
4.399237817713811616e+00
6.251363666754759407e+00
5.967850674449754145e+00
5.860097299127229320e+00
4.920079150566066595e+00
5.806899409803063961e+00
6.721549123448353313e+00
5.099499874356454576e+00
5.449079386641489720e+00
5.747451213075265741e+00
5.774031670866489385e+00
5.327794274223287552e+00
4.590474169655095693e+00
4.624484426780596458e+00
4.499544767865383932e+00
3.663985503952587930e+00
4.571649221020344989e+00
3.860625691074113242e+00
4.679744570812853333e+00
5.982189089732814935e+00
4.988530738700847955e+00
6.407672625406197753e+00
5.158938738411360525e+00
4.742881905749234406e+00
4.310631378044294415e+00
5.842275203948005036e+00
5.352809987997620311e+00
4.373321913571046160e+00
5.215882585306382602e+00
6.522105044250977812e+00
6.086306553811320796e+00
4.629574784395659393e+00
5.135029027822923808e+00
5.426749803711797604e+00
4.833435235881190728e+00
5.478682098602471129e+00
5.562180980677907449e+00
4.927672363550053447e+00
4.226502796046581523e+00
4.311693620962527618e+00
4.671860038773339774e+00
6.015317460291871754e+00
3.777867850204241318e+00
4.654451426999092867e+00
5.583193052804434231e+00
5.616947743464398179e+00
5.379918678983250935e+00
4.546909521389558506e+00
5.630007952383173198e+00
6.078472101923648729e+00
4.759973576829041875e+00
4.426514048389413425e+00
5.941858093690833620e+00
5.444915980105676567e+00
6.490133453250862772e+00
5.092408350711491671e+00
3.896685706690158124e+00
4.746930353440188100e+00
4.309351942763140819e+00
5.616159603645242804e+00
6.044508359109798334e+00
5.899841629267867482e+00
4.251580030972204938e+00
4.460222226574357407e+00
4.039282227827929894e+00
4.373255498179712042e+00
4.361312145568702725e+00
4.787494360986556785e+00
5.456641718780287142e+00
4.941129897704708007e+00
4.570884423907863869e+00
5.172322118551910819e+00
3.828019149826450640e+00
4.593670042560209943e+00
4.578295544818542062e+00
5.275190220778692485e+00
5.466003803716108500e+00
4.264406175409995114e+00
4.984781512682568305e+00
4.086140056841945700e+00
4.697357933642630101e+00
5.222770179110614031e+00
5.967444201537806414e+00
3.898821166577466357e+00
6.351250998436316131e+00
3.116347435549862155e+00
5.430192565771922553e+00
6.038865224142754506e+00
3.768999969364103642e+00
4.169918613354298920e+00
4.753471385267406646e+00
4.789026890634374034e+00
5.614730529368377354e+00
5.217379752479260446e+00
5.354730246533095261e+00
5.401798878431613105e+00
5.259283997334841310e+00
5.529874951707675734e+00
5.021567837429573800e+00
5.667131414424678937e+00
5.698862795996149977e+00
7.193467141712300617e+00
5.520202028471546285e+00
4.989280749237209989e+00
4.957142643786307978e+00
4.201884662080045629e+00
5.300086397930982685e+00
4.412811006283568815e+00
4.626062114360308897e+00
4.211174361507095121e+00
5.642130120423141548e+00
5.841603792890721181e+00
7.713336753130505485e+00
7.209078901410718387e+00
6.028571963727885397e+00
4.908629884611816152e+00
7.281491345092201861e+00
5.141667782551086141e+00
5.860841370119074689e+00
5.405163833294917453e+00
6.268728656730239379e+00
6.348694131079799519e+00
6.222724018201239993e+00
6.506452559351854958e+00
4.841402508053595177e+00
6.432566428899506583e+00
4.469731880052994377e+00
5.586126995272079121e+00
6.292830931781219661e+00
4.848017404702866351e+00
5.403110897597780848e+00
6.641780989051248696e+00
5.822957012808890553e+00
5.447460053363767152e+00
6.598861299913579614e+00
6.001106374967790202e+00
6.684267656236576371e+00
5.134701690896847914e+00
6.424518174462049203e+00
5.970965341313783092e+00
4.682241536783921632e+00
6.378135386227410386e+00
8.152638333261736037e+00
6.626909503492336206e+00
5.785279246882200965e+00
6.185382927340402404e+00
6.632188791611493883e+00
5.487470632767443846e+00
6.384140583515024225e+00
5.230442553595051614e+00
6.031682346955348883e+00
6.136716977453769317e+00
5.738813193305313476e+00
5.413725489835347737e+00
6.425875703307172060e+00
7.519316146197017936e+00
5.517841362012501527e+00
6.507114337329817033e+00
7.340461189362351035e+00
6.381958341190996364e+00
5.469237582782130680e+00
6.164349892513827811e+00
6.824785013823278845e+00
7.358006524143140048e+00
6.772320344815389248e+00
6.764926426429626716e+00
6.098213432382061150e+00
6.197687189223518800e+00
6.569227066338798160e+00
6.921983680740832590e+00
7.371962002516061041e+00
6.700567118994745108e+00
6.058473777409325578e+00
6.505443706917505509e+00
6.436489434160175271e+00
7.304140743303332961e+00
7.066871934724411553e+00
6.398950503090472530e+00
6.156955925293817522e+00
6.189058294744611111e+00
5.530289638277952058e+00
5.804535172370632878e+00
4.457603703334200418e+00
7.435597678117883191e+00
5.938972941933815086e+00
5.353613514481342150e+00
6.105366727689615303e+00
5.694325654686998028e+00
6.534666753003688378e+00
5.719990831828122957e+00
7.236608919573371601e+00
6.032596661247204395e+00
7.119512310515886178e+00
6.543681913123258198e+00
7.637822081803996355e+00
7.324532864901128093e+00
6.302082563012254113e+00
6.576656960962078635e+00
7.168840601864501672e+00
5.396687843833197995e+00
6.016493389794651314e+00
7.416484418536062329e+00
7.150679147901868760e+00
7.909713495366864855e+00
7.751309338876959387e+00
6.319309409160132063e+00
6.227405289178452819e+00
5.992497150803824724e+00
6.286738139029670158e+00
7.018204375180881804e+00
6.552560018041319267e+00
6.917667166840802295e+00
6.966122996609940721e+00
7.165942324706826128e+00
7.373341449321293872e+00
7.378412826337500618e+00
5.943017966649660977e+00
6.982787349956277367e+00
7.661257033953257078e+00
6.513621669635412559e+00
5.919236210725842717e+00
6.739892479535859238e+00
7.510516689908008026e+00
5.838352985011520779e+00
4.880308263532850077e+00
6.039124295066217840e+00
6.473444663422201373e+00
6.436357969508225807e+00
5.775175649530290833e+00
6.103959580377116723e+00
6.574991510975920939e+00
8.232766823070207352e+00
6.840097768202209494e+00
5.097758875537506285e+00
5.816027101124886300e+00
6.429084664970941887e+00
6.116944034329403479e+00
6.746195123339377098e+00
6.030871939253285241e+00
6.614126592717409103e+00
6.269307946461179171e+00
5.347083040637306439e+00
6.090914422898362268e+00
6.546661934902234137e+00
6.150773550733217299e+00
5.686977693786158916e+00
5.548842380409294783e+00
5.637956051917083045e+00
6.425919864416708371e+00
6.667775024707559339e+00
6.753900633625820937e+00
6.702474747383334375e+00
5.878903647949381472e+00
6.354546430710641403e+00
6.316960505449132235e+00
5.381851551086231922e+00
5.739226621183980193e+00
6.028975049266021458e+00
5.563223878869930417e+00
6.665353774355742722e+00
5.530962071959208970e+00
5.801671833140041201e+00
6.164416051730600365e+00
5.257759409451647770e+00
7.108031774657734836e+00
6.528456093971162666e+00
5.528851242798357823e+00
4.126418190033949607e+00
5.563896586262648825e+00
7.054202748952930868e+00
5.059970441598586888e+00
5.860674842325972911e+00
5.999195650028913640e+00
5.457701438510649261e+00
6.324383979010016255e+00
5.987131663380502289e+00
4.775882078181768797e+00
6.689346272143144034e+00
6.458449266977189573e+00
5.762503827726719763e+00
6.033769767176277554e+00
5.940895160704386058e+00
6.266704470451846198e+00
8.177929669675723545e+00
4.490854290097887613e+00
6.809846948515694720e+00
6.729505774081984804e+00
6.356741002180872790e+00
6.292433373413633291e+00
6.332387639238836741e+00
6.755762472417827347e+00
5.904537250449961583e+00
6.637033847204042658e+00
6.219206414562064467e+00
6.456434829945898457e+00
6.980916710340781428e+00
5.522624114508275284e+00
6.671284044289761184e+00
6.057714013340818937e+00
5.788485629779633435e+00
6.502370110683727056e+00
5.795705338715189114e+00
5.902358166919064786e+00
6.466620952182331905e+00
6.053335219115314914e+00
6.273114360311348392e+00
5.724356103727117784e+00
6.004231777072342346e+00
5.881111957978793825e+00
6.970353445245693891e+00
6.810157428254124845e+00
6.328294315967416317e+00
5.595839136853629547e+00
6.463518553952057211e+00
5.342453047835725499e+00
4.947514811519741151e+00
7.083923844272989712e+00
5.360527146836105317e+00
5.963216904407208752e+00
4.904484946241027821e+00
5.562871685891135343e+00
6.347233556763667295e+00
5.896177433663472911e+00
5.418534211148020141e+00
5.935870596174750879e+00
5.359943696782932143e+00
5.690506517215286664e+00
6.185606922074303959e+00
6.386064788917660273e+00
6.346429924139946444e+00
4.989923554193543609e+00
5.926724205234344289e+00
5.861169289783866532e+00
5.685281797829303763e+00
5.948332588534305465e+00
7.717428238826786746e+00
7.375534734126818925e+00
7.749331959297370176e+00
6.469937580793632570e+00
8.042765813523224949e+00
6.486400079823233078e+00
6.934820257136745880e+00
8.170179308009258179e+00
6.533292958951616214e+00
6.014283910171694281e+00
7.152776534972204558e+00
5.893551969795870704e+00
5.945454071168142285e+00
6.550970569061697724e+00
5.836289551500209782e+00
5.781216973779047308e+00
5.185054410431241045e+00
5.609148992654890975e+00
4.815918693708699294e+00
5.868132762615054787e+00
5.380030199818911285e+00
5.344358664799133685e+00
4.810873126789827481e+00
6.811999533374040183e+00
5.371301652947250815e+00
4.505510767897074054e+00
6.208332896620471608e+00
5.665134792514430195e+00
4.855302826724013698e+00
5.488473959186833895e+00
4.236575076919866234e+00
5.195417699597340011e+00
4.215137957636976296e+00
4.536785784818397893e+00
5.064874747483549378e+00
4.387409771297172689e+00
4.618273070054874196e+00
5.137611485178195991e+00
4.522207741673476278e+00
4.789451898523709339e+00
5.387726074817736688e+00
4.286791006585920272e+00
5.500312455788313848e+00
5.413486293368054092e+00
5.491132853050586959e+00
5.069251903810093829e+00
4.661332392985254813e+00
4.514270984232832795e+00
4.441914215180310599e+00
5.054255656035659960e+00
4.455162643373521192e+00
5.143477050055573763e+00
5.181589938473946333e+00
5.106688459388750267e+00
5.481919274364657646e+00
4.508233204055672516e+00
5.297537259087559569e+00
4.892451477836460505e+00
5.483788445387359545e+00
4.368964859661227607e+00
4.536379419413360203e+00
5.120454142843003709e+00
4.610513941083523193e+00
5.158986293759129538e+00
3.827294055539344431e+00
4.835481328970343995e+00
4.753093121852434599e+00
5.230982118439022166e+00
4.761389593464441461e+00
5.351464208194271599e+00
5.384025405822082888e+00
5.326778841613352355e+00
3.893321750120836811e+00
5.150641612056974239e+00
4.765569413178821101e+00
5.078214198286158165e+00
4.500238006324650542e+00
3.951237792652547931e+00
4.742814869364414321e+00
5.772019253180044274e+00
4.027623692996828098e+00
3.904308127553135499e+00
6.568772685752513496e+00
4.681304997013886471e+00
4.694155554488598447e+00
6.004453232094901338e+00
5.837351182160919194e+00
5.462382732976291067e+00
5.622528233489192395e+00
4.903720264629040315e+00
4.811744716614301254e+00
4.467513633065674838e+00
4.515601636307042810e+00
5.163751796395240845e+00
4.429529560923231912e+00
4.418598499256045642e+00
5.695053419863778998e+00
4.631705707807821426e+00
4.052842531664905046e+00
5.222971150042047483e+00
4.375919991091636874e+00
5.190029586323483102e+00
5.285156856470250020e+00
5.273714489436531316e+00
4.245391766762324437e+00
4.756009334247694120e+00
5.481103662723185721e+00
4.833745117845620776e+00
4.824769543371679958e+00
5.265671664946597552e+00
4.990899072162472194e+00
5.359319699248100477e+00
3.697950515831117890e+00
4.191397710758758777e+00
5.702687080783527485e+00
4.642435637199533005e+00
4.918151801358211728e+00
5.120235541556095171e+00
4.327892895488260727e+00
4.030646542898497664e+00
4.163805356311223171e+00
4.539368932054292038e+00
4.581177637675422076e+00
4.312453211649088125e+00
4.597645618792973288e+00
4.851402959931770731e+00
3.603286841792539885e+00
5.335940551460562453e+00
4.169374430720987235e+00
4.979469219970830807e+00
3.606243113564046254e+00
5.407497908235942674e+00
3.515353697398428956e+00
3.925185075933618428e+00
4.793946793157469521e+00
4.902831841472464980e+00
5.122995334976915061e+00
4.428971865367507199e+00
4.423326603863070083e+00
3.581869003324324119e+00
4.467957400859199346e+00
5.857477611582632804e+00
4.829967191381620673e+00
4.607622397686880866e+00
5.070276301131333874e+00
4.597630867711083091e+00
4.947206899674100100e+00
3.799894189499818165e+00
4.665570734492949789e+00
3.825152597520684594e+00
4.424968756154316729e+00
3.957047537808864757e+00
4.399888688298030814e+00
4.829536819429631755e+00
4.290926876512869192e+00
3.555594687938002707e+00
5.312061083541791184e+00
4.174164137158046906e+00
3.920202893869110028e+00
3.391765105823614679e+00
4.955686143819522549e+00
3.584102534720488009e+00
3.654110814801772911e+00
4.791468295567367086e+00
4.506769369859290109e+00
4.533730926177756082e+00
4.315440866609142390e+00
5.374982109399168984e+00
4.361794823860969395e+00
4.996718681909070092e+00
4.317189373878080438e+00
5.622262064158777939e+00
4.105417187667043777e+00
5.580664497233352783e+00
4.866311894845273045e+00
3.777746149506806539e+00
4.170382390775755788e+00
3.882020838355162873e+00
3.954322459013587476e+00
4.234204957637331290e+00
4.087604850042336757e+00
3.404648348556019499e+00
4.564907445097720284e+00
4.681351372623346663e+00
5.469646508432088439e+00
4.771925976194880015e+00
5.153794899609057900e+00
3.996740346641128205e+00
5.173080549553044527e+00
4.106957628712178732e+00
4.440953549474478734e+00
5.539596507757862831e+00
4.983820357119332023e+00
5.177627788691931521e+00
4.159041718781326225e+00
4.572422717126290337e+00
5.896339862134293952e+00
4.817456553920322015e+00
4.194220375331203954e+00
4.461322204655628454e+00
3.703323785650976419e+00
4.650390456823483731e+00
4.695695839172357111e+00
3.768847601183165530e+00
5.375420083103363389e+00
4.069541883794528303e+00
4.516544900788404426e+00
4.404809422352965242e+00
4.225415501335941570e+00
4.588018546682326004e+00
4.359260281452963071e+00
3.731238389191146698e+00
3.786599586585822852e+00
3.831110981458713649e+00
4.530144865339670979e+00
4.117595782608521660e+00
4.385141166935822454e+00
4.170208029672212824e+00
3.152326462953271680e+00
5.585094439504612041e+00
5.259244938782591028e+00
5.073999210257377435e+00
4.626267212610810198e+00
5.013623229984695229e+00
5.217879918845595100e+00
4.822100541571604282e+00
3.443028370555598627e+00
4.951908779172642383e+00
4.655906122637607503e+00
4.332581268346695325e+00
4.689811467127284139e+00
4.925163442394791424e+00
6.358276051982335808e+00
5.260929132521491525e+00
4.724684113050530598e+00
4.018055236063634794e+00
4.530863941348093782e+00
4.746335581686336624e+00
4.705989557184148353e+00
5.255535306423179343e+00
4.159333665788064849e+00
5.367586399823185417e+00
6.225773348101681037e+00
5.111102331971713042e+00
4.867962737421616559e+00
4.355974389341502828e+00
3.958084144399621529e+00
5.445402789819222100e+00
4.383287975842693029e+00
4.979352672779674194e+00
5.839243758416413854e+00
4.718744476713334635e+00
4.268042864329098407e+00
4.252943213755668417e+00
4.596209514535355645e+00
5.275396399293994065e+00
4.772644394673971391e+00
5.754459649263488963e+00
4.491304173635111141e+00
5.075864035521968631e+00
5.342710381495625604e+00
4.499954322867114165e+00
6.472556547547847927e+00
4.875357956822553795e+00
5.558678561940069152e+00
6.987578792985491560e+00
6.700167079565385819e+00
5.230320548898745869e+00
5.040571163900557039e+00
4.590776792627494274e+00
4.309241243480726347e+00
3.858846821220151213e+00
4.859531687063793015e+00
6.055421882431311964e+00
5.131155403013032412e+00
4.581880077116998962e+00
4.222473266943513437e+00
3.863230521786247706e+00
4.682193778321583011e+00
4.691700390459843106e+00
5.103254308923697025e+00
4.482594891811253035e+00
4.437631021808307707e+00
5.198026677543652774e+00
6.302251919052486606e+00
5.322568233535095672e+00
5.188791398459647652e+00
3.754966768507390640e+00
4.404195872363178665e+00
5.552755832300466210e+00
4.384530982972283830e+00
4.955589306953248396e+00
4.761582216182113747e+00
4.151983848195630600e+00
5.391460915802197995e+00
3.464514253406244304e+00
3.445350482781304624e+00
4.198272068126240875e+00
3.818571283711326370e+00
5.287071833802526655e+00
4.717557723107875134e+00
4.776822163542917110e+00
4.503516100745274642e+00
4.256861898686482348e+00
5.156908446900714260e+00
5.748052305066747358e+00
4.672998368261677804e+00
4.981145276118092546e+00
4.145983951698792858e+00
5.080260709897292060e+00
4.886969536234927247e+00
3.822724517640665454e+00
4.170869370926967967e+00
3.998416818284389329e+00
4.317324767030448207e+00
4.711725853470841940e+00
5.156418389142869430e+00
4.177753203780482316e+00
4.797913136462425676e+00
4.827054063744990131e+00
4.577646911393785878e+00
5.151821903471220487e+00
4.572238648683688567e+00
5.693153119689798203e+00
4.150699995675470433e+00
5.937175933838298114e+00
4.193588656135332826e+00
5.324472899710960050e+00
4.826390715539653264e+00
4.431465893287805713e+00
3.789623860585694004e+00
5.601442768338685596e+00
5.106919476551905035e+00
4.544175214045313993e+00
5.419545838452439313e+00
4.807855248879046250e+00
4.455722936677448232e+00
5.201339653850655331e+00
3.732364219714640718e+00
4.516490692168479981e+00
5.529276945264763654e+00
3.925779696953132003e+00
4.947507398030763781e+00
3.589290219554090555e+00
3.897084800644033731e+00
4.428373236448591044e+00
4.459961136853387131e+00
3.486489504303542653e+00
4.793818759279511177e+00
5.392878637633039318e+00
4.633066511598863180e+00
4.278870353713901231e+00
3.794829423511089761e+00
4.212546096569212750e+00
3.919793215730029257e+00
4.144838921318815039e+00
4.778009829744813253e+00
4.411696251385191836e+00
5.700286612005831977e+00
4.399595378819817881e+00
3.790195053290727145e+00
3.583705805313433412e+00
4.418167598374567184e+00
4.171417994502362170e+00
3.792269548364401555e+00
3.035505321303225923e+00
4.009037040164462162e+00
4.705473422047590226e+00
3.285147990118332917e+00
4.609639585614552004e+00
4.303453728032114789e+00
3.932125071786412907e+00
3.164761331466098948e+00
5.148364557514131690e+00
3.769987671025774478e+00
4.204153914782553514e+00
4.568617903756653220e+00
3.672612736655363364e+00
4.894509889127759195e+00
5.027440826028461096e+00
5.510967924186607192e+00
3.930716126572876501e+00
2.051328565006047100e+00
7.801144734916601209e+00
2.873285533565785865e+00
2.531418620667473363e+00
5.085399799764446449e+00
4.524048155671371418e+00
4.097705543635702163e+00
5.016885911647714025e+00
4.796515060219255666e+00
4.052227348478646185e+00
3.319941761575212258e+00
4.763320096298435224e+00
5.000125923114136839e+00
3.545973743093234098e+00
3.993924167575748196e+00
3.964501474086296717e+00
4.186459998666115290e+00
4.256136181661696050e+00
4.232159529852221880e+00
4.544664195437364995e+00
5.617203913864833531e+00
-7.476144488695979362e-01
5.869607963307985621e-01
5.573795459452081325e+00
4.398708037737157461e+00
2.282206632057950380e+00
4.988522256406103139e+00
3.679461161591186968e+00
5.132701188641766166e+00
4.185790874940451545e+00
3.475206775412767346e+00
4.473806417201067198e+00
6.145536856924413982e+00
3.760090053133361643e+00
4.057229559697706378e+00
4.882808491176840349e+00
4.110746903284470122e+00
6.045956298104909976e+00
3.986324629588852364e+00
3.596091951331361614e+00
3.947633916168624246e+00
4.505625151764506064e+00
5.133895400031121881e+00
4.824974422263710316e+00
6.416374495812149803e+00
3.725057631989254325e+00
3.837330861103108948e+00
3.762518991360972898e+00
4.844076083272401689e+00
4.967492104252020368e+00
5.889275222350383920e+00
4.790863361678923127e+00
6.141308106813939460e+00
4.100260611681791900e+00
3.223862148705767261e+00
4.027504976539778347e+00
4.678508553376793166e+00
4.233181433741967759e+00
5.363061835887540596e+00
4.128324460586245692e+00
5.646874888093718070e+00
5.316917095722674347e+00
4.530675521538416461e+00
4.765286244503426083e+00
4.200989283888598713e+00
3.842498866333976970e+00
4.888860944643291795e+00
4.498362985720055107e+00
4.104413945892064319e+00
5.189857562595644680e+00
4.535193564492065121e+00
6.006381623220168109e+00
4.783326312361964483e+00
4.361052240915507028e+00
4.409459667438731856e+00
5.204709807599879667e+00
3.905529467520817644e+00
5.621974394356485938e+00
4.308019817541818064e+00
4.877309441595717665e+00
4.863505189626126324e+00
3.808150408660921471e+00
4.318984225600452476e+00
4.229284986046369710e+00
2.714094789240008687e+00
4.731513652926881974e+00
3.890903180522041538e+00
4.011794751818552385e+00
3.596412191684469573e+00
5.142245562254366575e+00
2.611941162525455162e+00
4.510102886946481426e+00
4.295914429433922876e+00
3.043603915305958196e+00
3.940927858517483173e+00
4.728579858999713892e+00
2.241980220866874429e+00
2.361147019392968893e+00
4.317648899576640886e+00
4.641532309184077221e+00
4.062900959089800423e+00
4.635162085566139289e+00
3.989445489299833447e+00
3.506131625865814172e+00
4.031582798385750621e+00
3.416753461539807191e+00
4.425744630675994884e+00
2.613106726463848783e+00
4.793420146686536931e+00
4.190424843459799042e+00
3.985848116759520554e+00
5.677494832301730021e+00
3.963521449804027430e+00
4.127031087410626853e+00
4.181567575826628413e+00
4.209170240127589224e+00
3.576690561008638802e+00
3.639966333092821582e+00
4.639308510483164838e+00
4.050098906024888201e+00
3.905541608272239174e+00
4.664029817892933139e+00
4.133852963015515414e+00
2.905489969789417426e+00
3.394325352857844535e+00
3.628402642082224183e+00
3.278604530162332331e+00
4.043842433612994114e+00
4.050733341350105654e+00
3.868889404315279723e+00
4.139760205928782355e+00
3.819405790308103565e+00
4.566106028333566158e+00
3.893520663238771107e+00
3.494468911967314018e+00
4.143502153970677782e+00
4.297888711473702550e+00
3.988916099277737715e+00
4.319930972042418382e+00
4.675235149454028516e+00
4.335467433297292672e+00
3.141063776131792107e+00
5.087455953985112522e+00
5.595544108528909710e+00
3.261335905592291695e+00
3.878090640543565115e+00
4.419928798967816874e+00
4.868343801887728084e+00
4.089981878426717010e+00
3.344648660650222372e+00
3.981305576008284497e+00
3.662666999377104382e+00
4.495823102481097955e+00
5.360590532001331177e+00
3.842332337740767212e+00
3.859446608941316637e+00
3.583269323596062428e+00
3.615025025540433035e+00
4.217118319994852982e+00
2.913660780115906235e+00
4.118541002871605627e+00
4.494327422041652476e+00
4.034185171838419848e+00
4.308759865183319882e+00
5.231430127876585345e+00
3.466580043408350242e+00
4.901437155011730162e+00
5.438157762760651437e+00
3.455579796602094689e+00
5.066168254682105854e+00
2.067363667800013349e+00
5.549006864394964822e+00
3.802899464247513350e+00
4.357550035695933133e+00
4.079509119263047268e+00
4.756369043019245346e+00
3.944082695563531527e+00
5.491295562099136163e+00
4.768692460650222564e+00
4.728096153950462011e+00
4.260985622152015928e+00
4.814029463598447300e+00
3.441884334594944139e+00
4.969251308829628400e+00
4.977956832514130348e+00
5.376995963127084721e+00
3.131079018537025860e+00
3.013716510321472697e+00
4.128259868278420619e+00
3.550116240139589152e+00
4.849563159258821976e+00
3.701477862914083872e+00
4.204719031287664777e+00
4.356905504334436685e+00
2.379243208211295979e+00
2.294593449081600234e+00
2.972850349012239768e+00
3.317694129059475472e+00
3.447901956409908486e+00
4.542226639031696322e+00
4.131308921094511533e+00
4.459350177214012945e+00
3.550408050612141153e+00
3.962484386418828830e+00
4.340746061192244376e+00
4.372267012383280971e+00
4.685142514621536414e+00
4.880193996667766321e+00
3.868492485781127144e+00
3.843109513564540336e+00
3.404606398101519549e+00
6.314948732242016582e+00
5.989903128228927010e+00
2.685709867681114638e+00
5.866129437986494999e+00
4.911548262336308035e+00
7.024102422388623701e+00
4.357831879117270546e+00
5.394929319649877542e+00
3.713290627435684499e+00
4.093775152880945178e+00
4.684208143076436848e+00
3.689161916288155041e+00
5.291771356928086867e+00
4.870743308902332203e+00
3.797093977544431009e+00
6.075451953006363759e+00
3.489492562922540841e+00
2.999439304384705629e+00
5.387490832263567064e+00
5.249423435869182697e+00
4.717752729128230627e+00
4.147947081624708154e+00
4.523249206857937743e+00
4.945003998353873165e+00
5.188839566719195773e+00
3.991064674397944767e+00
4.566941142976121526e+00
4.183277840496679723e+00
3.874496087932430832e+00
5.181845601025024450e+00
3.374896412769016862e+00
3.790299561720390287e+00
5.289597970495083068e+00
3.481008529097095128e+00
4.850146130678750112e+00
3.930288799056268711e+00
3.937940752369522901e+00
4.713082105005452327e+00
5.299443012150418575e+00
3.993013864452312767e+00
4.899041658133038268e+00
4.561205811131416432e+00
4.401871263447776350e+00
4.163112687073920348e+00
5.030048399437989204e+00
4.781725241092731338e+00
5.625279787500740980e+00
3.753001284074327870e+00
3.238130347104275941e+00
4.581799987092680659e+00
4.917594400497628193e+00
4.796943705474875586e+00
5.070478296049193645e+00
6.158583097220376779e+00
4.880695587576346028e+00
4.912604861560135205e+00
4.389408194031492627e+00
5.474398775311099641e+00
5.183138318223116769e+00
5.082074999983488439e+00
4.474506837629716571e+00
4.530464876777743122e+00
6.391090100509273952e+00
2.554646454940287192e+00
5.175864975981998128e+00
5.157596047976912956e+00
5.749044059686647223e+00
5.230867084266415112e+00
4.855958559002217179e+00
4.705774742165203861e+00
3.962761397078184977e+00
4.683562091864910570e+00
5.241034811683002559e+00
4.560682635530172391e+00
5.336839097679943578e+00
5.164846759611278593e+00
4.130199973571350824e+00
5.546177194503706609e+00
4.401336148296723927e+00
4.396473758434173540e+00
3.397524388879534563e+00
5.082105934855390750e+00
3.944760411976618641e+00
5.385176396916077302e+00
5.950942131925593515e+00
7.148171901395019567e-01
5.504308937969864424e+00
4.205445352167132889e+00
5.162055217878186220e+00
4.310899421918163554e+00
2.190373283584324149e+00
4.187851638070543281e+00
4.479378826607767650e+00
3.167032374783301130e+00
4.322280130878462856e+00
5.044617959433300491e+00
6.223821476716103085e+00
4.875763458453205246e+00
4.729544846963927185e+00
4.764471410119244688e+00
5.766687649296100560e+00
5.205376488398950841e+00
2.787173560764363067e+00
4.938813714627292129e+00
4.485012175541650770e+00
5.460009492346075355e+00
4.019521350695244521e+00
5.034231373764287198e+00
3.741120327096428611e+00
5.842706730632570844e-01
4.744563802773660299e+00
5.448640234378873792e+00
4.329616110675615914e+00
4.891826057828261298e+00
4.824796797622210143e+00
4.197346792553456218e+00
4.115894704039726903e+00
3.355574289703044943e+00
3.985308230714475819e+00
4.621077289181964254e+00
4.578485940247890795e+00
4.517161361030812117e+00
4.368068027701861311e+00
7.511851583570027024e+00
3.550375000650130897e+00
2.992659222412921594e+00
4.710518156355013808e+00
4.318955080926543566e+00
4.693783206240985884e+00
5.055369070740177939e+00
5.884059935127167407e+00
5.282907200795913027e+00
4.226549113641667077e+00
4.760484734426886355e+00
6.923841885792467288e+00
1.968081093769964429e+00
5.376493732169556061e+00
5.715934217543234830e+00
4.799616558406697209e+00
4.852208903860272926e+00
3.549125355718207864e+00
7.820887208271447122e+00
2.449766958885787105e+00
3.631980582523586243e+00
3.105266631683846867e+00
2.130189093393174637e+00
3.543979188326608298e+00
3.926493437037396284e+00
4.761195624964035034e+00
5.724591742759576718e+00
3.798417001204444698e+00
2.813853343840614585e+00
2.302481044612787020e+00
3.362833676851814335e+00
5.543558808353434841e+00
5.678425953476396337e+00
3.937379464696943998e+00
4.705478414575805068e+00
3.624751765401688530e+00
4.414911541562349662e+00
4.067629839867520580e+00
6.277671683445990247e+00
1.235764611433363580e+00
5.300358451234950863e+00
2.212705072238430049e+00
4.564096871206611894e+00
4.941470251138504466e+00
5.762875381932215824e+00
3.934331190952661483e+00
4.909545096643507911e+00
4.162597096375423966e+00
4.716775709885683732e+00
4.341194163584192189e+00
7.932214779683364192e+00
5.296474117036832574e+00
2.439728114301865425e+00
6.753554448624569773e+00
3.324437659003069090e+00
6.261094689174689698e+00
2.278666751000517188e+00
5.206250205684646915e+00
5.847531219340949882e+00
4.831708524447805075e+00
7.580142638677837219e+00
4.278866561255158629e+00
3.392263063018859715e+00
3.792055853535306831e+00
4.792253630198683112e+00
5.548624740392161137e+00
3.995981759210345263e+00
5.276611225753534029e+00
4.959000056866244677e+00
4.029281070436192103e+00
4.519953180507231494e+00
5.777553516103468567e+00
5.564812581385341517e+00
3.466727375236943853e+00
4.499385744291933165e+00
5.206109720279629371e+00
6.012758270790450332e+00
4.759694838570279529e+00
5.355397381138401691e+00
5.528099268793496890e+00
5.792824128977104081e+00
5.748827850770966919e+00
4.154834721952637366e+00
5.217246803625195106e+00
5.230783327990668141e+00
3.916856143072259488e+00
5.187971007943554369e+00
6.648029706113630866e+00
5.306310576569566173e+00
4.833634990059053393e+00
4.946597116653307147e+00
5.733615325275803087e+00
4.596187080519180235e+00
4.864984927550269234e+00
4.296137933576614110e+00
-1.822944535462738269e+00
6.475915534367717719e-01
5.560454085584639827e+00
4.564915781579819587e+00
5.476917264331710555e+00
5.770948624544465666e+00
5.018912497578990717e+00
3.959225564158472821e+00
4.383783629817104455e+00
4.747347126633596481e+00
5.037107372704428876e+00
4.378401443108070445e+00
3.708364488041130613e+00
4.722159727325148104e+00
4.793425299612689372e+00
4.544117234242334824e+00
5.428408245021754119e+00
6.168586387656879388e+00
3.310825023201338535e+00
6.067704620562242468e+00
6.029148078667193822e+00
5.792145338230334062e+00
3.232434117913934646e+00
3.215090457497314702e+00
4.563742837015016818e+00
3.245382785799986625e+00
3.855065563332999545e+00
4.244878431739623537e+00
4.842077248432942405e+00
4.765702851335031909e+00
4.293662061511271943e+00
2.645001439250641795e+00
4.942373636445409169e+00
4.577399739671575318e+00
5.967386870055450210e+00
4.163778359446755672e+00
5.505567634225700502e+00
6.644754772548929544e+00
1.939261236555363865e+00
4.415372088501579029e+00
5.441675940171030845e+00
3.109232090874642029e+00
4.907196803338719882e+00
4.548768136951018448e+00
4.987839272224004361e+00
3.618331347635124651e+00
3.897577121332183925e+00
3.919086693590271508e+00
4.420911474314111800e+00
5.075281643767016959e+00
4.182102949557473970e+00
3.107863056989005557e+00
5.043164881731422966e+00
4.535533214060269991e+00
3.542656352723363877e+00
4.147366700957606511e+00
3.826993314316428751e+00
3.243009740295665022e+00
3.861170768808745546e+00
3.288565747927656879e+00
4.164991955203851681e+00
4.660444716913053398e+00
4.695041138378830858e+00
3.169772512920089991e+00
3.528214960859545002e+00
4.613191487891579179e+00
3.450275504764304557e+00
2.668270236109978377e+00
4.431173521504728541e+00
3.089140266291097614e+00
5.258339881872343469e+00
3.925181304238335667e+00
3.649073185592246027e+00
4.392771643811849813e+00
4.143187108638327842e+00
4.158539581672941132e+00
4.196512508192509650e+00
4.724585010269680474e+00
3.650426260029695058e+00
3.391190363866280588e+00
4.880163525788171697e+00
3.328208981424494617e+00
3.949158619484305355e+00
3.554052295176775011e+00
3.526700226274436023e+00
4.052061581711716265e+00
3.523671180545668413e+00
4.780492579273279752e+00
5.268892893327620008e+00
4.085963476700239738e+00
5.473637201858979395e+00
3.016559122000653126e+00
4.798377450656252208e+00
5.465670633126101130e+00
3.469271951137568699e+00
4.035584828598521412e+00
3.513393094580457898e+00
4.439460280787097091e+00
4.648941096761427971e+00
3.576211652413491926e+00
2.968515597459738586e+00
4.507216353826116517e+00
5.348343986521699733e+00
3.521645029360582324e+00
4.282076256672787018e+00
4.500606579982950883e+00
3.368917888665400984e+00
2.649804780592702969e+00
3.969646419615297628e+00
4.492361301206437396e+00
6.229015968802452008e+00
4.328644452410943089e+00
4.933505006571462737e+00
4.204462550042496360e+00
3.621782171218605129e+00
4.993483878037081602e+00
4.920278326950765724e+00
3.056200710183545333e+00
2.928305360857708983e+00
4.520811619346545740e+00
3.169201755944542231e+00
4.949817839013811671e+00
3.188511385088322658e+00
4.978832653870008507e+00
3.463129206143265026e+00
2.663709320606568731e+00
3.832654302305433802e+00
4.589549436994222908e+00
5.155062682616201819e+00
3.630137279402367856e+00
5.116644985301705972e+00
6.423962991068219885e+00
4.774702119023594094e+00
2.242706452812772699e+00
4.066371701434946750e+00
3.309203434408701128e+00
3.928998311261047149e+00
4.599998902551656776e+00
4.221608367562816433e+00
3.378776261669491188e+00
5.117515214517029065e+00
4.200810817450942203e+00
4.746092334589222084e+00
4.243750310014164917e+00
3.838449905237093063e+00
4.923361668129321522e+00
3.876574362670707430e+00
4.552641170386136693e+00
4.377485871600976353e+00
3.512422705094782938e+00
3.392175496953944602e+00
3.348212255048858665e+00
3.893976933527475204e+00
3.460097486408212575e+00
4.640420073197975448e+00
3.867488923484258656e+00
5.143021069030703885e+00
3.287589338785054771e+00
4.816311083975757690e+00
9.035773443610284339e-01
5.963093795561347221e+00
5.595925166966386755e+00
3.127395456969152665e+00
-6.750853438503878756e-01
3.363318998307732066e+00
4.702818143239046123e+00
5.402892094669839551e+00
4.449544642170187636e+00
5.184797859384072893e+00
3.355269695375276751e+00
3.380118616174079271e+00
2.808696929192211478e+00
5.774676655855187413e+00
3.789901958991093167e+00
4.197148212163735792e+00
3.888994283431479904e+00
4.676678150257493449e+00
3.478511108326043377e+00
4.075597639763640423e+00
3.558902497202277804e+00
3.528241020394072169e+00
3.879456702094682186e+00
5.056078143347869869e+00
3.174284421589212535e+00
3.193168474304908688e+00
5.294839633578923177e+00
7.137785662426029631e+00
3.372629666161597317e-02
1.913698764038952227e+00
5.830745559201073291e+00
5.833382163846311919e+00
1.642326985751467516e+00
5.222312455010721166e+00
5.712593782609334703e+00
6.290373019949074163e+00
3.326403193737299091e+00
5.598420251057778074e+00
4.741283969354135763e+00
2.445071037389348945e+00
4.602755379451436646e+00
4.341018489191277752e+00
3.654411981407442944e+00
3.803469647100402806e+00
3.994030341961030128e+00
4.579167938488135192e+00
3.408174485165313961e+00
4.543724397483079436e+00
1.862085235659664662e+00
1.425852837867068512e+00
4.411679970313008070e+00
3.860230342676532977e+00
3.296295978120324044e+00
5.070686932970167149e+00
5.763053399749994199e+00
3.732669430871170313e+00
1.935315925902930445e+00
-2.546121775846298174e+00
2.923518680162586314e+00
4.488866623378749310e+00
5.013853802786294445e+00
3.910099438052309750e+00
3.377274156779015435e+00
4.142887309638889626e+00
5.187869889069033569e+00
3.014531802461585475e+00
4.323422180936719705e+00
4.730877876355899403e+00
6.354287505058875851e+00
3.120120374888816883e+00
3.764292193732430292e+00
5.486952337273399927e+00
8.417849094351343098e+00
1.626298977069065899e+00
6.649808667885772628e+00
4.093292686822781690e+00
5.160072906197130216e+00
4.560078798607742456e+00
4.921688167486970578e+00
4.758788485373007582e+00
4.833403639299650223e+00
4.233663380849987057e+00
4.620026875462230898e+00
3.441395161964329041e+00
1.458110076681705003e+00
5.365534995984022615e+00
4.115418400872570714e+00
8.095716207869022796e+00
4.961352595908976149e+00
3.559134400367974571e+00
4.347738120212090607e+00
6.856464177425765527e+00
6.962367132051504370e+00
5.054793334049940690e+00
3.971328745462435972e+00
4.359831533444023854e+00
4.950113485669156432e+00
4.853926574788234305e+00
5.424516916298051328e+00
4.548026711444670411e+00
5.750676079205564228e+00
7.405565843019742189e+00
4.845708875032788576e+00
4.670453993588709274e+00
5.143333779817134577e+00
1.658339472586607855e+00
4.295687531455921082e+00
5.246382424353950746e+00
4.856593252652425363e+00
6.733734354920927423e+00
5.313194344624019294e+00
3.252633071717171198e+00
5.304382229729977638e+00
4.433952748313592984e+00
5.900870298797785019e+00
6.869640586816561978e+00
4.459724724533754348e+00
5.083488639476202664e+00
4.941651194937593417e+00
6.481280889519543287e+00
5.617082107095046517e+00
5.880779529320000698e+00
7.231850441316946210e+00
5.866170658376216096e+00
7.490168518196307801e+00
6.411216384570376015e+00
6.778804254981317889e+00
5.422994237475620594e+00
6.442590097739370414e+00
7.100964081635218861e+00
8.597249619146831279e+00
7.324897982422836407e+00
7.055309313389622972e+00
6.578734378094174495e+00
7.295371151897227513e+00
7.617536555751128979e+00
9.310729640763025117e+00
8.466240695010732509e+00
7.220013119232677745e+00
7.427478558864371472e+00
8.440269575546215819e+00
1.037894599823113140e+01
6.299483592401672105e+00
7.189008271312292919e+00
5.692693545022577517e+00
7.263499815672702198e+00
6.693640662357898563e+00
6.907816397156506305e+00
8.938179152251652937e+00
7.947455947073988725e+00
8.495759709517873404e+00
5.663885572123783518e+00
7.534110322435171980e+00
9.534457935344384794e+00
9.399828520593557002e+00
6.943576249288179625e+00
8.775890620740064207e+00
8.701549941881308925e+00
6.059968073055210347e+00
7.455783971312619052e+00
8.270494652804030622e+00
8.212250490002803716e+00
9.114022078154915718e+00
6.385160799654192587e+00
8.919501012708604293e+00
6.800195242834864651e+00
7.893645932916729890e+00
8.972654278977081788e+00
8.699310969437451746e+00
9.549950571373916119e+00
7.868302708707678228e+00
8.039965213786564036e+00
8.474523476159497193e+00
9.472027326260780811e+00
5.377516060846613044e+00
6.929830689086390549e+00
1.158363531528298473e+01
6.896452260033706594e+00
7.943423864606837803e+00
6.834926460082746402e+00
7.208966626117903509e+00
7.690893538353686054e+00
9.821744050805586213e+00
8.077216027733699732e+00
8.860886290449121461e+00
7.607626562469679499e+00
9.624240171875442229e+00
1.086964108973377741e+01
6.355211956419921648e+00
1.151976807043425488e+01
8.396974618392818002e+00
1.094592185254414396e+01
7.395378357504612588e+00
7.648479724245991207e+00
5.932795889332979300e+00
9.269082482953031388e+00
9.332683247646667013e+00
1.015353583676050064e+01
1.030869832483996085e+01
1.194698740622431110e+01
1.015876618064087467e+01
1.030005642160889856e+01
1.082501503392174591e+01
8.510267150768944688e+00
1.102810997718758479e+01
1.157539813105329429e+01
9.266977614216568071e+00
1.235601949960043200e+01
9.745058569170307550e+00
1.059954682352827859e+01
1.429804090202513933e+01
1.211755589326608984e+01
1.259319552080499882e+01
1.270515980367359354e+01
1.055151166608612101e+01
1.039492807765508431e+01
1.137324934282358235e+01
1.239533872568637740e+01
1.150709966635550074e+01
1.030479441908433280e+01
8.343041898381109434e+00
1.101222919791178612e+01
1.037370297128044427e+01
1.074262607168471995e+01
1.015042805216008936e+01
1.290822813875166908e+01
1.108077355935556341e+01
1.141478773758127119e+01
9.700580618563373392e+00
1.063204188569598507e+01
1.035919235661455140e+01
8.689847255111930124e+00
1.141274168144244783e+01
8.582614636563075550e+00
8.748274647131571768e+00
9.265513734117858391e+00
8.504613905963166687e+00
8.121391397333530549e+00
9.770050471957887339e+00
5.858763136282467698e+00
7.214979264532365377e+00
8.055186619105773715e+00
1.032342624878362081e+01
3.009221740904637787e+00
1.254344146213031408e+01
7.800625446968051158e+00
1.010996743975852041e+01
7.199083232747947037e+00
1.558177093868308827e+00
4.282298500785995721e+00
1.009804918213417935e+01
8.542074847411310401e+00
6.401226622869616634e+00
5.860626886435470695e+00
9.996498752998055792e+00
5.589955828419830297e+00
6.148683489969462457e+00
8.193658686693963134e+00
7.049674083892505827e+00
7.556543400300106406e+00
8.279163260674867075e+00
8.550569969164179440e+00
8.611561168424280766e+00
8.262490473167130034e+00
8.242682777876039424e+00
7.840593554298279422e+00
7.896638932983457870e+00
7.804028078559861470e+00
7.714916215226696572e+00
8.764667216713791120e+00
7.641767138803433390e+00
1.202692783084851946e+01
8.489966533471489996e+00
-1.742217275152600386e+00
8.336705308726934049e+00
8.894717257457458004e+00
4.116173611567876200e+00
3.340981073959505387e+00
8.271623509030435528e+00
7.807629198071809107e+00
8.289934835104283195e+00
8.353808956066819391e+00
8.373754054436842509e+00
8.757181797893407449e+00
4.748565766641517527e+00
1.081207050072978326e+01
1.140956047806473350e+01
9.776625246414305082e+00
6.941965494031672179e+00
7.326584666745593388e+00
6.770924110481116642e+00
9.403292906167477483e+00
5.480977387621349450e+00
4.967984164965394633e+00
6.771480402470134941e+00
8.800127921642133089e+00
8.585827595608741092e+00
8.105075904592284886e+00
8.411854173279751379e+00
9.366401756030269254e+00
1.010752178746446006e+01
1.130535907868960077e+00
1.022237573727292403e+00
7.048401606864210578e+00
9.315291030027257335e+00
2.617794736679810441e+00
6.938027949329328870e+00
3.857263599257032549e+00
1.078734306482810545e+01
1.062914493823079809e+01
6.698125686627249387e+00
3.728337471816930648e+00
6.493671778031841590e+00
3.643146897970889864e+00
6.206164081323271908e+00
6.585864379143510305e+00
9.662795789629836207e+00
9.200353839404812106e+00
-1.297845503262451317e+01
7.878391722802001063e+00
5.734694836763340575e+00
4.114155208467779268e+00
4.649531514746106708e+00
7.405799341060911090e+00
5.425409844252910396e+00
6.725705175673042824e+00
6.621806281025692797e+00
3.923865390052101443e+00
3.143728833830760294e+00
4.843515272971021801e+00
8.328440737963530793e+00
6.659546770988186815e+00
3.125681353617792091e+00
3.943359933176092902e+00
3.788134656825628443e+00
1.106696148158207471e+01
-1.217186161093493091e+00
-6.957229750130786705e-01
7.475731830233042885e+00
4.879783328386062102e+00
6.136392498616662472e+00
4.344050912032396461e+00
3.810027153524139898e+00
3.334178277335187790e+00
4.739801785124542199e+00
5.706965301017373093e+00
4.940859366049925150e+00
4.153764124424505155e+00
2.478283129370942639e+00
4.958072626904391988e+00
1.318160162524419476e+00
1.231891713212951434e+00
7.479642038085926536e+00
3.537429042486517350e+00
6.789394818908503382e+00
5.739838981985251110e+00
8.619812704063894770e+00
1.815999536067125497e+00
8.349481437788119464e+00
4.489189379363670795e+00
4.149255978422068836e+00
4.131802034087166398e+00
6.018018313531744212e+00
6.295041642399111126e+00
6.219750026632587137e+00
5.294146032689089232e+00
6.811926129136514518e+00
5.211550564041415257e+00
3.657214813234390682e+00
6.327116757236444400e+00
6.843667119060080850e+00
6.193892943566121190e+00
6.004829448497138067e+00
4.444733768173396271e+00
2.367698837288079172e+00
1.814069940970228778e+00
3.520752107292610233e+00
4.266903247929800358e+00
4.413669436992660344e+00
4.271547993620941952e+00
3.244800712259451991e+00
6.349485515404234448e+00
4.526948531013596622e+00
3.810060003928906536e+00
4.391794407429109981e+00
5.387894679725175884e+00
4.322826205993118620e+00
2.906374915181110019e+00
5.776130051484163808e+00
5.362317067070916821e+00
4.342958052612539532e+00
4.585580611222077607e+00
5.236025496739610929e+00
4.136151574847981571e+00
3.717181548978027550e+00
6.534118084723958830e+00
4.264310624469887401e+00
4.496611768865380832e+00
3.211017602821472305e+00
6.584101324533168764e+00
4.297033799672946408e+00
5.489325148251407605e+00
3.670053027099327014e+00
2.891977378557692990e+00
6.561045292400474516e+00
6.615390486978163231e+00
5.363695913720414765e+00
2.456739978755556386e+00
4.162819036501778314e+00
3.689940180164531736e+00
4.192691189673046992e+00
5.378179332543640889e+00
8.737884152348758704e+00
2.913019533243537573e+00
2.435453474331590318e+00
4.774313619866057401e+00
2.893341883017635396e+00
4.998885646510284886e+00
2.785583103047375886e+00
5.306194816621141896e+00
4.468417851467052060e+00
3.011935512675059989e+00
7.461911200257519639e+00
5.671106448472229999e+00
1.851350468693620410e+00
3.921901752198794888e+00
4.487856514878100889e+00
2.636535576932913738e+00
4.491769804267828015e+00
5.261839968596933481e+00
6.346283848180069853e+00
-1.605119365332785542e-01
5.576051993054775835e+00
3.984616309570098380e+00
4.335346179220478824e+00
6.009143006644354301e+00
5.521719533412809078e+00
2.058223549282127696e+00
5.054026134369460799e+00
2.019821682072520552e+00
5.049454324821896378e+00
3.185842165372345658e+00
4.855601442347120766e+00
3.776287865790837639e+00
4.068186611070489178e+00
6.116097386771642164e+00
4.791481921030620761e+00
5.059233499483207552e+00
2.318290417204553311e+00
