1.022410989520834335e+01
1.254536783593708194e+01
1.513323459135227012e+01
9.612180341116250304e+00
1.735814907518857098e+01
1.236512648503155809e+01
1.443995214253382464e+01
1.913289693427083193e+01
1.044552070961966983e+01
1.417750426598543889e+01
1.445895778576614532e+01
9.753424635203529647e+00
1.806413369230241273e+01
1.913803161478470827e+01
1.447636028947324149e+01
1.683575119993867375e+01
1.319797158584152186e+01
1.744962825555571939e+01
1.599879020572286414e+01
1.214691275638668344e+01
1.449808935125724396e+01
1.299096979813910480e+01
1.462776435860024193e+01
1.767802811886579306e+01
1.478740480566039039e+01
1.166094867392519063e+01
1.361724211624557945e+01
1.284611792665427821e+01
1.251414091747000512e+01
1.980121715108968772e+01
1.276836931882398218e+01
1.672810999248245523e+01
2.104939031308423836e+01
1.237914993705160960e+01
1.482450507913328863e+01
1.463651657786798488e+01
1.247140812417038447e+01
1.653596972490514716e+01
1.234929444657167608e+01
1.634903995855932024e+01
1.502044370326285794e+01
1.620136567015655160e+01
1.106151232990083599e+01
1.541621911819578905e+01
1.279442932938385447e+01
1.182838764687457633e+01
1.382908329687615279e+01
1.378012775378830312e+01
1.470500443821519276e+01
1.238241074495503646e+01
1.058802063274901428e+01
1.019759272666041028e+01
1.793982668166003691e+01
1.311994267671017944e+01
1.527888068612430317e+01
9.162310542083519138e+00
1.876884725729847503e+01
1.162794279124930874e+01
1.560169701778369067e+01
1.707635401279976506e+01
1.643838411536140498e+01
1.528144530339115015e+01
1.803529028986211813e+01
1.576985822204900956e+01
1.154861054202240922e+01
7.947261089042321203e+00
9.861147527889469799e+00
1.142988916245716524e+01
1.342372257896823129e+01
1.185858394557311968e+01
1.357489287453506321e+01
8.883600547844601181e+00
1.617330991291301601e+01
9.871859675514858878e+00
1.386812402539933586e+01
1.900074815688154217e+01
1.707833216534965715e+01
1.127818230722194315e+01
1.458357526287172767e+01
1.628719586321616575e+01
1.881943884995844130e+01
1.500937607428494580e+01
1.744516643792622190e+01
1.892709476740969521e+01
1.018861875329587008e+01
1.286321548769974754e+01
1.235231799017906162e+01
1.768032773514291733e+01
1.749421035338614416e+01
1.536437843226355682e+01
1.496849386624800005e+01
1.408696543713563543e+01
1.680320307070892483e+01
1.194443552445194001e+01
1.054074540318120867e+01
1.322699487255542472e+01
1.218611070913292949e+01
9.544946120216870611e+00
1.400733802357236968e+01
1.653519904228256010e+01
9.991797862531857533e+00
2.027161870773457153e+01
1.732043797126644691e+01
9.073428395945500213e+00
1.461720527562057192e+01
1.626474475528537056e+01
1.176205296252221721e+01
1.415717844218575827e+01
8.984084968639583835e+00
1.317146616212873944e+01
1.580394515779642362e+01
1.028663237044034240e+01
9.999053543185492998e+00
1.476029234414362712e+01
1.487863713781675656e+01
1.438725029946780687e+01
1.606472869908060730e+01
1.621626574392078624e+01
1.680189135434760672e+01
8.615764780290458447e+00
8.806485544440970870e+00
1.740716251286493588e+01
1.869466266189919779e+01
1.289431646182468505e+01
2.209420853265658380e+01
1.845880789209480355e+01
1.541174789256334954e+01
1.560344874473803145e+01
1.303022208179974228e+01
1.189346578993102455e+01
1.324593827193069906e+01
1.402424534970313275e+01
1.330845378870427353e+01
1.436305255675015680e+01
1.499272523751036523e+01
9.897753950414564628e+00
1.256393518284464683e+01
9.173087721781117310e+00
1.447409489122397197e+01
4.490620082829690496e+00
1.266241854139023282e+01
1.233725077528440117e+01
1.197409987098311213e+01
1.612848381308802104e+01
1.618228317967548691e+01
1.299538858791130025e+01
1.536820371153158149e+01
1.465699092102218515e+01
1.558672660123755094e+01
8.833314585638472494e+00
1.157099293962294162e+01
1.100071016682823277e+01
8.065648018394416141e+00
1.206708266593900447e+01
1.969854306879560824e+01
1.180239643332168953e+01
1.219067649222670369e+01
1.494007658313689824e+01
1.766112797145221336e+01
1.584121541778787545e+01
1.693887313477960177e+01
1.141347176200014424e+01
1.632339769891512660e+01
1.267575816656032117e+01
1.441260293266361714e+01
9.995438376035792771e+00
1.301858193906528882e+01
1.485149262969251893e+01
1.601793390825197605e+01
1.532030272935659809e+01
1.064889481003118199e+01
1.212492198591909620e+01
1.021874116087957951e+01
1.095501843181033230e+01
1.724251759505888870e+01
1.690646390655366105e+01
1.402906056342205332e+01
1.161515483017343975e+01
1.340923299136695768e+01
1.895716390314280275e+01
1.600399097336867626e+01
1.853615662168477840e+01
1.353902386036075356e+01
1.173297512597509851e+01
1.029677429841197878e+01
1.538645279547692191e+01
1.453465490785238501e+01
1.347775714920472012e+01
1.102952266516559376e+01
1.054044595374575088e+01
1.593299960358236511e+01
1.261036555780720469e+01
1.076330295525711556e+01
1.163575691004345103e+01
1.355474261601898078e+01
9.376565436369181938e+00
1.725442518533424874e+01
8.090757590827479362e+00
9.194916507637074687e+00
1.040254025773307056e+01
1.130213497276815993e+01
1.302221020777879978e+01
1.526266254022695890e+01
1.474554796040136218e+01
8.313882916100100218e+00
1.602842092753980552e+01
1.183600250130219500e+01
1.403562875117486364e+01
1.394449785149393151e+01
1.089290323012520290e+01
1.374723489949644062e+01
1.575076243285964317e+01
2.054743287458167345e+01
1.121385882333851391e+01
1.348352972464919475e+01
1.354074640119097417e+01
1.398537276684477959e+01
1.346534519843016753e+01
1.421553515841888071e+01
1.466624028865053653e+01
1.088338483387407862e+01
1.271404351613430705e+01
1.401381561180329882e+01
1.226852870982836663e+01
1.331253618631578028e+01
1.052006054700352244e+01
1.440041466617029187e+01
1.377249167995598356e+01
1.252042795279188070e+01
1.151280470267976597e+01
1.057465377488635383e+01
1.491832802438810468e+01
1.468675045420205372e+01
9.932723723246731140e+00
1.347533229632911933e+01
1.112405162669131009e+01
1.236286348271093871e+01
1.321220204118046659e+01
1.310553103961324339e+01
1.153170048042896489e+01
1.092202862483515879e+01
1.400452939944358022e+01
1.548532762264078499e+01
1.443676262185185699e+01
1.460565021661004614e+01
1.450409826304645478e+01
9.507262828795781218e+00
1.461999289829918602e+01
1.396793497598941514e+01
1.384932814707075721e+01
1.735436358234025889e+01
1.213469975170688819e+01
8.815247590428572977e+00
1.797426029471662190e+01
1.276842454649722036e+01
1.367652387903742905e+01
1.194540575676517591e+01
1.105382520023346515e+01
1.444101943833127955e+01
1.215600424247082856e+01
9.787536486641617017e+00
1.202829945733657269e+01
1.063041154177004621e+01
1.469302048606000533e+01
1.526611970613303804e+01
1.404061030143422606e+01
1.436009546577975016e+01
9.162259267288533238e+00
1.003204702189001729e+01
1.459062664452454428e+01
1.571032739798647881e+01
8.861926023652777928e+00
1.154243171168317161e+01
1.160798777659563541e+01
1.205046175432431887e+01
1.130439793604002929e+01
1.549616142582452127e+01
1.056497410150865512e+01
1.698417467072849973e+01
1.236808701643652242e+01
1.734323163496807396e+01
1.110394301407793982e+01
2.058041075374563178e+01
1.400928779345350961e+01
1.069721875149479295e+01
1.193481141234991405e+01
1.209394130589237548e+01
1.029309413314372357e+01
1.590563395409715497e+01
1.243727381025096612e+01
1.350022133826237436e+01
1.352382436944989230e+01
1.472096945257379730e+01
1.408471385796125297e+01
1.231933614813111255e+01
1.334775473769348153e+01
1.154248811258558050e+01
1.125456919260284927e+01
1.254611985734674029e+01
1.437044684429040231e+01
1.395718531913019689e+01
1.314032162285968930e+01
1.538629570202183316e+01
1.332205252240050086e+01
1.110748472985077484e+01
1.425272687467506216e+01
1.283299364944200249e+01
1.268215134052452342e+01
1.031507177306941614e+01
1.650329872836636369e+01
1.275293140731720065e+01
1.823062785680556530e+01
1.333221302025744137e+01
1.543710144246293048e+01
1.321295192529804652e+01
1.038363904609250632e+01
1.372854909391296019e+01
1.091837417766857854e+01
1.456400590200224698e+01
1.389590106370265410e+01
1.423676960035819583e+01
1.595406872940676735e+01
1.503432353807778554e+01
1.503592478373087182e+01
1.449815992234579021e+01
1.628183219590582453e+01
1.761346010234275283e+01
1.618415009786948033e+01
1.441899175034840574e+01
1.490983330105511406e+01
1.123879424628488444e+01
1.640912532964240356e+01
1.358943963183581438e+01
1.533006797272010324e+01
1.175701934302361451e+01
1.302851360210010512e+01
1.261062395667460834e+01
1.220935223099623990e+01
1.604983087833765509e+01
1.275852330300333826e+01
1.225404866463236964e+01
1.353695941348345855e+01
1.515061042659039892e+01
1.399941384349675033e+01
1.437684268659786113e+01
1.418384523302630384e+01
1.448831959578499884e+01
1.368773910124417625e+01
1.333894970464459639e+01
1.004340112949733310e+01
1.335197697093532909e+01
1.406485546908862361e+01
1.101976685906747733e+01
1.350491804262197881e+01
1.278970338325990497e+01
1.238246251513811202e+01
1.318276455310181206e+01
7.670596510188884665e+00
1.224758706047212087e+01
1.147402086715992908e+01
9.701985097783872192e+00
5.967442177764589850e+00
1.393495340525314496e+01
1.160237289106089342e+01
1.612392059887879370e+01
8.770568896080400023e+00
1.437974148076583347e+01
1.479556121267172841e+01
1.360175503470051339e+01
1.043321752427336335e+01
1.145967759200739700e+01
1.510596678897034728e+01
1.322380390452474863e+01
1.074425168109017825e+01
1.395925504637684256e+01
1.418685773881964352e+01
1.671364348149594647e+01
1.428245159626888494e+01
1.136335393139033911e+01
1.022218389489950852e+01
1.345068904247028208e+01
1.562809563329832407e+01
1.489289563080272316e+01
1.786713639466408665e+01
1.321422993971782844e+01
1.077181710557642980e+01
1.226471658722108238e+01
1.267001532403046227e+01
1.221288946198278857e+01
1.159160170814881496e+01
1.063296759526029689e+01
1.597509282619438764e+01
1.248974552196833265e+01
1.269206903089826888e+01
1.066989523351076308e+01
1.652224058547882635e+01
1.315537930836094560e+01
1.514938446425861862e+01
1.393685811726636281e+01
1.545418105529610564e+01
1.580851007941232389e+01
1.262845683633430660e+01
1.448891321573525737e+01
1.381465253772952551e+01
1.263385571545769359e+01
1.574994223689665596e+01
9.673834505684423490e+00
1.593775337973836592e+01
1.225478582422443807e+01
1.175956925971541445e+01
8.881014511613075868e+00
1.455539585121557700e+01
1.163913733879253876e+01
1.388285544049722020e+01
1.326286351280428377e+01
1.587342683252219366e+01
1.651574151992328865e+01
1.307091994468599516e+01
1.397474004772221612e+01
1.549720234355419990e+01
1.270388544259472141e+01
1.285694870026936698e+01
1.163079061637564848e+01
1.269476878941168962e+01
1.588539692542195425e+01
1.369714091449736770e+01
1.080718329450425585e+01
1.308193206307637091e+01
1.327584343352831198e+01
1.060420848856611009e+01
1.301097837398922508e+01
1.336513713295838279e+01
1.135295333466732437e+01
9.220459680097658151e+00
1.440223402879291470e+01
1.344462634820382974e+01
1.355683996639913325e+01
1.422009976011358745e+01
1.284114306690273111e+01
1.110779348900545926e+01
8.973795099882941884e+00
1.432341212336523029e+01
1.168303724856546388e+01
1.198054122349643258e+01
1.556947880893955372e+01
1.133640083344387683e+01
1.011618907052492489e+01
1.268677588836075643e+01
1.359551551232308242e+01
1.180285620813751990e+01
1.437574311082552292e+01
1.208034705517668606e+01
1.174572679853705104e+01
1.003216083679670056e+01
8.286574736094314275e+00
1.303893540973977494e+01
1.539154392903454394e+01
1.101495989573353107e+01
1.316633537009690968e+01
1.059664642418480973e+01
1.003879806302607491e+01
1.375333546854166755e+01
1.222745638405392654e+01
9.284383669825100327e+00
1.386506773919186486e+01
1.245559944003859165e+01
1.186157630741274538e+01
1.322217779796640791e+01
1.325750807668773312e+01
1.144078426407101645e+01
1.273409057442507120e+01
1.403141896599997374e+01
1.012389821670686807e+01
8.255427231542842748e+00
1.196366275357619458e+01
1.433066863131013235e+01
1.029222253351458605e+01
1.206558227845294695e+01
1.238616633018509638e+01
1.316232436973447939e+01
1.361792820904975265e+01
1.468760520065133335e+01
9.078635582256787018e+00
1.200269562274377222e+01
1.383113723298412623e+01
1.269690177993327396e+01
1.122409089220391465e+01
1.340768567937518974e+01
1.456591282770020079e+01
1.541628827025206583e+01
1.052666441151813892e+01
8.546589701141730444e+00
1.275983555945272840e+01
1.060233335444000424e+01
1.211842382396039142e+01
1.217282218270128347e+01
1.124534736684363168e+01
8.126742142899791688e+00
1.348434384591391755e+01
1.717912727740267087e+01
1.103474891460372298e+01
1.394340313847779278e+01
1.370284420497861966e+01
1.325984246567497316e+01
1.572233520659388439e+01
1.086288564015467450e+01
1.235883355182189192e+01
1.158087796262076452e+01
1.136747464153288512e+01
1.370694147046798861e+01
1.123565064336033004e+01
1.336014662214535598e+01
1.048492004512779019e+01
1.294145924826530347e+01
1.731510327646986269e+01
1.213080139294012305e+01
1.120180362982156907e+01
1.383800567889211841e+01
1.228604084565569465e+01
1.694967890079840700e+01
1.805448139964493492e+01
1.229714336049013035e+01
1.232546592892565229e+01
1.476080186832056995e+01
1.618750522831000538e+01
1.237943946776186088e+01
1.280675155865220560e+01
1.265720982064051370e+01
1.247511970527184744e+01
1.249136596746178718e+01
1.352519751451978181e+01
1.320419832725057852e+01
1.216410106038154915e+01
1.301363232814889948e+01
1.079542309996883631e+01
1.138453765556259611e+01
1.447122516859959696e+01
1.214731049579277311e+01
1.004475002108465986e+01
1.492921805094610654e+01
1.192288343736748502e+01
1.226308200878289156e+01
1.182257977511563851e+01
1.534428961681373060e+01
9.976861287367643882e+00
1.209913119134759540e+01
1.414375812364604457e+01
1.480574212756756758e+01
1.290382142355810480e+01
1.235063602732241250e+01
9.876928344501878954e+00
9.241649608899566104e+00
1.343098945663254540e+01
1.262774944947524425e+01
1.314517366496605533e+01
1.750245183008751937e+01
1.386911549513754061e+01
1.069780487943716096e+01
1.299413661495216310e+01
1.223816046729280771e+01
1.119816491306461792e+01
1.294053471072593808e+01
1.246606048994440386e+01
1.024286500468085137e+01
1.111396363265198062e+01
1.370207720211275770e+01
1.249032160741900910e+01
1.074888612208587446e+01
1.429071000798455948e+01
1.421489986559125107e+01
1.014298335156285802e+01
1.760695584359659449e+01
1.265352410997864752e+01
1.449834139623039420e+01
1.425231338653654944e+01
8.975984836775563025e+00
1.128374379808082217e+01
1.198964261431927092e+01
1.168870696845634427e+01
1.489187599135758866e+01
1.356508237837363318e+01
9.965303620317357058e+00
1.332494645214571172e+01
1.600969654477954762e+01
1.302072219674460563e+01
8.718470906555433331e+00
1.279906743622062315e+01
1.524156705441573934e+01
1.091853582742435869e+01
1.481074455144488944e+01
1.096907069374242916e+01
1.151803790955849038e+01
1.131051430207656239e+01
9.814483553443912101e+00
1.626966946739023356e+01
1.286884165042031825e+01
1.165714500443701240e+01
1.473519568579306060e+01
2.014452143974703802e+01
1.374760139037599771e+01
1.375437162444606365e+01
1.272973165842369347e+01
1.351373791767863253e+01
1.045134565806884908e+01
1.541238235731217188e+01
1.569576913787121342e+01
1.232651865265162350e+01
1.400479604360180019e+01
1.536520714133773424e+01
1.082917372862960725e+01
1.091630372014746087e+01
1.184573961830476385e+01
1.177170105065870942e+01
9.400102673533210051e+00
1.136605531402675240e+01
1.346221515940810143e+01
1.031574768192674618e+01
1.117434500080723581e+01
8.519064417387205879e+00
1.202726121043175489e+01
1.050849241761833142e+01
1.131752411862588481e+01
1.166050035024543519e+01
9.208851345236086061e+00
1.139721055832514551e+01
9.230253226681968570e+00
1.184568259097551923e+01
1.016868300538971148e+01
1.324924835578717364e+01
9.406301336597659102e+00
1.046345873217009803e+01
1.245518788231683871e+01
1.176397783578264722e+01
1.185758476363497493e+01
1.161782044035115113e+01
9.222739294617969819e+00
1.204118468622730020e+01
1.064096238997865385e+01
1.162791137937884045e+01
1.183584854458474034e+01
1.348819478939468297e+01
1.077917959487193578e+01
1.135811457298220084e+01
1.122421978653473396e+01
1.301733749927420014e+01
1.147717193017469128e+01
1.266810779671771847e+01
1.360330470638192146e+01
1.226482017453418294e+01
1.139861033153921710e+01
1.294518422854868867e+01
9.889419331703136251e+00
1.016524851111746841e+01
1.157603056235672767e+01
9.850376471520354116e+00
1.293563847466424654e+01
1.085228539856610830e+01
9.245311094897319393e+00
9.771429329422481658e+00
1.126360171372890306e+01
1.128633972002680430e+01
1.409497300282281351e+01
1.436196179105130710e+01
1.246395004747560442e+01
1.192433221210551508e+01
1.333795925885955391e+01
1.332869904633349201e+01
1.133839808808898297e+01
1.207963060445291426e+01
9.069823287588437921e+00
1.226691263021815814e+01
1.373723373823240834e+01
1.163379006880618327e+01
1.364332750284604678e+01
1.134413311040273342e+01
9.782169882983161813e+00
1.704090124376218540e+01
1.265928360332609692e+01
9.199199977579409548e+00
1.053838287766247461e+01
1.237422984410056159e+01
1.412616333785615019e+01
1.129992912939477812e+01
9.887529983213713791e+00
1.473232584292467884e+01
1.268586789496865386e+01
1.071072990461593655e+01
1.105597053290277820e+01
1.333335535305982766e+01
1.244505850898271504e+01
1.049651284879545976e+01
1.257910273045911964e+01
9.788990785052924082e+00
1.296662513083554202e+01
1.261028377542410261e+01
1.308763609975068398e+01
1.208565791586166505e+01
1.335534567868812061e+01
1.415819171518623243e+01
1.795669780301031437e+01
1.705553660012598272e+01
1.858663134083605684e+01
1.544187568138229771e+01
1.492441233673600465e+01
1.549613012869469131e+01
1.527314026419909609e+01
1.568797817509361536e+01
1.601434073025322036e+01
1.228008875672116851e+01
9.480876705808931604e+00
8.444849705871140699e+00
7.561429944312928697e+00
1.042985750961530655e+01
1.408205448025762330e+01
9.511372063339207372e+00
1.056613808435296598e+01
1.088022841119606099e+01
9.360850252760450019e+00
1.161156318229336648e+01
1.244646339742519636e+01
1.137076290284689151e+01
9.372980323577703388e+00
7.721912147803512205e+00
9.834253865334099842e+00
1.343839006566023464e+01
1.303472085872128794e+01
1.031254575816210739e+01
1.190517657641942506e+01
1.164064759534004700e+01
1.123345223172029961e+01
1.425639177517136957e+01
1.256143402273649201e+01
1.273040554673992197e+01
1.251812097603096774e+01
1.046011051988219620e+01
1.216239132964588698e+01
1.419740853343783904e+01
1.076059234936079179e+01
9.600045265517819004e+00
1.184346190300096424e+01
1.206151425112606823e+01
1.055280267675469119e+01
7.390600716613582755e+00
1.112887094503279961e+01
1.169865158679759531e+01
1.104820555071066579e+01
1.257706589849412815e+01
1.099626912699245374e+01
1.065979906412303002e+01
1.337647066657216754e+01
9.615204524405783104e+00
1.301626946450752698e+01
9.433564068320697160e+00
1.217850229204705315e+01
1.266642332234392221e+01
9.547516482598826570e+00
1.220190611798826019e+01
1.034779961508082380e+01
1.217139912597993145e+01
1.212848372376187989e+01
1.398105267257111173e+01
1.079741342195395504e+01
1.112481852704864949e+01
1.134072961391804846e+01
8.217528085016812867e+00
1.056192041137377302e+01
9.040481946896832710e+00
9.241758731873318311e+00
9.435907818190372609e+00
1.501874551391891721e+01
1.136171682444616771e+01
1.170265678477855964e+01
1.051193045578974150e+01
1.157120947460462546e+01
1.036778368997843813e+01
1.054420558726652146e+01
1.436776159178460688e+01
1.027657574460374157e+01
8.605858387005712373e+00
1.056337036049784928e+01
1.337736158235957973e+01
1.364321901853768715e+01
8.453977260305100216e+00
1.393900306665850763e+01
1.014487757311921357e+01
1.280103077341860995e+01
1.215558440536107021e+01
8.566502415212562838e+00
7.878903260093149896e+00
1.089356228750408739e+01
1.280638492962429531e+01
1.030807303245838469e+01
1.070998393051673681e+01
1.155716783685176807e+01
1.279340249491033532e+01
1.113295519543155798e+01
1.036210123041016828e+01
1.181995524651870255e+01
1.444082270984030636e+01
1.398105185729891353e+01
1.454202859687568505e+01
1.289140256231753767e+01
9.129529411922929327e+00
1.121465082084510456e+01
8.463494411923335292e+00
1.120283948691780118e+01
9.508319468797802543e+00
9.463761996778920604e+00
8.532974499286019920e+00
1.214664193719128882e+01
9.435582214712187721e+00
1.328970195985144720e+01
1.164014136640645525e+01
1.215430525627766478e+01
1.068941501684381379e+01
9.697385426342922443e+00
9.699937793708793166e+00
1.017182211843877937e+01
1.145971652181628819e+01
9.995291942844840349e+00
1.300765849834174759e+01
1.160771381567082372e+01
1.218848962651498091e+01
1.232395527044423744e+01
1.290507401962093503e+01
8.808632878673229527e+00
9.669302073801498310e+00
9.202403504171384085e+00
1.013677292852899292e+01
9.072355327559666449e+00
9.317602310240012287e+00
1.335773370181843944e+01
1.013980464713328011e+01
8.588040892346061383e+00
1.189085036052540545e+01
1.023445972124923742e+01
1.104134083289489432e+01
1.309771115632368144e+01
1.086601614590803599e+01
1.139129313141676114e+01
1.323021099385200472e+01
7.746318022950447357e+00
1.002330358490860363e+01
9.974837009706090996e+00
9.411402718341317808e+00
1.068659347675471416e+01
1.232002558311790530e+01
1.215508382433386636e+01
1.061825749821070275e+01
1.141774771985985026e+01
1.191760929897235854e+01
9.526575187928511212e+00
1.113368967272591803e+01
9.410458877804039446e+00
1.102935459795559048e+01
1.143067937861332339e+01
1.302301285665153863e+01
9.817815822433578532e+00
9.797651781699116214e+00
1.140256595247335092e+01
1.252214042026566254e+01
1.250547025081274732e+01
9.162261730563566076e+00
1.291487386942709392e+01
9.319904297267106230e+00
9.215847301021172555e+00
1.034518871826018938e+01
1.202131847910957241e+01
1.347920247537582483e+01
1.285064317955672841e+01
1.562623098022124424e+01
1.176016814029247826e+01
1.081149202833773515e+01
8.968795813582051579e+00
1.055378878312369828e+01
9.615196204987936923e+00
1.034755512852149906e+01
1.094269954092734487e+01
1.345761303775142714e+01
1.069357512560273449e+01
9.814250569786697298e+00
1.082996382862015494e+01
1.363407047426158769e+01
1.251208467235908373e+01
1.333437919690763529e+01
1.433538240758022120e+01
9.175042172251950845e+00
1.047220349353403712e+01
1.047613356653777039e+01
1.037443020206923450e+01
1.132454924448254019e+01
1.215890642636091457e+01
9.887988445708600693e+00
9.343841353146766338e+00
1.053432578942529396e+01
1.288398510262078034e+01
8.991482801439204309e+00
1.245701625520931977e+01
1.162898150586793378e+01
8.041592348774045718e+00
1.044314834772120371e+01
1.087198675744404497e+01
9.257927161679228689e+00
1.146520153678293497e+01
9.445379192887989106e+00
9.356353059797658744e+00
8.815284004470933965e+00
1.014435163741392287e+01
1.299524060042410767e+01
8.163327010919742222e+00
1.022880181817140510e+01
1.068228141162578204e+01
1.241980960842032822e+01
1.036419777762962546e+01
1.364257381318924445e+01
1.470213626435093168e+01
1.170036072067931521e+01
1.272447650710632949e+01
1.023507949436972631e+01
1.279036507201808170e+01
1.143222891554909459e+01
1.139871566300418948e+01
1.221593562469886862e+01
1.108223901376925902e+01
1.086904337534213383e+01
1.082535767765546630e+01
9.919005646822231625e+00
1.023283216230561088e+01
9.071221787466345887e+00
9.089808708616295974e+00
1.214940510922249217e+01
1.148428848513534639e+01
1.056200847411672328e+01
1.293586536286670707e+01
8.622891085520457466e+00
9.945456531719624849e+00
1.081612786393757908e+01
1.048391912983595375e+01
1.104670613542234925e+01
9.967753726711530149e+00
1.022303558904077292e+01
1.060105574023283737e+01
9.325729853187011642e+00
1.151169612781081852e+01
6.938812099988829196e+00
1.004574308132076155e+01
9.744946104425750377e+00
1.276107699511660343e+01
1.063696119696828113e+01
9.478186294364821407e+00
9.843901210929836054e+00
1.376435774627623587e+01
1.097704297742168933e+01
9.704044000480417154e+00
1.057781644452483505e+01
1.044609239283374080e+01
7.936507611347757063e+00
8.170232085105370246e+00
1.063153846115834789e+01
1.087306296345452061e+01
9.055443314410847933e+00
8.907069638915805498e+00
1.324577259282759023e+01
1.161652394552612222e+01
8.943393127247306396e+00
9.069914696586669933e+00
1.026575544208037449e+01
1.161195633870539545e+01
1.373318375914878864e+01
1.170807944811080681e+01
1.275742448613475588e+01
1.129399082665979215e+01
9.638602419044261183e+00
1.422044693821993810e+01
1.335802331074261673e+01
1.038830528676831655e+01
1.115302767311022869e+01
1.131182323532695300e+01
1.326727953947045080e+01
8.093966317804465405e+00
1.315745248798430111e+01
8.605105265666111336e+00
9.457394479266934439e+00
1.202451806872576867e+01
7.801232818893838683e+00
1.335507273464340194e+01
1.004544843324409520e+01
1.160502550303267455e+01
1.020984425033028131e+01
9.746736751626132289e+00
1.101588144957890236e+01
1.300392809674117167e+01
1.253292075330189448e+01
9.186823016695370825e+00
1.122822666559659766e+01
1.136703295026301674e+01
9.063330269819555696e+00
1.035676891164665214e+01
1.007012006232790569e+01
1.215339772450749223e+01
1.329895489038841383e+01
1.216746098879565174e+01
1.019170816691429415e+01
1.181722213183560477e+01
1.156307796375505426e+01
1.201811715219706578e+01
8.982274662913143359e+00
9.822099616939393485e+00
1.384217768506402990e+01
1.294056876674401835e+01
1.017302526473535806e+01
9.955872497559138168e+00
5.898802597516451307e+00
1.072530106835756136e+01
1.139651312363608682e+01
9.658759737058328909e+00
1.032458373668841389e+01
1.136153071536953441e+01
1.031683114032579063e+01
1.067282168211690063e+01
1.084398233988378557e+01
6.516489030197515575e+00
1.159279308407211140e+01
9.918283094298423919e+00
7.881480555847581115e+00
1.094671833881849565e+01
8.946554539170861631e+00
1.026237350008457305e+01
1.086713361908787334e+01
1.175870018166357234e+01
1.263879640056241449e+01
9.693063337993050865e+00
8.532979167368873519e+00
1.088331213683280296e+01
8.337938037183851847e+00
9.763704882522281636e+00
1.082172729166491720e+01
1.077916959350004689e+01
1.031503697460913926e+01
9.039528302952835048e+00
1.253969380488947216e+01
9.383449472464118202e+00
1.036151247693997490e+01
1.241620067474016942e+01
1.191032532139498024e+01
5.447661474286421779e+00
1.000748756587471355e+01
1.229382199353415928e+01
1.028782838529313715e+01
1.177310451968263294e+01
1.198051892557012366e+01
1.167763934607678245e+01
8.470465549574761610e+00
1.255809719385701761e+01
9.495632067752344696e+00
1.149489382219431910e+01
1.126841023802249708e+01
1.044001597159158301e+01
9.492355523647395543e+00
1.050972591099578679e+01
1.170921061038232480e+01
1.346201218229150776e+01
1.408083496428286452e+01
1.333743078966269557e+01
1.575047573064692763e+01
2.100311120901766060e+01
2.439358875883101163e+01
2.254624516012596658e+01
2.837692827213085067e+01
2.432548594556752164e+01
2.279820370927011552e+01
1.904511530657562091e+01
2.042439701993128409e+01
1.660910426440615240e+01
1.115715447268768479e+01
1.079469563490807893e+01
1.449501554915691770e+01
1.497916737439834556e+01
1.142786305964078508e+01
7.925338275350256367e+00
1.038287560031279710e+01
1.170947300859368312e+01
1.034146604595305696e+01
1.094062274359417941e+01
1.150644931313933483e+01
9.997964912795875847e+00
9.177234349742942499e+00
1.087427636375499951e+01
9.958777759610230262e+00
1.062204897902125644e+01
1.084227952705418119e+01
1.002073031139073578e+01
6.581828514976755251e+00
6.994866314475249425e+00
1.230293108779322608e+01
1.112053571147145803e+01
1.138789836580399673e+01
1.024525035872648004e+01
1.057384651546282406e+01
1.155494353982702904e+01
1.066082415985852450e+01
1.193269822804917091e+01
9.242604508780784656e+00
1.253367057838205412e+01
9.810467168129802573e+00
1.123273014147815552e+01
1.113302449089025536e+01
1.328004042086828562e+01
1.334195711021952313e+01
1.210419867946688477e+01
8.877126354599004898e+00
9.055949163686440428e+00
1.029328631049896003e+01
9.196059270007493680e+00
1.001625205774996630e+01
1.231599748538767969e+01
1.259574333859939799e+01
1.148792510114927090e+01
1.048287947346807236e+01
1.261114839656059239e+01
1.080897718283371489e+01
8.430698098399869167e+00
9.462107069797262682e+00
1.081841042795887020e+01
1.005975157437364054e+01
8.845777563224833884e+00
9.801615726581202281e+00
1.135248313232817630e+01
1.192263067522467246e+01
1.058001625822994640e+01
1.002990601693057826e+01
9.957485121236929970e+00
1.418570093195265258e+01
1.219241474466729258e+01
1.126414996107179611e+01
1.213893281197279173e+01
1.091210460145605587e+01
1.339959518547934714e+01
1.385283410993090136e+01
1.223271571988253115e+01
1.001609420892032887e+01
1.213180804891626074e+01
9.671910752256520638e+00
1.091713693791593975e+01
1.091583614570764027e+01
8.708363062507403995e+00
1.144736049142275114e+01
8.810508973803086619e+00
8.633887397514660833e+00
1.197899437334121941e+01
1.000803584143640634e+01
1.037564512837280084e+01
1.220007096302063232e+01
7.699419882198188958e+00
7.108559818870798352e+00
1.062782624326547953e+01
8.936528049900120507e+00
1.155812316783607585e+01
1.308720501073769071e+01
8.908831580827627050e+00
1.296909464396782674e+01
1.073738848647905719e+01
1.131930609497784168e+01
1.116795853685903239e+01
1.418779773674157241e+01
1.429334000073193423e+01
1.196436480277032288e+01
9.532027633939611277e+00
1.102178598487068228e+01
1.177156378448439966e+01
1.318161057399988678e+01
1.263338509205282811e+01
1.092804419901156265e+01
1.287084864120340200e+01
1.041872257332629204e+01
8.693286971645637351e+00
1.310517683142302303e+01
9.942246679629594297e+00
1.048675449240656299e+01
9.592743242255682645e+00
1.042426098338928142e+01
1.250771958668877915e+01
1.153939302524178956e+01
1.166513795420603827e+01
9.003198385387765512e+00
8.504080089083938532e+00
1.025564671083726509e+01
1.017769493981552742e+01
1.136899068696839521e+01
8.928566585311560999e+00
7.585636248799570325e+00
9.667078993651658791e+00
8.651942280604584923e+00
9.059199000080187858e+00
1.030394929553050609e+01
9.752613730710923079e+00
9.510800464452886516e+00
7.221678408884582012e+00
8.773999457606358021e+00
8.519062523687228605e+00
9.011748575969296127e+00
8.504398288537073469e+00
1.317598273000950293e+01
1.086221584602115620e+01
9.987248067262029849e+00
1.043825037991405935e+01
1.004199535028068269e+01
1.168466707445095132e+01
1.226278834090476266e+01
1.123101580135993771e+01
1.256950316430643788e+01
1.134379493486828849e+01
1.030466281254155625e+01
1.346870245548213596e+01
1.254161216052814609e+01
9.530816381200413190e+00
1.174494047313076273e+01
1.159872429087875112e+01
1.248756744982770961e+01
1.165572258843308795e+01
1.111823977469319935e+01
1.262571347106105435e+01
1.263763891000766648e+01
1.062404218959209423e+01
1.337485763322282217e+01
1.324973980766196568e+01
1.635688732356863184e+01
1.459221918215114933e+01
1.550677877695784979e+01
1.821979777462240691e+01
1.384767105161971479e+01
1.551259199381504850e+01
1.615126465621646190e+01
1.321918957848101961e+01
1.318621151385778845e+01
1.437304599696883045e+01
1.146567815670495882e+01
1.253000669938077571e+01
9.513339417023162881e+00
1.030428419085892067e+01
1.265166785488835899e+01
1.188077785680248688e+01
1.247031987088274718e+01
1.156147183342401341e+01
1.173318553806695164e+01
7.407435175227959689e+00
9.467497336904470373e+00
1.058209366374450155e+01
1.122637933540967126e+01
1.035545043881509031e+01
1.181601551104331982e+01
1.097327435740493939e+01
9.967199559990605806e+00
1.046724557578868442e+01
1.109558058409173853e+01
8.773883906899291318e+00
9.130045022711954061e+00
1.181073276725327226e+01
1.024217443590347010e+01
9.938934077997576111e+00
8.993965674782032238e+00
1.107327240652894140e+01
8.918559508149488835e+00
1.007779968822728023e+01
1.212239067809197479e+01
9.560858235774352565e+00
1.135504921866950312e+01
1.272268216328388135e+01
1.163987030427973046e+01
1.278802759221071916e+01
1.137499949832633739e+01
1.056022598852201533e+01
1.086455778444372733e+01
1.050330478929748779e+01
9.802386726040921872e+00
1.388799907909473674e+01
1.157641755856279531e+01
1.164445228730297188e+01
1.303482897370595595e+01
1.345267608662514469e+01
1.245408155177069176e+01
9.791255525095365897e+00
1.027604328218802365e+01
1.036942590084358251e+01
1.261426926111194469e+01
1.185701485058957161e+01
1.179888369034508955e+01
1.385029397024576703e+01
1.204215173660853466e+01
1.161773586761777111e+01
1.269515958325627736e+01
1.069646480700103375e+01
1.047569518828856339e+01
1.033629119060873514e+01
9.851977213626813779e+00
1.177389547835589667e+01
1.050855794792697040e+01
8.704673975142913633e+00
8.329561246312664480e+00
9.997078063817461668e+00
8.510979375094866128e+00
9.365319976108539279e+00
8.145736915338932960e+00
8.527003514021521013e+00
9.705078868913805223e+00
1.053980969914195676e+01
8.655669405494842650e+00
1.161841418202907050e+01
1.070194905342183134e+01
1.051256110361288343e+01
1.077469682081148505e+01
8.732986174178250849e+00
1.079968723705673739e+01
9.542585692536754038e+00
1.348107937868470785e+01
1.202458709834854744e+01
1.043764595477826873e+01
1.244441947758338429e+01
1.040485616914142142e+01
1.149988833271783584e+01
1.307234007890368233e+01
1.261170778952557825e+01
1.164297718542496263e+01
9.979404879861769828e+00
1.006337844182796282e+01
9.904909277364145836e+00
1.070669749213045385e+01
1.230193713376719167e+01
1.116430575475854958e+01
1.076380729806109571e+01
1.097310020906403594e+01
1.040829934215629748e+01
1.132784745865444265e+01
1.129780503690894733e+01
9.565982067809651213e+00
9.461401273102248766e+00
1.090886099254375630e+01
1.066496918621546897e+01
1.016691200218181379e+01
1.217951950847326792e+01
1.223242748174556382e+01
1.102641138215028249e+01
7.488192144228774438e+00
9.965716960223373277e+00
1.064652180875907739e+01
1.107677976692689015e+01
1.025292971086034477e+01
8.903724301495302029e+00
9.546460075702269066e+00
1.077258747004185579e+01
1.050857517358578264e+01
1.146048857143108535e+01
8.046706536234026430e+00
7.260093486257756190e+00
1.200946037901236707e+01
1.199072342658137913e+01
1.143355824345976046e+01
1.075728051824140508e+01
1.211098772770523802e+01
1.229521271165789997e+01
1.139606011391482809e+01
1.146295899586253597e+01
1.040770477342420008e+01
1.088134827027269225e+01
1.249045004040115003e+01
1.436066986097755205e+01
1.349048798514687597e+01
1.051606977871291093e+01
1.198508055709417164e+01
1.325191021251376178e+01
1.060037071367912453e+01
1.192625618349693895e+01
9.965700025142815832e+00
1.025064141543045793e+01
1.009305482257996900e+01
1.139543815610350030e+01
1.212344850490253023e+01
1.410099012548401376e+01
9.899631495515849977e+00
1.080026426049848531e+01
1.144004130304188038e+01
1.290520609300513932e+01
1.438063743806462647e+01
1.288455643948377727e+01
1.062451325671883851e+01
1.275626162712726952e+01
1.287962759611522934e+01
1.105988081313235405e+01
1.474745642495077291e+01
1.015215427781329716e+01
1.327435804879626602e+01
1.353259640744714432e+01
1.060515440301596080e+01
1.063092454272574194e+01
1.063159673683209228e+01
1.162136852742384008e+01
1.349980684577709589e+01
1.207264255900595451e+01
1.304071195069699485e+01
1.113614576697991154e+01
1.465727979281293258e+01
1.134236110010752796e+01
1.375627827915138290e+01
1.507773474044092232e+01
1.458312710625423314e+01
1.162309493918671421e+01
1.113257846651244698e+01
1.052140562465396911e+01
1.065331465122133814e+01
1.261012096526392767e+01
1.207351179750700787e+01
1.164602515783738212e+01
1.197729736884507368e+01
1.087061225203013670e+01
1.094231990456294312e+01
8.993273711049472041e+00
1.310082487325647804e+01
1.306295165661387436e+01
1.243874451028957395e+01
1.061751483401925000e+01
1.205014627368803737e+01
1.230488403541131603e+01
1.398420315483583920e+01
1.071567304655678576e+01
8.822990186408324220e+00
1.010912583735895431e+01
9.778916706102954493e+00
1.269318800939892711e+01
1.256116135813359058e+01
1.187471786104860172e+01
1.059300671762401436e+01
1.332537729420081973e+01
1.048430680876463761e+01
1.206545655338387135e+01
1.168488832842311709e+01
1.438100927400991935e+01
1.230752694303652817e+01
1.279518734420594583e+01
1.229725766405535126e+01
1.211017947949586215e+01
1.002527676450482730e+01
1.294157139034360782e+01
1.429295643199571586e+01
1.164595178103783724e+01
1.273200169658022851e+01
1.272878395471711244e+01
1.162112274607203943e+01
1.130479362261520571e+01
1.259061768440691154e+01
1.336021218784623699e+01
1.256454714156660302e+01
1.291497975800933773e+01
1.225703614950267095e+01
1.091978914830931302e+01
1.221008405190235635e+01
9.949468813258690147e+00
1.137983193278216554e+01
1.376239741958352703e+01
1.220446527636923406e+01
1.269205063601102346e+01
1.209129066946815456e+01
1.302474509640983236e+01
1.177336776112116823e+01
1.162198978112492753e+01
1.049402003286484053e+01
1.118817274045744448e+01
1.183255307325807237e+01
1.195356625767424674e+01
1.234918085867590598e+01
1.064043692342184499e+01
1.128507376570881782e+01
1.194302615049148031e+01
1.165641459384782408e+01
1.223264028222582844e+01
1.313265128212469968e+01
1.210949078616691743e+01
1.279029412097935925e+01
1.230320627930042399e+01
1.419055283680964052e+01
1.097841545964426047e+01
1.087865030093094632e+01
1.108118943425325575e+01
1.160632046639505788e+01
1.084464134413972403e+01
1.014215829572525784e+01
1.160888886167474254e+01
1.037193567529407545e+01
1.032018119796025957e+01
1.224448709665056079e+01
1.287609733602839768e+01
8.454250867480313403e+00
9.940318531233806709e+00
1.008664349989195763e+01
9.945712161637565885e+00
9.326215489921230173e+00
1.035309710174626296e+01
1.125615371930740238e+01
9.330726391664379449e+00
1.079690750885422368e+01
1.032575611110275027e+01
1.270621381895243474e+01
1.161556606952923332e+01
9.758026102005432634e+00
1.051016192818489792e+01
1.180373293949679869e+01
1.015225636074286797e+01
1.337309949068146153e+01
9.777446378801073479e+00
1.236082421220922356e+01
1.007337541704527339e+01
9.347130444053268761e+00
1.239481565248052597e+01
1.204721557884472105e+01
1.264686443966502694e+01
1.103674528064401272e+01
1.065798889014283368e+01
1.089032950686237911e+01
1.158855621782424450e+01
1.276123583709457243e+01
1.184557319629499794e+01
1.006539911999538894e+01
1.278459376528662084e+01
1.277420324763123816e+01
1.355110777583546522e+01
1.202380188672828609e+01
1.501924229632411922e+01
1.333465471012834236e+01
1.141448780497288595e+01
1.077796639774710385e+01
7.299496523531152192e+00
9.425669462085885186e+00
1.177813194672733843e+01
1.103200838268663730e+01
1.248671957902064378e+01
1.290961586055114374e+01
1.080015894590823322e+01
9.813131041612585648e+00
1.236521626234895876e+01
1.275457104620042514e+01
1.115407303558727570e+01
1.366796409992498340e+01
1.271274606539244623e+01
1.198215024676603058e+01
1.393942227850594762e+01
1.091356616568105409e+01
7.968026056779923039e+00
1.152853946826194331e+01
1.056665514722599930e+01
1.252857915978257175e+01
1.349346735463036140e+01
1.100592687942437742e+01
1.193245568857901695e+01
1.244592750804859627e+01
1.020830800690084317e+01
1.098970821573144185e+01
9.490854048931131715e+00
1.055247591327667145e+01
1.274515730960794535e+01
1.152316370524366285e+01
8.735644251175411767e+00
1.034775801350227731e+01
9.217995069959901144e+00
1.009958721649859470e+01
9.874081541503006321e+00
9.788461995481846145e+00
1.161464590592195556e+01
1.298140983085993128e+01
1.228464806525043151e+01
1.023940477608370436e+01
1.096714065510454184e+01
1.223957081688174675e+01
9.062975107578168377e+00
1.042026089662522459e+01
1.344843431427397107e+01
1.043205443634224316e+01
1.273825500221889229e+01
9.109464473452117517e+00
1.187051465128556060e+01
1.596423694409629945e+01
1.259587362120923082e+01
9.976433214010583583e+00
1.262736520177134558e+01
1.097055042422727666e+01
1.072311617221850888e+01
9.110444707250705321e+00
1.108968702398690986e+01
1.215873883959217849e+01
1.107585078831788650e+01
1.160621971915092132e+01
1.127934658427219539e+01
1.015170505975788373e+01
9.568274556071331816e+00
1.116604958557587679e+01
1.301859221391502608e+01
1.325545805193444870e+01
9.847238655399616292e+00
1.153379512761584991e+01
9.811648004086798380e+00
1.035138656632787502e+01
1.112210369745440453e+01
1.202699488191466948e+01
1.196952969787554899e+01
1.146995253075223786e+01
1.217652373966054569e+01
1.185993977756164597e+01
1.312997837199034734e+01
9.865759660485796445e+00
1.253777045941647827e+01
1.054031176305021233e+01
1.023264336903100080e+01
1.325413809909035656e+01
1.091927758589481989e+01
1.243296616314840541e+01
8.975726082155778940e+00
9.846000620055232133e+00
9.019199345241771582e+00
1.070232154321701401e+01
9.459703544637276806e+00
1.141644349125604663e+01
8.889966082195808639e+00
1.114696139800657448e+01
1.013761635985135356e+01
1.080698658251748689e+01
1.254800156688193624e+01
1.174184981074972001e+01
1.168200370814234468e+01
1.017892138086274656e+01
1.232797143804140561e+01
1.038041495712841211e+01
9.427746917768002888e+00
1.388522278436088797e+01
1.057918518675399611e+01
1.064991881375843796e+01
1.233597785677078740e+01
1.044955280453024038e+01
9.896512209526051151e+00
1.085331232632275977e+01
9.651589353861472986e+00
8.730086703142140081e+00
1.050119543157314084e+01
8.525515786733697254e+00
1.333239063080039521e+01
1.271785480781058908e+01
9.371102610489804974e+00
1.215945913858566030e+01
1.132051067384303877e+01
1.149785998654053465e+01
1.024768413020986380e+01
8.408538184424255491e+00
1.036169197858042601e+01
9.647156265150123033e+00
1.173735018918337047e+01
1.069919764831222864e+01
8.993840454600215750e+00
1.122602090234137684e+01
1.181214981391759089e+01
8.508158315411108674e+00
1.168208998592660031e+01
9.661001037707945827e+00
1.032379132099981156e+01
1.052898006430474176e+01
1.010199019541115995e+01
1.168639410601653772e+01
9.733471777901176125e+00
9.896690957792174004e+00
1.008381174954029191e+01
1.366041800583091614e+01
1.161812824622472284e+01
1.550888619763808762e+01
-1.330782533477052887e+00
8.109985707752979778e+00
1.122895663030051239e+01
1.439659852971975518e+01
1.014710493123704360e+01
1.120927373264798099e+01
9.524888694194217464e+00
1.106894179458138261e+01
1.309661281564211421e+01
1.265489294525027297e+01
1.132141049840739200e+01
1.222921450036521840e+01
1.141029983101297063e+01
1.196120511494869731e+01
1.045184937094111355e+01
9.876924462941140348e+00
1.253249903497098394e+01
1.188605497226023644e+01
1.145185814905745403e+01
1.055708785551539819e+01
1.020146193110360677e+01
9.396918365416880192e+00
1.024043062223165457e+01
9.953496797928091055e+00
1.003904922681453016e+01
1.049122704661879801e+01
1.040997959833064535e+01
1.111225986727826864e+01
1.175060953860453594e+01
1.148769921166916852e+01
1.157700239870586145e+01
9.282587771786600328e+00
9.858715790467021733e+00
9.737675763937515327e+00
1.033908836706285328e+01
1.095886223559198314e+01
9.892273174399960567e+00
1.118247622439228905e+01
1.314769825417764260e+01
9.801277279938879872e+00
1.317101376495754295e+01
1.017500393484482935e+01
9.821215995058071968e+00
1.329337000804428648e+01
1.174440920308002489e+01
1.099741766344897442e+01
1.167101725789383693e+01
1.132932732062183057e+01
1.048773417945217545e+01
1.062365138459146330e+01
1.032622157847963251e+01
1.160952220149248149e+01
1.015062335839794017e+01
1.243462173184207664e+01
9.674847514991460784e+00
1.260154901255699400e+01
1.125894647920680391e+01
1.224490022641898790e+01
1.094761712463597902e+01
1.331003172897833764e+01
1.442014369944251762e+01
1.305535379680831554e+01
1.439762237666851163e+01
1.163898736231925390e+01
1.096862616913991317e+01
1.106218256834038094e+01
9.623321058469837652e+00
1.357532387156881093e+01
1.166996958471424684e+01
1.167720242693522081e+01
1.298442939298501919e+01
1.191773316587158149e+01
1.277741845100006124e+01
1.294093859069594821e+01
1.071219953400366087e+01
1.190611023268697011e+01
1.167142451151201676e+01
1.120100002338953260e+01
1.178220034045406273e+01
9.890417690959477426e+00
1.306108949965013721e+01
1.358373885067817710e+01
1.302711670428301538e+01
1.396082892566346878e+01
1.296229686752664101e+01
1.466415107590490763e+01
1.481707268135468958e+01
1.351993806139569188e+01
1.437911010601826689e+01
1.005555451482070062e+01
1.244803425587145362e+01
1.383603071005966356e+01
1.355904578058945908e+01
9.665074172354872317e+00
1.086855472408575451e+01
1.243160482319914450e+01
1.242628333392053896e+01
1.052457112279086715e+01
1.367837096015821530e+01
1.269762044030363946e+01
9.983638775220635253e+00
1.047139568831161682e+01
1.178104493743845538e+01
1.191807337368305753e+01
9.170611630684172511e+00
9.535968701351579924e+00
8.279770463930548274e+00
1.429179182493859734e+01
1.156924449993291049e+01
8.261833740925924374e+00
1.420617217313867009e+01
1.130990914064497410e+01
1.131474556513375873e+01
1.273216146293248663e+01
1.445056537595715618e+01
1.071644773419466468e+01
1.179140780941878930e+01
1.428944699452978284e+01
1.419561941005833816e+01
8.503533732798835842e+00
1.104252608408613412e+01
1.199764613718554429e+01
1.330546245979578934e+01
1.209698684395746504e+01
8.492743060978451553e+00
1.267900330070791348e+01
1.157845375867105986e+01
1.070461832421572979e+01
1.113158425005944707e+01
1.118570215654420608e+01
1.108845975558169705e+01
1.292066264894099348e+01
1.500675755735021433e+01
1.400160755935087664e+01
1.231581727465480114e+01
1.060146105177622289e+01
9.285223406301035709e+00
1.123516902339703805e+01
1.219270867111419676e+01
1.169821853023497127e+01
1.001149515155655045e+01
1.212657440266026754e+01
1.326706439383264069e+01
1.097845950957227679e+01
1.230269174444086389e+01
9.363344628664156843e+00
1.058456006231392266e+01
1.219570056499318866e+01
1.142676152552718172e+01
1.083417757087353550e+01
1.027301714902603891e+01
1.294048439189524302e+01
9.575244019988218724e+00
1.162296557715402301e+01
1.364349346268139840e+01
1.175377987788672485e+01
8.244256729621834978e+00
1.137579651326771746e+01
1.281351562064095617e+01
1.206856076861666693e+01
1.110681882759534211e+01
1.310021741113580163e+01
1.088719193545209052e+01
9.715873815744130226e+00
1.241520909150620966e+01
1.253612907555733891e+01
1.180275366644349511e+01
1.294103815583867245e+01
9.170660424083122209e+00
1.234906451031100794e+01
1.033264953861257673e+01
1.298578741053152541e+01
9.203689807424922265e+00
8.648775347516036049e+00
1.192853786880919564e+01
1.339986991717573872e+01
1.123710742524526296e+01
8.419138585729061930e+00
9.896267765742425837e+00
1.179082402835351040e+01
9.993320742318253735e+00
1.170288641361104531e+01
1.127363579873217425e+01
1.174435546306964540e+01
1.451570511948740716e+01
1.194848649042580746e+01
1.222158291267830599e+01
1.252884543437993159e+01
1.182184672671532866e+01
1.118399465836220230e+01
1.180928537678236090e+01
1.289116969764030252e+01
1.253934385987889932e+01
9.793623590626920006e+00
1.225845839445684504e+01
9.754396094421174723e+00
1.243392386485708734e+01
9.560894709475345365e+00
1.108108719690729771e+01
1.407110093336234691e+01
1.349112044459756454e+01
1.146900953426362335e+01
1.102924622175517477e+01
1.258960320054739768e+01
1.381522600243215315e+01
1.225320200032444262e+01
9.635105243516168372e+00
1.148923206138083764e+01
1.339317532577976522e+01
1.143766822433986796e+01
1.161818973307763159e+01
1.074704187299018088e+01
9.730373005368436523e+00
9.864810384806835586e+00
9.119041115913269380e+00
8.206938129221949652e+00
8.959055501520364118e+00
9.801629603906407695e+00
1.478650612546573129e+01
1.169083894325095230e+01
1.392733943061189095e+01
9.732034574152123696e+00
1.090884291584693422e+01
1.046730363239869632e+01
9.791678128887372878e+00
1.240617790923557884e+01
1.396806535910033098e+01
1.112581932590414979e+01
1.188093839945610242e+01
9.515361153529061866e+00
1.190807915898564318e+01
1.387000376545864810e+01
1.388794920513109865e+01
1.231502284860614438e+01
1.270801696384278046e+01
1.149493283583971959e+01
1.284252144947949681e+01
9.045055464024796876e+00
1.094346034218674291e+01
1.458790078317721139e+01
1.059581450242050948e+01
1.201305010849443988e+01
5.374209141577122040e+00
7.234521781560346199e+00
1.201519982154024113e+01
1.005025634905028653e+01
1.259590715669692607e+01
1.055156889391396646e+01
1.262057736404399755e+01
1.254987664498068334e+01
1.064265171134287691e+01
1.116061328363781513e+01
1.125545715231203836e+01
1.074845462584858957e+01
1.067511225032288991e+01
1.399160768318199111e+01
1.041272254668036368e+01
1.121084188162887862e+01
1.246654446712077124e+01
1.228078590412022741e+01
1.115889867750102482e+01
1.422892821135217289e+01
1.083448154981654454e+01
9.680374350153813978e+00
1.178046040324397659e+01
1.113796718781433803e+01
1.068352293764856675e+01
9.823585246570036844e+00
1.129664229550635923e+01
1.103120141951093380e+01
1.106029496914719878e+01
1.106752466289599646e+01
1.268603432078533189e+01
1.294264081384242004e+01
1.287413294701790001e+01
1.298991343253170072e+01
1.238964972537637088e+01
1.040648350350960172e+01
1.190839691063100858e+01
1.233811230261390612e+01
1.168070463895695532e+01
1.273385929617792200e+01
1.176464473213493456e+01
1.143932989820909896e+01
1.074202306842412113e+01
9.533885738686660005e+00
1.017833914047095334e+01
1.138840010226844157e+01
1.156659712694855280e+01
1.161510462253936460e+01
1.108746037350996438e+01
1.434592687471982408e+01
1.232990829538667299e+01
1.088301197914553242e+01
1.073340460512427974e+01
1.128745939043729862e+01
1.232995521387982052e+01
1.245516518498715186e+01
1.237778298008686839e+01
1.127323796558250635e+01
1.070452891323871292e+01
1.049335918069590079e+01
1.166362258316975087e+01
1.367456333935067114e+01
1.153857126496424179e+01
1.410140587078249652e+01
1.172452275228254237e+01
1.218466730502012574e+01
1.341323970194712523e+01
9.676508106111644025e+00
1.022892112305208556e+01
1.210996863685948632e+01
1.256255464332818583e+01
1.024591165496028999e+01
9.863925312283461366e+00
8.730838943404432229e+00
9.575388818329122032e+00
1.153309310059225012e+01
1.202741360428388617e+01
1.059361994752408087e+01
1.005949222699887891e+01
1.175657766073344845e+01
1.227483801309620937e+01
1.237890673582477064e+01
1.043979786853039293e+01
1.165309907524407507e+01
1.044400774943181887e+01
1.214239965242506614e+01
1.323221538002831998e+01
1.286895312580888628e+01
1.154254124585676777e+01
1.182470561288524991e+01
1.246281903447964901e+01
1.143250036559312477e+01
1.402298797454700363e+01
1.180802272666790032e+01
1.279676386171475855e+01
1.132538287303174585e+01
1.110282484940924164e+01
1.389613387448908632e+01
1.275113741217828789e+01
1.294697160181042506e+01
1.438097403677708286e+01
1.258254152924585512e+01
1.082419358013033062e+01
1.091534786100898557e+01
1.197663159308837955e+01
1.181857211137988806e+01
1.138881726965357188e+01
1.203043136757250231e+01
1.146620106113807580e+01
1.082137923448978434e+01
8.845981371513170544e+00
1.250629470174638591e+01
1.150689595303213864e+01
1.135400206499686071e+01
1.268264657684494523e+01
1.218805221896874258e+01
1.199974576704695117e+01
1.357432364923967327e+01
1.008890274323405123e+01
1.021373922442386295e+01
1.178576076053051835e+01
1.095431858402722014e+01
1.253871436900506708e+01
1.282492959823210299e+01
1.217954094993511127e+01
8.589352392494596700e+00
1.329597859964220063e+01
1.035782439589994119e+01
9.919518178700373667e+00
1.099800183807846210e+01
1.265023088118821804e+01
1.210111135239670865e+01
1.081220183353760156e+01
1.178614728332329697e+01
1.187900088387580588e+01
1.166780399681032065e+01
9.029353780137114427e+00
1.262473910050389314e+01
1.148683036441299343e+01
1.186259765313217862e+01
1.230314901013488438e+01
1.197382109126222005e+01
1.202819167223829844e+01
1.275336230059468789e+01
1.025709761193523306e+01
1.046905011192373891e+01
1.314654065950191963e+01
1.327939283069289722e+01
1.231167418996133911e+01
1.287617352772294765e+01
1.285497852891887227e+01
1.373413424381290149e+01
1.115397097677093008e+01
1.384508959584954901e+01
1.108990749780206286e+01
1.122952273416002988e+01
1.139473539728511753e+01
1.314833013475953649e+01
1.156748405749021025e+01
1.078244098105048998e+01
1.253682077301922781e+01
1.244228867690695850e+01
1.041963407845416967e+01
1.117520037332048233e+01
1.229774338637514042e+01
1.125594730050772618e+01
1.042830597871911458e+01
1.225906874318032891e+01
1.008351222194810504e+01
9.579364700774904762e+00
9.593021058161060211e+00
1.205309727359869854e+01
1.201462032887329201e+01
9.712846680131294264e+00
1.208244739606120532e+01
1.085843991935351305e+01
1.284332568090983351e+01
1.189646876810346576e+01
1.080503468892863950e+01
1.260271359126005208e+01
1.243528538668217287e+01
1.048481376964604195e+01
1.160387718339797658e+01
1.241487435556307872e+01
1.077298027355307397e+01
1.003253072803902235e+01
1.095144333946067405e+01
1.268842162843276178e+01
1.044017200336408457e+01
1.090351137042882712e+01
1.213638402622859758e+01
1.147210811866830227e+01
9.504086938737476231e+00
9.636589846907000378e+00
1.178020691861588887e+01
1.097916305208579857e+01
1.091919947365703614e+01
1.111915373589910239e+01
1.161914390988030021e+01
1.133398307442176289e+01
1.231740860189018250e+01
1.197596319799651177e+01
1.231168614185962618e+01
1.298463523606551284e+01
1.111018693530739476e+01
1.197870961409864243e+01
1.240325073321580973e+01
1.280206752864412145e+01
1.191062270640337850e+01
1.153867167660336968e+01
1.234860644880755842e+01
1.355591530829262581e+01
1.253791143327737068e+01
1.120736161410652088e+01
1.224313697928091749e+01
1.206925544139973461e+01
1.069076827123871709e+01
1.170362622750014303e+01
1.134616846905880827e+01
1.049958457268166256e+01
9.761982077518078782e+00
9.524661516147181928e+00
1.071347172276049875e+01
1.257301299771700798e+01
1.073366181135553887e+01
1.112596162977031078e+01
1.181615204617062176e+01
1.178784336364547336e+01
1.220913403161950050e+01
1.195935944919688154e+01
1.078217017752505313e+01
1.066118477181477608e+01
1.056795813621411639e+01
1.129209070617033106e+01
1.343992767945361777e+01
9.987606428574064665e+00
1.044215738662285986e+01
1.277248975045674761e+01
1.035257945921352984e+01
1.008170656143156840e+01
1.198928119955428073e+01
1.124490159443233672e+01
1.008410221111919292e+01
1.052972581782925587e+01
1.285339410177457076e+01
1.171744424698800735e+01
1.144756906106741745e+01
1.234312984441970151e+01
1.230317776900362681e+01
1.231682471659007838e+01
1.124234523802294738e+01
1.083451518699789773e+01
1.144766900537221765e+01
1.243714028157028828e+01
1.144682571302842966e+01
1.164393592839712888e+01
1.159110510577079189e+01
1.069315607400035439e+01
1.115514954404179804e+01
1.259843989935440334e+01
1.384025392095938756e+01
1.122839686838884710e+01
1.236790739024418251e+01
1.262223106001667539e+01
9.044061173066602066e+00
1.079682208802993237e+01
1.203924333988983264e+01
1.156123737306381472e+01
9.695800088352092061e+00
1.132617248093921525e+01
1.087496113294049493e+01
1.222431176453497059e+01
1.064297618037957349e+01
1.363955563032801521e+01
1.324915336648549591e+01
1.231693788808188827e+01
1.193436361162774695e+01
1.149495610706177118e+01
1.220568459316366194e+01
1.238453682733879013e+01
1.150017609030487264e+01
1.217036290975509161e+01
1.205724751374157933e+01
1.099582564967273157e+01
1.151631099294564820e+01
1.231717945461866037e+01
1.160303973119590459e+01
1.085614147905343962e+01
1.416592867498090413e+01
1.309208651763957931e+01
1.190785482271691720e+01
1.223362288669614983e+01
1.029485515119349692e+01
1.145969331970711558e+01
1.219147729670668845e+01
1.167312591514152764e+01
1.032611056527852078e+01
1.144430921274738644e+01
1.299218264702256675e+01
1.193276280252377397e+01
1.266873742224163202e+01
1.295259403086920713e+01
1.130719757339013753e+01
1.137504325080612233e+01
1.178895808418481117e+01
1.215078979522824376e+01
1.279245598525521999e+01
1.336891599106706252e+01
1.456777618810870578e+01
1.711264305484563764e+01
1.880424738123585371e+01
1.543186824944922719e+01
1.757178601042208399e+01
1.454881611272324626e+01
1.600223551379281162e+01
1.512594866546435135e+01
1.314434128899122634e+01
1.315472169189357565e+01
1.163323334445787083e+01
1.233784395488442875e+01
1.314746910264002011e+01
1.021143645747369710e+01
1.187566902929647483e+01
1.011920402907288796e+01
1.129291439437060873e+01
1.167386814759028191e+01
1.323797794411770035e+01
1.315424577705081788e+01
1.376886921019992016e+01
1.251235428645827419e+01
1.440873127167533774e+01
1.112745674811459651e+01
1.396687757492066595e+01
1.008913424646600987e+01
1.111904322086271790e+01
1.220724502351191099e+01
1.298366196713882736e+01
1.350597837061901352e+01
1.386438407187809041e+01
1.260555687344104570e+01
1.259944693942478544e+01
1.232115531588516788e+01
1.199587518282956822e+01
1.219164923295894454e+01
1.231836270118806453e+01
1.249270569171716083e+01
1.226882189646731547e+01
1.175942958597206811e+01
1.078488808038551916e+01
1.354580629882962306e+01
1.222195808875777168e+01
1.192389642593188270e+01
1.175862767573869405e+01
1.282105755431767236e+01
1.294645826278533285e+01
1.147849576876746625e+01
1.158287084368621045e+01
1.146899177400447201e+01
1.216326966438478685e+01
1.221331177102777410e+01
1.144010226191458379e+01
1.208744720974965503e+01
1.184783470165772634e+01
1.276216222289181879e+01
1.211538144336694778e+01
1.269029674387118334e+01
1.108033510605621785e+01
1.142302492040302653e+01
1.122107988117070931e+01
1.122499176982854685e+01
1.138864982305553575e+01
1.097535276685323957e+01
1.239669631566897046e+01
1.251955998227822242e+01
1.211080463158257459e+01
1.214725357794993066e+01
1.280322398484944380e+01
1.211556309436823398e+01
1.239868520279418007e+01
1.274168765569225847e+01
1.246547495350008639e+01
1.200448523386228317e+01
1.304763402570768527e+01
1.206560496040415131e+01
1.232498016644101568e+01
1.235072864803174753e+01
1.160958467634356239e+01
1.328094289989829946e+01
1.240177725053727009e+01
1.048461547376087033e+01
1.308036751556526234e+01
1.383347823265351018e+01
1.523953274372406241e+01
1.526145727392392892e+01
1.906219703413130162e+01
2.556303579004491411e+01
2.891718224277893867e+01
3.230835795156514934e+01
2.830174467873100852e+01
2.406971076145741506e+01
1.956353137346227555e+01
1.444022250098123372e+01
1.224432087669862668e+01
1.087463027898853873e+01
1.213758119801147117e+01
1.330873472485704490e+01
1.240088029856028840e+01
1.168969856564842580e+01
1.125548995288045262e+01
1.212505972259692477e+01
1.086236967613177384e+01
1.262009259650625381e+01
1.086033765790212868e+01
1.039716873550300669e+01
1.011881838675859058e+01
1.146555690833786834e+01
1.120906135142837456e+01
1.099611058053760182e+01
1.191340489963965155e+01
9.615577541687667207e+00
1.185307792411937911e+01
1.252491821539194206e+01
1.199946588258810642e+01
1.162841376892976442e+01
1.103727201251284740e+01
1.144329166483171356e+01
1.190536639144994169e+01
1.348715633573595873e+01
1.270394612068048268e+01
1.145631979971286540e+01
1.150740426642209258e+01
1.353079517629747386e+01
1.378325117132912503e+01
1.629753819976634333e+01
1.900177188991695232e+01
2.735584862516069649e+01
3.949984725624229043e+01
5.570217430776023093e+01
6.749304174578500692e+01
6.789851717858743996e+01
5.985138022667939595e+01
4.302734038668316430e+01
2.960264027735662751e+01
2.181808263854691532e+01
1.611351132154988974e+01
1.371411901076051976e+01
1.272291921104016588e+01
1.148460803022602406e+01
1.166364493877643227e+01
1.144075915512119046e+01
1.074074316247820349e+01
1.075535339325356610e+01
1.176114800401365379e+01
1.154894015903306226e+01
1.153072826252556382e+01
1.107660136473176493e+01
1.049280870284554013e+01
1.167008874953224229e+01
1.213316662687758551e+01
9.759268310369852983e+00
1.148976530640852189e+01
8.908473060281286493e+00
1.189005254250148624e+01
1.055176976842910896e+01
1.058755001031684273e+01
1.110437105403604541e+01
1.125726436138962505e+01
9.056304353967517429e+00
1.042685881783607194e+01
1.123357892443223349e+01
1.125645505753733744e+01
1.119671888199076548e+01
9.800430909655737821e+00
1.053532452532007291e+01
1.115203242813927531e+01
1.120985894448314646e+01
1.170769938442393254e+01
1.055830550626813569e+01
9.998007965497913929e+00
9.971417321794371347e+00
1.038432878635091328e+01
1.084602042281778012e+01
1.036576006030596986e+01
1.062184482628854809e+01
1.040660262138284864e+01
9.743260920442189388e+00
1.133101942285281361e+01
1.198964717532173907e+01
9.894211962855735010e+00
1.076293669383893459e+01
9.258459033190918674e+00
9.749292915744252497e+00
1.013953042349904443e+01
9.032810025786133679e+00
9.875402845336004987e+00
1.048299485207173554e+01
1.177027647646272790e+01
9.950251699175380438e+00
1.227271530751932715e+01
9.892274223394563748e+00
1.118755257705810280e+01
1.012792049335801536e+01
1.064595986354570378e+01
1.053385305680759387e+01
1.079984085273150107e+01
8.732456769951632225e+00
1.012914866895490107e+01
1.133933900684209739e+01
1.131429311716383523e+01
1.017050251145295903e+01
9.681305202504269403e+00
1.032626854800186500e+01
1.197138418732554044e+01
1.046549747945894993e+01
1.053071020177669759e+01
1.015833616803396033e+01
1.104443609954648586e+01
1.087983228609318154e+01
1.191726709784363614e+01
1.024494306429280677e+01
1.051915076434348961e+01
1.012740092833684002e+01
9.511286018520392460e+00
9.659000638684677398e+00
1.047271032689291204e+01
1.052515408950370457e+01
1.045644580407094715e+01
1.029367993910266676e+01
1.025197485096069983e+01
1.039344656404506217e+01
1.036419447283675765e+01
9.300990967976861867e+00
1.001838899748732281e+01
1.012243655811985299e+01
9.776537918293035645e+00
9.795265740402200549e+00
1.155050063090775936e+01
1.085858472785764306e+01
1.082155352973143891e+01
1.072055141076987361e+01
8.238800447931810211e+00
9.793636423405583713e+00
1.096103790487306107e+01
9.867663939105279169e+00
1.016497874596670847e+01
8.945691244473753301e+00
9.505543615007089997e+00
9.555955831680442714e+00
8.577085523872291617e+00
1.171135595340252955e+01
1.181983516999460093e+01
9.554084458268315316e+00
9.606120939337957410e+00
9.557604557730499550e+00
1.026721154773057876e+01
1.003525512212354620e+01
8.952910251422689925e+00
9.920898096987864179e+00
9.554011475804271569e+00
9.279149685456735241e+00
9.513574692996375148e+00
1.052263047755787184e+01
1.058039687201318024e+01
9.982684700694608892e+00
9.656166971798928245e+00
1.049276513229824559e+01
9.896054428966767347e+00
1.015999017980410457e+01
1.071520096747023310e+01
1.050932037793273466e+01
9.503177826277735107e+00
9.719055405408402848e+00
1.144809718702121870e+01
9.369610862583032329e+00
9.477756285643341272e+00
9.858631287281864886e+00
9.133076553147818188e+00
9.657670479198921853e+00
8.691697559945017915e+00
8.180325811246685674e+00
8.180651957287727427e+00
8.988842910344752468e+00
9.250145004433836249e+00
8.842286641713501538e+00
9.750754040092036945e+00
9.909987408150467303e+00
9.987344388534557638e+00
9.171297313289585418e+00
1.081020143139261513e+01
1.006338667951614774e+01
1.061821125084249751e+01
9.320892015453221546e+00
9.731264563833539327e+00
9.674979653320818329e+00
9.446477017281644351e+00
9.407046396741955974e+00
1.098170099720254100e+01
9.276678738587898820e+00
1.121651389702019408e+01
1.073751117967769808e+01
1.072680577425615667e+01
1.125427753142149712e+01
1.123548727859465757e+01
1.134483605166044917e+01
1.193917673261978685e+01
1.071543656056264027e+01
1.068128076767119694e+01
9.307882603192092930e+00
1.064805024730271299e+01
1.118042009519879265e+01
1.043359195199005285e+01
1.020922824005632812e+01
9.410513900697329959e+00
1.054784282080712821e+01
1.094203550372633593e+01
9.947220614148905682e+00
1.008965416258421044e+01
1.052974334411059942e+01
1.064439567561868216e+01
1.077211515655612573e+01
9.963958579433493057e+00
1.219214285654707552e+01
8.982461395103157997e+00
9.927036496190160264e+00
9.708853916208338930e+00
1.049836462676353577e+01
1.007420887105197593e+01
9.954075889975953828e+00
1.040144371171233040e+01
1.033784058871099276e+01
1.022463707795679255e+01
9.926277479957217764e+00
1.056246212908894755e+01
1.140225022306778691e+01
1.027302660801610124e+01
1.003027884006466941e+01
1.081887892221938330e+01
1.021338781240760341e+01
1.033780588994814309e+01
1.202001997890293161e+01
9.177619417486539533e+00
9.709434457297431820e+00
1.069005831650911098e+01
1.043382219898984253e+01
1.037009238113165566e+01
1.091395261950748719e+01
1.143974527582389378e+01
1.090165910337626620e+01
1.038124186577402597e+01
1.049873608503753175e+01
1.121879591928911424e+01
1.046492241148870050e+01
1.056059681465754885e+01
9.985684064276989957e+00
9.908721786080382898e+00
1.101492654807690741e+01
9.530687391922157303e+00
1.014220271739274359e+01
9.272795377974411224e+00
8.406430061854536007e+00
1.005339639478535219e+01
1.004017471713336107e+01
9.590741429563959031e+00
8.799513825985957993e+00
1.062411814364155482e+01
9.706975410733107879e+00
1.093044368780046582e+01
7.783434815570951848e+00
9.220661310206834216e+00
1.010665123803541476e+01
9.253915711395420018e+00
1.026360888093322821e+01
1.100776947453816312e+01
9.111364381365318010e+00
9.838076633707126817e+00
1.233516363578703334e+01
1.089649581426311364e+01
1.113043547258955179e+01
9.601297256873792207e+00
1.068849435829840289e+01
9.543273070561864913e+00
1.076942697689963957e+01
9.409585724975721988e+00
1.137915665385710184e+01
1.103684400684898748e+01
1.073397321861365405e+01
9.501969471366420450e+00
1.042140660765955396e+01
1.098048779220061100e+01
1.003993368745317660e+01
1.116136573425819556e+01
1.057290380486221615e+01
1.062064041077345955e+01
1.031804107821855965e+01
1.057750095544475499e+01
9.589840612346700155e+00
1.013330967413852157e+01
1.123332712982333526e+01
1.119528115891955089e+01
1.057681427760197401e+01
1.017871221146126715e+01
1.128210862791457814e+01
9.928679027548630742e+00
1.010689662573076752e+01
9.616581664464762369e+00
9.839166546369769506e+00
1.053323352113234357e+01
1.070718611957538791e+01
1.027780565633959853e+01
1.008845031170257300e+01
1.039902066899169064e+01
1.044867263107613198e+01
9.310815718381382666e+00
9.719012459532319070e+00
8.545136478693827087e+00
9.050642825993071128e+00
1.018017582324955406e+01
9.533723539708143235e+00
9.845820185372826217e+00
9.878187070442443485e+00
1.096597623683270939e+01
1.084093618478265064e+01
1.161627927141268835e+01
1.008554152710750174e+01
1.032006951257873517e+01
9.246601929650417162e+00
1.004589712763150722e+01
1.103527195666318050e+01
9.165920592356656016e+00
1.129634573254898733e+01
1.012748901620603448e+01
9.817337293654743391e+00
1.048240957078601099e+01
1.143439373587181862e+01
1.025159353022735687e+01
1.019344391852072995e+01
1.234801723645495741e+01
1.316412629184925542e+01
1.072010753307380249e+01
9.548127363539835599e+00
9.956151775309946217e+00
1.147387655521970906e+01
9.405274137746195251e+00
9.830430399693012689e+00
9.198874905109544642e+00
9.472229774458426732e+00
9.793685569936284807e+00
1.062264390991976271e+01
9.898357126396190253e+00
1.013394183716840757e+01
1.026248340196116082e+01
9.831429668795097498e+00
1.211479556150444559e+01
1.063312229644856721e+01
1.053647935968380267e+01
9.831444402226386714e+00
9.641309847006573008e+00
1.134896258344718944e+01
1.169863581464912627e+01
9.653158545104252752e+00
1.026631145824171298e+01
9.809648972992812688e+00
9.847306261684492412e+00
9.845803952859890629e+00
9.708442332403434349e+00
1.037926619220228552e+01
1.060838454380634310e+01
9.513205605036246126e+00
9.244373791827307230e+00
1.010213783012234856e+01
9.613975337024211143e+00
8.722223093261240123e+00
1.009458689827969202e+01
1.000815930869462989e+01
9.116598750118708239e+00
8.726442506450332814e+00
1.041052993027451201e+01
9.267899277072508823e+00
8.654260465330299468e+00
1.060763945330528202e+01
1.081479564991032660e+01
9.813279395780130088e+00
1.001908326307026087e+01
1.185089339508794382e+01
1.054478321595723500e+01
9.896123014937023399e+00
1.055072622983078467e+01
1.143613843576789257e+01
1.038461699263041282e+01
1.031022480618732295e+01
9.831837466448849483e+00
1.035352245728956788e+01
9.889027320281924105e+00
9.605573151017519962e+00
9.621504531867017818e+00
8.546741550049750558e+00
8.972447868410240446e+00
1.102247980038478659e+01
1.126747408904728331e+01
1.013878043898340131e+01
1.086443344178895387e+01
1.044500881328139741e+01
9.863476153034767435e+00
9.050135891231096963e+00
1.131170304709865526e+01
9.543686530497138776e+00
9.184959472276194248e+00
1.197398508624105773e+01
9.331406978665475194e+00
1.035075939344825535e+01
1.077022419919211949e+01
1.125192849831116249e+01
9.967171560322128698e+00
1.075869878316301964e+01
1.027073413985895911e+01
1.068540643626449693e+01
9.420095740456897460e+00
1.003685617039890055e+01
1.141873835578873475e+01
1.069136618093920710e+01
9.646088170611998081e+00
9.739398020451190519e+00
9.825301194076368816e+00
9.687674177079724558e+00
1.066877746845211306e+01
1.095781447436978695e+01
1.097169717326082505e+01
1.045716175310687746e+01
1.002619468095287303e+01
9.808053577900619047e+00
9.715637165165487588e+00
9.766639210496762757e+00
8.675445601764353754e+00
1.018201613131053662e+01
1.087638858763396499e+01
1.066087080002166587e+01
1.219496903525017473e+01
1.038764011406451182e+01
1.025938583207159382e+01
8.836567969573231096e+00
1.111774132822549888e+01
1.095482166650578115e+01
1.044106271266062080e+01
1.062481045436945770e+01
9.540357890307108235e+00
1.003325357093759429e+01
9.942674521978325686e+00
9.876940362750222135e+00
9.096595809813162958e+00
1.033621301336207132e+01
1.075916004742900967e+01
9.848877522900620463e+00
9.986670775345119822e+00
9.973280343320574559e+00
9.692493347011678750e+00
9.100900056211692402e+00
9.807271997777025518e+00
9.070777661335347020e+00
9.594978256347115320e+00
1.208892090294364330e+01
1.017182743862496785e+01
9.834044102793473741e+00
1.029052329195298654e+01
1.099506414064953930e+01
1.002595626868255962e+01
1.061926150640052136e+01
1.110942152029833530e+01
9.875319575316073184e+00
1.011806065620317163e+01
8.894308683115708547e+00
1.278225203675391874e+01
1.038619780956844529e+01
9.197281483880715314e+00
9.467434531931314012e+00
1.027213764564302956e+01
9.684778546558773016e+00
1.011444773835974331e+01
9.085276951589097649e+00
8.798186090694203543e+00
1.128298035237617292e+01
1.001411722881533350e+01
9.601236704101967945e+00
1.024415423475481468e+01
1.019604453331911209e+01
1.063282597054277900e+01
9.416412017706239368e+00
9.796363516550567141e+00
1.061099958566665613e+01
1.089274066943637642e+01
1.230177738964139778e+01
1.027486881733299207e+01
1.036131043426342480e+01
1.038770541482973719e+01
9.653332621886688614e+00
9.719912149999933249e+00
7.877468450381599041e+00
1.005740624909528513e+01
1.073176393942077134e+01
1.043579463041147370e+01
1.160231644202338508e+01
1.060352134131511370e+01
1.013643164924573092e+01
1.068035085401192674e+01
8.805463630816545262e+00
9.984953361266271088e+00
7.989036548500815016e+00
9.859974224733440096e+00
1.158402517252432240e+01
9.648555691766979692e+00
9.078217767750061284e+00
9.525390243249912459e+00
9.860992650411100513e+00
1.085726263468115782e+01
1.166361085788918572e+01
8.112848390588689895e+00
1.003095735689925405e+01
1.017223607456741696e+01
1.073217253369682211e+01
9.334610283111539175e+00
1.082429489346683660e+01
9.629630620918387507e+00
9.335294601198992126e+00
1.046620992003364670e+01
8.598384333331610563e+00
9.054204948830852473e+00
1.068297336340149073e+01
1.054045160665510394e+01
9.022558795885926131e+00
9.595493060302954902e+00
9.868142367017906480e+00
1.196859899253754200e+01
8.657685657021787051e+00
1.029774493071752595e+01
9.930968438575172641e+00
1.160685506873918982e+01
1.015942413457613469e+01
1.093507609839594430e+01
9.673001099179606044e+00
9.210201540284511879e+00
1.124634136606454327e+01
9.624373627963617395e+00
1.034018609732287963e+01
1.115684223103232675e+01
9.699619606274783479e+00
9.363911855071545887e+00
1.007162699220683777e+01
8.619013360187834039e+00
1.070497601291253886e+01
9.586568905014120290e+00
1.060697555824174820e+01
9.759588253518439060e+00
9.168512342803325055e+00
1.008604503172003497e+01
8.305095995786334839e+00
9.352947195497904431e+00
9.740368720999516228e+00
7.917750892388341732e+00
1.024148065411888986e+01
1.005325181281557434e+01
8.200923309033930408e+00
1.116238596907248670e+01
1.090547603475131844e+01
1.234536089473360398e+01
9.596709659305338036e+00
9.811448783397676010e+00
9.712900167749872082e+00
9.369503657290488619e+00
8.512062811552567609e+00
1.165189124707377921e+01
1.220978468653214577e+01
1.155536569289498772e+01
9.007459677616665772e+00
9.662468500223765133e+00
9.622487483042361234e+00
1.045545558175242462e+01
9.241050033780565442e+00
1.091322208291654761e+01
1.129358311273286120e+01
9.528136158693476077e+00
9.654126503227967504e+00
8.806030419284089916e+00
9.584672666781916206e+00
1.073043538471606695e+01
9.900707843907007089e+00
1.026084687199694301e+01
1.004043820426977796e+01
1.115740827744152064e+01
1.056249033292573003e+01
9.962521058771098836e+00
9.312124812691905618e+00
9.268557748512685990e+00
9.731893753365158162e+00
8.829745972790892239e+00
9.421363858431186955e+00
8.639339424588653671e+00
1.120234818342009042e+01
9.208669961088720157e+00
1.079514543204272847e+01
1.051153028419510527e+01
1.098609699141307772e+01
1.138666124597451379e+01
9.863737404291882171e+00
9.621567451312166952e+00
9.843573376734216396e+00
9.969155877137632515e+00
1.026221640783448130e+01
1.007053714817894274e+01
1.101219669460661166e+01
1.053515060028881933e+01
8.906108342287119228e+00
9.340197432203133587e+00
1.072364034530943044e+01
1.006706081320092316e+01
9.877943131387581843e+00
1.024699194336727892e+01
1.001184880093043716e+01
1.039187802473892042e+01
1.039711067844234549e+01
1.069138637258492608e+01
1.040104975551264310e+01
1.055333747822896839e+01
1.083902633869773169e+01
1.192244895855470510e+01
1.020299867677760197e+01
9.464510063152511421e+00
1.019664310186173850e+01
1.071471430970062499e+01
1.112473766683045362e+01
1.126270815045149831e+01
1.030403699705609455e+01
1.067278274040718067e+01
1.025036274006662573e+01
1.072229878155818739e+01
9.719857467705248055e+00
1.129373005166000254e+01
1.182862873622183209e+01
1.026129553490923563e+01
9.993405089887364312e+00
1.064217989115563867e+01
9.703570893263549380e+00
1.036859616292071884e+01
1.037605319622264055e+01
1.032358719280130188e+01
9.184452887012685807e+00
1.131983770200944761e+01
1.136723392200770455e+01
9.117127429799417371e+00
1.002433526365783756e+01
9.217936861463119413e+00
9.928488784888251928e+00
8.448574798309305578e+00
1.001332103912309179e+01
1.047897570219534913e+01
9.206873083626486931e+00
1.092579054178322906e+01
8.709597909723244769e+00
1.025920690065540875e+01
1.111506381902237806e+01
1.068882587067299816e+01
1.372571672869189641e+01
1.178930460384416001e+01
1.002604669465301868e+01
9.902884845425857563e+00
9.279554383813929164e+00
9.787546607213039707e+00
8.983617929404484670e+00
1.105333051089996665e+01
1.074419673798200670e+01
9.010954420166370937e+00
9.060029026745928249e+00
1.114728480740568450e+01
1.011223756223265724e+01
9.643322305035184172e+00
1.107925719455376168e+01
9.556550428883852533e+00
9.377278205315169757e+00
1.086096012060381355e+01
1.210773846215004390e+01
1.076297891652521876e+01
1.146812152943658347e+01
1.081900556928218471e+01
1.154068720880149002e+01
1.041932230727435815e+01
1.063444131463495701e+01
1.011351058803654901e+01
1.168171759357963957e+01
9.900799394968174738e+00
1.087434320935350485e+01
1.107880739846846652e+01
1.002666021728058965e+01
1.024668433363273401e+01
1.078073820087549173e+01
1.096141913312468041e+01
1.164881755379981598e+01
1.036482865897429839e+01
1.073574454605467920e+01
1.113523499064556788e+01
9.617369300874655025e+00
1.270697677693392791e+01
1.046412919567401723e+01
1.357831081581189281e+01
1.313224851173281493e+01
1.020759525371776810e+01
7.864610109450847375e+00
1.070624044298975264e+01
9.995995068780532122e+00
1.036646619470607256e+01
9.859575773756880324e+00
1.095972183795125332e+01
9.777328189100130018e+00
1.068664719242124939e+01
9.936702717338663504e+00
1.155653264637120614e+01
1.107315415574148609e+01
1.072001278425733695e+01
1.022362653309655300e+01
9.030225541745592110e+00
9.985837994638302462e+00
1.291177430355663702e+01
9.179653276790242344e+00
1.044456376861830904e+01
1.184745160823467813e+01
1.164370824376917213e+01
1.096722284019487148e+01
1.020646156862296117e+01
1.136799245708922612e+01
9.054083607942251533e+00
1.000812734803712090e+01
9.621503127244240616e+00
1.044628618836812883e+01
1.002306893228995044e+01
9.962191802099232163e+00
1.103327407786995629e+01
1.112242131242550691e+01
1.090431873868659451e+01
1.081785804486389146e+01
1.061223575853250267e+01
8.981439565889791865e+00
9.651170907415577815e+00
1.126927936053301593e+01
1.034901251122927057e+01
1.030913016523070524e+01
1.029262208727181260e+01
8.435162945994763461e+00
9.952127807019991224e+00
9.631008285820318093e+00
1.033680387271922640e+01
8.616692451367876870e+00
9.814187348257789267e+00
9.433787607728254088e+00
1.125828942574216107e+01
9.706795050040922135e+00
9.443426363379188615e+00
8.377087260039791872e+00
1.143869980008202525e+01
9.947334118968880645e+00
9.646778246527407674e+00
9.778829001379561348e+00
1.020455064414963964e+01
9.943659148872155740e+00
1.081549670456107570e+01
1.086967243489249491e+01
1.170026315852162391e+01
1.181600359376959020e+01
9.954168973296763312e+00
1.443084167479046442e+01
1.217026945371730484e+01
1.411067839315660422e+01
1.339779226964407499e+01
5.496507790174977259e+00
1.116388462311449459e+01
1.006876881204176755e+01
1.054427991158651601e+01
9.564854658346213512e+00
9.935892489049518161e+00
1.113952825062247420e+01
1.078388663978316941e+01
1.036878229516112526e+01
1.328208228222650966e+01
1.067322602433755385e+01
9.921537285590920519e+00
1.011575783132927420e+01
1.253536648726423763e+01
1.050285206780105263e+01
9.660802668235000112e+00
1.253622202236695671e+01
8.728423857565477562e+00
1.228668253111515973e+01
1.045912937484261640e+01
1.234114819809995645e+01
1.078632334507010526e+01
1.091040974279419906e+01
1.180122812107251384e+01
1.097174601712096909e+01
1.204330198648398920e+01
1.078282115985653355e+01
1.065478651585702607e+01
1.000782374861623580e+01
1.036190076378779956e+01
9.700041999939376325e+00
8.612386953445739124e+00
1.004437621979388418e+01
1.008146859973107645e+01
9.638901145707235329e+00
1.043856928027225095e+01
9.397601743283242826e+00
1.067403910321557525e+01
1.005014061999109742e+01
9.551286974339168623e+00
1.032892017076961011e+01
1.113885050938639054e+01
8.099459543400122641e+00
9.734526247335141491e+00
1.077631547383381161e+01
1.136639872624176384e+01
1.135578818706550308e+01
9.786008932948988104e+00
1.001981776652055700e+01
9.348038247058401140e+00
1.040782320772994218e+01
1.151400689407040367e+01
8.800914193082745030e+00
1.071856089228549891e+01
1.173085834643539016e+01
1.060141204458242825e+01
9.677802855143440297e+00
1.074942661277399125e+01
1.038671909617385936e+01
1.082058514517966508e+01
1.091112439334731832e+01
1.004253204243785014e+01
1.059908600290196290e+01
1.098336557783438749e+01
1.102358584610145620e+01
1.087589330983148805e+01
9.747030358227778635e+00
9.734512006674959750e+00
1.128344687225685661e+01
9.677602752074346171e+00
9.585108586590445512e+00
1.000042898087313148e+01
9.722770526441371075e+00
9.993503734383427428e+00
9.798580597806367365e+00
1.015912391350194888e+01
1.051968677609472103e+01
9.217890813813646389e+00
1.140263475976521335e+01
9.652375864658093718e+00
1.144380088305429233e+01
1.291417443062226411e+01
9.639431748914354614e+00
9.481808694888842481e+00
8.414156861277652055e+00
1.007468914677478544e+01
1.002085966157816088e+01
1.033072828754906780e+01
9.676553636879406284e+00
1.148908928172356347e+01
1.129037204133811656e+01
1.015391359057078446e+01
1.000078923537341424e+01
9.425570907930680420e+00
8.816679232751232220e+00
8.730521856807667902e+00
9.518159691922866372e+00
8.663274995761504726e+00
1.155110034744568459e+01
1.030806185242337669e+01
1.167920801043047163e+01
9.414324550570411176e+00
9.938497074177563562e+00
9.294669439285119239e+00
9.669452449084257495e+00
9.665172018132698994e+00
9.677498428601202463e+00
7.371847294562220654e+00
1.270471369017538521e+01
9.940549090778914021e+00
8.913342704088952573e+00
9.560675566790759916e+00
1.021899396430036866e+01
1.131498451889927637e+01
9.587605710682378657e+00
1.019383670202551428e+01
1.240333395934297656e+01
1.053064626820524197e+01
8.755722458221686821e+00
1.300647884312875213e+01
9.059366597923279585e+00
1.107278462999895652e+01
1.087360803397879749e+01
1.148976060776238839e+01
1.071549398414597754e+01
9.731110935815648233e+00
9.249231642251082519e+00
1.113717084356356857e+01
8.223675175334534515e+00
1.023741620475600023e+01
9.821769759192420679e+00
1.102110123756817472e+01
8.324069665960603714e+00
8.510523188212463452e+00
1.067797446947967721e+01
7.207411277229779145e+00
7.999809267251213107e+00
1.117002039402190938e+01
8.113711095705346210e+00
1.091594947999132081e+01
1.144346387126899778e+01
8.870481380361157520e+00
9.083290778504620633e+00
9.381451050551607551e+00
9.997876950071969304e+00
1.228541364186697038e+01
1.039462365880395822e+01
8.528610767121719505e+00
8.897246942152575500e+00
1.088754495777780207e+01
1.004412161536870407e+01
9.172361244051129958e+00
7.475412098947193940e+00
7.438789521740568844e+00
9.372386518439517644e+00
1.049367879242331014e+01
9.821516319806580242e+00
1.082518584204861156e+01
9.884892146296664350e+00
9.436861551517759850e+00
9.815877714594689607e+00
1.110770870091221774e+01
9.636906913070134806e+00
1.096773148959707456e+01
1.003484461276694795e+01
7.417005542416715613e+00
1.025321268906810346e+01
1.183091869691558351e+01
9.204975952174269338e+00
7.981605872187465422e+00
5.546771911705850044e+00
9.609100535400143528e+00
1.054701421302388908e+01
8.558944873853301161e+00
9.791642226782824920e+00
9.775765958621031260e+00
8.896577759204896907e+00
8.740903309788579989e+00
9.658887318362770813e+00
9.857581164761327841e+00
9.961592348312452216e+00
1.071508699121295471e+01
8.904965850601241684e+00
1.112582044842146090e+01
1.007197460042918102e+01
9.574351665915257215e+00
9.261773577085012477e+00
8.974653010489804572e+00
8.359694262674466358e+00
8.927132009158031067e+00
9.120390773422746733e+00
1.131559277089264626e+01
8.381458790701476147e+00
1.118337546716149333e+01
9.239675519304045181e+00
9.561347469601322757e+00
9.891787195502597996e+00
9.460974407036394140e+00
8.919915098469116899e+00
9.275669342727580258e+00
9.750077194312838813e+00
8.921856197173823944e+00
9.373075986899126022e+00
8.098845303524187855e+00
9.574283746274044660e+00
1.029943268446699456e+01
7.410590145473454626e+00
8.336139815691220534e+00
7.659321250717089136e+00
8.971180570660639120e+00
1.085207807981065997e+01
1.062017706047570975e+01
9.280585968002441177e+00
9.443288862630925706e+00
9.719697321964419601e+00
7.725500015581895141e+00
9.127864761498388546e+00
8.290270365469719849e+00
8.601109178232968944e+00
8.529741027890493044e+00
7.334224745484830166e+00
8.807659948430355712e+00
1.152159436074596321e+01
1.066001260168679821e+01
9.162302643920476442e+00
8.667782223374228323e+00
9.212714009959588779e+00
8.194947406369335496e+00
1.035153655839337894e+01
9.657230728594038638e+00
1.193956928309246202e+01
9.138063426900052022e+00
1.049425790870068020e+01
1.073830239044851353e+01
1.073874613562427172e+01
9.632593658858128904e+00
9.576451730997712630e+00
8.294008533091442814e+00
9.161661456651101432e+00
9.169539089830886169e+00
9.893078252986679644e+00
9.243974040820589266e+00
7.591288474673842934e+00
7.922276282574882700e+00
8.415122349167626581e+00
8.965008731971730427e+00
9.492359870339267758e+00
9.413023584733528182e+00
7.384690288621581722e+00
1.067459570584954420e+01
8.661874290601403459e+00
8.443601434719772314e+00
8.813573307354833020e+00
7.872776473636207584e+00
1.080743791432946743e+01
1.085049637109763054e+01
9.688442331375037853e+00
8.668461384706310113e+00
8.496566349563146048e+00
9.117195488828068406e+00
9.617738371726312963e+00
1.088012853561492221e+01
1.054190323770111171e+01
1.378811389013506705e+01
1.114703473811713863e+01
1.158930856926824760e+01
1.254530411348199337e+01
1.146775956928293638e+01
1.291410041634219397e+01
1.233858512380404093e+01
1.052872264517125700e+01
1.096432781026608794e+01
1.148423016719172374e+01
9.348642022764199311e+00
1.128807267024757977e+01
9.448871501696288533e+00
9.393420560182509149e+00
1.111017938574600450e+01
7.960043842074043141e+00
8.959740894935134037e+00
8.556200321293237820e+00
8.815985206398440965e+00
9.064034823258174001e+00
9.865389710959277636e+00
9.156916072029179787e+00
9.556934368447461026e+00
9.797986263934745921e+00
9.855380357197491392e+00
9.001248387417421171e+00
9.295139154652407143e+00
8.940071041384868522e+00
1.107978336779702211e+01
1.143366247180327022e+01
9.409595637230689036e+00
9.509592042090327269e+00
9.972551551106725753e+00
1.059158228774822241e+01
9.207959254751177269e+00
1.088252677328200591e+01
6.582515753487662380e+00
1.036968376645260648e+01
9.231786600041472113e+00
9.358533235567120911e+00
1.046924354548751523e+01
1.188211749800929340e+01
1.025526735618876017e+01
9.226244914404643893e+00
1.095173244871833518e+01
1.016630852259194917e+01
1.339022293648733530e+01
1.022514514755614279e+01
1.189038569415386704e+01
9.727794592982437649e+00
1.131531474336939169e+01
1.103579118287809813e+01
1.130070823947879433e+01
6.910617746264019701e+00
9.486647363510755326e+00
7.316628152766233129e+00
6.854172529400184288e+00
9.922509573221415025e+00
8.594076318818752114e+00
9.777713994537158726e+00
9.698497755147061028e+00
8.794661153328290126e+00
9.532907847834072967e+00
9.418026644840104211e+00
9.461991785139492350e+00
9.348143218876542093e+00
9.421015127712427883e+00
8.367521905763819490e+00
9.990060656053577404e+00
9.436351390597419453e+00
9.949621719239738482e+00
1.009041467759766242e+01
1.163009155357562285e+01
6.759763631780736581e+00
9.105864804963335501e+00
1.398038973115884609e+01
8.448203441548793435e+00
6.396550496190168467e+00
9.096064462372645210e+00
1.207354142855313839e+01
9.567084573827978389e+00
9.720236773857058310e+00
7.091545068757058701e+00
1.048050957690892560e+01
9.957390882453823977e+00
9.843298143208436102e+00
9.131836843103709356e+00
9.565159107871719968e+00
9.405260195172528981e+00
7.504597923250021729e+00
9.140095214147056168e+00
9.558237108953782979e+00
1.076235564483364371e+01
9.066479099568546474e+00
1.209668672960206770e+01
1.126920336553416391e+01
7.658071546775659044e+00
9.016016934144987616e+00
7.898355560495188499e+00
8.930175526546218379e+00
1.053536768406130442e+01
1.410467484528832216e+01
1.057737602199141591e+01
8.856762062198217933e+00
8.814573105840057821e+00
1.058096386944464662e+01
7.885158902655197366e+00
1.040434635707720901e+01
1.043219365397864706e+01
1.056392592561850563e+01
1.136915653191459263e+01
8.277399430719368567e+00
1.093968535891852589e+01
1.082248376738066042e+01
9.863294659561800515e+00
9.721282842862729368e+00
9.907537376851164979e+00
1.175094723678945563e+01
9.866090998181459071e+00
1.330721479718062561e+01
1.422363162985841356e+01
7.869604644593996667e+00
1.083631380927018206e+01
1.173131117948793189e+01
9.507603644639541329e+00
1.177474112894371849e+01
1.014341737519132458e+01
1.230412532080891630e+01
1.247336438306716921e+01
1.261398380974126354e+01
1.183237401835610036e+01
1.384326054831423569e+01
9.271024442704906221e+00
1.119484418535631498e+01
1.131879502501565149e+01
1.093571652051352316e+01
1.163282642904511555e+01
1.104385078924769381e+01
1.008743361549504058e+01
1.414278590535435143e+01
1.003663987248329015e+01
1.198468967275008090e+01
1.064461674982022821e+01
1.339732245797726407e+01
1.295676487885285511e+01
1.363245250380051310e+01
1.344441575176628945e+01
1.219677267879153781e+01
1.195970354779790412e+01
1.238369291443679820e+01
1.275781043557046424e+01
9.887542319028955973e+00
1.154467784295305677e+01
1.156255909676658788e+01
9.822477401603419978e+00
1.291184861217496049e+01
1.301682715211026853e+01
1.297155913427691942e+01
1.596717153164963676e+01
1.340101656831606114e+01
1.313086299023321502e+01
1.363625200631876666e+01
1.061333037626442888e+01
1.329916106621413618e+01
1.381180151318813110e+01
1.276208667576666755e+01
1.354502189566429671e+01
1.567511652313320702e+01
1.532473040453140811e+01
1.618997507046414341e+01
2.010065380366461341e+01
1.832517031963161358e+01
2.210976268740681050e+01
2.234419802151436230e+01
1.845048219769658360e+01
2.048782925294126045e+01
1.876021743919715590e+01
1.800555250777745897e+01
2.249258228798148451e+01
2.583417943567087605e+01
3.473960403765108396e+01
3.781482066086434202e+01
3.904547968223734955e+01
3.504659947906935713e+01
3.479596569127840411e+01
3.021327210229982896e+01
2.899410284744017474e+01
2.492273118361490702e+01
1.960108133836471112e+01
1.619907527371322686e+01
1.541484685805588306e+01
1.888649615290092498e+01
2.390604785228424589e+01
2.854006398482786366e+01
3.232605722272525384e+01
3.676351836028967313e+01
3.430486316094302168e+01
3.686496790119909406e+01
2.864717849349871770e+01
2.718325092323253145e+01
2.448792024321593885e+01
2.019212638046191444e+01
1.552028220957022064e+01
1.626610462435562710e+01
1.748401513950352637e+01
1.404527023151594811e+01
1.334865523766722539e+01
1.301467842298826660e+01
1.697351045092890942e+01
1.375328200395799172e+01
1.336211232967305840e+01
1.334475732699303840e+01
1.352011758962283849e+01
1.374170567391429287e+01
1.026509165212837793e+01
1.207976833466810085e+01
1.353466543275798806e+01
1.189064047828760984e+01
1.384715982183626437e+01
1.258725081960964687e+01
1.575809076092800964e+01
1.459253856351766743e+01
1.551837221894860619e+01
1.349574200541938218e+01
1.211410091686165380e+01
6.582751068877447764e+00
1.310092979822679204e+01
1.354841784975911700e+01
9.976013734989676252e+00
1.209442956418643433e+01
1.323759063918684475e+01
1.509647272436950693e+01
1.499749146146992551e+01
1.539385984081913783e+01
1.511959978871227150e+01
1.478616252598142111e+01
1.337664507003418990e+01
8.815367033142479158e+00
1.174051702397730068e+01
1.264052373122625994e+01
9.197275474389215333e+00
9.232536347273336830e+00
1.187158761894352388e+01
8.520333332575841467e+00
1.138735000506795103e+01
1.208880415743774428e+01
9.919978080886394878e+00
1.213425373036535504e+01
1.008034597337961102e+01
1.163677902550315579e+01
1.299945972949410411e+01
1.311338186019200336e+01
1.197680579605709994e+01
1.080529470435673467e+01
1.114149549766310798e+01
1.100505710528038250e+01
1.296694654403576230e+01
1.015288256995407856e+01
9.994572603096571584e+00
1.242675284163709648e+01
1.068863217670853238e+01
1.120932877556465534e+01
9.862449582403014503e+00
1.107261441940306668e+01
1.034954014915003206e+01
8.357262433285560732e+00
1.008059063687915824e+01
1.154189776325716821e+01
9.575655251032873849e+00
8.861854653700444118e+00
8.573891424359690205e+00
6.793272712156570137e+00
1.196858565447943512e+01
1.113191953599795347e+01
9.663920174766353455e+00
9.848694919129860281e+00
1.180503972784497613e+01
1.071749130856419008e+01
1.290348079594101449e+01
9.803894526673740728e+00
1.619326679060245766e+01
1.571601884413890282e+01
1.700099456294073264e+01
1.591842053534283608e+01
1.644367535691073812e+01
1.327341612887508937e+01
1.273080563989542391e+01
1.149651507003853901e+01
1.165202672766139003e+01
1.529688405633894810e+01
1.818594774710721040e+01
1.366889117002605047e+01
1.359392725092610021e+01
1.409930318192487064e+01
1.212857598523112479e+01
1.276302385598555489e+01
1.302329320551889325e+01
9.536743908638536382e+00
1.050187977347003532e+01
1.323952414808400846e+01
1.031686586400694061e+01
1.118152090375560270e+01
1.316685749085071500e+01
1.150085461309684653e+01
8.783910896675683588e+00
8.763782497930574067e+00
9.576873346826868527e+00
1.259224965698786569e+01
9.258635503106223297e+00
9.818111124903181164e+00
8.767688220592011916e+00
1.025008934958279383e+01
7.833278624075243002e+00
9.986688246763195664e+00
1.204978768879816187e+01
8.441700957970921237e+00
1.218410401930826836e+01
1.039976972303806235e+01
1.221727713286191808e+01
1.160146424510971741e+01
1.051051622771069560e+01
7.285361421938123527e+00
1.012452934937855353e+01
4.128694599339656435e+00
1.523355501576847004e+01
1.155489122834480042e+01
6.277892484164851794e+00
8.416724550848810438e+00
7.999381611457379471e+00
1.064613396870486994e+01
7.228613474796493854e+00
1.181121964025435389e+01
1.208652461011577728e+01
1.269574817524459931e+01
1.049338285561380779e+01
7.381267187074136871e+00
8.567459997710411557e+00
9.352934494125946685e+00
1.144687915794377098e+01
1.034168355522674432e+01
8.147965711871279382e+00
6.900344337406551176e+00
1.015679389767759311e+01
8.672870631303798206e+00
7.239314653263734911e+00
1.107647704423014012e+01
8.047584358172175101e+00
1.012239811770309572e+01
1.609835595670258712e+01
-9.486960443342997706e-01
4.253829484639862990e+00
9.544426520552086401e+00
1.105237635876991398e+01
1.013864411239903696e+01
1.125598579231727037e+01
1.041294565048352005e+01
1.170295782090856385e+01
3.954272342086489367e+00
1.104893560262551233e+01
6.296967952648353517e+00
8.984592904727012552e+00
8.245637678813682925e+00
1.093917739159879154e+01
9.596962420527315629e+00
1.572447272322782297e+01
1.069922945904079725e+01
-2.870814739057342635e+00
7.937789997332572511e+00
9.918910196168134519e+00
9.964657190993495561e+00
7.877456343923894266e+00
1.071722044479536251e+01
8.567091986510053658e+00
1.076896340119323625e+01
6.861199660534119005e+00
6.428560221107808559e+00
1.064810158062476297e+01
1.433037408634493381e+01
9.810245748060900439e+00
1.168504065141346615e+01
7.268525185080900286e+00
9.120043451271856227e+00
1.023718340257724613e+01
9.138544943448648539e+00
9.422298734510851759e+00
9.125966195624105382e+00
1.308860022148755853e+01
8.925262843145699065e+00
7.754966929783236651e+00
8.426955884785231277e+00
9.232631116529338655e+00
1.120535157785750791e+01
9.722428775180871341e+00
8.231905295850658888e+00
8.306324430043863671e+00
9.529707685336052947e+00
1.106494350460443954e+01
6.461947864653824425e+00
1.470838640977666323e+01
8.089200781219471281e+00
8.152121701838963119e+00
9.507984796836485231e+00
1.105763469762360529e+01
7.400437591077006161e+00
1.477043992431442732e+01
4.777449409817723591e+00
7.871282751284989665e+00
4.948331535579209017e+00
8.244713983204913887e+00
1.173136680844848456e+01
8.912259005449284288e+00
7.673282085813881714e+00
8.335055758504012147e+00
8.196875467766483681e+00
9.348273110080587145e+00
1.153581948978598604e+01
8.836083416938093293e+00
1.158848045783170022e+01
1.019264374831023723e+01
8.901334719803697837e+00
1.014276253916515103e+01
8.541677277135290680e+00
8.233023797008010902e+00
1.308416743391993009e+01
7.513743370100290697e+00
1.050410833286074563e+01
8.443822219897372250e+00
1.336207673271833585e+01
1.228768160085370553e+01
7.620233156050464807e+00
7.425593429273510182e+00
1.065521872437142825e+01
6.204924703593489355e+00
8.320670282442190313e+00
1.112094843545284384e+01
1.000701024214560775e+01
8.475643956416169189e+00
9.493482173552049375e+00
9.551785170398041203e+00
1.042146582731268900e+01
7.520403977652904359e+00
8.507471266816422073e+00
9.686205809657240096e+00
8.903106786130701167e+00
8.396525931289293254e+00
9.306278281087456250e+00
9.804802866288442331e+00
1.077371488113060138e+01
9.321343011431759251e+00
5.356472464854417304e+00
1.295884067893018532e+01
6.985670508444052906e+00
9.445874947227768104e+00
9.693925707391271018e+00
1.245184162786433468e+01
9.644607456037379123e+00
1.116891870830745326e+01
8.557928149724549627e+00
8.554444418287820540e+00
1.253646068841988992e+01
1.031409534809856332e+01
7.233602704519411120e+00
8.307900887683743463e+00
8.257129088119610216e+00
8.794618823491520132e+00
6.711121947518848607e+00
1.033528467630924297e+01
6.023725757845197926e+00
inf
-inf
inf
-inf
inf
inf
-inf
-inf
inf
inf
inf
1.321094020535967317e+01
7.333291426571947547e+00
1.014328082355750205e+01
1.099277438551238006e+01
7.908268649334566192e+00
1.023671568245706709e+01
7.621124946171632608e+00
1.102372376548340149e+01
9.095218401886421944e+00
8.282422121476699317e+00
7.788727359455958066e+00
9.539177542330893544e+00
9.693352783881802992e+00
1.265366018604756526e+01
1.143463160483596042e+01
9.769393035996321473e+00
1.061625366270528303e+01
1.006134360355663659e+01
5.144762973846872534e+00
9.178457452582406972e+00
1.081937241667412408e+01
9.166598724218975036e+00
8.883952231750305017e+00
7.810348524141290660e+00
