6.449682941002171432e+00
-4.737784355318459006e+01
4.886082573080479108e+00
1.274446530053763560e+01
1.521676905821672676e+01
3.673757520925342135e+00
5.860492124744641096e+00
3.413425366802682959e+01
2.136548384306861337e+01
1.935348367221683930e+01
-2.701116550284953632e+01
2.409545065172221001e+01
1.908946611002946270e+01
-5.636685207780391949e+00
1.843172015864489666e+01
1.356854534213827534e+01
1.373669408234566802e+01
2.767385058345112370e+01
1.228972633837818407e+01
6.197716406983847293e+00
1.449305992727400749e+01
1.166920700040345338e+01
-5.332827707896802494e+00
-2.765178879500640008e+00
1.329473065256130937e+01
3.040584937825039802e+01
2.261500905915308124e+01
1.254796769483138874e+01
7.846704786109652829e+00
-2.219772102008554171e+01
-6.977062508665250462e+00
8.171806231132045184e+00
-9.421374751889590726e+00
5.522102104699693648e+00
7.959808116891379015e+00
1.301536489230004889e+01
2.117141902781108342e+01
6.086837342659715766e+00
7.623595645860392622e+00
3.965894224708326199e+00
1.028350693334122390e+01
3.223595069004831259e+01
5.248250832925155152e+00
5.490371908739945894e+01
9.755907551504968467e+00
9.758980809821611757e+00
3.626963976336594619e+00
-2.471830574517979784e+01
4.311262714284404041e+01
2.771405907926066448e+01
7.211072367402140415e-01
-1.427745244417157267e+01
1.085272928552278948e+01
1.057716378576266791e+01
2.061274339208298301e+01
1.881885391966264010e+01
-2.564650688917785359e+00
1.615143857180895992e+01
4.831220252502772539e+00
-2.608287231270928430e+00
1.917586937046328543e+01
1.446553043565953445e+01
-7.032731102446120985e+00
1.592318194137249776e+01
1.470793407039014511e+00
9.237671538128292781e+00
8.185622857675351582e+00
1.168203469676982564e+01
1.919804793269955212e+01
-6.935777919179367146e+00
-2.570500908979548171e+01
1.125649391687580447e+01
-2.367886922233840608e+01
1.981295573002382326e+01
1.282214269538992468e+01
9.899870462950776329e+00
2.647469006332563879e+01
5.845420483341629669e+00
9.953870848579970954e-01
1.196542199630154357e+01
1.570652003988509016e+01
-1.018181204439453325e+01
1.598605862369122121e+01
-2.710356078738747954e+00
-3.695317392506330734e+00
3.387855236804405479e+00
9.685587109422625574e+00
3.442780491263556542e+01
5.750475682573989999e+00
2.987770688686895326e+01
1.541695217430446974e+01
-3.987276649203277401e-01
1.839320249412817354e+00
5.267838175663106526e+00
-3.154065303591750791e+01
1.758562890515606725e+01
3.266953212820016006e+01
2.078534460146527429e+00
2.568298807403909478e+01
6.094880080011733980e+00
1.764918704658142090e+01
1.184409784797490417e+01
1.163798087468166464e+01
8.833018892926880028e+00
5.579208846649004627e+00
4.720775701488699738e+00
1.126836221782984993e+01
2.051902437716663918e+00
7.269826744995155465e+00
-1.818662444863919703e+00
1.210947127478915775e+01
5.427479535382116360e+00
1.426837693075733426e+01
8.787787052089040429e+00
-1.210055196711833503e+01
1.549957561034568876e+01
-3.976266359298771036e+00
2.514909482015362130e+00
7.620980327530781473e+00
-2.912804541085609600e-01
8.696599973638409864e+00
5.529116100881384277e+00
-2.436560595608317570e+01
1.497090247832740850e+01
9.894112770909025301e+00
1.043992476989879847e+01
-5.777466370141619123e+00
1.670704498213287792e+01
6.974191224639874065e+00
4.652177633449738892e-01
1.544057015636550467e+01
7.827214240821524172e+00
5.944717493799847041e+00
7.910185131187378538e+00
8.347247011771965930e+00
2.901093136309663478e+01
2.503044259529627880e+01
1.843774571660073747e+01
7.542522186271218843e+00
-9.694564958210548866e+00
-2.725117064026407832e+01
5.459617022996292590e+00
4.499869551629656073e-01
4.323140182945135912e+00
-2.853071576202258086e+01
6.996426462888789999e+00
-5.125217815296428725e+00
2.951461293977546774e+01
4.401264952753591864e+00
-1.757528970864364837e+01
-2.396937794052476889e+01
-1.351865643984425702e+01
5.496903087972673241e+00
7.578029046871816554e+00
4.534609982714139065e+00
2.246948513590539154e+00
3.603860445737656448e+01
6.969325745974964903e+00
1.247691948844674492e+00
1.516975745541791909e+01
-2.525244696699090241e+00
1.824466813652079367e+01
2.219087618621431091e+01
1.619886283784838454e+01
8.697861032168471951e+00
1.763002671757568152e+01
-1.406476709321153606e+01
1.654406826760018845e+01
-5.163090319857758459e+00
1.174794442867938571e+01
-1.877099443894983821e+01
1.003915095995961337e+01
-1.018412793860036913e+00
2.555824663024012011e+00
-1.480977130294900235e+01
6.016373911498543947e+00
4.629032593297814913e-01
1.862555291335499064e+01
9.827228632362247751e+00
4.473928178478274020e+01
-1.000096001308889626e+01
-4.056816231597659694e+00
-1.758380267481899395e+01
3.328756720170776173e+00
4.542445097651474306e+00
4.719368488923466387e+00
1.948814819614208105e+00
3.215790775874623364e+01
6.649233966434061394e+00
1.908989109269976225e+01
8.024948469327860323e+00
2.712341299463352229e-01
1.190722061341583249e+01
7.868100171230226536e+00
1.295222406507443047e+01
4.018036231182460227e+00
5.189491724773374948e+00
-1.316764389952812309e+00
-9.007825698629540412e+00
3.054521986373524101e+01
9.513382046437104833e+00
7.314924433048482832e+00
-3.965635106749614280e-01
1.862639780359787522e+01
-1.381031417936383576e+01
-1.258944701603271810e+01
-2.959876586708837465e+00
1.140708928118272780e+01
1.199778401137474759e+01
4.468091839121419717e+00
2.624601446470381916e+01
-9.353162157775134489e+00
8.580897722952292028e+00
9.404538846726413936e+00
9.318003340801309875e+00
8.117869855282705771e+00
5.274082802114642199e+00
4.337438708659294662e+01
1.663171076347567734e+01
-1.603988896175618351e+01
2.080999087662506852e+00
1.334085911926113965e+01
1.239143977414961029e+01
2.384296376856351074e+01
2.081897357891815403e-01
2.348234707896581952e+00
5.262950670568312894e+00
2.665733965600384892e+00
-1.646236892237016747e+00
8.368543977504687703e-01
-2.564918316044514590e+00
-5.149455046784931156e+00
inf
inf
inf
inf
-inf
inf
-inf
-inf
inf
inf
9.364959951536953042e+00
-9.468329040921013018e+00
9.459536030892063962e+00
7.195774715962643953e-01
-2.149930786047504760e+00
2.644701406902818519e+00
-4.495377693418746823e+00
-4.774056913383580181e+00
3.119637558062409610e+01
4.205689521472014469e+00
6.038768192065027129e-01
3.087634107654616766e+00
2.698180244644741599e+00
2.576952396898450104e+01
2.035439127148764982e+01
6.626763989893713180e+00
4.225682877393690973e+01
1.088400412775511583e+01
1.547618118840078871e+01
8.787072598290487591e+00
2.990418779175430419e+00
1.893830240953894162e+01
1.461525869873681138e+01
4.562879064003118046e+00
2.544822613156177837e+01
9.372683182953226222e+00
1.117670104961040067e+01
-1.002263385768980442e+00
4.887372447694360744e+01
1.067140219149225366e+01
6.609459868411057926e+00
-1.225004978412718515e+01
1.445179946455320774e+00
-6.007477036688790406e+00
4.081076955590459576e+00
4.289309343619908788e+00
4.413395313771334649e+00
-2.217030978842053024e+00
-9.406878679398346321e+00
2.680056010040640402e+01
3.223931521383290644e+00
1.100939037718568159e+01
2.960482897118147250e+01
1.156708988731800503e+01
5.492811315017471330e+00
2.645405341262449639e+01
-2.172366913394313670e+01
6.221590854190550246e+00
8.384968886044347869e+00
2.698439927825824469e+01
3.141182597852614222e+00
1.344325452367125706e+01
-3.300216772998466297e+01
-7.685456850903726433e+00
2.154789148823497413e+01
1.521316427904182689e+01
1.667050353032406207e+01
2.808482232886357011e+00
7.515400591279112419e+00
-1.797564615796787280e-01
-1.914371414798857529e+00
5.794860464842800596e+00
4.050688615683609051e+00
-5.901947923632613779e+00
-2.917042337174692967e+00
7.850881070254117411e+00
1.398799102052719157e+01
-1.407564055677759995e+00
5.031150444294208768e+00
2.475527646078021959e+01
-1.029193639626356216e+01
2.290677288124636135e+01
-1.382056954195983955e+00
2.952679420661164400e+01
4.081961885394788325e+00
-6.486025345358827465e+00
8.083637279652048591e+00
1.481157097517996313e+01
-4.602805707732072094e+00
5.738996637090402864e+00
1.045533829387632530e+01
8.356717666336248129e+00
3.672170875134357360e-01
1.447705658638098392e+01
-1.339385517936042547e+00
2.790856471926508320e+00
5.893251652692407028e+00
3.622617193773453259e+00
2.292344111103935589e+01
1.710001642955040424e+00
5.259734714266347311e+00
1.102361720489432884e+01
1.449043952684218795e+01
1.331698884623476431e+01
-1.452949625964311053e+01
1.399924657269048645e+01
6.735617074730170906e+00
4.182743343498836808e+00
2.144852196324873717e+01
2.538655867051124915e+01
1.212480608491509848e+00
5.624578043508241976e+00
2.837355619508771554e+01
8.450037394839950977e+00
-2.727780450881648555e+00
6.845450284738970659e+00
1.528312745966391262e+01
8.217765767355428963e+00
-1.756562886962484882e+01
2.018300911449683266e+00
3.917067069533866519e+00
-4.516502485274060064e+00
3.369990587184128472e+00
5.699542454729978225e+00
4.624069003058819405e-01
1.907907808233597891e+01
1.960605830586068521e-01
1.585300649492050695e+01
6.832768187792914283e+00
8.080973192859211451e+00
1.383112322349531986e+01
7.553634558833298485e+00
9.205934601650891835e+00
-4.872908729101981251e+00
-3.859415256487421786e+00
6.900203231089270695e+00
-1.357464666096877437e+00
5.376392762356579702e+00
1.091801338823190726e+01
2.078845669235867177e+01
5.718814289817180097e+00
7.938784107184874372e+00
1.603613568138775314e+00
1.058770825938602123e+01
8.235219489565954731e-01
9.020932247290732064e+00
2.723247562209082773e+01
6.007256984691776935e+00
8.508637132434824224e+00
4.970522803555564195e+00
3.104467339059111985e+00
1.921809606616211497e+01
8.647811505800232723e+00
5.443486873180888530e+00
-1.211867595798764441e+01
5.130930728891539339e+00
3.737055392191730441e+00
-1.182778155538505516e+00
-6.980820970778646384e+00
8.441954406948109835e+00
8.357084741647451409e+00
1.853830687342367334e+00
1.177407098300961152e+01
5.975237979106647224e+00
1.324624129242740977e+01
1.357088941520556524e+01
7.155524081751567067e+00
5.291569751356269613e+00
1.926722845225379999e+01
7.121511873064680032e+00
1.091456495588926856e+01
-1.534727780207413161e+01
3.496848503626061699e+00
9.406395119455330800e+00
4.183721473098498400e+00
1.655147027282396266e+00
6.672168916245267312e+00
1.763341588591032760e+01
5.693918240894507043e+00
8.555478352132025677e+00
7.343788107499242379e+00
1.300854393504896045e+01
1.682923237038619391e+01
3.857157802664669788e+00
5.249554369267768195e-01
7.879472772261227220e+00
-2.254828198123791871e+00
9.105785619689513055e+00
3.709347830315333994e+00
-3.627441754502676474e+00
1.111905658689514098e+01
2.604885575769861461e+00
3.254207417805743852e+00
9.951080631081184791e+00
-1.106863463963751570e+01
1.107040206660858672e+01
-1.331948181622610505e+01
8.422211763145432073e+00
1.030221658770120641e+01
2.593578045488386152e+01
-9.802510061834452948e-01
2.932168471236062501e+00
3.142503045456061628e+00
1.237554520454323814e+01
1.702779547903891455e+01
1.178358595718665214e+01
6.732100072329791018e+00
9.384424809744610130e+00
9.037338539122119485e+00
5.282591377197304539e+00
6.235753665250967970e+00
1.333467888150655867e+00
4.876873334717064523e-01
-8.085683232187864888e+00
1.197631470014166055e+01
8.748405821855694597e+00
-1.863069315736467502e-01
2.061311515338249745e+00
-2.655047811034208394e+00
5.781421383432352457e-01
1.069810910663016656e+01
1.458339916780329304e+01
-8.012507209631003491e-02
9.029370764516544412e+00
8.994028975437176499e+00
1.381235282729291569e+01
4.874346217807363324e+00
-6.078565245203400025e-01
6.690904324413018855e+00
1.315987075222054870e+01
8.968212025787270392e+00
5.931252660840027779e+00
-2.842325671754824867e+00
9.370373628976651048e+00
-3.616377095869294678e+00
1.241324713537064639e+01
9.180842983404206237e+00
1.613388759375702364e+01
8.813460416415818344e+00
-1.295609193490257383e+00
2.500221010736850147e+01
-9.374055276254011915e-01
1.470727591422669889e+01
4.471076744457517016e+00
1.518422812684494616e+01
6.192450576813934404e+00
2.507154823519790909e+01
4.192108604038724984e+00
4.691221621076970827e+00
9.313416603541256222e+00
5.897889009456516618e+00
1.709692507501249281e+01
-3.510380330468255039e+00
5.297335387334880963e+00
1.159710510625159330e+01
1.879765406450197851e+00
-4.809931051921481071e+00
2.567155272610140315e+00
5.582576913674790475e+00
-1.551285522630748481e+00
8.905673336784182936e+00
1.614490452351590477e+01
-8.555042478989276944e+00
8.371354578356966059e+00
1.445676506296492470e+01
5.381037159905295297e-01
4.570918097937013869e+00
1.223929902904674449e+01
9.068309721589422168e+00
1.317734576641665178e+01
1.144906995047888287e+01
1.578627199841386286e+01
4.216296705801746647e+00
-6.573457252476295309e+00
6.013382375032981564e+00
-3.647909311009538413e-01
1.978193759150129072e+00
1.490323010894634947e+01
5.311449994716202383e+00
-4.953139735385894582e+00
1.221436745593346274e+01
8.215818784597718860e+00
-5.214860766749286114e+00
2.385106849283480202e+01
-2.970211831294411553e+01
2.204618904107089250e+01
1.357794812472490875e+01
4.084452142762646787e+00
8.568655936201333034e+00
9.642573247782980417e+00
1.252495269061627958e+01
1.248263264092237179e+01
7.888117089666302206e+00
2.139841532342644470e+01
7.806178545469728114e+00
1.154503338428648718e+01
2.152393243429937542e+00
2.678520322549841293e+00
1.702346204729193602e+01
6.566311262890209832e+00
-5.323604606935013805e+00
1.128411187503541768e+01
7.087397073388036262e+00
3.509919846980801594e+01
1.369590082660336705e+01
1.088234472656614926e+01
8.246538334049439811e+00
1.809963996103463302e+01
8.885931167000212128e+00
2.801353104011356177e+00
1.305628994276397492e+01
5.021374760544579097e-01
2.986851048718052937e+01
9.832395219673209397e+00
5.573583228636696418e+00
1.122197038003742975e+01
-4.117650994427899391e-01
-7.252183300465553373e-01
-2.258504917393587164e+00
5.915116375612331723e+00
4.566732252328832509e+00
6.913385656483151287e+00
9.767108891268613036e+00
3.031018755368043216e+00
1.738410997041256678e+01
5.339545434417566128e+00
7.656275038130426758e+00
9.514125706670451876e+00
9.491331832182620332e+00
-1.042809146247764218e+01
2.029980165040591089e+01
6.385868305109533516e+00
9.684403654360867364e+00
7.331853481515310911e+00
3.900730224448786476e+00
1.531099846929618735e+01
1.004205732761583469e+01
7.577392368446984605e-01
-1.142081531450133625e+01
-1.315331852183230232e+00
2.172850221314319086e+01
1.179593038052886378e+01
3.890695842016167028e+00
-2.070687110410787568e+00
3.493012442977210696e+00
1.864275904480327739e+01
1.067678427734553281e+01
2.135254114339642939e+01
-1.819027819272282187e+00
1.323378381762662848e+01
6.214563620963546420e+00
1.861069892312046647e+01
6.880174820703195415e+00
6.494226469428928894e+00
1.485556179553085698e+01
6.063069310188386574e+00
5.788587115307200825e+00
2.280862178764830617e+01
1.076399748023304070e+01
-1.572753495257899203e+01
7.688649542399383918e+00
1.151389993290569613e+01
3.253322073050859853e+00
1.718952839011482325e+01
6.452248444139064176e+00
1.178457502704503490e+01
3.390350378309158685e+01
1.011867678771669787e+01
5.635817885099250191e+00
2.728507688733662562e+01
2.177292666742550065e+00
2.191896309418911670e+01
2.789707982436913092e+00
1.108221485206362900e+01
2.948775411605019059e+01
-1.664834017244334419e+01
-9.993658257503838627e+00
4.061856574794481034e+00
1.071166769000066665e+01
1.553969072069274482e+00
1.350845345514567519e+01
7.160106617518965599e+00
2.807740570291016091e+00
3.011071570277241705e+00
4.677953768035810533e+00
-1.552362451229056006e+01
1.029189166614543538e+01
7.498869249143456095e+00
4.903410053995114204e+00
4.493201579282215974e+00
-2.223793185904774461e+01
-2.535580681453620144e+00
-1.011806538372240993e+00
7.797790327826666257e+00
9.393896330914950354e+00
9.385864291153662720e+00
-3.702145810643568069e+00
3.378175397172749950e+00
-3.287821869408542597e-01
-1.046048354296764060e+01
7.439548219560662368e+00
-4.042822490680405778e+00
1.017418972813895195e+01
1.123357753597113984e-01
2.928259047469446585e+01
3.221759270031263167e+00
7.457082863622495950e+00
8.008165187416825148e+00
4.211340702613408205e+00
8.799356907339106471e+00
2.069496494390939745e+00
6.449786724991293241e+00
6.823847134914166723e+00
-1.123159159983733346e+01
1.171715677257769883e+01
1.139534393962276848e+00
3.591255982005222780e+00
-2.585407475457577320e+00
2.178325267370280649e+00
5.129086480591678487e+00
1.270521134803490781e+01
7.095417783146844570e+00
-5.077766894243520568e+00
-1.033956707834852828e+00
-1.054721627318697585e+01
1.004831454698788562e+01
2.160685698504223851e+01
4.423419353865118531e+00
1.021613555628499981e+01
1.707552996058848471e+00
-8.086896692509382589e+00
8.184292989521052775e+00
5.697987452020108812e+00
7.157335993142274866e+00
1.998110579162059253e+01
-6.509111423290189435e+00
-8.137384312114193108e-03
3.994560699715428154e+00
-5.463116954681122905e+00
6.709249196488012323e+00
1.685680895971743976e+00
6.552526677862704041e+00
2.556499427428713389e+01
1.145404435634726958e+01
-1.050091539769845284e+01
8.112012105921950322e+00
8.480059879805121881e+00
1.359472455105430200e+01
-1.176964586063575346e+00
8.590152678371989481e+00
7.482166777977623973e+00
3.349827984142388804e+00
1.131095353883009125e+01
2.408616070852849234e+00
1.063655161817916550e+01
3.038238410869722017e+00
7.739682980449911653e+00
1.197949715456270425e+01
1.479651676669042537e+01
6.346012687656911844e+00
1.632349663904972914e+01
7.764562074042848039e+00
4.389188134357302040e+00
-2.686084614573205798e+00
1.164696459663646877e+00
5.882530486951511151e+00
7.649893754133725743e+00
1.157341620564661788e+01
6.162168795174316926e+00
9.481535136203021352e+00
3.523536011064702933e-01
1.198892320080324225e+01
-4.115966539956199099e+00
1.524151607710094147e+01
1.553870424676532913e+00
1.495927353339880472e+00
6.128933847715802408e+00
5.902432183349693773e+00
2.006508494633596484e+01
2.199037005265959799e+00
1.669173327385492200e+01
7.651931850086764797e+00
5.861597893659232561e+00
7.070975017464833812e+00
3.103854380615040043e+00
8.164356791685190018e+00
-2.560143242165560551e+00
1.301929050511212438e-01
7.182787751828541900e+00
6.869596595445860210e+00
2.964865905648566979e+01
5.157859563195018815e+00
1.109702719851311059e+01
6.015393200077575386e+00
3.569606814253558635e+00
1.291381651710299039e+01
1.005000545747634710e+01
9.941427964698361208e+00
5.806560168683348344e+00
8.222387753753530149e+00
3.071737108083824275e+00
7.606767308965814323e+00
1.239128614561157971e+00
1.505838710529164182e+01
-8.042389585934261120e+00
7.067928162351240218e+00
-5.960149087706856363e+00
3.015208098273640225e+00
1.023409278704495406e+01
9.324221620654004283e+00
8.168256312478698433e+00
3.146919043484336598e+00
8.168516221633462138e+00
4.649149825946192749e+00
-4.427112094198060177e-01
1.046726785936830062e+01
-2.021075123795854189e+00
-6.186653198242986207e-02
2.861974791829315024e+00
-2.706850527506759363e+00
4.017258452361023302e+00
6.476239671544572474e-01
9.615901543427360920e+00
4.891008759730146593e+00
5.279556615751995530e+00
2.288718207324884180e+00
3.040698827909656643e+01
3.666362099331285762e+00
4.595898640242163324e+00
1.374419303153602101e+01
2.653790364973453997e+00
6.477264338730694071e+00
4.230296586201577114e+00
6.955820074560316257e+00
8.938953398046733057e+00
5.033988714284319599e+00
-6.599540627959100902e+00
6.700217204777075608e+00
3.764551998087114715e+00
2.867051025742499704e+00
-1.000170016583755128e+01
1.550828125996910956e+01
7.342233265737200476e+00
4.527906794312467120e+00
9.181582603612536531e+00
1.413833818652753749e+01
1.415286288258368685e+01
-9.963147672177292691e+00
1.151891673905302760e+01
-2.458335352252918327e-01
7.954571580772293871e+00
9.503628171572922056e+00
3.120583022517547711e+00
6.513458655125537788e+00
9.963878667730224237e+00
2.054553979421820742e+01
6.281886178647454244e+00
8.914829872487350926e+00
3.031851584191028337e+01
-7.621513103071464457e-02
-9.560914284237309602e-02
-1.142110685684887272e-01
1.184457177012285278e+01
6.088499774449176449e+00
4.554347492955572285e+00
1.116940120658961000e+01
1.429564609367961481e-02
1.417539761178212387e+01
2.209416834599315926e+00
8.674117558412731910e+00
2.448512849440706241e+00
1.192190519011090899e+01
4.004803178821963350e+00
5.651137388537420314e+00
1.456175025678247437e+01
3.793223162143675165e+00
4.011941212067302587e+00
1.666642792575235621e+00
3.089314239694739506e+00
5.551992169027622381e+00
7.569731030652448567e+00
7.625897795695324888e+00
4.697081560687223600e+00
-4.959163612931742904e-01
3.375448011406858573e+00
3.225626445616470939e+00
3.163054197277655799e+00
1.162047510721839316e+01
7.747025273657177635e+00
1.189212008599416670e+01
4.124543915491108770e+00
-6.069792126098612073e+00
2.209213417787706035e+01
6.011325387365569206e+00
3.331384111219287458e+00
7.624469926500786698e+00
6.899397275303524424e+00
2.954418614048341141e+01
-1.616431691602643994e+00
4.899442990982959323e+00
8.790765193550678092e+00
1.334625382791740833e+01
5.196667481927566890e+00
-3.515817985721776395e+00
6.265441610801005368e+00
9.047893901896626900e+00
6.801855873535631147e+00
-7.649046878117804482e-02
1.794383004793468217e+01
2.501954083500891546e+00
6.191146844634646484e+00
9.078814680625029609e+00
4.867428829063596751e+00
4.119906271227338657e+00
-5.357321110856705815e+00
1.065678924849857978e+01
1.515437074455497779e+01
9.006806489024018703e+00
7.067221785879937102e+00
1.445358308146606774e+01
1.479158721758059514e+00
1.372958867105501746e+01
6.742293950084311760e+00
9.064163821122798836e+00
1.533641922011722691e+01
3.854780557374394512e+00
1.549484646403312915e+01
3.786272548192668896e+00
-1.170308632411132699e+00
1.274728015561920103e+01
4.933890433595390590e+00
-5.131515313107977150e-01
-5.795801480694738217e+00
7.030963709708022868e+00
5.049624433932314638e+00
1.113355904719185041e+01
6.396343790832219156e+00
1.366064059162157562e+01
4.780933782067316784e+00
6.415641177455192690e+00
9.133235553068326240e+00
3.982461315527364931e+00
9.051099390671442535e+00
2.728899371203711510e+00
-8.926930801343033295e+00
6.865325538079593670e+00
1.552876504586966355e+00
1.274459186009473832e+01
6.803941473767404879e+00
1.086234144078760799e+01
5.175736894538458088e+00
-4.254013909974585061e+00
2.755196900082674816e+00
5.378098350093148738e+00
6.451441228687633256e+00
1.590062802643064011e+01
8.246103574937412972e+00
1.169692341608608643e+01
1.280200061443837889e+01
5.206803249153868052e+00
4.503831598026217797e+00
-6.690944720046950067e+00
1.555733170813945421e+01
5.917567345156140135e+00
6.606324832311163853e+00
6.164547456696704231e+00
4.364204877649356717e+00
1.840220151587069708e+01
4.199277476296649603e+00
5.872726122669326365e+00
6.896459951762917484e+00
4.883006008856639824e+00
9.032568559497526905e-01
3.261807426289073053e+00
1.078941072452369099e+01
8.149032584356801223e-01
5.584160365173031160e+00
1.551421988956755982e+00
-5.970190049638318897e+00
9.573154897333822078e+00
6.945987466193304982e+00
-9.107850469371291169e+00
1.205620959202460440e+01
4.201358100556368491e+00
-7.695309660243401240e-01
1.056002680441251229e+01
5.997367587544825795e+00
7.226749757517827000e+00
3.867449427058003320e+00
9.653290933000224783e+00
-7.756723304450344969e+00
7.755457103723675694e+00
8.553871128316993477e+00
4.149858621611129728e+00
1.062851127514283434e+01
5.504088256962968551e+00
3.984050338001601688e+00
1.203372561138988495e+00
1.681916927470332723e+01
1.274663761904215598e+01
3.452631889164672341e+00
-1.479772447585679629e+01
8.840389480502453878e+00
4.745049185712271189e+00
-5.930302562749959705e+00
2.229850168241280350e+00
5.758227344171111817e+00
1.042106378307556014e+01
4.729611777399902017e+00
6.477679510742460067e-01
-5.532086194731697049e+00
6.736801814865446936e+00
2.138265507626083561e+01
4.022529711315534051e+00
-2.517126310792532351e-01
4.901652758987633085e+00
8.616446269155263238e+00
2.300550593486109907e+00
1.113100972875339600e+01
4.597120475996008260e+00
-4.999078623871611171e-03
1.542642671006157862e+01
1.061458293770637873e+01
2.156688873978516341e+01
3.542779069686884164e+00
6.554720155313835228e+00
1.107122920478433770e+01
7.094386469710721954e+00
4.392566711318862893e+00
4.005121970212893956e+00
1.162260912901444954e+01
6.529071843592909374e+00
1.151494791040164500e+01
1.620911501867067983e+01
-1.457288710784586527e+01
7.043755781198972166e+00
2.396887046598723536e+00
1.371155394355292767e+00
-4.671718850769282838e+00
7.981987092204793299e+00
2.665065389952082864e+00
1.789377721094126183e+00
1.720995660223985979e+01
-7.686756397277667574e-01
1.013934534848760904e+01
7.101839457193417360e+00
1.644547736675784222e+01
3.928401375117891003e+00
3.964631435332120368e+00
-3.967900306541329414e+00
6.384103746755376285e+00
6.767519151126485610e+00
1.186449732133466561e+01
1.243627186997082568e+01
2.463708600172801244e+00
-1.045837582959807754e+01
6.789144145221596816e+00
5.827844985440680858e+00
3.541409644830093573e+00
9.250325169211883747e+00
3.679377637403518087e+00
8.385799836091260673e+00
1.297045040935595495e+01
5.174185746682290699e+00
4.502366865997728063e+00
7.899386713383481862e+00
4.421189803622213255e+00
5.300542726041168606e+00
5.025382716106932435e+00
9.084938303051053765e+00
1.485617919571897705e+00
4.754223153287378878e+00
5.190601447282833902e+00
5.388472568675489960e+00
1.395887446622574757e+01
5.603670171457511451e+00
3.409417224328547658e+00
-7.875681813353416771e+00
1.528762775200735824e+01
7.053328732592738959e+00
2.172325766849756867e+00
1.956968976435442098e+00
3.818675169338972886e+00
5.384777379552673438e+00
7.438000614933521604e+00
8.620383295937791956e+00
1.484620109895538054e+00
8.948797756730041186e+00
8.168115632161420336e+00
6.724024178540940255e+00
1.502064725445451643e+01
1.005692514528110770e+01
1.003831247734927601e+01
6.812476154758854818e+00
7.826927544727028341e+00
7.270064223516368607e+00
-6.465086690875711639e+00
6.123546209042175725e+00
2.471934585625592007e+01
1.241377464421779564e+01
8.961146336562855197e+00
-9.922461175068910677e-01
7.995113682101028019e+00
3.950351337661205164e+00
-4.999443630493020763e+00
7.015857618100655557e+00
7.788702878571702293e+00
1.337925132996955035e+01
4.487112406907383999e+00
1.646239259282007428e+00
7.690064543978428091e+00
6.518573264392491851e+00
6.555375331407510942e+00
2.575685356011381710e+00
-5.649956081827465226e-01
1.142755429106773235e+01
-6.806695476782422816e-01
6.564660379242352128e+00
1.694752894821955636e+01
4.801218496121783197e+00
2.096443283304202598e+00
1.119696505814996712e+01
8.554933046952076126e+00
-9.599186522227658003e+00
6.592033391089901606e+00
6.074792520275830832e+00
5.838960984603769333e-01
7.780230689043163395e+00
-3.761533012070422899e+00
1.428822971705389833e+01
2.212612078098639579e+00
4.630646035265819194e+00
1.026590003041560806e+01
1.312216311639235400e+01
-1.054693947839247414e+00
1.162484994376290715e+01
9.744066137038686293e+00
1.577324914837211445e+01
2.745895894147908223e+01
8.650818370250060951e+00
5.645517734914605512e+00
9.005611695117984539e+00
9.080147229037393686e+00
8.697411209177502656e+00
6.879124244389122289e+00
1.398860950422893623e+01
6.825513967261524151e+00
1.045449158809404899e+01
3.236964603278158936e+00
1.107500973867584193e+01
7.183462293356474682e+00
-1.160623295292018753e+01
2.957122543292034678e+01
5.460042559340114288e+00
4.430624275371203069e+00
-6.103267866762990934e+00
5.467449660198870021e+00
1.022987681644258373e+01
3.635984765158545517e+00
1.043996500795294580e+01
4.260614580937044593e+00
1.140708668199586917e+01
7.130756844431095587e+00
3.733207242177375207e+00
4.060315426694050878e+00
9.828279233562058792e+00
1.887882839749882358e+00
5.127759929851489318e+00
3.307257879782662169e+00
-7.032977823728598921e-01
-4.339507734363312608e-02
9.576713910401602803e+00
4.225329861820781296e+00
1.762000628707133920e+00
1.753601149311362128e+00
1.017061368637754271e+01
5.970216022284065005e+00
8.764765313018232362e-01
1.191235411044359083e+01
5.153425903667761432e+00
1.350925485236337131e+01
1.062919994152567327e+01
7.475532556143875240e+00
2.209202195693842796e+00
1.121801373770750843e+01
6.319148393761832239e+00
1.115685554232100074e+01
3.440719551878934634e+00
-1.405805602698433354e+00
1.631781671579711990e+00
6.564895965842497461e+00
4.699832919334827608e+00
6.763026062975909802e+00
7.015706429558049351e+00
8.500587379658895770e+00
-6.465204029070399372e-01
-2.587705913951539927e+00
1.527733652055662361e+01
1.253778552155171511e+01
1.319308919263866997e+01
-5.006230477925010192e+00
4.598918977503418937e+00
1.444559774023026932e+00
1.935936199559703308e+00
5.142090574830625371e+00
8.069751910980572873e+00
-3.357513967391899001e+00
8.119567811196708007e+00
1.717528734713683036e+01
7.342289058427087234e+00
1.296715174074465438e+01
1.617016653248279923e+00
1.815636052457489313e+01
9.706904067487519328e+00
1.771594181840886506e+01
2.406511961226882335e+01
1.294535795733261097e+01
1.110129751720586100e+01
1.098900514619956859e+01
6.208503123540094037e+00
8.783756145906183477e+00
4.605639824696477369e+00
4.885336650764397604e+00
-1.494789150267410882e+00
4.751293517832289481e+00
1.371770774904621071e+01
5.029823313624777192e+00
4.903698956505003537e+00
1.072209394128835314e+01
6.288853154367281206e+00
2.311879634264516881e+01
3.228300455808851055e+00
4.847822189352831046e+00
6.940216121021013151e+00
1.553534244697414302e+01
5.974792633200886272e+00
3.190706628623700247e+00
1.274856092755538306e+01
1.829837174616199214e+00
7.949741143387010212e+00
6.803833034706265437e+00
4.495953192616274130e+00
4.561086381717229798e+00
1.868079754561149386e-01
4.092691787883635968e+00
8.596201990464923171e+00
1.807423619107308710e+01
3.565460040939829156e+00
9.081283837964722494e+00
-8.241396549269888183e+00
2.472164287372403457e+00
9.851096033105850580e+00
1.404118704927213912e+00
-6.873592099731281380e+00
1.044505648603188241e+01
5.737577752359583450e+00
1.033748149559499652e+01
3.172869087498079388e+00
-8.661368586681966519e+00
5.105018129088483292e-01
1.190442024491700046e+01
-8.625691301264367894e+00
4.626462050017392968e+00
-2.391080779722177141e+00
5.461608900784368004e+00
2.094484923508857399e+00
1.237338567205065232e+01
-4.195475621768061103e+00
7.427228925152530969e+00
4.585352347012191743e+00
7.870978174905611802e+00
1.942556761700462431e+00
7.106670248213566410e+00
6.524323755175313266e+00
2.653052840157094305e+00
-1.116017787552723739e+00
8.243227008654773869e+00
1.447982052157888511e+01
-6.294805698703017427e+00
1.076134533013402894e+01
6.507867966884862021e+00
9.189742172601942372e+00
3.741872568792445453e+00
7.582527288193883663e+00
7.968011866422083145e+00
7.077458290971048172e+00
7.039674186628154473e+00
1.120782812535229134e+01
3.689407950969364691e+00
4.461421816865525969e+00
-4.976419234073910403e+00
5.114578451398022807e+00
-1.161707521481305960e+00
3.140428320891839764e+00
6.144387949054785913e+00
4.561761120002857162e+00
-5.646293671117524227e+00
5.706977889501787082e+00
4.517840879111057362e+00
1.032040017133969201e+01
-3.450675366406841249e-02
3.618654452342807026e+00
7.349168090113097129e+00
-2.807860486667415501e+00
6.816923658029856448e+00
1.564329514400011334e-01
7.190131509463387083e+00
6.467497692521811281e+00
5.145159759623106233e+00
5.967107094976647375e+00
4.644008646968664777e-01
4.650358704215511452e+00
4.726613074162222539e+00
1.810474303529924445e+00
1.860955983321605345e+01
-9.394726694190129734e-01
5.886673607427167276e+00
-4.090344362845915072e+00
4.320810617755229899e+00
5.491010755675976185e+00
-9.812153945581091108e+00
4.143561837489889932e+00
-4.724945252530714512e-01
9.730258366608097731e+00
7.410318771847079766e+00
4.437283338471615046e+00
-7.381987122767485587e+00
7.801057645224993564e+00
5.140311761267566837e+00
4.241638291449536524e+00
1.834153275316399156e+00
1.668278914805378932e+00
8.909372599053726915e+00
4.195862164705552289e+00
5.755403129190639788e+00
4.266668119738747933e+00
-3.081762286347519364e+00
3.718472198763321579e+00
4.326792408491164643e+00
1.107758318278331267e+01
-1.475295815241281261e+01
1.406169024156789904e+00
1.306571966727734679e+00
6.398281274366443228e+00
2.279844578316136072e+00
4.176634303610994969e+00
3.940035428723716482e+00
5.409911802664110425e+00
2.790805160873091939e+00
2.893745277593293697e+00
9.051080814568077670e-01
-7.624985572291302915e-01
-5.588077798425812759e+00
1.596620073162282161e+00
7.034443161014877433e+00
9.367022959181303676e+00
1.030711222043957243e+01
1.132489352461930388e+00
1.004493859458813176e+01
5.315883999535706117e+00
6.212422004386390917e+00
4.512071889297277316e+00
6.785731703218562672e+00
1.554496925499729798e+01
-4.151960505355592801e+00
-1.019214545154526697e+00
1.201769429276239265e+01
5.743187001908383493e+00
3.773111784300435811e+00
3.817166555479718504e+00
3.831050608361348253e+00
4.715106237899197694e+00
8.573852550045675258e+00
-2.174456157123097810e+00
2.991554189860693214e+00
8.536918016607986104e-01
8.460486159788738192e+00
3.477681062400910683e+00
-1.147964468444191155e+01
8.880667220468984269e+00
4.010249799531597326e+00
3.241556600728465742e+00
4.828963415994244279e+00
6.333250304680262843e+00
3.593256713167664262e+00
-5.738407443702584487e+00
-6.926593711468935766e-01
-7.196661395699695873e+00
6.431462915810413072e+00
2.860934526382646670e+00
6.529642635714481003e+00
1.078150219236557916e+01
1.466101893193266115e+01
-1.716764695566039833e-01
1.582633430362523974e+01
2.005807331468617249e+01
7.235854387004089894e+00
1.227789445440733651e+00
6.573744975012139946e+00
2.331816116835641939e+00
7.170893159469303058e+00
6.955298477104578936e-01
-2.016108945831298627e-01
6.280670391727993795e+00
5.234860116331157442e+00
5.360061448739917189e+00
4.832449608191199175e+00
5.288840671179988462e+00
3.681228447494104827e+00
4.926774474095432232e+00
8.471884762069006314e+00
1.446564011486243295e+01
8.864278489471644207e+00
9.941286563708402468e+00
8.593292177019355549e+00
5.270524778509434682e+00
1.850499923800109414e+00
1.114558660501794662e+01
2.956682194166889488e+00
-1.268620138056598279e+01
3.689196199937254228e+00
1.166463657879706162e+01
4.771593593521489041e+00
3.238119438815149298e+00
6.221995794572605654e+00
4.687853187019362267e+00
6.932613836189698731e+00
2.512826084198364729e+00
5.950268604293905028e+00
3.528821578424921501e+00
8.723299932910208554e+00
4.897831330772616454e+00
1.696889146176165042e+01
7.338194987430107119e+00
1.860641110321760383e+00
2.464969871789601363e+00
8.442923352438864271e+00
1.146942338526182326e+00
3.776902744384219801e+00
-1.916061158200514924e-01
6.004171415536591283e+00
2.835129246526225444e+00
3.792287603533095020e+00
1.554304130277173712e+01
5.046992294788915423e+00
3.798483498072156461e+00
5.897668372009914783e+00
4.401884285438666389e+00
7.766643119038509013e+00
4.784986035794922543e+00
3.723846221667987511e+00
1.452640058081912677e+01
4.281269946296514917e+00
7.333979601110495850e+00
1.221726809494061428e+01
1.120522931195112015e+01
4.389712323476660849e+00
1.494125243922103152e+01
1.279386816512168323e+01
5.718159023628703430e+00
5.525994081025023874e+00
5.954724847186598780e+00
7.361144692382543653e+00
1.027020434803070970e+01
1.545917202196005569e+01
3.907963375729319289e+00
3.895544133775252771e+00
-5.513461243620659147e+00
1.059321561406181900e+01
3.124689178560006386e+00
5.108537452036356896e+00
1.091857948932094757e+01
5.914626184373209306e+00
8.064589986980600145e+00
3.750608151547515590e+00
-2.773742441692197858e+00
3.370028201460469219e+00
6.938411459096108125e+00
1.062479409385762530e+01
1.428760725669910236e+01
5.272768558439715925e+00
2.618078976313211292e+00
-8.666616651730862486e+00
5.892220420697959149e+00
1.934306551855674350e+00
1.408909858928982128e+00
4.321485991690137141e+00
8.295368165847317954e+00
7.641127257209886281e+00
9.461400227757435388e+00
2.200293809502102960e-01
8.471855972726958228e-01
4.046164920117289121e+00
1.522617420504116303e+01
7.774808943396163130e-01
7.435918723359341342e+00
5.183690321763372744e+00
4.648942911480080653e-02
9.870001799922299313e+00
-2.454800461698884106e+00
6.479849816217176262e+00
7.393018995586526643e+00
-7.165584226076330054e+00
6.232628789327176122e+00
1.214790594145404157e+01
4.894556014330603944e+00
5.903728303431991620e+00
6.805709309390977069e+00
4.026275810720415294e+00
6.693628937055914996e+00
1.073832236360659742e+01
6.666829977802998464e+00
-3.032012183039932474e+00
1.354419696661945949e+01
1.137398386546790441e+01
6.971816598937382814e+00
1.702014960756923490e+00
6.937727601848822978e+00
4.810295313996046929e+00
3.255133626830428728e+00
5.143361824545308991e+00
1.575657045620375740e+01
6.820514079095094218e+00
3.159626936732539804e+00
7.452652077279673826e+00
4.531852573424949071e+00
1.049830658242709092e+01
-2.236056024021707778e+00
1.665041485879900307e+00
5.337555058496488591e+00
1.047674199037487064e+01
3.704846702675704151e+00
6.653915622060062596e+00
-5.341535893351892383e+00
4.375108493736645343e+00
6.579401902157487214e+00
8.641707052142516332e+00
3.495111379483237801e+00
1.860098461796115821e+00
-2.733233637620906542e+00
9.666650033629206717e+00
7.342782874276071681e+00
1.047884252919435788e+01
5.451981362640670348e+00
-6.332306768443727307e-01
3.688070993868109326e+00
6.796420064453542409e+00
7.148589915965377628e+00
2.988113057632161507e+00
5.482050757651938611e+00
2.490524490573665872e+00
1.141389219324769044e+01
-1.481552408341975990e+00
5.291455713224053170e+00
4.746901461231519015e+00
5.395376976812080727e-01
1.906748259790568412e+01
-1.285643527943636677e+00
-2.824818018012478227e+00
4.039077003333451543e+00
-6.389418148427349564e+00
9.592591569509741234e+00
9.687191537235440464e+00
4.133027973322416670e+00
6.537898932587052236e+00
1.089277890452877173e+01
-1.256669190245770729e+00
1.916245154504333748e+00
8.831184059322996660e+00
1.127180978848472392e+01
-9.969281690385836114e-01
8.526081576186832933e+00
4.439788477172525560e+00
5.205126097155817533e+00
6.539682817846212970e+00
1.025015500433584492e+01
2.050411568682175556e-02
8.078849772610857016e+00
1.082223984942373818e+01
3.542269780725225470e+00
2.539532413497220809e-01
5.063221971877364780e+00
4.968785327063471868e+00
3.009829141937210295e-01
6.136113191733628014e+00
-2.994771908229013846e+00
2.279982326202452558e+00
3.818189390427280561e+00
1.315698644890400359e+01
-3.230951107104296227e-02
4.854194905770527591e+00
-5.853607473314887955e-01
-4.117081925757723582e+00
6.656050131822923710e+00
9.465936206437216782e+00
3.983373699983332905e+00
6.354551513355906955e+00
7.787925761497092481e+00
5.292439661781385141e+00
2.817157805039672613e+00
7.188060874986668125e-01
-6.397038454235536520e+00
1.009816135232555112e+01
6.453895424014632454e+00
9.653505441925583241e+00
7.269940619800748571e+00
6.390800967769059149e+00
9.386169948486919878e+00
6.575802969692460920e+00
6.321000050426713202e+00
1.298166249228940572e+01
6.370006790610469594e+00
-3.977397134882115992e+00
7.942806453208618223e+00
4.238902831166698526e+00
5.735065986537659199e+00
1.131751341000264510e+01
1.875151581058578820e+00
7.527662259083149898e+00
1.769770819034835796e+00
5.766574394441247975e+00
5.166509042294095799e+00
6.907676937284729313e+00
7.884760787596559517e+00
6.742195657660343677e+00
-1.025916320513188040e+00
5.905253914864747600e+00
5.563878990748546194e+00
1.950037383525067725e+00
4.596117301090532514e+00
8.448225786510610291e+00
6.102050478049283910e+00
9.615091809256654187e+00
1.145787561975828162e+01
2.076020018844622506e+00
5.006552127901351845e+00
6.195207268948609070e+00
1.820626291534582109e+00
4.342352899197358340e+00
-9.089319412991526903e+00
1.417009442099743666e+01
2.112469533027094837e+00
3.315309111873737891e+00
2.718798734222859448e+00
-1.912539395399710962e+00
7.749527523657572914e+00
9.984612028745040391e+00
6.080065712778389475e+00
2.155258118313454485e+00
8.624906279807213139e+00
1.562714120676115570e+01
1.400028135749221647e+01
2.567888253947266719e+00
-1.993662810315292688e+00
-3.303933331241735161e-01
3.210730599749055614e+00
5.924894390113210285e+00
3.452989474860964414e+00
4.153803099715518421e+00
6.934016218154291700e+00
5.136082818987697252e+00
4.322124301792406698e+00
6.156245988938762181e+00
4.703192954846569407e+00
6.577276246657406844e+00
6.936099661096706726e+00
3.314875574646331646e+00
-5.406541016421995138e+00
7.070128517517921374e+00
-1.352865416247901464e+00
-4.762820454970301043e+00
1.352033404671332839e+01
1.051227392876360334e+01
8.382030922094630299e+00
1.388968805473146162e+01
3.394641551191051043e+00
3.854873553368224570e+00
6.891164798550755144e+00
-3.415000838366184510e-01
-1.210009248697005546e+01
6.436855574689111847e+00
4.169798827330098767e+00
5.097997560869588440e+00
8.310132744484983291e+00
2.268373227601547804e+00
7.403504302191522335e+00
7.712818747815926912e+00
7.856858337286296567e+00
6.012447702069581901e+00
5.879490419552153568e+00
6.600003437909542470e+00
1.124965643904623747e+01
1.471674795586253559e+01
5.526172964875104121e+00
7.200896828702584074e+00
3.522936460512457124e+00
2.026096262990603414e+00
1.532233022487234564e+01
-9.948703013937771900e-01
-2.305749799884577733e+00
7.147582570185840645e+00
-3.418376133873238132e+00
8.916734785496769788e+00
1.140672564938000555e+01
7.426942446816361176e+00
2.338471712205960618e+00
5.076775227321808970e+00
1.124144019476638334e+01
5.235286956881244791e+00
5.399986987991415077e+00
8.667113221126838241e+00
4.065090065175011702e+00
6.649260012765552119e+00
5.461959471450981596e+00
9.139909164499021799e+00
1.533419561267301390e+00
6.307207929288666470e+00
1.911809818827166652e+01
6.663011386750259391e+00
3.173500267659314922e+00
5.274677435315684448e+00
-1.729311561513470430e+00
6.356067514138969976e+00
8.363214997052619282e+00
7.691527897663524627e+00
1.459519608437505944e+00
-8.126920646478032140e+00
1.200105117662678822e+01
1.593928536079001823e+01
2.580986495236522238e+00
7.025609173478109426e+00
-6.279723236495778238e+00
4.910374148703858133e+00
5.946105902272763366e+00
3.961244380501494966e+00
1.902836697488108797e+01
7.438071775541131636e+00
1.850187658007192315e+00
1.301175160767448880e+00
-1.478762175003361712e+00
1.434316242361658489e+01
5.473554727843073842e+00
3.953765640532503234e+00
7.669199502774707966e+00
1.045259870007793168e+01
8.878357761278618199e+00
5.354871637070801604e+00
1.230224583177873576e+01
6.521272185764115825e+00
2.040522302122677711e+00
9.401445973202168460e+00
6.504792246367325781e+00
6.390193075421409574e+00
8.309595999934805022e+00
6.153098207320466528e+00
1.353845058049611083e+01
8.550027522727168261e+00
2.616714585963407114e+00
1.115693643509614219e+01
7.257046076778361332e+00
1.636832431127611009e+00
1.086370564668221306e+01
6.886488305649539399e+00
-4.900338616332327035e+00
8.015239998071301386e+00
2.152416732607666638e+00
-7.740345759191637143e+00
4.894964728579554780e+00
1.200457668129872602e+01
4.447557329085413791e+00
9.816367222474221776e+00
7.368919236209275248e+00
5.268081814470628288e+00
4.428762219586295679e+00
6.830052457515330744e+00
-7.729434338377975777e+00
3.511617778015008184e-01
4.403731569915039223e+00
5.024918864522847528e+00
3.699917666758988588e+00
4.409290451496715946e+00
-1.418167648884853804e+00
6.469968527720943996e+00
-1.085526573398372108e+00
6.084917173950422864e+00
7.411248148571165650e+00
-7.585953364516766939e+00
3.350695006039605239e+00
2.239726246976258217e+00
2.303023999111691644e+00
3.978795351431822169e+00
6.950107237370350077e+00
5.607979628206385847e+00
4.931658780633629391e+00
2.097772082346538980e+01
9.677297525531921352e+00
5.712397751546104629e+00
3.356945514660163443e+00
4.857511749052999761e+00
6.221850524879000588e+00
6.437690279648419001e+00
9.705932716876445099e+00
1.090662731655108786e+01
8.484152372650990870e+00
7.281896112757746842e+00
3.476345894491945643e-01
6.884751868688470999e+00
6.769788689774918211e+00
1.024697471083791456e+01
1.295570966776270261e+01
-2.623983620471141975e+00
5.675404256991718910e+00
9.508370601365923491e+00
-4.422585080131144153e+00
8.136582044324608631e+00
6.147235132690331838e+00
7.057873749405362496e+00
6.336145869468505332e+00
3.424037967808710725e+00
6.208270364148419596e+00
9.953137627209470040e+00
5.740798712852377861e+00
1.499560044080199539e+01
-1.853352161842451551e+00
5.221665330554464468e+00
6.278661145770554342e+00
-2.248111957053856358e+00
-2.935425880715582636e+00
2.177250300501930269e+01
1.080545555142045799e+01
-7.986396066337057675e+00
6.330343264973299355e+00
7.623518491513332052e+00
1.261508321583875514e+01
-9.463791043448894769e-01
4.552180104688673623e+00
2.375179885801598889e+00
8.656943955498913823e+00
3.353730877655982212e+00
4.054443137826745591e+00
5.120898166381144812e+00
6.801935363810375001e+00
6.294466903915500566e+00
9.533304237990734009e+00
4.584027652342540726e+00
6.787061029351976416e+00
2.017603784652991195e+01
6.037106454895974750e+00
7.062320760782917262e+00
7.170172448087070549e+00
5.395218848512915777e+00
5.584742780942775653e+00
3.482858243789722419e+00
8.118271623172324425e+00
6.620691707718581398e+00
1.403171507468528922e+01
7.017105210620973921e+00
1.179093925978367707e+01
4.361518780438046861e+00
1.205362931385457870e+01
-2.133029381913402744e+00
-6.219621702287033926e+00
1.961778245944415744e+00
1.134556466309517475e+01
3.321982876811169660e+00
6.901852868366809446e+00
7.817846148081920354e+00
2.815571100308615016e+00
9.200242656555342791e+00
4.944922092850535300e+00
1.021870092291371179e+01
1.019092938675302307e+01
1.393179435170977953e+01
5.868903520422144027e-01
9.763816000814294682e+00
3.145391695170679736e+00
1.815808277590297592e+01
9.576362093143545806e+00
6.700376828530386852e+00
4.410657215463940517e+00
1.218330203890125318e+01
1.004332502015534345e+01
-9.436406995091003225e+00
7.284397142197290620e+00
7.579367098844532968e+00
2.020882065965972174e+01
7.676978736649076041e-01
-2.958936234807453047e+00
5.701274296214685400e+00
6.225746346865722813e+00
8.520779042021041860e+00
4.721572239041819330e+00
8.593896065322580213e+00
6.780361791365127289e+00
4.659310558815158210e+00
5.079588439610416728e+00
1.090855799550978844e+01
8.018434046955498218e+00
8.082963759506203161e-01
5.412779247323262766e+00
3.843793478376965389e+00
3.681780095950755616e+00
1.742473294969666853e+00
1.050222955354658971e+01
2.429810042464920272e+01
1.486263745931357150e+01
9.078469361700236107e+00
1.178051787697313912e+01
8.632126106360020756e+00
1.652289837686726770e+01
7.324990059257939556e+00
8.640304792523412658e+00
8.470139074935651990e-01
-3.261308223409363549e+00
2.461874289898085877e+00
1.693045898370083790e+00
8.436954549789223989e+00
7.175060751960407934e+00
1.994428642067351820e+00
-7.569132959990856335e-01
5.441892383541054201e+00
6.989688360281961721e+00
8.003711123257382098e+00
1.648522132379105187e+01
8.323519847428727303e+00
6.016630541141926081e+00
6.224670501949955970e+00
3.682790098989967120e+00
4.225134701585684383e+00
1.376930041101860880e+01
-1.164915195975412487e+01
-4.134214099200951509e+00
5.168891819616979078e+00
1.297437833456103462e+01
5.237571175269799539e+00
6.729536966643090423e+00
-4.348339581856013325e-01
9.974678665702871427e+00
4.470807994278899855e+00
8.953449788453681890e+00
9.926321482129907281e-04
9.191231341552088097e+00
2.033307660293100128e+01
9.326073896060904644e+00
1.688454676387129894e+01
4.977707044229761735e+00
8.635127945324430954e+00
8.878638887703631966e+00
8.401734712004554240e+00
2.267597594602435152e+01
9.236058554631041417e-01
6.914300204389792093e+00
8.561036593446925025e+00
8.123394241239594749e+00
8.497725356035656930e-01
2.372119028235045946e+01
5.338227122164218130e+00
8.052812485994378378e+00
1.113967887072797325e+01
2.591938962312324790e+00
7.894492186835122993e+00
1.255076505974738410e+01
6.637925310284074953e+00
6.833318325260576032e+00
6.610322546430793089e+00
-3.062109093161488715e+00
-3.292563720147994388e+01
2.246171182447355008e+01
1.844232833539927441e+01
3.911110785093060649e+00
-1.857330128582370676e+00
1.289408737532403038e+01
6.277201180583684703e+00
2.604701926456995764e+01
6.469744233519850951e+00
1.532250291897797823e+01
9.819936204766625210e+00
2.027639478662815975e+01
7.863629303524929171e+00
5.612610367145864920e+00
-1.014870782126897097e+01
3.320176868154564698e+00
4.935563561487304796e+00
1.429827439424935598e+01
6.381691269448576342e+00
4.989348367087238501e+00
1.112185115822214598e+01
2.754336087448102877e+00
6.609774436703275136e+00
3.775524103545428112e+00
1.386108979837661259e+01
-9.444610568197468581e+00
-3.580842329817096825e+00
7.351668058789376126e+00
5.499246116526185446e+00
9.587158880849505849e+00
3.061091260930526303e-01
6.010339363494333398e+00
1.193739998709497208e+00
8.502991393499877759e+00
3.063729191961836573e+00
9.216887223552713948e+00
7.291292584739353266e+00
-1.498496650216321058e-01
4.299320869041649118e+00
1.152878532874555617e+01
7.315171896515821004e+00
1.415035566457459204e+00
7.533414615888253785e+00
1.345691329150028537e+01
5.305040507548121731e+00
2.458220087559100264e+00
4.380841156282518689e+00
6.704783882640964698e+00
5.656404711496893611e+00
1.475907309491919150e+01
7.808506680528680910e+00
4.607306816979495068e+00
6.624042790968797334e+00
5.726966062177461403e+00
3.026822665858626138e-01
1.019361755278990600e+01
5.909623250655146265e+00
8.259802178226177460e+00
6.855214691112614389e+00
3.700840298803951267e+00
6.548182160076795100e+00
3.841178805276887154e+00
6.668957668979420106e+00
8.089183304889447257e+00
9.324989523648635981e+00
6.237013977392853903e+00
1.026264984655009371e+01
3.037861859087375382e+00
1.055537243235654365e+01
3.179964101790933029e+00
6.099983999698681991e+00
1.598992764134072075e+01
1.645872908373075205e+00
1.129055112692388541e+01
1.294971422139253292e+01
5.068046792502154396e+00
8.180234353038493111e+00
6.386668574263153708e+00
7.101475310563751364e+00
6.613425661266057354e+00
5.467267171053369346e+00
8.610722384939577978e+00
3.700698332622683218e+00
5.333448641683259162e+00
-7.224231956315776415e-01
3.875656610342298691e+00
9.510516535641517777e+00
2.951607616334148254e+00
3.828655466529569562e+00
-1.136305819582209331e+00
4.776528350359602548e+00
1.526969658156062781e+00
5.801755882941329823e+00
1.384696501896022625e+01
6.653495243978870377e+00
1.028047174413099896e+01
-3.451377459896180611e+00
7.101112583944231282e+00
7.278018623113544194e+00
-1.254106606061281326e+00
-1.949196780682539654e+00
6.399090822759862185e+00
9.184146044345727233e+00
7.374002204120650106e+00
8.740946337145501843e+00
5.157296142255110460e+00
9.502559506531254030e+00
4.207592852718057941e+00
7.511314373272435674e+00
3.794171762582487339e+00
8.037764088935272611e+00
4.902856924697586827e+00
5.054858421630861187e+00
8.057657467037634191e+00
-1.734124625201438619e-02
1.501203808215727875e+01
7.070063176981717490e+00
6.944012116303627913e+00
5.801153013278227633e+00
4.589299999891574444e+00
1.226251185413478950e+01
7.209055319845704801e+00
5.708691523306174354e+00
8.575317849145214666e+00
8.375350433662836380e+00
7.372929811373096776e+00
5.509786113607164637e+00
1.418359507690157351e+01
7.540636638748293485e+00
6.075766053905192976e+00
7.303727190505021838e+00
7.231535926223545019e+00
1.076541772103101202e+01
6.152117882315289776e+00
1.081273929918351051e+01
8.491171266574802701e+00
5.050450695605925411e+00
7.455435968664593460e+00
5.989878824995235718e+00
1.075580662662308562e+00
5.825716375889326670e+00
9.347810928538144992e+00
2.987510476498450807e+00
1.661628606473410485e+01
1.073848092901334894e+01
6.415923837580978173e+00
-3.804912731080534627e+00
-4.593994742862765435e+00
1.053120663536946111e+01
1.553255996625548363e+01
4.637482521007970426e+00
1.594339865317885874e+01
-1.328972595823459102e+01
7.391078813751134291e+00
1.036273401103227521e+00
1.107897095020085132e+01
5.298943350279745168e+00
-4.449474543616290134e+00
1.178887315265598978e+01
5.796944855677972797e+00
1.585570697693248654e+00
3.121280667092066530e+00
6.287852548692585586e+00
6.259777520128261941e+00
6.826776585107635853e+00
3.037782171295162925e+00
6.337773444002637646e+00
1.081482763109442402e+01
8.804906565435381083e+00
1.692892386278167294e+01
1.083511473568300687e+01
7.522821207213670647e+00
1.041243575378497077e+01
6.690703680570553757e+00
-3.332932296581727627e-01
8.422922464334915205e+00
-1.158084425629210656e+00
2.415102412368272056e+00
4.406897139307288214e+00
2.252946446086254717e+00
7.867668038112900497e+00
1.002571813343184104e+01
4.706162515745864638e+00
1.218595630209318337e+01
1.610564312759498407e+01
5.302105847172899900e+00
5.100596191938931767e+00
5.335141770850650111e+00
7.933143881759324501e+00
1.724058542796426252e+01
1.274033254450081110e+01
3.667202841857877260e-01
6.670111069613255950e+00
6.035955405635819560e+00
9.020027050506726596e+00
5.871822387828249390e+00
6.023984890947517989e+00
9.045110134712869510e+00
9.970189243992557238e+00
3.297957501086827392e+00
6.297786794190387560e+00
7.281161938137950429e+00
6.449041397047897917e+00
6.775671869585788265e+00
5.730123969993787370e+00
-3.706098748381309704e+00
7.071688171834261460e+00
5.455450537353650375e+00
6.737872102314051759e+00
4.343260209196349919e+00
1.304564476542622486e+01
8.351291631537719695e+00
7.710962278565965278e+00
-2.735461087631259502e+00
1.065225241728337835e+01
4.523301711309969164e+00
4.749192586634341851e+00
5.361831692037295483e+00
8.939221227510723011e+00
7.926780534847693183e+00
6.470780412529395065e+00
-3.119391343606414679e+00
9.212116435247745372e+00
5.759376249402487602e+00
-2.390015310503324386e+00
-7.583822233318468164e+00
1.356480782242858751e+01
1.927987163372355184e+01
7.723599180033456690e+00
6.840120555283059289e+00
9.439824116162242262e+00
7.877167262316298491e+00
6.435517944014562453e+00
1.654447944713849594e+00
7.394208985922269051e+00
7.338208363024630643e+00
6.603481535886597698e+00
1.007709730110182988e+01
1.997552228887089854e+01
7.038290162507364833e+00
2.596469594704764461e+00
1.016647854839113485e+01
8.491758211365034725e+00
1.404691009938831314e+01
9.262143824964507388e+00
4.654082616866255684e+00
8.880354422174621121e+00
1.510503745670281006e+00
-2.483034013804882534e+00
9.424112753441672652e+00
7.427768981943105864e+00
5.994321277903335243e+00
-3.954911484047915593e+00
1.195159477477641730e+01
1.637530091709339786e+01
-9.300686575750543028e-01
1.624150810346064588e+01
5.598622586845973359e+00
4.103864857524670562e+00
9.535471889331491369e+00
8.987546484709811878e+00
2.148356338535881704e+00
7.933614752322020180e+00
6.780384159793221066e+00
4.542240408163448429e+00
9.945535799934482668e+00
5.697281219918686190e-01
5.949354916826466777e+00
5.767138306003669612e+00
8.387475659976766806e+00
6.465357826685681708e+00
1.169831872737344725e+01
5.358062423051284107e+00
8.728173436170051147e+00
1.437476241550068679e+01
9.631077371795775832e+00
8.067001500538411918e+00
9.826073178036773825e+00
-2.722584249605501938e+00
2.647088286972806515e+00
6.530490725034661992e+00
5.854877957995419990e+00
6.252387678437814955e+00
1.355082726015446326e+01
1.027131565894441323e+00
7.541378716221494471e+00
7.183560342221006145e+00
2.842353036977601555e+00
8.014429963810966839e+00
9.945903051421879582e+00
7.337091084716243827e+00
7.806028298671884968e+00
9.707302996631584691e+00
-1.639247988417801949e+00
3.867516365073350926e+01
6.405276842000058757e+00
7.166850318765161987e+00
2.550892359591782288e+00
9.048886597701745416e+00
8.069655670402156034e+00
5.448722464705642921e+00
1.102936382195870380e+01
1.137054123629914848e+01
4.714008830306799069e+00
9.100295801827888553e+00
8.346819070941437602e+00
5.727463078477466496e+00
6.640372092474109422e+00
8.374882741490814908e+00
2.247589524646191883e+00
9.325586747371509944e+00
7.019282971509956504e+00
7.291799737878466914e+00
1.121124954229470561e+01
5.301566735275653919e+00
7.996776976586047248e+00
9.408723540323773449e+00
7.310481747903483374e+00
8.164823765929211774e+00
6.191701320554276577e+00
7.425389923652666369e+00
6.110094764452611571e+00
6.229702312538608844e+00
5.974052326747973041e+00
8.158739161422969843e+00
6.633309930687216749e+00
-4.490980833391887472e+00
1.157787176309167876e+01
8.012842417070691781e+00
2.659091397146451818e+00
9.913503301393042477e+00
9.429623076643633084e+00
3.880354121320210847e+00
8.553665573132157363e+00
4.704195344623348873e+00
8.822966502188258175e+00
-1.032016258993988345e+01
1.724998697063368525e+01
4.557293700810737036e+00
6.973911307974396401e+00
9.512513729998882894e+00
9.731602706825480453e+00
5.818910028792965150e+00
6.691066546829165240e+00
5.808731430271340201e+00
1.057411211217549685e+01
8.421794715609600246e+00
9.356580927808238357e+00
7.145237042857605303e+00
6.527130560678143567e+00
1.012143755906382303e+01
2.123071230800122500e+00
1.022325754078867988e+01
8.562891911357118246e+00
6.479983488689160964e+00
6.394663182927542877e+00
3.955044554017542513e+00
7.441846430824834435e+00
9.393141275340108010e+00
7.334248163986675451e+00
7.550808033478919157e+00
1.211751532142143972e+01
1.119863079732859390e+01
7.567623216903223593e+00
5.529726218826398920e+00
5.190596973936058234e+00
8.498095219051982951e+00
1.255766550351529176e+01
9.169147272081419331e+00
7.730806523110079098e+00
8.504315394855618493e+00
7.130817404818392546e+00
8.477769631502392045e+00
8.772792338426294023e+00
7.681940475815108194e+00
8.216391969550254970e+00
1.632258486535912567e+01
7.946372279562414320e+00
1.375771298317980396e+01
1.158348348941137296e+01
6.876357977210179051e+00
8.476107294618106636e+00
1.186196789870501078e+01
1.492511670020079428e+01
6.680733774532814806e+00
8.495956218571933505e+00
9.368680987888550860e+00
1.222282874749809167e+01
7.875765168042047293e+00
1.495443419162773324e+01
9.075271728954106720e+00
7.514870262256756916e+00
2.078543077993494137e+01
9.932835227558985736e+00
1.868092741267663115e+01
7.792934969323642491e+00
1.170918238138786549e+01
1.092602064969375064e+01
9.343148937880997096e+00
1.066505087583029798e+01
7.103142990655674893e+00
1.000361710550493122e+01
7.768548834698735917e+00
6.368197120111899423e+00
1.303848181177971455e+01
8.549071620054304432e+00
1.391153811468064561e+01
1.302544645715790850e+01
1.903377075359616200e+01
9.056503913967022257e+00
8.932704883170819343e+00
1.677266725688203408e+01
6.106436632132941966e+00
1.433894098342495482e+01
7.275483036995973762e+00
1.089033825225468455e+01
1.079169096015795581e+01
1.036757169285603553e+01
6.037358468120586963e+00
1.470464996582775719e+01
9.195227587160383464e+00
8.680764705129593750e+00
8.581640316506616628e+00
4.918649209731782435e+00
4.740684028010190509e+00
1.356851982001841606e+01
1.218250069034092320e+01
1.123957189820185221e+01
1.803856605475616881e+00
1.046206644147095410e+01
9.778821196198018484e+00
1.215405156389627983e+01
8.757374756352193756e+00
7.731668732218434315e+00
1.244347464235891465e+01
1.655270508313600430e+01
8.727754290847146379e+00
6.366552447948413018e+00
1.024653745257405824e+01
-4.991689060655565058e+00
1.091730451718792239e+01
1.089200006928985154e+01
8.362364667045731892e+00
7.630900790623242003e+00
4.965567628435195502e+00
6.216720608841034945e+00
5.331421764790357898e+00
2.664549213476584022e+00
1.917106848042992340e+01
1.197574829201181146e+01
2.003980692814022646e+01
5.786579111969290423e+00
1.596975142052891350e+01
8.612407238599738335e+00
2.256336856470449348e+00
8.747809837983201220e+00
8.584862794793448160e+00
4.736420277829592074e+00
6.624728979025215736e+00
1.139688283598792751e+01
1.317132144497239210e+01
1.348037792596089446e+01
3.229030261649754152e+00
9.314717795026430380e+00
6.215116358862458057e-01
8.046256236579683474e+00
6.091397295590138761e+00
7.287308726079142041e+00
7.528354321389567616e-01
8.050792021698745415e+00
8.665463624016883415e+00
9.615250698897195747e+00
9.301182617699355504e+00
3.888542442325055859e+00
1.098002068049078694e+01
6.521412756310987824e+00
6.853473568046974940e+00
1.461631891178540243e+01
1.157418229864343395e+01
9.945529461886327027e+00
6.901518067175659077e+00
1.032590610134956854e+01
3.997397637384612068e-01
8.007502312277942735e+00
9.550144123270293051e+00
8.887839729619845031e+00
8.871870537805769175e+00
1.119348872962432573e+01
9.488046843728035640e+00
1.425035628699906454e+01
9.014989303210244387e+00
9.544870555597819717e+00
9.615266627572415459e+00
9.032765544343432040e+00
6.095369216373567767e+00
9.654996114892092862e+00
7.673580810785726847e+00
-8.168053951436640148e-01
5.966576157602240471e+00
9.308823579838261253e+00
4.581978333196959241e+00
9.955024255749393092e+00
8.029539601819873695e+00
5.786842696689114440e+00
6.477001832447993657e+00
7.246659237228775474e+00
7.074828632336624068e+00
3.660753231937154073e+00
2.193648798982505532e+00
2.953288599976384265e+00
1.058984507395485331e+01
7.156440039750253668e+00
7.418742667793226886e+00
1.611033765510671500e+01
-5.542604828177255527e-01
8.935637037303060026e+00
9.715102182087800742e+00
8.709028281365553070e+00
8.163671223677500421e+00
1.447644349458551893e+01
6.273844014251516832e+00
4.053408247523743846e+00
1.055428808692743381e+01
1.149194188644293746e+01
1.061871610257514398e+01
1.929086828371021767e+01
1.444395572118792614e+01
2.546112141451562394e+01
1.956195747281913455e+01
1.882738273002476959e+01
1.748789297981173618e+01
1.296807020590273574e+01
1.218332450161426195e+01
1.072725808944795034e+01
7.773206753374637401e+00
2.358243574253409136e+00
8.412624387133945447e+00
6.518192797259203530e+00
1.133628658982981463e+01
8.883132554937862579e+00
5.370060944070941922e+00
9.921679626641461525e+00
6.221143713837138378e+00
6.102460175255071562e+00
3.544993395965230221e-01
8.735769473801855867e+00
6.171462481043673343e+00
6.605224452017893100e+00
7.133388441659334056e+00
6.126440305379453832e+00
8.898519416575553009e+00
9.318867170011564838e+00
1.212251095379675370e+01
1.021343701908253898e+01
4.987509044036393391e+00
7.994107332635062235e+00
1.296491792110476382e+00
5.485826612920578604e+00
6.708643845639627123e+00
1.021817554215151347e+01
6.965694608284664469e+00
2.870366109834069590e+00
1.506072239990843009e+01
8.441628613146090032e+00
5.387928960521348287e+00
7.720770847335266751e+00
6.097676477876998291e+00
7.553530606348453524e+00
6.284712565131774120e+00
-1.793597984476802409e+00
9.484775075056880667e+00
1.719349056559841671e+01
5.747223097121895385e+00
3.220430262470727278e+00
6.086262246582560209e+00
7.356750181859670334e+00
4.366837175234662638e+00
7.522559016715240077e+00
6.825765906840874031e+00
7.470115071716563193e+00
2.862817060890137100e+00
5.030148681495660412e+00
5.434471220469770714e+00
7.857073520489286977e+00
1.022108106873132627e+01
1.431219696022912480e+01
7.365051736463914978e+00
5.610286145196168306e+00
6.086069945856699803e+00
4.668495692443037193e+00
5.622724128056584725e+00
4.240382363784124919e+00
6.003218119942160591e+00
9.601499911651879771e+00
3.617992019605001719e+00
8.626810896046878341e+00
4.243512380143513063e+00
8.208963894041914955e+00
9.313920772169495876e+00
1.948431780308652606e+00
5.682787007215666542e+00
6.185917505924576787e+00
1.136864409376132201e+01
1.599793521150266962e+00
9.550214984615987390e+00
4.530822095373496339e+00
9.388729329650765010e+00
5.906600937672955354e+00
1.374767737950256574e+01
6.433398475422466234e+00
6.907288390030344338e+00
8.537201477784135406e+00
3.136290277617689970e+00
1.087398365102939479e+01
8.290007875720611707e+00
4.268166574218241749e+00
1.066822874873690274e+01
4.592705585827780546e+00
8.078437898223471691e+00
8.028559007734070718e+00
5.521084528550456838e+00
2.762293411830857526e+00
7.062754218815888940e+00
7.667291897464232342e+00
8.233178380356212855e+00
5.225932045396231018e+00
1.284770877230055675e+01
6.118472058966325733e+00
6.799128146121996785e+00
1.026430093567630308e+01
6.935641821479873848e+00
1.227815522726365316e+01
6.062119238496016749e+00
6.423152632364410586e+00
7.567077675431017170e+00
3.069759283114219528e+00
1.269504469139068092e+01
6.787732266751245191e+00
7.717722218020192315e+00
-3.105752403863279554e+00
1.152654605528663545e+01
9.253008397472402891e+00
6.416210351735696094e-01
8.935798976433469321e+00
9.967979013152319823e+00
1.060117810518879189e+01
9.378587606255697651e+00
1.081144123321514883e+01
4.097323583831359528e+00
7.174459937921418451e+00
6.656231445401967761e+00
5.026561079706389989e+00
7.971055857779846043e+00
8.240602691719692174e+00
7.428334803504551331e+00
8.609192918459770638e+00
5.910266273609593668e+00
7.062739733830725619e+00
1.009436605839049328e+01
9.816433653885200172e+00
3.204576363117075832e+00
6.930657801351530978e+00
7.772453086105468145e+00
4.679519973943841116e+00
7.062345625005320926e+00
1.020548221591979576e+01
9.501501115637877248e+00
7.984104798243366830e+00
4.997101660665679290e+00
6.314572912574989871e+00
-1.350518818176416502e+00
8.365155236995187593e+00
9.515510657840659192e+00
1.934721794689338470e+00
5.855310801181735414e+00
1.270446392194424234e+00
4.359595364021284780e+00
6.707251138735905727e-01
3.859328258396714340e+00
-1.202301450284236850e+00
4.605036877702687548e+00
4.521696448315471351e+00
1.434261308894642539e+01
5.174926346951982836e+00
3.164009688529509035e+00
1.455604829019906177e+01
7.278709430468027541e+00
9.749629271722502821e+00
4.941598014992942822e+00
2.130197412492926290e+01
9.050798164957143399e+00
1.346272742811381917e+01
1.038787579028625885e+01
-9.730992632335766501e-01
6.986296176997114138e+00
6.964448908647563385e+00
6.617729028514021117e+00
2.985154667030871067e+00
4.354628089823872727e+00
3.483654833557114028e+00
8.256204328455263308e+00
3.911825426833910768e+00
3.734221179748105079e+00
4.428371581706207927e+00
1.586212832990876898e+01
1.414066851246704282e+01
5.913119755315742410e+00
1.026445122714326530e+01
4.873596428005231296e+00
4.191561757580003267e+00
6.329487366016345540e+00
6.302858165604235730e+00
9.358795464362877681e+00
1.382425652663477500e+00
8.858662457658368794e+00
3.535151715247289772e+00
8.152462980157579864e+00
7.013898621234371689e+00
4.252993979073164788e+00
1.327541332956497655e+01
7.955147608492696421e+00
5.621231100647066548e+00
2.771738091508041624e+00
1.128243445729675187e+01
1.088381395822923281e+01
7.250920228079100305e+00
6.018498846239482170e+00
1.523777625694807902e+00
8.539841317508550134e+00
3.939096526896269879e+00
7.051880548436324503e+00
8.539163070076764228e+00
9.151502124099941682e+00
1.117766518906903883e+01
7.890931776404681131e+00
5.553067011070747405e+00
-9.442390375299876126e+00
1.245923646708359911e+01
1.042034900934075026e+01
7.200943801205684558e+00
5.402515287308569114e+00
7.192264469033587737e+00
1.158174227459551275e+01
2.616087455870111711e+00
5.830984906727128880e+00
9.035660080175922815e+00
5.424473987679059306e+00
3.979415429086908595e+00
9.866757945312448541e+00
5.442287571362586007e+00
8.416180388847465110e+00
6.614712115471904852e+00
3.437772528529134952e+00
8.509981110874594634e+00
6.011852111745469074e+00
1.361812343924631463e+01
3.940701086431437350e+00
7.976048235775111017e+00
5.771988296190976087e+00
7.521695800141166899e+00
4.907092113978063885e+00
1.237702074635332039e+01
4.662549502843022609e+00
7.297304334868470299e+00
8.924060481433798486e+00
9.871468874904747892e+00
8.179094257666832846e+00
1.303686763623172595e+00
-7.806519676358902871e-02
-2.523954783435980787e+00
6.339671246393395521e+00
9.047148168419393954e+00
8.865658665975749031e+00
7.779736494456265028e+00
-2.197669917648271465e+00
1.976132864231874287e+00
1.506609798887431673e+01
7.482382810739451884e+00
5.768580423439104266e+00
8.662772121377884105e+00
8.416155840422968382e+00
7.592798486154158866e+00
9.609865705760125110e+00
4.181859052957543454e+00
4.842867103198527090e+00
9.793322818497028237e+00
8.839425574239211159e+00
1.128016596579018582e+01
8.028194313234033430e+00
1.468916184061432162e+01
8.325315919310069646e+00
1.662923179674864826e+01
1.170566163779487923e+01
5.710276963504072434e+00
6.533924275172989127e+00
1.211490271878268565e+01
5.170901679742641477e+00
8.820964895561077768e+00
1.765960029077942472e+00
7.572329425955520499e+00
6.711623350021225676e+00
3.876036852573248925e+00
4.832640358395405400e+00
8.540750673306131802e+00
5.486765681877308509e+00
6.392355160425966965e+00
4.132110148596449761e+00
6.686729219402097080e+00
5.654848903253382630e+00
1.178720767271110148e+01
7.699833583084295441e+00
1.021984802301914108e+01
1.060317112763807401e+01
1.133068912675813422e+01
4.075076889137534408e+00
8.308809251930743045e+00
8.674084242043091919e+00
7.485829392010096228e+00
7.498681874501029299e+00
9.518430798582132368e+00
1.036612568344590279e+01
8.022994724087103791e+00
5.600628595513878594e+00
6.147839275507231527e+00
1.075827775809429454e+01
4.407824004615538804e+00
1.641040713647683447e-01
6.251895046945444179e+00
5.436026579806774173e+00
9.448801650304224253e+00
7.641176779057817114e+00
7.230884207648339945e+00
1.088315080079316743e+01
5.278244745363206647e+00
8.289900953226270630e+00
4.932956862549461086e+00
1.505304079052811161e+01
8.848906263519472404e+00
9.746406866120537416e+00
3.550905293000553797e+00
1.532360323826614135e+00
8.110138946125248438e+00
3.541929319617683092e+00
1.656050811500944064e+01
7.107790429269038590e+00
6.827141497438469209e+00
-3.921740362805364200e+00
9.125536664617003524e+00
9.493045127818199092e+00
-8.144135486367050092e-01
7.579830676375039822e+00
4.057429366666203130e+00
6.561144345215597973e+00
7.832153928058413150e+00
5.017218100341061415e+00
8.990287427954998023e+00
7.940331219645194949e+00
6.143632951548991805e+00
1.045529553864827754e+01
7.447758208011346248e+00
3.893165196128823169e+00
2.297577665752180920e+00
6.054174729534658184e+00
4.481824549787216228e+00
5.747657279739076586e+00
8.562886989457455300e+00
6.771595720468392976e+00
7.934356172615149028e+00
7.651621085214801887e+00
6.474059176952399852e+00
6.913078916465599910e+00
8.929323106970254997e+00
6.998255909067057523e+00
3.564710567187153956e+00
6.476836259979770638e+00
7.593121293543745765e+00
5.972946340520547182e+00
1.079950519911038320e+01
7.880059136273109388e+00
5.634217717790192204e+00
5.018458348545771663e+00
8.015820104590490658e+00
9.883353521895671179e+00
7.113978194022990031e+00
4.580630392198878909e+00
1.126910688125901849e+01
6.781344293720385608e+00
5.851396411589959712e-01
8.752712702419072954e+00
1.411991989821319748e+01
6.268586438534150318e+00
5.545789659988090925e+00
3.702808912786622386e+00
2.534151115236364937e+00
8.600230105521598389e+00
1.036621406020900693e+01
1.486010738915783769e+01
1.930220084698381910e+01
6.773632218850824671e+00
3.740429680137931090e+00
2.046329362783639283e+01
8.160297355864262414e+00
6.423450962209439119e+00
4.804701976595509016e+00
1.839944043467085955e+00
5.950723996669777804e+00
8.707617848261865134e+00
4.475730676623149051e+00
4.339951304416646671e+00
6.765421081309295204e+00
2.688747429105424747e+00
5.703521430691072425e+00
6.757307176124085046e+00
3.158504121727752079e-01
3.965218972518756768e+00
8.280682787918255627e+00
3.757635615713715183e+00
3.445956492313453801e+00
-5.615780974474926523e+00
-9.478389656453462209e+00
7.120530865694219003e-01
6.117879150303029867e+00
6.554790107680930511e+00
4.364320681554731962e+00
7.222178029608630645e+00
3.289183242801481555e+00
7.454565744110060344e+00
7.171790146025570856e+00
4.902027205524948528e+00
6.679599119497327209e+00
1.031946969239704082e+01
8.125366113095088494e+00
7.818362471713114381e+00
9.643407576889842403e+00
1.214055126272038976e+01
1.969033930930088516e+01
6.618142575892173696e+00
7.505387124029458512e+00
1.397413827347905446e+01
7.209981684739465990e+00
8.653760608694517131e+00
1.589348052868183103e+01
5.069817046580622488e-01
9.029203352364982393e+00
7.257912924870876914e+00
4.656951952378600268e+00
3.204890534099820165e+00
6.417230276562926328e+00
8.747179371342529208e+00
1.887889348738006845e+01
8.753829939885232392e+00
4.727707240967028213e+00
3.459588124192682468e+00
1.204954290265615846e+01
1.730624815366216041e+00
5.162639919398314348e+00
1.887272512547196257e+01
7.922545290230263326e+00
-6.383693227273704807e+00
8.749185811160018034e+00
3.676542722948252351e+00
1.389557287463665958e+01
3.894267736715955053e-01
9.383363115972008117e+00
8.644104226954004488e+00
6.832833784630359730e+00
8.978119670729215684e+00
1.061106471551930852e+01
8.848200895445785363e+00
7.210459488704962894e+00
9.779715595263297701e+00
1.645800359411032332e+01
8.019843040219026165e+00
1.275174652884548010e+01
-2.259566625404980655e+00
7.897707688454197239e+00
3.399742247919232518e+00
1.262776664740511912e+01
2.976500523032949097e+00
7.915773087393051632e+00
7.156582259536661716e+00
6.797572850762523267e+00
1.062574594728851807e+01
7.650946396903158586e+00
7.416247415622549966e+00
5.715154110955288580e+00
1.487352540527122180e+01
7.779672800062249038e+00
1.002974152622243587e+01
8.833985915284406687e+00
6.126708662115545323e+00
-6.595795361989154060e+00
7.125475561249741574e+00
3.490149879571602387e+00
4.797151574759883630e+00
1.123030080332589975e+01
1.203482838599262905e+01
1.121076058570717038e+01
8.958874149977997803e+00
-3.970319396021837477e-01
6.272767281253296190e+00
7.577117238498190410e+00
7.285369780918411031e+00
6.858335603011743054e+00
4.328253984402131493e+00
6.344647041854257097e+00
5.602500972996207196e+00
1.103327495376511536e+01
5.050166006887264025e+00
7.774196053412758545e+00
8.247782210146270998e+00
6.604585224465982840e+00
7.643842174604133177e+00
1.020444975789570918e+01
3.435092610989014528e+00
5.684605658978796328e+00
6.626451722006565959e+00
8.476777700907991431e+00
5.628522830502139307e+00
7.498584452342531570e+00
1.027756855989296092e+01
5.665136698744237975e+00
1.744396623213828157e+00
1.175295451307473904e+01
1.263303631978568653e+00
7.101229914673020893e+00
4.216407865379617981e+00
8.352807684921717879e+00
1.038924991951229870e+01
8.229725899886886964e+00
8.136633727677992312e+00
4.507420160872339210e+00
1.589661369367219024e+00
4.002295922633921421e+00
-2.061099770962584898e+00
4.534235827412028463e+00
9.077757596142234320e+00
6.972865485219957193e+00
9.565936309124616344e+00
1.636576303115408848e+01
7.789562410670508363e+00
-9.977171982178649756e+00
7.755956178094729481e+00
1.338831815938325676e+01
5.964841483681063039e+00
1.023287775141622724e+01
2.574051841483035119e+00
7.477916750152623138e+00
4.815378341804460227e+00
7.954510155206619082e+00
2.732009233140889837e+00
7.095133820535266977e+00
1.001574239933859012e+01
9.926714846536899728e+00
1.449010839589454491e+01
-2.823262213943610988e+00
8.144200928836818676e+00
1.288556881754334249e+00
2.557962063648219431e+00
7.764860997153859579e+00
5.054543433434471211e+00
1.206295085436097914e+01
5.999672611533787503e+00
2.347162352480704328e+01
1.234641563537743281e+01
8.791795303761059444e+00
6.754687144541277277e+00
7.441840004437200840e+00
8.393380653582807938e+00
1.221708671187890971e+01
7.633947515573401787e+00
1.952608242839022523e+01
-1.180092082767867367e+00
8.863564331141503772e+00
1.191855148508715523e+01
5.100257550211691360e+00
1.220773112035081986e+01
8.207497030752932687e+00
3.536624833615783281e+00
8.372457858902286887e+00
6.452387835684082695e+00
6.812609629872356187e+00
6.146970608558881111e+00
8.487984376796752883e+00
7.932456871182522740e+00
-2.804738586923482657e+00
7.147501057274336489e+00
6.151551881896892837e+00
6.194016516766980729e+00
3.301711114823956184e+00
8.643303276682797076e+00
9.921811899421513203e-01
5.455641945358792100e+00
2.690275452366440945e+00
4.922311924643313574e+00
6.993330334128920356e+00
4.788570912242427369e+00
4.997658758706739590e+00
6.727315366867935076e+00
1.836240331868818743e+01
7.873745338850302034e+00
8.578010397618207605e+00
6.723769942368535979e-01
6.479115249309706392e+00
4.567356177301370224e+00
5.483684074372183304e+00
-6.803626271821272553e-02
7.356480696547718523e+00
9.339359934893767701e+00
1.654560760665064834e+01
5.652555510179462672e+00
-4.715478223077889552e+00
1.217605505308555713e+00
1.018991980758668703e+00
8.349178158020498230e+00
3.742573639260785789e+00
3.228279137894230377e+00
1.411367892853573380e+01
1.199844652849241911e+01
7.043496176846893775e+00
1.164261626325244947e+01
3.095778588490671890e+00
9.237961074361694003e+00
-8.425611584724485681e+00
-9.463880685659670888e+00
6.064808814222164557e-01
1.083252393292594640e+01
3.137587019078666994e+00
1.276674736370744867e+01
8.537049957667322886e+00
2.840826895258072859e+00
1.251674602515696400e+00
4.597867189741338123e+00
7.095398527450386794e+00
8.763978985865001903e+00
7.788445355132895820e+00
5.035193539423133302e+00
-3.502662018331152538e+00
9.760264927310135619e+00
7.595873945384824744e+00
6.975465239508509718e+00
6.469292077211512115e+00
7.459976232720717526e+00
7.708424037960579511e+00
4.987379299396868859e+00
9.532488520881171823e+00
3.519986347845589059e+00
4.814934273478748139e+00
7.421894033798771773e+00
6.370296717163655309e+00
5.621707811197805604e+00
4.412484518774618891e+00
8.357242224131530506e+00
3.954027622070986236e+00
1.647259961756338242e+01
5.747105493995551484e+00
1.278491833601927574e+01
8.156089372132155901e+00
4.653019560212854344e+00
6.892636302592269892e+00
8.788777672209299396e+00
7.944694026364365058e+00
8.355362185686418641e+00
6.516281234960385582e+00
4.671112289318251065e+00
1.157430325685806238e+01
1.433273774653241972e+01
8.120855592492000952e+00
7.094968762069295387e+00
6.505660670463792705e+00
2.256926895515891118e+01
4.838100531218879397e+00
1.580958315241609569e-01
2.992386936119282304e+00
3.106433154889002068e+00
7.682104277062405728e+00
7.259377741655545613e+00
9.683410866462748956e+00
3.222161806550128738e+00
7.673772647808270619e+00
1.154872514077552381e+01
5.653033002825226028e+00
6.507952914439876224e+00
1.757655874782169114e+00
7.770369637824668274e+00
9.889641968531002192e+00
8.395796293506890606e+00
1.216329287542075832e+01
5.247543608484411592e+00
2.083125514820316937e+00
7.442960605300565469e+00
1.737713497339183277e+01
1.954472205363196124e+01
7.253296244250957869e+00
9.545589121655378761e+00
7.114773345256842241e+00
7.756696559620753106e+00
5.242583325330269162e+00
2.274663374702408447e+01
1.431070620982525377e+01
1.093156893426059995e+01
1.322359665549310570e+01
8.617414826296236896e+00
1.054344492596236371e+01
5.347692237283420802e+00
-2.059018413752374599e+00
5.514941923191523543e+00
5.358027205023994100e+00
2.806865100824782910e+00
6.754021855202267943e+00
1.252092594487330324e+01
7.334660553201445943e+00
7.618080619324458347e+00
4.639979734670367506e+00
-1.684440573081822379e+00
4.611399924596959465e+00
5.473266658751028579e+00
3.374067350207788252e+01
1.090757852029346253e+01
6.875650141134780569e+00
5.486355946581237930e+00
4.350815998042745214e+00
7.575042413557081744e+00
2.834708162514866459e+00
1.049948242474944848e+01
1.357552744969427039e+01
7.425443719295346412e+00
-2.343001835820519574e-01
1.145445393853536231e+01
-5.341030425853112718e-01
6.477834555705544339e+00
7.176446360917426937e+00
-9.328268685164658791e+00
2.729693818094427726e+01
1.486007028756304749e+00
5.458775112672603846e+00
1.316807030158997804e+01
5.954379657761517564e+00
5.429509920000181289e+00
4.263310607240052619e+00
1.103362987996669986e+01
5.914106826080874235e+00
6.640862540467421304e+00
1.480526568673661103e+01
-1.033664567532603940e-01
2.248611454313346769e+01
7.755649362528848734e+00
1.147197102316723871e+01
8.809858262314977040e+00
9.058118971135307618e+00
-6.884058815684435118e+00
1.164542122805794122e+01
7.374068434663382909e+00
8.208516023462907540e+00
1.224845862513006267e+01
1.601112055201464557e+01
2.734335305910233327e+00
5.692797157069581004e+00
9.539750903963611250e+00
7.784874253101099484e+00
1.408017229936989168e+01
6.919922099953327077e+00
1.827563178775797326e+00
6.686065093649109947e+00
1.415617011261851488e+01
3.156906398955634963e+00
2.526443162822122801e+01
9.835960400377588897e+00
4.374794326654146026e+00
1.354365591939956559e+01
-3.776465067175738710e+00
5.841772912324027622e+00
7.441686933656061598e+00
6.622753830155216015e+00
1.028185791785185543e+01
8.156339880918086038e+00
5.740398511926454894e+00
1.393651468438753938e+01
8.982869991547881128e+00
7.039550175126668918e+00
9.562596508565983200e+00
8.188549138238292002e+00
-1.769475206446161408e+00
-1.375091629803935689e+01
1.608380617809748259e+01
-7.970182971129181837e+00
-2.104594260958609908e-01
1.612261254543027533e+01
1.397350903203096095e+01
9.576742394737479458e+00
7.827901003219839282e+00
2.375890329046992377e+01
4.398460537977181062e+00
8.038424484234930389e+00
7.697717668182350259e+00
3.155536674849308554e+00
3.042930977989482422e+00
4.508309754140842784e+00
6.509754435672882700e+00
6.327744756376242563e+00
1.386988435251742580e+01
7.299029733108641338e+00
4.072088864187904278e+00
7.132469155012572948e+00
5.257358220932490944e+00
1.035398075746284974e+01
4.054630813581766802e+00
8.672875604394011617e+00
4.716614415364603019e+00
6.448902125161716903e+00
1.238957144412845679e+01
7.422873720088289495e+00
2.657226706246552084e+01
-3.175670672582436183e+00
6.099232123881905387e+00
6.784460630112093327e+00
3.991007429302091403e+00
-5.090735115729385640e+00
2.402541200217058659e+01
6.013535725649334474e+00
2.956114402929432394e+00
4.660231106255967148e+00
5.044356556915440493e+00
6.407357692446665531e+00
1.082246374992087645e+01
6.712054170326746672e-01
1.307658002087635651e+01
-1.781246164233573737e+00
1.694317242873786000e+01
4.633622587201273291e+00
8.452034551094124382e+00
8.843125684733141867e+00
7.681282477312093349e+00
5.439613487253433632e+00
9.072464137643189375e+00
4.310367863294759516e+00
9.761936932809653911e+00
1.464677410710856975e+01
9.548261611021189310e+00
7.592204415467847411e+00
5.914298045084777300e+00
8.599837133761290886e+00
8.732228019020507048e+00
9.483968701122300615e-01
9.738852891729194994e-01
3.637364266987382688e+00
1.733629155390256749e+00
8.781075295742626352e-01
-1.655520072974319135e+00
-1.780116188157828461e+00
7.091484156047497045e+00
7.020924436856431861e+00
4.927921024448133736e+00
7.117407392674744315e+00
5.717520729484428799e+00
5.056042588639910740e+00
4.756850396651492119e+00
1.200994460817831566e+01
1.324911407352042580e+01
1.936467631118467381e+01
2.979276293361103889e+00
3.826001971734990015e+00
-2.482806297851780641e-01
1.206264791044756635e+01
-5.885642751337558209e+00
1.026589901575704999e+01
1.072713851634917148e+01
1.648654504505516627e+01
4.006965664887593093e+00
1.276932077941870425e+01
1.031410661646814120e+01
8.631862170799715628e+00
7.542401159139563660e+00
7.005079016572866912e+00
9.416241984535384191e+00
1.855154768047825087e+00
1.133765785522437852e+01
6.245456875812413600e+00
1.242557707464192696e+00
-1.743980440408462229e+00
2.168229817748075305e+01
7.408425266672270304e+00
3.111839032387480941e+00
3.035463092181456268e+00
8.281762238883430882e+00
1.202797050824424474e+01
-6.709897181539632882e+00
1.526602085046321911e+01
1.774259094318185603e+01
8.992120096627676418e+00
-1.175218211629509568e+00
1.256120654352493027e+01
9.792255373429320287e+00
8.570247615829035936e+00
9.321231977783936529e+00
9.486860306055859837e+00
1.142432516480565852e+01
7.874367521823879557e+00
6.929713505515132432e+00
6.193800664202274042e+00
3.628149787372863422e+00
9.878370146656585860e+00
9.170843653900242032e+00
9.523267306748250505e+00
-1.498107404051234326e+00
9.034560951056491263e+00
6.065431784176499086e+00
6.240550433769751493e+00
1.001004644566119772e+01
8.276764953967347793e+00
9.562644246758823741e+00
3.897641121693656174e+00
5.178576248651457270e+00
3.794912822223799775e+00
1.150329724027788814e+01
1.474072229784455956e+01
6.878830164720255880e+00
6.185391648767929240e+00
7.370080879658726936e+00
2.747604534407978250e+00
1.450775625320678586e+01
2.474944832942899353e+00
7.759113795119074730e+00
1.374596757933732860e+01
8.571579810577022229e+00
5.843802481400270032e+00
9.224969046838428000e+00
8.115310928561534354e+00
1.823961527475935895e+01
6.822318409296561192e+00
7.228639208507878777e+00
7.236412332330925068e+00
5.775402456692042996e+00
5.358785681074284213e+00
7.650037421665649262e+00
4.252252243764274908e+00
1.070336401789800007e+01
8.149179805600471838e+00
8.047732118188157813e+00
6.782215043683149425e+00
6.219787093569321357e+00
6.646090275188033303e+00
6.385255341594906930e+00
1.299987295544089960e+01
8.364535789759734996e+00
1.273561492230838788e+01
1.132752072650869835e+01
7.698739365225748088e+00
-1.711295831587129612e+00
7.620583706661264500e+00
6.527391010582340058e+00
9.543492714155185297e+00
6.840086172370314799e+00
4.073639407715055505e+00
9.298650041357326756e+00
5.998116466864496843e+00
7.996676283519414064e+00
5.348270149634538839e+00
1.015129479336495244e+01
8.013657971705736571e+00
8.651596813118183960e+00
3.139738064231863302e+00
8.309556203285904274e+00
1.079450092435284780e+01
3.241674421999119815e+00
5.795728041959560706e+00
7.520806114155065281e+00
8.940357508010150056e+00
5.592023280211179781e+00
7.410661319715140749e+00
5.792761227422539960e+00
1.153191546279149016e+01
4.457220763665140417e+00
6.353790414045266566e+00
1.066495119842605455e+01
1.606011043161246121e+01
1.036368274575572457e+00
7.290994955350527107e-02
1.147887829242372604e+01
2.542148237186007265e+01
6.420350378410025982e+00
3.487298194424493403e+00
1.354334871759101944e+00
1.193166458001148555e+01
1.878620485699287457e+01
6.830086689685921364e+00
5.122990115435600345e+00
6.181110331475466069e+00
6.146815932040613717e+00
1.979491108426942247e+01
2.187199802527917569e+01
9.652567560170798089e+00
1.998288225964381937e-01
4.490918988310445670e+00
7.346226606936398618e+00
1.243780494491565136e+01
2.424188790605883881e+01
2.418181949041926071e+00
8.759822709914669048e+00
4.089936602567734170e+00
1.423034876811268390e+01
3.691407732822752141e+00
2.069787162025760630e+00
6.528898651262771580e+00
4.803600975533565354e+00
5.504825258787872322e+00
4.539158111118510419e+00
7.450960782882551037e+00
1.392898516610194903e+01
-1.012594139421057804e+00
5.107608474163473744e+00
1.001852903487002422e+01
1.105215021889671689e+01
1.838947553622533349e+01
2.304427825738859781e+01
1.895221599356361963e+01
1.213061855672559197e+00
7.168625632731933095e+00
4.584296069475755786e+01
2.313571761776265667e+00
5.492161291702633896e+00
-2.547646702303790534e+00
-2.584584803501641659e-01
5.601510731182946401e+00
7.360746366832949583e+00
8.553891976142050879e+00
1.343780564472243455e+01
5.519509353670622787e+00
7.922664854190561101e+00
1.793497635556728653e+01
5.166038018843357449e+00
1.231844185276179005e+01
5.983178149378904465e+00
1.686740297023162327e+01
6.327516901443820174e+00
5.251476933021592686e+00
1.648581365812708199e+00
2.184996174113830847e+00
2.551765858870878034e+00
7.093778302790541446e+00
1.085490666923904968e+01
1.407642456888345528e+01
8.128353106586700960e+00
1.342950028062399426e+01
8.659407768705206010e+00
1.961116614426246940e+01
2.684702812845735309e+00
7.631189994001286614e+00
6.221079305475202048e+00
1.331105767362752346e+01
2.340269780489976625e+01
2.115527166506560519e+01
5.449882355864487771e+00
6.544374809056907161e+00
-5.056199901841287314e-01
1.274644741027701045e+01
-4.821258363631949706e+00
5.295681978961592762e+00
-2.769461557947889219e+01
1.509191208570836906e+01
8.274896580076577024e+00
3.996576088948972316e+00
7.857534884563969868e+00
5.330919004834431263e+00
6.297114566134451863e+00
5.810959947039807005e+00
4.814901251224135592e+00
7.076041237167181031e+00
4.711972177762051572e+00
7.160803944225865081e+00
8.720942124301670262e+00
5.558125581556402572e+00
1.482326392691874872e+01
8.543191464970227855e+00
5.548132687903152060e+00
2.690595672913377001e+01
7.676687011330935206e+01
2.686651824420105683e+01
6.488476231184039378e+00
9.743253456956969316e+00
2.099207940530170013e+00
1.684989300546989455e+01
-4.207472223978690806e+00
1.096967476890468518e+01
7.659996373206151787e+00
3.741735042069598283e+00
1.397826160944978113e+01
1.402716017163658435e+01
9.168417608456978840e+00
4.511045820693523112e+00
4.529803821332203384e+00
-1.249405251426059849e+00
8.260488129213653608e+00
1.017784756754800846e+01
1.367733510015781562e+01
1.180288572934747648e+01
9.439248856917815900e+00
-2.654092884970996380e+00
5.581427055880773480e+00
6.642339402524623182e+00
6.470126187174801480e+00
1.629151494771952002e+01
5.787795437832401468e+00
1.470088081799101332e+00
3.025380035189330297e+00
9.155038250438408909e+00
3.792023018784861144e+00
6.096416416088793255e+00
1.120547463748600947e+01
6.200863738849924367e+00
-9.611073262952967156e-01
1.027298326507753146e+01
1.641842793632790176e+01
-4.334859736706553335e-01
4.204022394564264076e+00
7.742696763826256934e+00
5.899601850754690346e+00
-1.426688869638429225e+00
9.561339483613791046e+00
9.249806363555975963e+00
3.364982489422792433e+00
2.134982596815115130e+01
5.911718505897146869e+00
-9.047321819014015887e-01
7.889321986505248852e+00
4.914465536480848940e+00
9.996348800078177277e+00
9.087460759800793042e+00
6.938540730220961628e+00
-4.116594969483093891e-01
5.856837794459516466e+00
5.764708067383087275e+00
6.410274924453382539e+00
2.497334449784426091e+00
6.310375917889071928e+00
5.196503993845223768e+00
1.142303902904169988e+01
9.868902771438399668e+00
1.054660117875608449e+01
6.887150744314361361e+00
6.408906275642154426e+00
8.360134844572012724e+00
7.569403717949474419e+00
1.306735087536786644e+01
7.842453314064997905e+00
8.372181645525786919e+00
7.735134646180796381e+00
3.061545743631164385e-01
1.327612603451619577e+01
1.258112045903859055e+01
1.317707099668713866e+01
4.623481782380034488e+00
8.375445501882321508e-01
1.875794088387048930e+01
1.217869777829974609e+01
1.392231984327874805e+01
1.902536614366112389e+01
1.606194740226217021e+01
7.646705488575960885e+00
-5.821418587921222354e+00
9.648165607986340930e+00
9.012715521446622802e+00
7.072281349756729618e+00
-3.367062360178678659e-01
3.956906098371777425e+00
1.089207383557474529e+01
7.687060363132209417e+00
1.151426967666307455e+01
8.623470102879188914e+00
1.107344560933734989e+01
4.490803324813076536e+00
2.038447947170083552e+01
1.891860877572620225e+01
1.061774258814935479e+01
2.086098342197297839e+01
2.264375905899503039e+01
7.733214155744624563e+00
5.486963129026605657e+00
9.323332066138588559e+00
8.136036584837892605e+00
1.226323332933348631e+01
9.123384312852138578e+00
1.114859001748911460e+01
6.900831756657379579e+00
8.382759969264059308e+00
1.555337648821572927e+01
4.772590285507972041e+00
1.041273973703377465e+01
7.294379531328945454e+00
1.107656028113380486e+01
2.012598470708229215e+01
1.195093381248966224e+01
1.632444746187545803e+01
1.588812897905463473e+01
1.516442989918504480e+01
1.143697281035827018e-02
6.571079900766942927e-01
1.543443562240010358e+01
1.753205610710670115e+01
2.984967885031773704e+01
1.049896798449336544e+01
1.303132593510201609e+01
1.740359348973886355e+01
1.534323192232437094e+01
1.978988682472349936e+01
1.738882435655909475e+01
1.059359130383385761e+01
1.202228783954240754e+01
1.381330248051547294e+01
1.572391042625576851e+01
3.274482045161683175e+00
6.553304690167228941e+00
7.152514690202563585e+00
2.865848862900660521e+01
1.942546476351406781e+01
1.651881958273741446e+01
1.852183757665623531e+01
1.916766292308563990e+01
2.362944965167376665e+01
3.641831834581374494e+01
1.459315241734532798e+01
1.926152970714839086e+01
2.059410243339868174e+01
1.391762362886746018e+01
1.053068358740818411e+01
2.559355049378503821e+01
1.669217522772152407e+00
1.291648568929995555e+01
2.726680633501811002e+00
3.106308693191279247e+01
1.265571133931595860e+01
6.817289328417322380e+00
1.119769345564455953e+01
4.742000484683788386e+01
2.136469881154808448e+01
1.105715859564650749e+01
9.032511313692907606e+00
1.221806758279761418e+01
-1.869849579905631387e+00
2.942095558732942706e+00
7.872709130321140947e+00
7.918712271260100799e+00
1.261486255436387083e+01
8.106502379524506807e+00
1.722458318888164541e+01
1.641330183874741522e+01
3.565985381133517151e+00
6.394636471402593614e+00
1.654229205613136244e+01
1.221820112266755842e+01
8.610546159626633056e+00
1.125457649580194897e+00
1.427937414709871256e+01
1.607198142919177997e+01
1.007239633557276370e+01
1.593335866578820514e+01
1.218315827802807938e+01
3.195364707331760812e+00
1.391161819957275902e+01
1.341796474373075476e+01
-4.481581559475049659e-01
1.337712925932699548e+01
4.777229890486218267e+00
2.549005819532803230e+01
-1.804970581326140966e+00
4.952749589624180437e+00
8.197876863308344753e+00
1.778834903545107693e+01
7.910192743407211680e+00
9.743062346743718294e+00
8.799287339682653197e+00
6.132862426012138712e+00
1.096129656720338374e+01
9.099439627807269559e+00
6.222279425792411445e+00
1.368116284135788518e+01
1.603101752917072176e+01
1.463451244296465426e+01
2.529932183138355128e+01
1.798932072002975779e+00
1.058972973909950355e+01
1.579854428938080524e+01
6.161822881834441823e+00
4.906411182479649469e+00
1.175348734290019159e+01
-5.194144136704396786e+00
-2.445185164307396519e+00
2.401964725310102722e+01
-1.011029834032394703e+01
3.993025339438776022e+00
1.397876185572726726e+01
8.384232786308245977e+00
7.980750047708388806e+00
1.035972551464906921e+01
3.160374832409693191e+00
-8.961058776371352508e+00
-1.059793675152409520e+00
2.561071667638526783e+00
1.185468333723545697e+01
9.344818370971573529e+00
1.455277942530102742e+01
3.074350511441563683e+01
-2.413915808972560129e+01
-1.199385097567518699e+01
3.942883933032841526e+01
1.743701510857907877e+01
1.780882915769925390e+01
2.379014739561851854e+01
1.373085350101989377e+01
9.865792302477293774e+00
1.028939348708867030e+01
1.001758511009414043e+01
7.459815473098808880e+00
1.009390066707242184e+01
1.540787033501317893e+01
2.349178149050428033e+01
2.002049986595990649e+00
9.140464760743762795e+00
1.140168802220865274e+01
-5.173288847673234159e-01
9.815029793493884824e+00
6.726757267221884717e+00
1.205743438276418900e+01
3.058172879034793823e+01
1.134683541775980409e+01
3.557387110893402138e+01
6.226370652016812279e+00
1.941422540153224574e+00
1.178711396712784065e+01
3.422722844709227275e-01
1.547357857482914412e+01
1.121249949559113190e+01
1.191122643477266863e+01
9.277463189826802292e+00
1.069607861913041269e+01
1.071582127263485518e+01
5.351722804755077334e+01
1.001444821388111350e+01
1.784903316603520196e+00
8.031098284243508800e+00
6.962851258560410983e+00
-1.048290152020804911e+01
1.993490725252026863e+01
1.027265459830711158e+01
1.646910722655400505e+00
7.239273594814743973e+00
-4.402729606142889551e+00
1.501359187221722635e+01
3.018283939779671243e+00
1.026337228198419105e+00
-2.366887572145687457e+00
1.010804072241063167e+01
1.043406977668599822e+01
4.682940159893508536e+00
1.833646849189597816e+01
-1.077215211731025590e+01
5.113479087154805036e+00
7.902953592956968087e+00
-6.808264139087656375e+00
4.771747896632398955e+00
-3.244412171697677039e+00
1.599065398724489739e+01
6.899193498747699493e+00
9.272616736737290921e+00
1.479740300757083560e+01
-5.733990654456521341e+00
3.551582669677542015e+01
5.831188545602625339e+00
1.110681316462209445e+01
2.132292000998884163e+01
4.109034415203765889e+00
8.634429885719795195e+00
6.486939425864081343e+00
5.095802646380027667e+00
2.398468669811779108e+01
2.592400546503472825e+01
4.661404215902763326e+00
1.163701983356798308e+01
2.146389238799379839e+01
9.975575406198105455e+00
2.982723540267097739e+00
4.763998358999738336e+00
3.384183968983379742e+01
7.050427727887817575e+00
5.573712972283138001e+00
1.319003964844777244e+01
-7.080770738925199481e-01
1.680468917232605719e+00
1.704270450007921411e+01
5.632413079342310169e+00
7.338923707013259801e+00
2.626045625655145876e+00
2.033172793813348278e+01
8.169618125945161680e-01
4.538187560206187854e+00
8.954583313234856234e-01
1.958872121276634015e+00
6.638788286945151107e+00
1.272359953111721964e+01
3.210063261771659349e+00
9.322881940681742918e+00
3.912075156084152017e+00
3.179349011302229577e+00
8.508925981508442149e+00
-8.993451345433072674e+00
-3.758200338951420250e+00
4.305164845933720841e+00
7.722100834520094992e+00
6.964642726328602151e+00
1.372990061720356536e+00
1.254313045373875291e+01
9.496375052763227131e+00
8.360667365737164403e+00
4.097337023409441947e+00
8.101137963850799650e+00
9.205775079533623284e+00
-4.675216827655605201e+00
-4.059986315723591588e+00
2.858579002583165440e+00
1.860218995477115200e+01
3.159841236270528597e-01
7.003885027325082113e+00
1.307608867211942538e+01
1.095315885478785134e+01
2.706771434138261156e+00
1.100038965659246060e+01
1.219777572066180582e+01
6.823876771043874356e+00
2.967067669685815812e+00
6.867736115462212965e+00
7.018549227869923968e+00
1.137379209428996063e+00
1.310492720976157166e+01
9.154893576672815669e-01
3.675005718044030090e+00
-2.545219678708118494e+00
