2.533280934592674782e+01
1.726877547648658506e+01
6.269748001378612656e+00
1.429653963289300656e+01
7.735382706877011572e+00
2.268350971668984073e+01
1.866178182864999613e+01
2.115082378855458245e+00
2.878541915160518982e+01
1.431994057968179135e+01
8.616493514801879527e+00
9.726223078371496911e+00
9.911321567701030233e-01
1.614504072843098470e+01
1.376133381701124847e+01
1.153404678844734299e+01
-1.908431316045233572e+01
5.261830695974003547e+00
8.863317518075758628e+00
2.934252161304004858e+01
-1.313804817651606172e+01
3.029618495794605693e+01
7.825807440633936629e+00
1.728933921064011514e+01
2.427555723630484152e+01
1.524573659852216068e+01
1.424886310528515665e+01
-1.195836413517644914e+01
1.077621352808091792e+01
2.756206470047623824e+01
3.428247643131980382e+00
6.277926612791043937e+01
4.779176976486325401e+01
7.535877775224903985e+00
9.871369518632800322e+00
2.089528304105576240e+01
-1.968074458416343475e+01
5.807000752862121473e+00
1.047613667825618045e+01
3.206077380982013558e+00
5.860697341597478349e+00
3.401630750758381616e+00
-7.449415741484127551e+00
4.336483734855643490e+01
1.602574682757055058e+01
8.388313524501850083e+00
3.352457600416578032e+01
5.024682026353737285e-01
1.471642157256848193e+01
-9.485064816542724486e+00
1.426944938372351857e+01
7.000343580353312944e+00
1.297927148718599888e+01
2.194394821583160038e+01
1.138656004972540181e+01
2.128084169080203480e+01
2.572401449283108121e+01
-1.952989545891092504e+01
1.074721359780310870e+01
1.744184221422846903e+00
6.125532368370190994e+00
2.359216778314438301e+01
2.496403109002131870e+01
6.163421021051825655e+00
1.050789271283448834e+01
2.049485809620881227e+01
-2.856654435375922674e+00
2.820571797562545413e+01
1.053751854700382218e+01
-6.192900624031238976e-02
1.601479017742118671e+01
-2.305050189590152954e+00
2.483252688328972724e+00
1.532026842239380748e+01
8.081182701640056365e+00
1.686616271218422369e+01
3.960214417647373253e+00
7.226174246964510495e+00
-1.172534861881993251e+01
2.293097619875010906e+01
1.060577838899785164e+01
1.060063468776943907e+01
9.346458837010125364e+00
1.935106722814828117e+01
8.454488114854189718e+00
1.256435168984143402e+01
1.479199573680613611e+01
4.033552048176098026e+00
1.169582249388354001e+01
-1.435043802227218634e+01
1.090581290602727726e+01
-9.065947374013248350e+00
2.162067477304610108e+01
-2.127749769462627683e+01
-1.464391497819915955e+00
1.104835739526628302e+01
1.568742815844545291e+01
1.426229206596291554e+01
-1.277213136536531124e+01
1.112571589112859449e+01
-4.720337127536586408e+00
1.259990706629559476e+01
5.262697757993914038e+00
9.598898432654330293e-01
1.226412104454283991e+01
5.581242000884243737e+01
1.968916486983874492e+01
1.307506059372178875e+01
8.538581572713743739e+00
2.783700116969212601e+01
1.822953401817605368e+01
1.326043472365526021e+01
4.169155483336109747e+00
-2.973484834596884241e+01
7.659372838854007881e+00
9.743777522899637944e+00
3.901061313060285585e-01
-6.079592035073151379e-01
5.619929376175978319e-01
-5.477608628012973213e-01
-6.171112788593729803e+00
1.436783109008354664e+01
3.917010345174396946e+01
-1.827378501806776967e+00
7.584254180482023600e+00
7.539658322734970497e+00
1.217050127365364176e+01
5.461930994382384164e+00
3.881781903182446314e-01
6.593096605356131512e+00
3.341520511989266140e+00
8.765161515444281903e+00
1.076015032860773957e+01
1.821677275666230145e+01
8.795386211645553232e+00
6.543086799361468309e+00
6.544382937454942706e+00
3.739594377937312686e+01
-3.938142990838105817e+00
1.770773382268172469e+01
3.130847820767103329e+01
1.496535008937117972e+01
5.314206548592610879e+00
7.036240243479761958e+00
7.985778415947323516e+00
2.558896570988000363e+01
1.299467649385282719e+01
5.068749434375776630e+00
1.106565344288523534e+01
-3.174185511410106741e+00
1.068133269286178688e+01
1.995621202233732561e+01
1.070456980163207916e+01
9.717508842047241302e+00
1.177677117234535409e+01
4.821056305224873384e+00
-8.956697429538333921e-01
1.356848735690935293e+01
7.925943494849057025e+00
1.344387307175784230e+01
6.514623555489700735e+00
1.256270369687710620e+01
2.352109348762616747e+01
1.059222326064766406e+01
7.963972162290009038e+00
1.883086193769188554e+01
7.053839481217254459e+00
9.995271420121808248e+00
1.017039246699178179e+01
6.750806038871608017e+00
1.739862074382597967e+01
3.349704009792301918e+01
1.589359045850956775e+01
1.145765696231418218e+01
7.604875700801355443e+00
-1.298401183604324771e+00
-1.522388460503300678e+00
9.919087322239803939e+00
1.456303437613564000e+01
7.811702583066029604e+00
2.088582517290305418e+01
1.415250572614283620e+01
1.577027959142974112e+00
8.765915102960756045e+00
1.074412368657542416e+01
2.424188429972032566e+01
8.118059143800024913e+00
5.918367493826893089e+00
7.349205439345713131e+00
2.960671720885941482e+01
1.380178298715761187e+01
1.857715564014945286e+01
1.386300653433469421e+01
1.087644004152826938e+01
5.566633567803601856e+00
3.980025279650431180e+00
8.121781792599795935e+00
9.148081780869532054e+00
1.355791785433902952e+01
8.640404353845408281e+00
2.475715748490917534e+01
1.273968840500678468e+01
1.630178110391910096e+01
-5.728113163080035264e-01
6.811671274113454189e+00
2.722775764333939463e+01
6.796875165169961264e+00
-1.681086315924032348e+01
-2.799013352099969154e+00
1.072958545835628641e+01
8.561505664646643865e+00
-6.175996014444255167e+00
6.790165621615177116e+00
1.350799252377722937e+01
4.585598755594707399e+01
1.485709461258833386e+01
9.680534015175872753e+00
1.431699750779212010e+01
3.794300103793966095e+00
1.695655124388716573e+01
3.207395656086545976e+00
8.959439131966645320e+00
1.971487066202589133e+01
7.677619914652513700e+00
-4.860000777445780074e+00
1.005421133061194539e+01
-8.882899178834335885e+00
2.966975923796608328e+01
1.384640867014718424e+01
2.362407116796650541e+01
1.729100007981023168e+01
8.549639601027513081e+00
1.791942211254226081e+01
1.667333387116028831e+01
3.506970975870992824e+00
3.908236363435344174e+01
1.123211357089009077e+01
1.668864288807391461e+01
2.063551306258669626e+01
1.240790579760909473e+01
1.627766101128849030e+01
2.286138875048609620e+01
7.166718403226630230e+00
1.601790813344136666e+01
1.105022982746990934e+01
1.628784858273636615e+01
9.579357472689018493e+00
4.740649655501466953e+01
1.683123425174617793e+01
6.161407427570505746e+00
1.256908115382651658e+01
4.270257597613563050e+00
8.328366662755550820e+00
1.403538791270371178e+01
3.403762432271093985e+00
3.775215255737158770e-01
7.129125007834669070e+00
1.116962067169923323e+01
-1.496431493772230681e+01
2.244300851581920142e+01
3.781598206841390919e+00
1.267835509711047948e+01
5.491908124068032748e+00
9.422573552846646550e+00
9.624767647282064686e+00
1.342807495273870444e+01
1.373706697209967587e+01
2.486857754212807947e+01
1.123226906837522954e+01
1.509558342706642975e+01
1.614927775261806175e+01
1.308432660721033614e+01
-2.738484273716025541e+00
1.897976676900423953e+01
1.215549417184287506e+01
6.484522774758632480e+00
9.769811334963659277e+00
3.664253648960337273e+01
3.358323760761992105e+01
5.934270290404202086e+01
6.382979170810714464e+01
7.868436607181699571e+01
7.808825394774605400e+01
6.407090141807795192e+01
1.735021328465602153e+01
1.039916060273869114e+01
1.411244390571275176e+01
2.980615472911363995e+01
1.329304792964522264e+01
-2.515200272534285020e+00
1.054211201621514604e+00
1.163096143423274142e+01
1.456260624880372134e+01
1.449091572828146823e+00
1.260163736547050206e+01
1.398476233832662352e+01
1.628450639655905618e+01
-2.178018999652794108e+00
2.547196835897058520e+01
1.624626917948416249e+01
6.023225367095752958e+00
7.815302611522063181e+00
7.777932348012566166e+00
1.608453595118613322e+01
1.608184996583018744e+01
1.063877478820900357e+01
-5.792577314870232641e+00
-5.581413359204132618e+00
1.911027952482237779e+01
1.490154380331699713e+01
1.748769153434659884e+01
1.858804872674377862e+01
2.020725991189198822e+00
1.436332552648468663e+01
2.034404157611342612e+01
1.091327160878118008e+01
1.598922405550504067e+01
1.271869976859681373e+01
3.299508114904968181e+01
1.686822263796543098e+01
4.617200688026311894e+00
1.502759913264180369e+01
1.494466484659240990e+01
1.999972979001535833e+01
2.117168614736700150e+00
5.288037372025293337e+00
1.319212289812107031e+01
1.745057425782508886e+01
1.301593331482240501e+01
1.374110403617441456e+01
5.466802117097686597e+00
2.215870253062778517e+01
-7.803543687356263803e+00
1.329551860618837011e+01
1.397842281045586432e+01
1.707679595685963392e+01
2.415543199395273177e+01
-1.347660610387810820e+01
-2.380836177509921825e+00
9.558617754759755059e-01
2.286641884701670335e+01
1.382366635870637062e+01
2.050110559109758057e+01
8.545883233504838472e+00
1.339190497101845345e+01
1.950565217985639421e+01
1.293754805658839580e+01
2.552409753513535406e+01
1.530426020173062263e+01
1.510015609825306093e+01
8.616792969184086104e+00
2.126736539316435426e+01
1.157623285046750894e+01
9.015540995145318703e+00
1.594094129662164327e+01
1.494674458985268295e+01
2.710250172466228236e+01
1.290525300164106959e+01
9.255378896080586060e+00
1.518396519096281061e+01
6.747908013803638028e+00
8.268742696898762290e+00
9.300039012061754207e+00
1.025349469726910456e+01
7.975611105048293403e+00
1.103772274443788959e+01
1.298383589079827871e+01
6.383235346350472739e+00
1.296644420663123221e+01
-5.713595296244843524e+00
3.640458855604129695e+01
6.760160409345240318e+00
1.345669484898752266e+01
1.684904426155188872e+01
8.077760032325386419e+00
1.179832589236837492e+01
5.701388745287596649e+00
8.567160716625588535e+00
1.308797805785713386e+01
2.802372293531695036e+01
1.281072562069877030e+01
3.102279682235982960e+01
1.387497581229539456e+01
1.993481661504058877e+01
1.476625383357612797e+01
1.900038796846812517e+01
7.763932304757765301e+00
2.131554250927199590e+01
1.274233158981863134e+01
1.039039366292869282e+01
1.605635908022437164e+01
2.052314739002692789e+01
1.213413025956734259e+01
1.736462349023071283e+01
8.666743809955567812e+00
8.142190511416160348e+00
1.071697247093829830e+01
8.257796475819727533e+00
2.165455458476835915e+01
3.940854894738007985e+00
1.230950480832876970e+01
1.933408590455177034e+01
7.025429139922980681e+00
9.716861081462679905e+00
-1.949912977658894064e+01
1.017068088305078533e+01
1.451806939357282822e+01
1.236514059204229810e+01
9.611362078691504607e+00
2.638920963335998593e+01
8.068492337204121512e+00
2.183551107130809754e+01
2.026471947471356572e+01
1.906414068013846475e+01
1.582504939234512875e+01
1.576514848037726324e+01
5.583854848350615185e+00
1.572534714560769942e+01
1.232891555467343103e+01
1.585715332296139479e+01
9.733152018113138126e+00
1.198642754126706045e+01
1.608431446657199260e+01
6.675060634805349835e+00
8.678868851117517380e+00
1.402159946706573912e+01
1.655365404203223179e+01
2.114085638719257787e+01
3.647924795164774991e+01
7.216195707931063019e+00
2.493650136956676988e+01
1.956180073725377611e+01
3.374259105455781338e+00
-3.699479364372795231e+00
8.272050126440074536e+00
1.659180670092083787e+01
9.957367163953268374e+00
7.502535104588994308e+00
1.444068656884831015e+01
1.374560399528163934e+01
2.312878472820002074e+01
2.521530287162296702e+01
2.238364267326114287e+01
2.656661922162064826e+01
1.730917748211933116e+01
8.013290842847503370e+00
1.153266990527441394e+01
1.085312871617707309e+01
-3.835128557951339445e-01
1.616105057522145927e+01
1.762397918542436770e+00
2.839543528020124796e+01
1.094318654323798867e+01
1.348225501208017008e+01
8.718285928730823642e+00
1.629184769687400802e+01
1.303510700369415254e+01
1.433381801390375365e+01
4.776274635785895839e+00
1.775127828454674628e+01
1.260229940160152928e+01
2.410634789413681389e+01
3.898330912950422444e+00
1.140404583024277940e+01
1.797140159729470099e+01
1.231159757726385351e+01
2.524618258685691075e+01
7.135813906551801367e+00
6.626187441541945056e+00
1.164922849655989268e+01
2.080532013677314751e+01
7.085889101394381662e+00
1.330263642757002884e+01
1.201646114908357887e+01
2.870602833197306225e+01
4.097529168900299723e+00
1.404628215078565567e+01
-8.741439194107812227e+00
1.689442086556571354e+01
2.519577778313964700e+01
9.830959214376603583e+00
1.516205933984333498e+01
6.531685238456600651e+00
1.635753863490351989e+01
9.202137414219077272e+00
1.223713657301478896e+01
1.271121813625074459e+01
1.845904499393236620e+01
3.489935400749583039e+01
1.226870953252766228e+01
1.163060745401496554e+01
-5.597749435519418171e+00
1.708498274063959599e+01
7.704066597420045071e+00
1.598015633055739748e+01
1.396363952094064231e+01
1.577861730791732597e+01
1.770006176388474728e+01
9.032217118335621464e+00
1.468132783407574848e+01
1.548692645706501381e+01
1.056840110175987668e+01
1.127191682175471144e+01
1.259930874134549050e+01
1.066296884125983624e+01
1.325976095321079562e+01
2.419285796021666002e+01
4.995676411635121106e+00
4.169480452282506633e+00
1.077539747654994429e+01
1.046583517266118157e+01
8.726114335436555791e+00
2.811568860433347972e+00
1.841775982371877163e+01
4.198335482793892126e+00
1.833596848911867738e+01
1.512628559236829773e+01
1.227772013217813907e+01
1.240419109598823866e+01
8.399036705176408546e+00
1.199934990449542482e+01
6.957821953352958388e+00
8.493313849956916073e-01
2.559768227832027421e+01
4.308070103618804936e+00
5.971848046866755411e+00
2.203313936655466421e+01
1.446880546742017160e+01
1.202742870758649474e+01
2.387815431590595239e+01
7.577670148857039933e+00
1.202289553274522760e+01
2.012355417416636527e+01
9.895687855188811000e+00
1.539078493365653699e+01
1.950143484844532793e+01
5.010126042805245206e+00
1.641848628878126704e+01
1.161492637615646650e+01
1.050992732671431895e+01
1.433007616660923667e+01
5.434373888478084780e+00
1.236934123194381918e+01
1.533685245021636234e+01
4.104844707018408201e+00
1.703748173097262963e+01
6.254103146282758097e+00
1.375419227611190109e+01
1.573466809102894182e+01
5.758505130707176178e+00
-8.360210882912575414e+00
1.202909077150310146e+01
-1.066631034412950996e+01
1.664455050248498935e+01
1.423845248410685471e+01
7.679452082398966262e+00
4.947509803482566859e+00
1.905649928698276341e+01
1.301380528902649658e+01
2.767055341837855842e+00
6.962778435932989396e+00
2.001595291003357602e+01
1.417367987270460716e+01
1.681034043093207231e+01
2.911163066292110457e+01
1.172366039530645665e+01
1.497244032276332959e+01
9.145680427496728271e+00
1.838391788667807702e+01
1.596686412490327633e+01
1.516936756570326494e+01
1.936198056128539235e+01
9.162463719302412102e+00
5.872052908187669118e+00
1.335206627397466761e+00
2.087089745337389246e+01
1.075044190079910855e+01
1.142091355147179321e+01
2.276880516064338522e+01
9.636744826348721205e+00
8.117744797375967991e+00
2.613510985183591728e+01
5.320643893289272341e+00
1.617573122422746223e+01
1.246857188054877241e+01
-7.353574549344038758e+00
2.474620679531902923e+01
1.181755714164222759e+01
1.942089897318675185e+01
2.198477140335347713e+01
1.434892379964582432e+01
6.121368671386872684e+00
1.683682742937918420e+01
1.161726251266505194e+01
1.452403726035776010e+01
8.214665183569323403e+00
1.924829677322007271e+01
1.736986758384982465e+01
1.233377754647210800e+01
1.217422543039361571e+01
9.514688551358114310e+00
1.546323265996835694e+01
2.485742044531026096e+01
4.868481370591648272e+01
1.574792998450209502e+01
-1.379416811717857527e+01
1.892430198949047693e+01
2.355227326807461452e+01
1.002759458052810260e+01
1.649793180229456624e+01
2.795687397070339131e+01
2.826146968902751411e+01
1.026157509420256631e+01
5.522513431487904967e+00
1.357756075821809993e+01
1.484137831980910782e+01
2.721117488725480626e+01
1.755951663158055354e+01
1.229857137854622273e+01
9.186289792424078726e+00
1.545821323397924019e+01
1.732301680227160290e+01
1.406340276368992193e+01
6.716211401911921897e+00
2.231359678763353571e+01
1.518017674077789003e+01
1.595893927221127129e+01
1.223645599478320989e+01
1.329515713311775826e+01
1.830807834086992258e+01
1.053312801559718892e+01
1.614953984975604939e+01
4.130579965511093121e+01
1.485530179274027063e+01
1.724724158032865517e+01
1.757325048316339533e+01
1.342040166972794069e+01
2.954127291362326346e+01
1.924018164170153256e+01
1.211950106213169676e+01
1.779615360295533577e+01
1.575851415985797743e+01
8.813305058448738905e+00
1.519289704675111352e+01
1.552893522144060334e+01
2.150198720925535412e+01
1.677990583642028355e+01
7.009087940058957855e-01
4.872314609340737235e+00
1.811951435921220366e+01
1.499787182000422980e+01
1.588785414321017697e+01
1.436279635775860619e+01
1.462932653914949377e+01
2.001226207883397379e+01
1.228013288442301665e+01
1.463082485876044103e+01
1.490488553068102462e+01
2.170018603286958481e+01
1.135755751512669498e+01
8.957791693042477021e+00
1.738132729733637305e+01
2.211218402232609748e+01
2.223631671600806214e+00
2.216045702765117653e+01
2.782958995647067724e+01
1.590278970464761343e+01
1.732759994133779458e+01
9.297240339781758678e+00
3.103993081286480660e+01
1.458863416890689635e+01
1.633836962768446455e+01
8.842672713673760398e+00
1.593200199865365896e+01
1.595820347266463024e+01
1.755726380232428241e+01
1.548418406216926435e+01
1.363035028511360736e+01
5.795378536410972004e+00
1.621324210424128864e+01
1.124841846617294294e+01
2.092584661794520429e+01
1.571927957111313923e+01
1.891454569701247124e+01
1.072920013355128432e+01
1.896181918574736258e+01
2.277076055013208489e+01
2.118862365100180511e+01
1.968868488956974261e+01
1.346736708521812531e+01
2.296747673776673082e+01
1.401094036141662258e+01
1.508391294798270721e+00
2.418340853480616914e+01
1.276078260878318105e+01
2.080035472757645465e+01
1.801352716505774509e+01
1.969475126103643703e+01
1.527043430676515889e+01
1.512469256288480146e+01
1.819464925007078193e+01
1.219604826495374184e+01
2.398501702294088744e+01
1.043764184622725821e+01
1.651136982774631434e+01
1.288707770107976280e+01
2.735513200358559160e+01
5.557178719207813700e+00
1.286982928012536576e+01
1.673422613064423103e+01
2.453579852312560661e+01
2.185055084560926986e+01
1.187370961865313390e+01
2.218255230596112426e+01
1.401416704039306893e+01
1.637544570103179709e+01
1.912014351763656705e+01
1.984239769858496061e+01
1.252898972038720160e+01
1.505755294350419149e+01
1.564470753492209276e+01
1.409061769659055585e+01
1.308694282763814165e+01
1.170788115924627171e+01
-5.844560165904955085e-01
8.869025321141766227e+00
1.137924571476682445e+01
2.028221001373262311e+01
8.642779944949236182e+00
6.250331710928846540e+00
1.905180368745616093e+01
1.310654819113187486e+01
-7.463331402549748361e+00
2.079486979873178498e+01
6.299989167699181714e+00
1.537418543668005455e+01
1.306766129292437917e+01
5.794248628481948771e+00
1.055721203837991595e+01
2.584662693696680691e+01
1.204263190090952307e+01
2.441526180815898073e+01
1.204837860196244392e+00
1.000679274056079748e+01
1.701231279815434760e+01
4.581177275557472228e+00
7.756388304363889041e+00
1.790823929515468294e+01
-9.042894834629549905e+00
2.430798461013890943e+01
1.575182629709628301e+01
8.565987311813369587e+00
1.998095194241981432e+01
1.477430822603866467e+01
1.678460356000002562e+01
1.088410229722484956e+01
3.240920159612404206e+00
1.780551421204677354e+01
1.382327722294857075e+01
2.071740006074007923e+01
1.746615785780954866e+01
1.826684636385983396e+01
1.509745512937343292e+01
9.850149266280247673e+00
1.508307607370532821e+01
9.111818333824118099e+00
4.324951427068674548e+01
1.541730480457594687e+01
1.555653955789614429e+01
1.321951113076330131e+01
2.313216981522274551e+01
1.147282270975779461e+01
8.340230314971837089e+00
1.089012029438213958e+01
1.773236507959725117e+01
1.660542594496583746e+01
1.592799241177339198e+01
1.961310488910040561e+01
5.479986041244828243e+00
1.861903253997072838e+01
1.575382787299905019e+01
1.544814847892056875e+01
1.231189859495990824e+01
1.310133970478294962e+01
1.915341587783452582e+01
1.668205951452969771e+01
1.204668814219084716e+01
1.698547760870057033e+01
2.305006760031927371e+01
1.374750499281951477e+01
1.450476028524039407e+01
2.559644718356664583e+01
2.141913573516279001e+01
1.517684867982146990e+01
1.465909981997431366e+01
1.475865917220904322e+01
1.544923783520428273e+01
9.481158707911589545e+00
1.364881141249412622e+01
7.621332235076208050e+00
1.137662148808717433e+01
2.280094393504503358e+01
6.943247336165072170e+00
2.161912128197536731e+01
1.103670880312786373e+01
1.270775750742444288e+01
1.502136947828943114e+01
1.189069319676271164e+01
1.195553200423466578e+01
2.675911871501442008e+01
1.157867638205348726e+01
2.985453899064688699e+01
1.790434398834144858e+01
6.812769477725059808e+00
1.976523820483205895e+01
1.683994327207404851e+01
9.602982889699976710e+00
4.432880805447940276e+00
1.214627938389875794e+01
1.222042961199375988e+01
2.137534155408552294e+00
2.915502397355086117e+01
1.447647650948448828e+01
1.971847774588677282e+01
1.427065808853055628e+01
2.557313167327852454e+01
1.398904979853856112e+01
1.301023789954893317e+01
1.634931125797762164e+01
1.379762541991707536e+01
1.342506711374894479e+01
1.082990090604622679e+01
1.735638533129421646e+01
1.273337732963106816e+01
1.742065759410146342e+01
1.571798591161288705e+01
1.248634862965243819e+01
1.508783781209655572e+01
1.125967121342436172e+01
1.933739568725854241e+01
1.173003211792329026e+01
1.283243575476945253e+01
2.375644723664671787e+01
1.340382911320606674e+01
1.650899358713939691e+01
1.267515941820678016e+01
2.052850666057603490e+01
7.097509623356075714e+00
1.997941048152628696e+01
5.148290925807917695e+00
1.478785311683152948e+01
6.791814144008021081e+00
1.561157542788586916e+01
9.466517769685541595e+00
2.228168070687908298e+01
2.347766342320242217e+01
2.327190846358162801e+01
2.232253950885316840e+01
1.156808076048383249e+01
2.299222015722402190e+01
5.558490282375954550e+00
1.623563216968625511e+01
7.948575480674289651e+00
9.977618539746124782e+00
8.279784038344432773e+00
1.504683197298585107e+01
6.954390414339683524e+00
5.473659357230635791e+00
1.057633020738505891e+01
9.397101229069580342e+00
1.497971968234807605e+01
1.606363244511554100e+01
1.299303258261672767e+01
1.849268666184655174e+01
6.236512152612304405e+00
2.181590905958209348e+01
5.594040921460753601e+00
1.405610384257810708e+01
1.725105254094008345e+01
1.591155913413446221e+01
1.598403147179870487e+01
1.499518313517319790e+01
1.286929122183011032e+01
1.541964470159067524e+01
7.365259189130790141e+00
1.479735432415799323e+01
3.289968326328059689e+00
1.509699887784080019e+01
1.868879698739984363e+01
1.704533005558366199e+01
8.237390936592822399e+00
5.104608228689744287e+00
1.244229731392252347e+01
1.426609718524062487e+01
1.141652254120448262e+01
1.541701688344543975e+01
1.111534798384752776e+01
2.015428541190762957e+01
1.277258487522991182e+01
1.410912285268290489e+01
1.478875552230123702e+01
7.075365733509487498e+00
4.133947363128923413e+00
1.329701170492528561e+00
1.052779165910441428e+01
1.073785429066834318e+01
3.766157754592830642e+00
2.612813058049317050e+01
1.016361857873051910e+01
1.282234017201800036e+01
-5.611615867262329971e+00
9.433315325306999455e+00
1.464103463582251408e+01
1.546561517600270008e+01
9.327077438983856439e+00
1.536824824208314766e+01
1.262996378264761432e+01
1.577650875139910269e+01
4.986035141666302906e+00
1.273478907282365213e+01
1.638905117407805889e+01
1.520254624066594218e+01
1.354474436260317205e+01
1.518050741702221096e+01
2.117844812431826895e+01
1.024390598553818066e+01
9.735070043626652847e+00
1.280302085757945285e+01
1.211916641243544213e+01
1.325707779205774450e+01
2.151417095702415594e+01
2.589166718785806864e+01
1.454824215543944277e+01
1.519497230623226613e+01
1.357766287901934099e+01
1.680523377045167521e+01
1.123811547470264927e+01
1.107556261930316666e+01
8.471171967575372719e+00
2.972495726844490349e+01
2.136331455125981904e+01
3.457290808701970519e+01
3.918819308367309873e+01
2.044722018427529875e+01
2.017067985638821526e+01
7.158750976337239891e+00
1.885229752351318666e+01
8.840639753028717962e+00
1.615082267476269706e+01
3.007753300607269509e+01
1.781548918840451279e+01
1.322043582925647343e+01
1.596311786438714364e+01
1.153976543757018725e+01
1.329635418586370754e+01
1.007641158314195273e+01
1.510949076265460711e+01
1.569215332007441788e+01
1.217325082007056736e+01
1.092031303455113722e+01
1.381498769105804314e+01
2.290251233600751846e+01
1.668680441494766953e+01
1.773912537797449929e+01
1.534590509589465768e+01
2.655477676129537912e+01
1.908891503588125715e+01
1.547489234367740529e+01
1.397431101199426706e+01
1.297766547196830267e+01
1.220542375348123088e+01
1.210963859045822666e+01
1.367598418927712522e+01
1.587275995369599535e+01
9.959790334422638836e+00
8.252854893466631481e+00
1.455166368836327528e+01
1.877997716377982584e+01
1.091910480735568889e+01
1.562188216184222433e+01
1.497791420765952886e+01
1.127625947555192809e+01
1.309022533188807635e+01
1.320792626896322730e+01
4.596909334714744944e+00
1.259165198411086450e+01
1.049403159894571402e+01
1.548288685102683893e+01
1.861753015374146614e+01
1.343746024105912973e+01
1.294120224356939453e+01
1.163378495448311867e+01
2.343713029508920798e+01
2.056962041512861461e+01
1.168235958615760595e+01
1.542563262248006239e+01
9.852758486273145877e+00
1.641588812342732240e+01
1.426108037794610084e+01
1.709601148771919554e+01
2.120710820634266724e+01
1.439783713708469826e+01
1.450999604789368824e+01
2.109183605579314857e+01
1.724245884864144074e+01
1.468230452147263598e+01
1.721098755606653796e+01
1.264766456989269727e+01
1.572457396354163173e+01
2.145008528819159466e+01
8.740312034606567693e+00
1.535481728719435779e+01
1.266937919413956770e+01
1.179043931367016640e+01
1.629272554101321546e+01
1.566736105884888630e+01
1.119915360791100767e+01
1.350864408631689173e+01
1.263077466163301921e+01
1.535757739041008207e+01
1.515021314447340295e+01
1.021914608003673308e+01
1.817006065279964488e+01
1.428455841828858652e+01
1.358851808912776882e+01
9.620101407190084331e+00
1.918995093513577999e+01
1.900242899027827193e+01
1.467087728425125803e+01
2.333617968451824964e+01
1.011494609665982480e+01
2.060405063141606874e+01
1.336931295885513116e+01
7.562813888298160592e+00
2.555585100800215059e+01
1.491893177819982874e+01
1.226518433858771573e+01
1.358414529532721104e+01
2.016111932092092474e+01
1.323947849598455484e+01
-3.139798245208488936e+00
1.070783066159721031e+01
1.691225676487529128e+01
1.731818407501933876e+01
1.166861806937102308e+01
1.069549286131884003e+01
1.232564719339289994e+01
8.405069843551268960e+00
1.479139978254796084e+01
1.636159121511352410e+01
1.516344593992804590e+01
7.762295226761244393e+00
7.822610988770303919e+00
8.284800388807433080e+00
7.984682138700183174e+00
1.416293666796447503e+01
1.396715236908620206e+01
1.458191222488132865e+01
1.307197819248580295e+01
1.185816032238164119e+01
2.233556219379293140e+01
1.497763200200588329e+01
1.459914923435868772e+01
3.891645417635576365e+00
1.520147822567155238e+01
3.793502879315623488e+01
9.471852950178274000e+00
1.308648747460049933e+01
1.441306405226283260e+01
1.672316575623866086e+01
1.423002955527405611e+01
2.683813176723649008e+01
1.444072484464047967e+01
1.032436165103723624e+01
1.676741278335536123e+01
1.121921707689736181e+01
2.013415315978345888e+01
6.450492970585290919e+00
2.024100789376675635e+01
1.232141503837866381e+01
1.148911357637235042e+01
9.903724424665391268e+00
1.821302718682090216e+01
2.479388416928157568e+01
7.543222242882416495e+00
1.634214308454201259e+01
9.335771916865233777e+00
1.464102764148076830e+01
1.068833800358467023e+01
1.050381932317085898e+01
1.500254230028758862e+01
1.585802890826734846e+01
1.261311736334739386e+01
8.385160209962418065e+00
1.550215409736241590e+01
9.266309205294522400e+00
1.293553554240932435e+01
1.424777436170274392e+01
2.444446106991959766e+01
2.292232950860056206e+01
1.728801989998534339e+01
8.815924638332326424e+00
1.172408368915695576e+01
2.407965748302514797e+01
1.025744859307070200e+01
1.574082970171631324e+01
1.532927171458593740e+01
1.730922060136484575e+01
2.200227178611447343e+01
1.481164455898378662e+01
2.105773758212072977e+01
1.423737733000181827e+01
3.589082969702145576e+00
1.077473034237615224e+01
9.455590918878487017e+00
1.134549275926515577e+01
1.452043819262268620e+01
1.488455277986791359e+01
1.386478853459937532e+01
1.476823664708346762e+01
2.248041986271548254e+01
1.441849716624667188e+01
1.527544104595221874e+01
1.593819729336083135e+01
1.632951875405129982e+01
2.910834181986881930e+00
1.209890714120239963e+00
2.685931651826254551e+01
1.845043217388280610e+01
1.301832175303229633e+01
2.395745698371524313e+01
1.755545953409329840e+01
1.173979918603940931e+01
2.473604000295823369e+01
1.503466718907159638e+01
2.175905430880128222e+01
1.110435316780518988e+00
1.346294103677452014e+01
1.536643064205678577e+01
9.410780894138746078e+00
1.721470119718880554e+01
2.092875898183836370e+01
9.499796207442919638e+00
1.563268000067286323e+01
2.177142402583795189e+01
1.933740604841824506e+01
1.303154911505660074e+01
1.946134831192188841e+01
1.492458972706169895e+01
1.181609214930070095e+01
1.475614173032913712e+01
1.662670497915727452e+01
1.506229726968408933e+01
2.503606687335147996e+01
1.227592365126359830e+01
1.727920271360073201e+01
2.766154728536869811e+01
1.953632311038862923e+01
1.356752044869341489e+01
1.083418924041673925e+01
1.582012364755709655e+01
9.034641600982393328e+00
1.273745123399064028e+01
1.505985175289827893e+01
1.488701157409663445e+01
1.929921475069078340e+01
2.718644820476868063e+00
1.176826818438931532e+01
-7.639317151414388718e-01
1.491337084748182029e+01
1.427184239590401660e+01
1.507501099912521170e+01
5.857193956759334519e+00
1.316191008193728784e+01
1.538190535026049055e+01
1.998886499957399465e+01
1.340971543558120516e+01
1.537346242025299503e+01
1.563424435050536943e+01
1.278776649874309612e+01
1.384256065908939171e+01
1.423680449810426829e+01
1.319430358175627838e+01
2.467598350238463922e+01
1.608048013529263187e+01
1.456576053350079469e+01
1.569837171943849974e+01
1.337578894513643668e+01
2.033085464236476980e+01
1.173933394087833193e+01
1.244908132581836568e+01
1.268590270897798966e+01
8.293329524913151118e+00
2.453439526482357991e+01
6.253387856102770037e+00
1.730248335720974495e+01
1.779992503376356794e+01
2.637551175964803818e+01
1.232409907525498483e+01
1.740521747594661406e+01
1.462903037650194271e+01
2.295666821077850983e+01
1.554893232789478219e+01
1.157856172734864941e+01
5.629165562977286541e+00
1.586536301519832826e+01
4.638000394358309464e+00
1.276265664507778830e+01
1.319485886303614208e+01
1.741470423744045348e+01
1.776620539356076023e+01
1.437199341605682434e+01
9.023243016883739642e+00
1.862687509626203308e+01
1.121847747554210173e+01
2.016932265067003627e+01
1.762562470019532057e+01
1.256039287592273723e+01
1.489405361895872559e+01
1.326732728818779350e+01
1.096084374067237377e+01
1.344868678869377732e+01
1.339086519680723164e+01
8.476068007231368995e+00
1.405848738162617018e+01
9.682845177214481680e+00
1.576012640158550937e+01
1.855756609368013699e+01
2.209400072282551264e+01
2.180106514610019275e+01
1.313334069318195496e+01
1.467065515399140274e+01
1.039212395425832014e+01
1.621767472337336002e+01
1.340076763338815979e+01
8.541168136101749297e+00
1.320506522511719361e+01
1.195057592157296078e+01
1.319811083424032816e+01
7.546077733362010598e+00
1.348648341497134417e+01
1.579385689789597080e+01
1.242970931917590072e+01
1.496542791770855274e+01
1.467584543543469167e+01
1.392260210565700262e+01
1.798185031540033663e+01
1.680254788788642273e+01
1.300615896729342147e+01
1.629805813251922331e+01
1.645296283580255903e+01
1.706026638754408253e+01
1.362990531432279262e+01
1.321860011314880978e+01
1.168010470987362837e+01
1.284955350576539779e+01
1.371353188498109965e+01
9.405097930784286575e+00
2.029469349963894942e+00
1.436285438528909708e+01
1.407137877980294682e+01
1.002843425616421769e+01
1.834787307739938100e+01
1.654289081294850305e+01
2.198049461601137367e+01
1.320987096296884822e+01
2.037140295073823637e+01
1.607705952153589735e+01
1.401926531798985209e+01
1.223258906426186776e+01
1.485731280699962831e+01
1.239361849865801446e+01
1.458414573500784073e+01
2.085395020954146617e+01
1.806179378707362559e+01
1.814606195764844543e+01
1.973956580297363672e+01
4.956417789021381637e+00
1.109240169836328960e+01
1.593040923144446275e+01
1.123428797391200540e+01
1.302563122189023836e+01
1.423962472709930438e+01
1.157464075983482665e+01
1.648416655803107389e+01
1.274903616993136524e+01
1.151272058600605774e+01
1.635158016023613925e+01
6.965189197490976980e+00
9.887638720639564838e+00
1.633885502132425671e+01
1.479723261098672538e+01
1.506934763442830594e+01
-1.017631275208280783e+00
9.204459943608428674e+00
1.768060303296156377e+01
2.451772063314229300e+01
1.788007393269719003e+01
1.040810098326058153e+01
3.265458354081166803e+00
2.217415420496261191e+01
1.552860058139717125e+01
1.555952424822736013e+01
1.385359567767838307e+01
1.581627527417669654e+01
1.123468258289231159e+01
1.416140107066813414e+01
6.841151198033404768e+00
1.732076081944310175e+01
1.664524189137896570e+01
4.032117489747459871e+00
1.494212811900339410e+01
1.378674129373418289e+01
1.468309784369196080e+01
1.438827738943766121e+01
1.466387780785867356e+01
1.647675763070638055e+01
1.790120951334107957e+01
1.455721522063911522e+01
1.285656644794848447e+01
1.457436143321433519e+01
2.039971896059930856e+01
1.307926193799951342e+01
1.158941386735437895e+01
1.753700931648911521e+01
1.285527918566083905e+01
1.595364927791493415e+01
1.853606905484241096e+01
1.317886946718029328e+01
1.779765455306873889e+01
1.550322539540963618e+01
1.653151086361209821e+01
1.488496689198719558e+01
1.698610378757295436e+01
1.254268532711878059e+01
1.362391394903503183e+01
1.478425007677877900e+01
1.460824761396084348e+01
1.374629833743378882e+01
1.293250274231296970e+01
1.312664021117118551e+01
8.994795976301997342e+00
1.791351261473819534e+01
1.503459918035045817e+01
7.897585613799673609e+00
9.871718487889800997e+00
1.312359698164041788e+01
1.434269964192489688e+01
1.035024128898340301e+01
1.637390730596962385e+01
1.667948053930457064e+01
2.135978401211419708e+01
9.000518543874758137e+00
1.351960691661462555e+01
1.641183925319080217e+01
8.255329233848469173e+00
4.534850194600659634e+00
1.191287851920955632e+01
9.885272223105779688e+00
1.182859871660174100e+01
9.992003930763047492e+00
1.265889312831811253e+01
3.740580816153505239e+00
1.658430662616643758e+01
1.775682399681091894e+01
1.234719121190666336e+01
1.439003717594501630e+01
1.428608041089062120e+01
9.965890912347187935e+00
1.197252950393631821e+01
9.887934478940062277e+00
1.605388686156829436e+01
1.483203853740475253e+01
1.044296012998718659e+01
9.282759724073599727e+00
1.612928013151600837e+01
1.332141346454581132e+01
1.232004970379002273e+01
1.320289785706571628e+01
9.374461867113161873e+00
1.780237157921492752e+01
2.142815346533510024e+01
1.434113076419855126e+01
1.384158287197221604e+01
2.022853615317777098e+01
3.854324555054390089e+01
1.503259701975793483e+01
2.569048648486138831e+01
1.007653628101084387e+01
1.166405109727690359e+01
1.581429737346641318e+01
1.543676807224726844e+01
1.244467591290888286e+01
1.560253116604406998e+01
1.516836372409650480e+01
1.676901427319150173e+01
7.725965861858003159e+00
1.381196702635554985e+01
1.771431813286102752e+01
1.504402858141666322e+01
1.607305644672257827e+01
1.766167111133690781e+01
1.489657965932098982e+01
4.710808827099422835e+00
7.918511895968292080e+00
1.275984775893921608e+01
1.520637979744896029e+01
9.310279508085393729e+00
3.640019889740079506e+00
1.344952649890684349e+01
1.410541746666460661e+01
1.001237571985176800e+01
1.209913173824996591e+01
1.137485008910200435e+01
1.256189278618697713e+01
8.688480098385930717e+00
3.083765225138757415e+01
8.372598247883349387e+00
2.313439242294876053e+01
-1.275678948266340029e+01
1.313927829157568006e+01
1.585871083941621862e+01
1.663629038592679521e+01
1.625778244347784707e+01
1.258392838234863653e+01
1.410201788004396484e+01
1.289756661117043812e+01
9.640588396624151457e+00
1.179276332575512676e+01
1.353768212925181480e+01
1.240305685116614498e+01
3.260087995165246610e+00
2.327348950297761832e+01
5.065765382673363604e+01
5.534707112548655772e+01
3.533482857615448580e+01
2.789063555214976731e+01
1.285259841914196244e+01
1.096032861008962733e+01
1.433773292839105196e+01
1.223403276281166185e+01
1.161198823501584165e+01
1.133775485329529431e+01
1.380813913418344718e+01
5.788666045866389886e+00
8.661364157573668621e+00
1.064444489418602302e+01
1.127705360674912960e+01
2.115587883984230899e+01
1.005720951963656695e+01
1.831583926429289733e+01
1.366401338758498341e+01
1.190417518918492235e+01
1.405475307377558458e+01
1.754428495049790371e+01
1.569169916258456610e+01
1.368940054773935167e+01
1.461705641608428508e+01
5.152402058798962514e+00
2.366741423914308129e+01
1.279867551543301474e+01
7.483671564931769993e+00
1.218253427129152477e+01
1.367122275288223499e+01
1.460942310819919854e+01
1.205430704330484915e+01
-7.830622371557360850e-02
1.742333660650273330e+01
1.307234228402700360e+01
1.092938529233261491e+01
1.467958591338623009e+01
1.615918597038871596e+01
1.523518606190767599e+01
1.609086718720950060e+01
1.120603083915329456e+01
1.076253616315694828e+01
8.267494264543602256e+00
2.037607695598008917e+01
6.920119355846690468e+00
1.371929149965171391e+01
8.900165843295559043e+00
1.242365525307860352e+01
1.161820064117927132e+01
1.301966889410285688e+01
1.267457603371839170e+01
1.603593114661060781e+01
1.354551768525749189e+01
2.241229668391832419e+01
1.802318742130490747e+01
9.534751236704943622e+00
9.768090842664040707e+00
1.772234501728875244e+01
1.527451607259202859e+01
1.496103366734243956e+01
1.668032566801899463e+01
5.402678630843240626e-01
1.872871577743651983e+01
1.344532541623054200e+01
1.287405154426470411e+01
1.348668437571897272e+01
1.389857100012349989e+01
1.671375476733100385e+01
5.857003504030402929e+00
1.058032239026900179e+01
1.146066602615002950e+01
8.627036712657684348e+00
1.344932319812216548e+01
1.508069604191535262e+01
9.901717780775019406e+00
2.029157244608947508e+01
1.117854132744446893e+01
2.142788913186124589e+01
1.580656509009858723e+01
1.460069123005192004e+01
1.572713503462804852e+01
1.145530332408755569e+01
1.313394434275217648e+01
1.413078238405638665e+01
1.779259755138248167e+01
4.117812165400612656e+01
3.888247112216611612e+01
2.862086735018998951e+01
1.965287614387721504e+01
1.253303102773708488e+01
4.931227158040778491e+00
1.601794899429601315e+01
1.341836692835121880e+01
7.140624350630907280e+00
1.146001142800716366e+01
1.099411270954436226e+01
7.354570468655936999e+00
1.571064612683356110e+01
1.439989369445308398e+01
1.971313039694639713e+01
1.547641774297337669e+01
1.438496345306263180e+01
1.911127672401707400e+01
7.444010672295110709e+00
1.235866196840288112e+01
1.433738913137552373e+01
2.416761022208450882e+01
1.537940778914352613e+01
1.233613716678762806e+01
1.290269937106656428e+01
1.588948487718494817e+01
1.613739600799844709e+01
1.259935294439505959e+01
1.343910961150623073e+01
2.979997294062723867e+01
1.240313257243631284e+01
2.256583108340706545e+01
1.745069605068626117e+01
1.488191872448790321e+01
1.645080630346977912e+01
1.410721439788936671e+01
1.353627807910141101e+01
1.374102131033910545e+01
1.458504280872264758e+01
1.537805868654654340e+01
2.236490328241498915e+01
4.627563318917123780e+01
7.427794397136003113e+01
7.611000444093427575e+01
4.856212406622938715e+01
2.180753937142006293e+01
1.882993385140004605e+01
2.607700750508662679e+00
8.733867875844177675e+00
9.677440010429812389e+00
1.246800869489079311e+01
7.138172839962788174e+00
1.581654725657426752e+01
2.174812001356448121e+01
2.421718790620931827e+01
1.662516303107861759e+01
1.860982766180762127e+01
1.358725882890356118e+00
1.037153333929289545e+01
1.049966015734257496e+01
2.335154700664719130e+01
1.068190878751388695e+01
8.440198714899089794e+00
2.172815027263343524e+01
1.812439496955427742e+01
1.677553505094498831e+01
1.106617354359925720e+01
-6.147827002724358891e+00
1.887139092865839274e+01
1.513381789821521650e+01
2.056169845855933431e+01
1.033186906357897072e+01
1.988770885395673815e+01
1.249639981270021494e+01
8.867035178482154834e+00
1.876118131029286928e+01
1.468625153469672284e+01
1.868142404516214938e+01
1.043323456050833187e+01
1.400334574917162733e+01
1.635416167501596973e+01
1.583952202628497119e+01
1.168453972602344848e+01
1.301748356619090252e+01
1.447414517781658994e+01
1.995810730298380165e+01
-2.022289986443819743e+00
1.676596984632036325e+01
9.867778329597729936e+00
1.774845536432634674e+01
2.520021554995643243e+01
2.212946658151775736e+01
1.359391251824088620e+01
-1.000583862356896958e+01
9.441246153578543243e+00
1.563154661556737501e+01
1.918809952287738341e+01
1.590053538337115668e+01
1.419027029628556846e+01
1.311040973250797137e+01
1.235579311158838500e+01
8.949917995483460231e+00
1.304160016964497792e+01
1.234180332051735896e+01
1.132317938644319710e+01
1.239112457118067034e+01
5.660407069213370335e+00
1.618936138378022704e+01
1.918457657916097148e+01
1.379289271635984448e+01
1.503755732171224579e+01
1.440205249967320356e+01
1.051178764116411024e+01
1.198887229349264416e+01
8.632909004178213053e+00
1.365995135137719885e+01
1.611501104018440245e+01
1.298803582448328697e+01
1.183740691176281601e+01
6.061514554550530676e+00
1.166517248752454528e+01
1.416536844743966661e+01
1.506371127024065260e+01
1.056886300826408132e+01
9.910714593119879012e+00
1.250408099021981378e+01
1.164511875978436173e+01
1.248194515359653067e+01
1.232636175566076808e+01
1.078043937686915399e+01
1.031889456238147318e+01
1.090358022462576670e+01
1.797676716785875328e+01
1.493768371769918346e+01
5.189669181342384086e+00
1.872392733336976889e+01
1.334889598123533183e+01
1.173304461001228205e+01
1.215926484384469219e+01
1.600340144371624618e+01
6.102233883287655480e+00
1.541487699745193929e+01
1.499587351694793824e+01
9.989670571950036049e+00
1.560871614757285997e+01
1.390649528968117110e+01
1.242638344761322244e+01
2.125476096275583160e+01
1.356136323071255489e+01
1.600369790488665700e+01
8.490990082482269941e+00
8.488639082895950594e+00
1.160746810220313741e+01
1.410623457232093791e+01
1.082413102495124235e+01
1.532512246027343039e+01
1.806819047461772243e+00
1.505933917685420198e+01
2.393583166774244830e+01
1.297121055948264967e+01
8.422259118792394972e+00
2.901944226487868761e+01
1.363302633165771383e+01
7.750376078774233513e+00
1.635565445509621796e+01
1.287171864605920035e+01
1.051661133020605021e+01
9.981944496660496213e+00
1.354435524366529364e+01
1.381755211626737889e+01
1.409315786235226398e+01
5.601406169930633006e+00
1.734218672735524791e+01
1.223964852020874616e+01
1.443192319845045901e+01
1.507761377542519199e+01
2.307584120550312434e+01
1.729274743597690289e+01
1.078693231930622431e+01
1.019761284138785307e+01
1.518546142326213122e+01
4.884567084420304184e+00
1.722974262787538891e+01
7.310542363270448263e+00
1.834365472807914799e+01
1.528299427906370056e+01
1.837597403616497616e+01
1.415982343158798429e+01
1.616555495143584764e+01
1.151191971384988122e+01
1.446032333707325890e+01
1.198136304400079766e+01
1.138479249028891616e+01
1.503240067337192087e+01
1.276591701558850467e+01
1.193807749216077241e+01
1.021908680066627362e+01
1.659220769765621739e+01
1.243791091654930447e+01
7.083834621941162979e+00
2.145367715277305010e+01
1.064211775805490312e+01
1.730001110475815906e+01
1.324138624925156371e+01
9.954827056243049199e+00
1.574629746185309820e+01
9.370718038532523053e+00
2.125977961832750651e+01
1.987191697366878174e+01
1.598829397016797316e+01
1.809223341774636395e+01
1.296616814241736471e+01
6.515807460283544295e+00
1.099357524382323881e+01
1.081258037785922355e+01
1.411310178728761677e+01
6.008248624277306327e+00
1.195456135557294175e+01
2.085182769912218248e+01
1.296370151385376346e+01
5.056968420663825015e+00
9.593289936164886456e+00
2.469503520715660727e+01
1.729398094291260790e+01
1.703798608709963958e+01
1.102773382559282389e+01
1.622621766818825861e+01
9.532556489963400992e+00
1.551650071661467045e+01
9.638452756060150506e+00
1.334640892684483227e+01
8.337152622391689860e+00
1.191752614057240578e+01
2.750922339406464801e+01
2.106236023830736670e+01
1.354390591435332603e+01
1.120688698032500419e+01
1.321107027758847430e+01
1.182750751814528911e+01
1.206971250245474714e+01
6.344910312105084493e+00
1.273270570081249886e+01
7.985125437946578586e+00
1.483816687548057800e+01
2.532088639405579045e+01
1.192831919394552642e+01
1.205472379829587126e+01
1.892615243925915891e+01
1.928628676848329704e+01
1.106065179621689154e+01
1.066253211052953986e+01
1.151830607931345973e+01
1.774831368078763560e+01
1.518767156923679806e+01
1.014599075252158578e+01
1.126051201327830142e+01
1.386960392830621558e+01
1.351955782601497091e+01
1.820671532631252632e+01
1.472881091364319417e+01
1.291046387133128981e+01
8.696050948787902968e+00
1.599728614424946471e+01
1.568618445166382713e+01
6.476207422004257808e+00
1.876486593489207166e+01
2.857808006501063147e+01
3.819621849426345861e+00
9.810005583956172615e+00
1.265705069407552230e+01
1.130666847154488153e+01
2.140790808052959093e+01
4.378348146936811958e+00
1.175539010298507492e+01
1.580271937995244436e+01
2.257902664935776826e+01
1.239290355819086642e+01
1.818593394617382941e+01
1.648327538510137558e+01
1.763875678320592755e+01
-2.855527791975553953e-01
1.237276541168189326e+01
1.158006082671991877e+01
1.155872414422829486e+01
1.848574678694498274e+01
1.289176742688833421e+01
1.628295554389562483e+01
2.299711721408994691e+01
1.670638380401996415e+01
1.240762316004269294e+01
1.608119677619078658e+01
1.316998782901526965e+01
1.064521020695299391e+01
1.592775425404578371e+01
1.066037562899865421e+01
1.644310457122193725e+01
1.783114509786633306e+01
7.357703224705830714e+00
8.406840462404797876e+00
1.918855451334126627e+01
1.640591453878069572e+01
1.430484441443346455e+01
1.192606702558812337e+01
1.405185909631305208e+01
1.126010182962302508e+01
4.661170226319697463e-01
1.837270774316604616e+01
2.263028787305417922e+01
1.340149073012305436e+01
7.012992308553540610e+00
2.326703826704129341e+01
8.101732234145542222e+00
6.932266901218130606e+00
9.695711969436265676e+00
1.244765372218355814e+01
1.498808352292483548e+01
9.347256905778419167e+00
1.432089078435107687e+01
6.571543280876062987e+00
1.411438258527379652e+01
1.502999609098134925e+01
1.418960532212454773e+01
1.568661765987050671e+01
1.265535615290587934e+01
1.265629995087259374e+01
1.339263447673693008e+01
1.191627691542411505e+01
1.015529694422453488e+01
1.524740504176885203e+01
9.618597558290694849e+00
4.223937403748444730e+00
1.711621572333153551e+01
7.227199731495583812e+00
1.652086047023071558e+01
9.009037568090407788e+00
2.325534086295872882e+01
1.946654139691285934e+01
1.286632779268459714e+01
1.346727135837938860e+01
1.587238024870397091e+01
9.870227177448676059e+00
1.126131181665069825e+01
1.224115546459204751e+01
9.600099053421491391e-01
2.064008201754026928e+01
1.143956117449176624e+01
2.820254850378272948e+01
9.903038428648608615e+00
1.660898011567068977e+01
2.099455835032437889e+01
1.144442738209873234e+01
1.403437321684536165e+01
2.030276552158802161e+01
1.315833431980419554e+01
1.353354057799869636e+01
1.759169746336852214e+01
5.548795357244917348e+00
1.375930209931494907e+01
1.940614327321225119e+01
1.592803669063969707e+01
9.948645054481678685e+00
9.674567700246264224e+00
1.309688522420713142e+01
1.768656272910526539e+01
8.210316965377094434e+00
1.706465698229705197e+01
1.214480500396058282e+01
1.864070946213485769e+01
2.377921715949451453e+00
1.215922044105115063e+01
1.005717952558460837e+01
1.687084099671819359e+01
1.483645319022700804e+01
1.625773937396013835e+01
-2.677978066833686555e+00
1.300524027308929931e+01
2.958068374272019696e+01
1.127258061474410766e+01
1.396344400677189945e+01
1.041762558929318772e+01
2.038686273151700590e+01
6.184778136148058714e+00
8.802769742199771486e+00
1.392965517994586477e+01
-1.787541374603089039e+00
1.358128542516620385e+01
1.335353285719369865e+01
8.484496366694648017e+00
6.834136753132996844e+00
8.712621657346527826e+00
1.270990911615921881e+01
1.368193833488117050e+01
1.483999197705209028e+01
-1.334605903716413877e+01
1.489252428004669326e+01
1.931277497444039426e+01
-1.114160623863255140e+01
1.496671055847935605e+01
-4.545475242717847308e+00
1.467511575911140298e+01
9.785471442240393003e+00
1.213267733291383266e+01
1.486115911547772406e+01
1.297781219934672059e+01
1.282164977945685180e+01
1.127255739352528430e+01
8.125244898846212038e+00
2.239661596300911128e+01
6.680572900590298957e+00
1.896144768245652656e+01
1.177493516808015883e+01
9.685419061369785254e+00
1.286609052249128382e+01
1.868823650110089218e+01
1.212312651596205093e+01
1.753926239554471067e+01
1.637839490262195952e+01
1.499299946867174427e+01
1.207826229964946840e+01
1.917792027853064241e+01
9.918731611496895084e+00
1.321531139762734064e+01
1.288268426725006144e+01
8.830989104800337941e+00
2.009081705555601260e+01
1.212595202451313625e+01
1.548220596453828080e+01
9.567634228396931562e+00
1.423328055189942987e+01
1.489608730805057846e+01
1.226433989812396952e+01
7.474155070095394038e+00
5.228733885574193607e+00
1.776087231838262426e+01
9.780884312814063009e+00
1.039144902975024465e+01
1.363287069660568385e+01
1.163336874686097744e+01
1.118385948305619948e+01
1.213260324164962611e+01
1.624242097429976894e+01
1.858268475825767041e+01
1.800914493391411852e+01
4.203859727148843817e+00
1.339749253644096960e+01
1.705008206166314721e+01
1.120179038301716723e+01
1.265440776759644947e+01
1.409434294208522331e+01
1.027580372858156821e+01
1.989641229561642533e+01
1.431678685330558487e+01
1.235164229659533852e+01
1.387290105882041047e+00
1.456335791889431341e+01
1.434461050145757888e+01
1.640449839399485299e+01
1.379955100164492698e+01
1.301853729136521665e+01
1.632283800921975825e+01
1.320524926887897088e+01
1.436677134701498915e+01
1.320072423086365809e+01
1.366205339106444505e+01
1.283264967441818527e+01
1.137391129434383075e+01
1.490387523796797531e+01
1.283251422815100184e+01
1.482462987042521263e+01
1.136873739843318987e+01
1.070669291584665572e+01
5.398987564190122157e+00
5.304134631446242309e+00
1.241205715508196228e+01
8.466276706099964855e+00
1.459351217812918300e+01
1.636798936638724555e+01
1.923990943013321697e+01
1.278902734981519806e+01
5.441273480216402447e+00
1.055527170434117501e+01
1.810179467225578875e+01
1.263395413185130955e+01
4.861850512056958173e+00
1.234871691519648174e+01
8.554638618528480620e+00
1.060610867044898953e+01
1.739365678003895255e+01
1.056560228201877649e+01
2.023935741126503984e+01
4.233782271427710242e+00
1.291022045871296342e+01
1.332009412128419434e+01
1.318394003659723168e+01
1.971438137100235366e+01
3.368675604199605544e+00
9.768177085877791654e+00
1.443926156676961448e+01
9.996211823142566288e+00
1.380708915601165288e+01
1.478997437749006671e+01
1.440902899325365993e+01
1.330474981992208683e+01
1.221589981939640879e+01
1.195072086192495675e+01
1.908650821939262343e+01
9.376009859989009598e+00
1.027917799166640123e+01
1.343726358056557402e+01
1.332055153026766448e+01
1.165070611427261582e+01
1.701216111609797466e+01
9.959001246779401129e+00
1.433034437073581913e+01
2.156352727932851465e+01
7.353305756331491416e+00
1.256546603760981462e+01
8.363334489558297946e+00
1.076802571499466232e+01
9.822962342671901936e+00
1.207178378218002912e+01
1.082215422087725187e+01
1.436866047477019137e+01
1.099466116055430831e+01
1.486471248493341335e+01
1.409634012322380414e+01
1.137197168310024153e+01
7.775229440770887734e+00
1.617430657953603301e+01
2.483304473499156728e+00
1.651238486631106639e+01
1.038151056112822346e+01
1.200183289648528984e+01
1.314108521088920156e+01
1.419407449885023098e+01
1.524953537722015007e+01
3.263022172592171088e+00
1.089181931820417759e+01
1.180876327893206934e+01
1.185661904418912727e+01
8.283462174237110176e+00
8.778261539964669069e+00
1.129379495235009578e+01
1.423171515432472134e+01
1.473220216461170651e+01
7.453160216142966199e+00
1.231012027512084472e+01
2.116576212786713285e+01
1.065074237895531262e+01
2.176040728129600410e+01
1.062075987992608006e+01
1.065468989123097998e+01
1.430877313549415142e+01
1.325758265036918182e+01
1.375465259504321658e+01
8.998143645738553076e+00
1.689847011085136330e+01
8.955177892670288742e+00
1.096473199441845559e+01
2.276252673556405881e+01
1.156864246786883399e+01
1.553866957890232570e+01
1.253025701849975171e+01
1.240632701786941006e+01
7.128011597290185186e+00
1.331445156938846530e+01
9.929261960017592870e+00
1.956741432845512918e+01
1.306574212233299015e+01
1.569695346618257581e+01
2.760201779595973903e+00
7.162156241852224881e+00
1.124019518164818265e+01
1.302531059393296253e+01
1.258493512570646722e+01
1.217082150089753689e+01
6.223953876317674272e+00
1.368951357303634353e+01
3.353759164083808031e+00
6.515508821272846696e+00
1.306230101995092241e+01
1.611445113000470286e+01
1.510908590376239680e+01
1.838366997087426924e+01
1.309694017035255342e+01
1.257624805810338486e+01
1.289062977514167585e+01
1.641262677838554040e+01
1.331651070895772726e+01
8.919255007518534839e+00
5.890501738398969067e+00
1.107444206917609009e+01
1.595068805060304484e+01
1.937972220488881447e+01
3.027615528377525678e+00
1.716511045645081524e+01
1.242242979496509570e+01
1.617650202715459073e+01
8.436471447786830780e+00
1.473022762709877753e+01
1.234670937602604468e+01
1.195805439151807725e+01
1.686115928220161564e+01
3.864795933358575297e+00
9.581923569505644167e+00
1.144034145247623080e+01
6.911468743438944351e+00
3.842269037428941658e+00
1.137551354264460812e+01
1.202147228615393715e+01
1.258611536462129088e+01
1.185469860894576399e+01
1.032920212978845242e+01
1.222304643098420840e+01
1.410216214130401724e+01
1.074618702385687108e+01
9.801281166033145809e+00
1.182629018723641678e+01
1.819361615730576176e+01
1.325052497445326871e+01
7.902602435487871446e+00
1.252231945880905783e+01
1.250443842338269818e+01
1.352774817166345933e+01
1.457586342329616080e+01
1.286483167065823530e+01
1.543944141041388285e+01
1.494986294529720539e+01
1.365748652540735009e+01
1.308340677400029683e+01
1.260800918638006429e+01
9.972804705549934923e+00
1.251301432384541457e+01
1.239612731950074931e+01
1.647220374320761138e+01
1.321329288799719315e+01
1.037348742626669917e+01
8.776927633330588563e+00
1.624652841206025400e+01
2.056700714433534927e+01
8.096182508177429682e+00
1.893333843519676662e+01
8.292491991909543003e+00
9.707112122166257961e+00
1.473082766489235951e+01
1.437554055615857251e+01
1.199785424896590769e+01
1.568129143618722665e+01
1.311312509532835335e+01
1.412763089221654411e+01
1.269574005169648778e+01
6.631190689823716511e+00
1.113924864081921307e+01
1.292885441368230914e+01
1.485692566202957643e+01
1.626570442139059125e+01
1.211221324231475727e+01
3.577019812485508155e+00
1.150876036601761498e+01
6.818238886574829571e+00
1.484509202301358144e+01
2.004483180127238029e+01
1.424637224024043114e+01
1.323442980889658038e+01
1.284133973856794597e+01
1.360304771505929899e+01
1.041617660050810024e+01
1.564840046312227173e+01
1.679031757230341171e+01
1.242190098866583092e+01
1.190415205738468529e+01
1.845407781485774734e+01
1.616318314422720448e+01
1.699925409245315677e+01
1.480229383522149789e+01
1.246517918864103258e+01
1.392260762809135066e+01
1.615336005154864552e+01
8.688372760835560982e+00
1.242082765485308649e+01
1.668707811399557883e+01
1.828934423896635053e+01
1.192623523508126127e+01
5.186400533433629612e+00
1.459223406785218913e+01
6.098436188479932518e+00
5.511768965441634194e+00
1.166574654827254420e+01
1.484680150300706636e+01
1.427186571338463139e+01
1.078559513997383768e+01
5.704267427222388775e+00
1.070631969787702609e+01
1.306545192597298488e+01
1.490823544756158547e+01
1.047982992625052034e+01
1.161949249333179424e+01
1.121813538281719147e+01
1.562139139129174481e+01
1.333698283025939801e+01
1.375271810418659157e+01
1.838791262796829074e+01
1.179159922911337155e+01
1.620831643821106383e+01
1.302592477004080962e+01
7.647640120001378605e+00
1.391895472563452607e+01
1.057092942267142632e+01
1.208947180809409616e+01
1.241364934867750058e+01
6.290911982700627014e+00
1.411737257709392068e+01
1.035450290235524129e+01
1.553717346142047262e+01
5.058898867472150229e+00
1.323824332468869613e+01
1.585040577109471549e+01
1.225021587052177630e+01
9.696975979307136839e+00
1.052068024076628205e+01
1.982540977148519445e+01
1.155955217294416393e+01
1.291987840454606129e+01
1.406743967398263706e+01
1.253219558182589566e+01
9.113724301290183405e+00
6.779018303390398792e+00
1.006902871022889556e+01
1.147996120910568862e+01
1.198817545505420412e+01
1.692835956635409289e+01
1.253292118637470942e+01
1.044638548343777451e+01
1.386638648013099839e+01
1.280085210077032798e+01
1.257495965667161997e+01
7.941271098070859402e+00
1.972824563306372170e+01
2.502854014196466181e+01
2.068525225353793928e+01
1.532829241336691872e+01
1.331187410218091216e+01
1.464877841865786223e+01
1.154253603407184059e+01
1.046376577063854896e+01
1.432526720965819500e+01
2.344505124852787148e+01
7.790846187998798023e+00
1.411475932879790207e+01
1.006636721863503858e+01
1.592616966145071267e+01
9.351722559432026571e+00
1.207532404926952374e+01
2.541558111937451514e+00
9.928129732435477806e+00
1.550452435192989675e+01
1.249980503956342659e+01
1.248068052220435753e+01
1.653641426404531245e+01
1.281316858165976136e+01
1.208223062688462335e+01
9.397295009332069071e+00
1.313004192536477177e+01
1.357777379335039214e+01
1.645470632773303521e+01
1.072742180759904684e+01
1.587192174150385959e+01
1.287324525662359243e+01
8.349341820077984977e+00
1.682126510566314082e+01
1.103482415288706697e+01
1.336344815096339111e+01
1.368572938752846113e+01
1.150973029346373444e+01
1.158868316457684955e+01
1.332000308373134523e+01
1.101714925898531305e+01
1.431050067923569813e+01
1.335880193351516709e+01
1.106616018312195138e+01
1.302377925142510051e+01
1.617733442220831463e+01
1.051271854799205130e+01
1.202604443248521093e+01
1.575032744280143149e+01
1.921169673971742853e+01
1.262584225536091864e+01
1.342399517347451976e+01
1.210659737664282254e+01
1.682779900848647969e+01
1.231431021655413360e+01
1.216267032586950947e+01
1.261756365282874803e+01
1.733235648714801513e+01
1.254019924754379822e+01
1.082438101522938112e+01
1.281542381946267994e+01
1.379203349920436850e+01
1.310388023630216026e+01
1.309442630286666009e+01
1.408970071741334706e+01
9.856552013931901612e+00
1.331712653193134699e+01
1.156157712536503723e+01
1.029695859415758008e+01
1.203145230047974046e+01
1.653389141292748477e+01
1.312616003711970336e+01
1.695112595408346934e+01
1.145096974071050688e+01
1.251590472269020538e+01
1.233778936770307588e+01
7.881817209156161574e+00
1.483450356264958181e+01
1.143858551555775449e+01
1.348967689352864952e+01
8.691978202552569144e+00
1.301817739434366850e+01
1.190175922914157880e+01
1.728946705767202019e+01
1.549700179943477174e+01
6.788700973842663799e+00
1.230905099702191485e+01
1.165529651174233194e+01
2.219609195436787275e+01
1.924271265827125887e+01
1.340998572838639902e+01
1.353933159594437896e+01
6.387844599937864132e+00
7.293779707138017265e+00
1.269157874342233505e+01
1.199955103593754302e+01
5.173749769765420226e+00
1.556190671997224939e+01
1.200108707082047488e+01
1.035808368955730785e+01
6.376933081248917112e+00
1.092481449138353256e+01
1.207892642844936226e+01
1.289007106446137385e+01
1.013987523176441741e+01
2.116895843420052614e+01
1.396893326645209754e+01
8.984038814776955206e+00
1.226988869275561278e+01
1.183797952792371966e+01
1.500865071019349273e+01
1.241537173579129849e+01
1.484805250590053305e+01
1.589373200770191019e+01
1.445786863230618735e+01
1.673397211154816588e+01
1.255533757985060817e+01
1.484029597088011521e+01
1.736427389081982753e+01
9.854507881712542883e+00
1.210542638370785973e+01
1.011846390673673213e+01
1.327562618051290499e+01
1.544240967510039120e+01
1.455399883499703861e+01
1.263718426668333805e+01
1.371871970940298802e+01
3.822633639410998541e+00
1.228747496896288993e+01
1.484526248840797358e+01
1.423457562180747082e+01
1.524907861091159589e+01
1.883930164537790120e+01
1.342354486705138683e+01
1.286212991888634072e+01
1.285479755411446412e+01
1.393665038835063186e+01
1.921196820458384735e+01
1.439090784904548848e+01
1.143706152791399688e+01
1.051017085740804724e+01
7.683191696754685829e+00
7.561913597281394672e+00
1.382062961534125201e+01
1.220059808702661641e+01
1.181011355503195404e+01
1.914369825768584477e+01
1.279929141236165435e+01
1.267642602787424266e+01
1.195949992813803497e+01
5.844626809801128253e+00
1.106723817231334017e+01
1.240060124889563298e+01
8.545552908065969788e+00
6.037252398891805427e+00
8.096785538894970102e+00
1.336484170132562710e+01
1.839204899864724396e+01
9.334548874858672463e+00
1.262973453110496358e+01
1.025889765750930316e+01
1.282769899454212492e+01
1.365626597114431462e+01
1.262507396489681177e+01
1.345019926530731169e+01
1.381007830857469543e+01
1.284500931356452469e+01
1.705012868405554727e+01
1.189004836457709047e+01
1.333743190334702078e+01
7.998671700775441984e+00
1.202244356804626690e+01
1.815288355731366465e+01
1.126935394491248310e+01
1.528118167351664880e+01
1.349421349336866882e+01
1.095099504651785516e+01
1.294128939175530846e+01
9.914121935136469332e+00
1.161381952562079967e+01
1.219908452901280249e+01
1.156660133009510361e+01
1.418823336988000783e+01
9.047047301720382961e+00
1.415323381229218214e+01
8.581587376938820455e+00
7.466629686889027617e+00
1.027786971630296620e+01
1.784511621857527786e+01
9.558281887280246636e+00
1.343720093695444540e+01
1.348539621121005894e+01
1.426020055481778215e+01
4.800134538171167975e+00
1.002732169906165538e+01
1.380110666115585438e+01
1.245157551860094536e+01
1.317201355317710920e+01
1.074390115724273009e+01
1.034072738475613029e+01
1.161611160803498954e+01
1.159889570405926484e+01
1.057922862915524043e+01
1.067955027210244978e+01
1.359418011473125887e+01
1.225888392545935268e+01
1.095845995360106429e+01
9.915500765610424594e+00
1.115109799099905530e+01
1.376322208686948123e+01
1.227720874890352754e+01
1.378598034185238674e+01
1.203294690644371023e+01
1.172993030697083938e+01
1.175212646448478537e+01
8.987759379162159945e+00
1.284145578532140775e+01
8.196802579269780509e+00
1.274502900189818533e+01
9.314284915194672720e+00
1.007998923401357239e+01
1.256782439611332691e+01
1.206459611735735926e+01
1.009943418401073600e+01
1.098309635869368073e+01
2.102368534365593433e+01
1.075545421608501684e+01
1.212270060272207850e+01
9.557896018660020587e+00
1.145067438999599041e+01
7.577078144076427435e+00
8.361184303660881056e+00
1.049136397393439779e+01
1.254391278662859044e+01
1.651444349756227226e+01
7.990375152125282376e+00
5.663783551817523687e+00
1.122078503359685087e+01
4.986306293682106094e+00
1.141270285120090655e+01
1.073524289325776593e+01
1.427819091559219444e+01
1.268734565401935299e+01
4.939473946709544983e+00
7.547630509133077759e+00
1.247903717416539848e+01
1.034348118273794981e+01
9.627062256564856924e+00
1.568265124639083297e+01
6.829584813113688924e+00
1.502017532793875709e+01
1.027921805059610705e+01
1.198862547912161425e+01
8.059104410606966695e+00
1.190756697333418934e+01
8.992283352298898080e+00
1.168401932197254922e+01
1.195431027801362411e+01
1.078905572066918062e+01
1.575884039518361668e+01
1.239320707193465942e+01
9.440008398826083891e+00
8.596933396745980005e+00
1.192379225255603536e+01
8.805108357333441660e+00
1.188418258536153260e+01
1.156605906672120732e+01
4.001026437273678127e+00
1.013580787145856377e+01
5.699638075902895729e+00
8.773737758108058671e+00
1.151155357010845570e+01
1.839217352324554966e+01
1.107226974055142144e+01
8.150945000817191755e+00
1.061301297722375026e+01
1.272324592053073289e+01
1.266026850865871722e+01
7.968546961030570586e+00
1.003138381974117976e+01
1.442122786434037529e+01
1.109092962322996101e+01
1.198054956489543699e+01
1.373891295423375780e+01
1.770743340728709114e+01
1.145441920169728434e+01
1.263233687114229475e+01
1.456628026852055413e+01
1.283910850765163048e+01
1.237378419011823993e+01
1.429102599336662571e+01
1.055476888984763129e+01
1.717045685532060162e+01
1.180014238398077531e+01
1.253251136461993553e+01
6.273923714749722436e+00
1.370694045616947143e+01
8.074518906562056841e+00
1.633526336194112005e+01
1.235045953699641785e+01
1.265613599653390686e+01
1.493262597068907738e+01
1.656328004350322658e+01
1.319034410731380902e+01
1.395688739124800648e+01
1.472344278948084195e+01
1.503823026936988683e+01
1.381862585204384608e+01
8.608109049577294059e+00
1.342004521526317973e+01
7.104468500807200826e+00
3.266480722645844992e+00
1.003785943723112162e+01
1.321042819900652709e+01
9.616991475578764437e+00
1.212149766332979084e+01
1.420159188659592253e+01
1.176294712727384528e+01
9.375606904184081714e+00
1.857677290103806556e+01
1.298575585646835684e+01
1.737406605449476871e+01
1.210414218946307763e+01
1.106877701926193680e+01
2.200484288143204736e+01
1.887960838807226338e+01
1.013241096924181406e+01
2.035948758846970463e-01
7.148364658855905773e+00
1.203812416087182946e+01
1.142315345669245374e+01
2.992136540394172428e+00
8.417281153690534978e+00
1.247677723746406642e+01
1.682424470052286125e+01
1.022832320067811906e+01
7.557012083141881220e+00
1.335580139385331044e+01
1.262649534667251316e+01
1.093692000277115639e+01
1.552379481674088169e+01
1.488383910562122381e+01
1.518573913204772552e+01
1.409698309521184356e+01
1.186404050942750743e+01
1.134235468353944221e+01
8.816788485674862841e+00
1.058206947857056512e+01
1.433517211114945766e+01
1.134182142085762734e+01
5.881835305237051337e+00
1.232586218024598423e+01
4.557965553956463189e+00
1.033167992487208409e+01
1.385332549632729027e+01
1.506964301830515929e+01
1.680569366117569530e+01
1.204423547838688435e+01
1.200149970956782219e+01
1.263329910642510079e+01
7.317361732336726377e+00
9.204094261233688457e+00
1.151319111848581755e+01
1.329713679806307525e+01
1.161391186334827275e+01
1.469373990449848044e+01
1.185536798177951034e+01
5.231148872486662604e+00
1.282758516136823879e+01
6.788272879992305775e+00
1.140066343097169366e+01
1.268694761878921184e+01
8.595045863303310441e+00
1.518655344966306231e+01
1.624202756757022215e+01
9.953165349820169538e+00
5.671198503713901218e+00
9.962642626189882833e+00
8.479572217726687455e+00
8.795074022811032677e+00
1.413711344267882808e+01
1.248540248077722836e+01
1.731952937343612220e+01
7.794710997019159038e+00
8.059723169063971682e+00
1.346212630748455652e+01
1.010729531589890229e+01
1.517928801257660076e+01
1.385342048489350297e+01
1.106639464316023336e+01
1.716249669314685988e+01
1.227550081647618363e+01
1.608976023451573312e+01
1.098480471717640583e+01
8.665783124115186808e+00
1.666115864399601065e+01
1.209507126479902261e+01
8.415993900036635722e+00
9.830776259722979304e+00
8.252701492797170246e+00
1.117462180308138109e+01
7.964602403291688226e+00
1.114247089617847308e+01
1.198701322347558573e+01
1.496809633594081390e+01
8.980346643225566083e+00
1.006764496681173959e+01
7.495947356407176798e+00
1.106321837279699949e+01
1.189307496937503039e+01
1.112822040359552567e+01
1.071024442385169273e+01
1.368701691120121566e+01
1.217949466228613353e+01
1.427080976499660814e+01
1.389737805037946927e+01
1.049618061440246386e+01
1.169092865868575615e+01
7.801422756619395216e+00
1.480069880186086451e+01
1.170125435094240629e+01
1.194745573784718040e+01
1.321231456025864404e+01
9.564005096006630069e+00
1.000785108458077843e+01
1.092196255651965942e+01
1.087719813835012594e+01
1.090819447284781418e+01
6.650707163224513607e+00
4.839297457550340908e+00
1.121253499390174113e+01
1.169381319501042604e+01
1.091066306485540771e+01
1.038752563912564497e+01
1.028456555524427607e+01
9.061344832029259777e+00
1.343462399735269486e+01
1.521516236853972259e+01
1.223433415534663027e+01
1.162526138131767617e+01
1.372720589838509753e+01
1.100686789511495789e+01
1.293402594957628260e+01
1.935256308217988064e+01
6.439261368211306014e+00
9.251795294942994019e+00
1.006482226098605892e+01
1.150930106734793590e+01
1.049622720103887730e+01
1.645374733799366140e+01
1.378270885676515256e+01
1.517531230656511809e+01
1.534647962240361352e+01
1.173554619832611756e+01
1.876152567031604335e+01
1.125659388194141819e+01
1.191720813713400595e+01
1.617094941900898419e+01
1.243525588937455240e+01
1.469452731646306987e+01
1.346647678999254261e+01
1.042984660051043377e+01
1.426978560832089826e+01
1.483039017913397828e+01
1.189537914153730469e+01
1.237945672169542455e+01
1.601707313695181867e+01
1.300134382335443384e+01
1.307209517960602696e+01
1.320187827400042480e+01
1.791833062567733492e+01
2.525856195103595070e+01
2.623200807624369801e+01
2.430493715374610275e+01
1.391523407218929265e+01
1.078679241555165547e+01
2.056635564133697613e+01
9.221928302814216494e+00
1.389166108867680904e+01
2.007096530154583292e+01
5.578363605470705977e+01
1.033388466450788030e+02
9.885792185062450699e+01
9.232022368511189825e+01
5.533792468774235829e+01
2.414538989842686689e+01
1.312679377967312178e+01
1.212835998266088922e+01
1.308225761272933063e+01
9.790144132199827709e+00
1.682123410318196477e+01
1.278333165543652683e+01
1.089238397259471647e+01
1.957335777113920017e+01
2.800478884178986760e+01
5.593108139211387453e+01
5.419868744004685368e+01
3.228984856721687891e+01
2.246383274167507693e+01
1.372977040523264058e+01
1.313003455866617486e+01
1.633323235407108598e+01
1.115171487837751307e+01
2.552044933271871940e+01
1.114893608270839565e+01
1.063896300569307485e+01
1.467953324439397100e+01
8.605654650804137162e+00
1.166439273357987361e+01
1.162620885775795010e+01
1.856807040919436957e+01
1.257608188835710905e+01
1.198763489394987047e+01
1.218206792107000247e+01
1.034521840343578347e+01
1.544297874964242823e+01
9.798883268679537295e+00
1.112013043908606136e+01
1.314947126364172014e+01
1.249961346308263188e+01
1.586148336037124551e+01
1.133360107575005848e+01
1.571612418357019791e+01
1.133994577385598745e+01
1.250492431770975088e+01
9.753939015406416502e+00
1.311438610769983804e+01
1.191242684158952159e+01
1.112803615033669757e+01
1.245750497592539041e+01
1.246369435300675654e+01
5.571537588802240926e+00
6.209346188992159732e+00
1.270509451773853904e+01
1.808161618982237329e+01
1.096527109978828740e+01
6.018318575367556988e+00
1.078623253691678663e+01
7.575269497231079896e+00
1.333768198358008839e+01
1.384794726932792130e+01
1.081034149224848129e+01
1.207161413466469568e+01
1.180278567070042506e+01
1.462809863194369697e+01
1.078890031289840046e+01
1.021422923917105763e+01
9.214560166521808426e+00
1.028690063393869458e+01
1.090459020886238761e+01
1.113366239583283956e+01
1.254969599015247894e+01
9.789356578598225056e+00
1.397296603886205979e+01
1.810191649892957599e+01
1.177115630063900653e+01
1.239709853702498243e+01
1.499828032684717982e+01
9.769341756720326231e+00
1.518762225424024237e+01
1.314008054539343995e+01
6.854088117423542847e+00
7.306365358191685644e+00
9.739568514472203731e+00
1.337866985669058906e+01
1.177192008774753873e+01
1.020099934189679125e+01
6.542767606113266687e+00
1.484062972493891941e+01
2.262028135289275355e+01
1.160557136523898158e+01
1.517972572075048454e+01
1.465309467228971130e+01
1.332637191674241350e+01
2.083871307573843268e+01
1.030645600012654484e+01
1.106226636520989182e+01
1.877412465489612714e+01
1.061846380385204647e+01
1.147621824666469159e+01
1.541654797981663627e+01
2.438128263741257840e+01
2.815864343534464354e+01
3.213622550715998472e+01
2.422942390478614172e+01
2.309033493617058497e+01
1.022666303847880265e+01
1.451843302694967441e+01
2.685194629964488655e+00
1.246343728205925139e+01
2.225539452168862553e+01
2.023840445263443755e+01
2.560743141342565110e+01
1.856973466986078591e+01
7.265962668297888172e+00
1.438619558090540096e+01
1.321576731495179224e+01
1.209268015001902974e+01
5.406619554310705844e+00
-2.730086987427567280e+00
1.502409107411403966e+01
1.114089066404909545e+01
1.371260129783995652e+01
9.267272043637913015e+00
9.721421079881936933e+00
1.038456154093654149e+01
1.589228530199188683e+01
7.618701552907756636e+00
6.385408186864555802e+00
1.315496988356237118e+01
1.155934617764068584e+01
1.201762559226684424e+01
2.434360759975934485e+00
1.958367477962649161e+01
1.100802755702040514e+01
7.921672828834972258e+00
1.548679872671867130e+01
1.071411725980736662e+01
1.651623797320134912e+01
1.114241958048842562e+01
1.427446002968577687e+01
1.203900890508210075e+01
1.240421263932967300e+01
1.808414433767985585e+01
1.738962163994201404e+01
1.040421673273386105e+01
6.175941399165425949e+00
1.387267936268565549e+01
1.165050009835110068e+01
8.568705217141783237e+00
1.294882755852925804e+01
2.294360439568687582e+01
8.609669774762013006e+00
1.290213197089424568e+01
1.068609600147301286e+01
1.309231120904997780e+01
1.334283783994655970e+01
8.885005580403733561e+00
1.368631382240424266e+01
1.153862810001624162e+01
8.928924414303933688e+00
5.019870940260578784e+00
4.863733281874474734e+00
1.136398903885252132e+01
1.047991866008723782e+01
2.296642397738189345e+01
1.096316948446883899e+01
1.095537135158484077e+01
1.367696200880992485e+01
1.405624949161564885e+01
8.834212456205625230e+00
1.333767597781080383e+01
1.079066772873211200e+01
1.144849590113750715e+01
1.396681918656759613e+01
1.087385702849539371e+01
8.461292093970875783e+00
6.255033167156709872e+00
9.821606327206298559e+00
7.031490081615115351e+00
7.557554038644898498e+00
1.118605227751485387e+01
1.140082402641037795e+01
1.130759566117620452e+01
1.061956624622953349e+01
1.437324464200285945e+01
1.382482941996482850e+01
1.179286410636339966e+01
1.259831725597816110e+01
1.060307870797046093e+01
1.000086240131715165e+01
1.431312023933106303e+01
1.293137011373121226e+01
9.000704513853108324e+00
9.455450543576793265e+00
1.144289278705323909e+01
1.021690023474415376e+01
1.435360185377082232e+01
9.264162756027447543e+00
1.040509104424135955e+01
1.107179752805172512e+01
1.041631528152826291e+01
1.043722192193330578e+01
7.207752921089227272e+00
2.749857632066934343e+00
1.291236300460111330e+01
8.376629280062958927e+00
1.179184499907542794e+01
1.030024816404915811e+01
1.213096046347101620e+01
1.485993222220479026e+01
1.226272489124247222e+01
9.597933573953142172e+00
3.073190292104827748e+00
9.040907634889165934e+00
1.111751594176530311e+01
1.168296405231655832e+01
9.784395998126502292e+00
1.008230229184891513e+01
1.255928768275313878e+01
9.818660437857413825e+00
9.782505048155403671e+00
1.272268695333565525e+01
1.191852928060672134e+01
1.169003822877884957e+01
1.067968711785362146e+01
5.613800039029802846e+00
1.221280308053819219e+01
6.662195028848319822e+00
1.707000842536389484e+01
1.122583187662208104e+01
3.589541876509177776e+00
2.570175632790345333e+00
1.149967114982394101e+01
1.184090921297793209e+01
1.491316483830518180e+01
9.851191510462243173e+00
9.735253952882493067e+00
1.221141016086989595e+01
6.828066207880564065e+00
8.759143728835347531e+00
5.862507625762450658e+00
1.002810824476970097e+01
1.286716591846534641e+00
8.624220572216794167e+00
1.195310181972043218e+01
7.219138731943861131e+00
6.606591776289226559e+00
1.042604681724733418e+01
7.608200100028131629e+00
1.137672730536053933e+01
6.548092018936046088e+00
1.453987481783389768e+01
1.696453639295533833e+01
1.290911158356081501e+01
1.064947216946755937e+01
6.194171733266339075e+00
1.090415128313327742e+01
1.262000893937773149e+01
2.468341116871394902e+01
3.835330237828374678e+00
1.052907225619911813e+01
6.888402457455064187e+00
8.256333695378778259e+00
1.173027334138535416e+01
1.562076936442708686e+01
1.111450138338456739e+01
1.195262940773238647e+01
-3.434176911078225203e+00
1.166011367104794161e+01
7.919831350521878477e+00
1.082523872897837514e+01
1.918012446178107666e+01
1.366271430173166124e+01
5.737731099602195073e+00
1.184169611030264413e+01
1.031726958279053008e+01
1.231093947171465253e+01
1.234780710641546619e+01
9.626351163014666312e+00
9.275929531840136022e+00
1.363110724660345774e+01
5.680568978667494662e+00
2.188942345993181959e+01
-8.471983108289009579e-01
1.755195301036460975e+01
1.507024355621642009e+01
1.155756126806002726e+01
5.848293313907237057e+00
1.839771525180565703e+01
-5.490459471665634084e-01
1.063462864971855382e+01
9.146413375930819711e+00
1.127275340217663313e+01
9.533484619075997202e+00
1.018583796586290191e+01
1.117888262923243481e+01
7.511896037180232355e+00
1.062354105042676267e+01
4.535305796733891448e+00
2.478583193735807555e+01
8.434491708863980364e-01
2.064993589926933737e+01
1.208825850322420870e+01
1.063534838884268829e+01
1.382111591088568581e+01
1.139223993114901923e+01
1.055784437919637675e+01
1.343338247237842253e+01
1.092302713700838801e+01
5.560350354803132333e+00
5.672416474973569933e+00
1.170269327653412361e+01
1.204477091874616335e+01
1.094789960456549061e+01
-3.899159382498568860e+00
1.263572807898148298e+01
1.272239003888190290e+01
4.796757996295413662e+00
1.038025572097746796e+01
9.405997009940927356e+00
8.203588267706244608e+00
7.819257897419438663e+00
1.504014375382037549e+01
8.032266044357545098e+00
1.739629767832875729e+01
1.193585086826938557e+01
1.425891289359135783e+01
1.049138670668435402e+01
7.586677641306479813e+00
1.711013121161771267e+01
1.436669495847730715e+01
1.217066623487164811e+01
1.224204844266078851e+01
1.143408202772130622e+01
9.554377855583028989e+00
1.378445815301514621e+01
9.563073757685261356e+00
6.923544247785331507e+00
6.597760571307917488e+00
7.339773888586039519e+00
1.612727975334488306e+01
8.550472797597899799e+00
9.989482289575340346e+00
1.068832886550248062e+01
8.581943087370140333e+00
1.237995402313925020e+01
1.417344968755819679e+01
3.424658537999324892e+01
1.076851995325234057e+01
1.337637822214835026e+01
1.030151467137798704e+01
1.745923075967328231e+01
8.205757558921035866e+00
1.255512311673481385e+01
9.673792896315687173e+00
7.108416303234825762e+00
1.052558581969829277e+01
1.145662309367965115e+01
1.287801062936522634e+01
9.241004932327612664e+00
9.772420819262961800e+00
9.772982096879538005e+00
1.285576268622624951e+01
1.296245072844536850e+01
6.217658953281548051e+00
1.393164369351718435e+01
8.931880522911072262e+00
1.062510485351689837e+01
2.543446842528569007e+00
1.788792547092557683e+01
1.659015130207705369e+01
8.154986493140503612e+00
9.713605462778586386e+00
3.001241386419041923e+00
2.801279667133440121e+00
9.289479759586875218e+00
6.003575759409454093e+00
1.553303859648388396e+01
9.639222446799969646e+00
7.513262721777848263e+00
6.359246541016717380e+00
1.336770855764135746e+01
1.002406022704644784e+01
9.209526344120716246e+00
1.487016324394217825e+01
1.134512151759239629e+01
4.281347270085575474e+00
1.364052007211059703e+01
7.477088070720209423e+00
9.705640421359907677e+00
7.984759965987630714e+00
1.039504314725520118e+01
1.581002328844045479e+01
3.314275575211534708e+00
1.111418180820933266e+01
1.177415111813390247e+01
9.608837794267401478e+00
9.338629376870319021e+00
1.375763232449619089e+01
1.773131303115761881e+01
5.179523118028111384e+00
1.007657722607341633e+01
1.229642207051546343e+01
8.769714454916291757e+00
1.219465674551350887e+01
1.462933531953730792e+01
-4.363074218675601301e+00
1.317450653560356777e+01
3.348889173057551183e+00
-1.606012072220259768e+00
3.588022198019261921e+00
9.363360853449465893e+00
9.136456920226843081e+00
1.013398931397185265e+01
1.453983278901361942e+01
1.036817263697604297e+01
8.661637047460871486e+00
1.228197623470477495e+01
1.442177069366896802e+01
1.365012528321256191e+01
-1.071658331761481620e+00
1.325811789433142351e+01
1.056910201647049874e+01
1.135880799713407008e+01
1.105132632338986554e+01
1.646157696084011235e+01
4.893946676807983565e+00
1.131863488821465502e+01
2.352867991591203634e+00
1.071346432324493492e+01
1.592689223377601238e+01
8.286778899751475080e+00
8.995338720290851242e+00
1.362109611241565332e+01
8.586379650051174650e+00
7.995730712009277319e+00
6.546680927797758898e+00
1.091219580278827728e+01
1.492427601306659213e+01
1.575651767884052568e+01
-1.632706308880075952e+00
7.537313144853293068e+00
1.063138186534239260e+01
7.495476477721292774e+00
1.155797143204724264e+01
1.252344916388207530e+01
-1.062271187712379827e+01
2.141449500948470863e+00
-2.687746467474157797e+00
1.894009041343003474e+01
1.145214313224590441e+01
7.258726313723824930e+00
1.420236078285823567e+01
9.887267762228496792e+00
2.535069963462236231e+00
1.102599805943717826e+01
1.000935204285000069e+01
-2.253222209764313533e+00
2.815343080317425972e+00
1.609900334726264859e+01
1.503874013735757131e+01
1.238370725183150256e+01
1.155403953598164080e+01
6.255048306054966645e+00
1.225420069126564471e+01
9.587787629712863691e+00
1.470802204505361033e+01
1.237101054823821400e+01
1.591590409502941306e+01
1.162997181714887773e+01
1.199911813521988257e+01
1.308549093733388524e+01
1.292782238672912953e+01
1.032862578958953037e+01
8.324361407482433250e+00
9.002613095319473402e+00
1.124342016537528899e+01
1.147297341439835350e+01
7.417563844086805247e+00
-1.372450604548349773e+00
1.389275713443909943e+01
6.714803707401292954e+00
8.004215265180873118e+00
1.027895197278725270e+01
1.989849616657554776e+01
9.652000198961980360e+00
8.548809673632446149e+00
3.075505757180704691e+01
1.038206220225983500e+01
1.153913176440084776e+01
1.476956379505582717e+01
1.805324741136960398e+01
1.248253238221040107e+01
1.218032015022028069e+01
1.189680235724646984e+01
7.379840184726180752e+00
1.014788317316268618e+01
1.564029911184650956e+01
1.274931846198844099e+01
1.110950737868540372e+01
9.800102508052692230e+00
1.292081869576340836e+01
1.186323283334131773e+01
6.846160685914297162e+00
1.052742735768559612e+01
1.120402588769931818e+01
1.009654784438627750e+01
1.135672690994671008e+01
9.122473164520847888e+00
1.748341272932630375e+01
1.381819049921337594e+01
1.195670870227258931e+00
1.114484656351543101e+01
1.160550409369637137e+01
1.266456997592403866e+01
1.218225980470720060e+01
1.167180103942544989e+01
1.081549986471011593e+01
1.203237593300494268e+01
1.274806634958966711e+01
-1.948680270175771057e+00
-8.624030634195509748e-01
7.724014437850104997e+00
1.092747470718706104e+01
1.144660499983002033e+01
1.014741510415684722e+01
4.774795157098659537e+00
1.176859210687342916e+01
1.508776802864526090e+01
1.422616711212389973e+01
1.288433254360868396e+01
5.214652171106858525e+00
1.002844787043273911e+01
1.238430339208729869e+01
9.615438943721759557e+00
2.160705777788032478e+01
1.252595328096347060e+01
7.273347401712291216e+00
1.120321702835073197e+01
1.524796011844560439e+01
5.746526823138569995e+00
1.857161975664848086e+01
1.442163399934955414e+01
9.100027186024158610e+00
9.879750475397079512e+00
1.621382830142466247e+01
7.351733610874562785e+00
7.525500306610299006e+00
9.576574679695298187e+00
1.426290100565368490e+01
7.652950509203671814e+00
1.175724750520773298e+01
1.145823270845865771e+01
1.002551546904881263e+01
1.176163651447540381e+01
1.175670024537998515e+01
1.390306543146275686e+01
1.015229159054334040e+01
-1.499053273250147811e+00
4.081853923288091046e+00
1.573809031420536364e+01
6.577052519389966712e+00
3.499837215906045351e+00
5.234559111642374418e+00
1.880007202153317536e+01
1.129512212506128854e+01
8.883463253996101372e+00
9.359529287619652749e+00
1.076405674574728621e+01
1.106654850531942991e+01
7.620285058261128341e+00
1.574629204948799099e+01
1.663214543010850477e+01
1.355075570208239988e+01
3.686042764968171959e+00
7.325954248914946731e+00
1.181586968585138209e+01
-2.670483938333312324e-01
1.600278117607448891e+01
1.183711389609218401e+01
1.232999494516693773e+01
2.556198485592792835e+00
3.065522579916589940e+00
1.356575454778106327e+01
1.026623241526059083e+01
9.477010145143733411e+00
9.380264697281942787e+00
2.274543374301535437e+01
9.180721109030404392e+00
9.787274461338961729e+00
1.438668236032626702e+01
1.304818656860752668e+01
1.183483100925291609e+01
1.009701954274802205e+01
9.317384558818559981e+00
1.043850322750277293e+01
7.778040764364849480e+00
1.998507674260810063e+01
1.200137376601729855e+01
1.157797969774505553e+01
9.378767708840765494e+00
7.642443213827752047e+00
9.564489231843415595e+00
1.243728007124726354e+01
2.386459496425001703e+01
2.406067593361283841e+00
1.408585908663215491e+01
1.013385799014594113e+01
1.049004836553318754e+01
1.117001347946242618e+01
1.178139767280496564e+01
1.317533795518302142e+01
1.364788640635877748e+01
1.112465316244905011e+01
8.952065648055558711e+00
1.253653034070672412e+01
9.633822344830841544e+00
-2.157691164838340114e-01
1.526490696111992662e+01
1.256054014084466708e+01
1.068126196137846229e+01
9.404301713431024723e+00
8.538444091649006751e+00
1.340171571446285981e+01
7.918073877237548075e+00
8.607987320162369116e+00
1.477978073862044184e+01
8.502482940002909828e+00
6.499633735979919891e+00
1.040707820808156114e+01
5.488972551850580750e+00
6.867845080564041638e+00
1.038004411166633112e+01
1.392252941366400520e+01
1.290470397549068693e+01
6.552238392125022237e+00
1.188595844796889089e+01
6.849967991199343409e+00
1.717197300594614973e+01
8.835439221980044167e+00
1.412100380962875867e+01
1.114226253564041613e+01
1.075176622541421700e+01
7.317138419879215760e+00
7.323223291965518911e+00
1.157646914809306793e+01
1.099348925083500106e+01
9.009820015028596529e+00
1.106114984491965814e+01
1.015896034737235354e+01
1.488389504791770968e+01
9.678238502368085250e+00
1.640637995650803305e+01
8.021756133055017557e+00
7.733045248500951985e+00
1.788428751197539412e+01
9.332682283275989477e+00
8.690514626242793028e+00
1.792758776582866176e+01
1.017252233139796758e+01
9.539236343864246237e+00
5.746989093064607701e+00
1.213783070428804400e+01
8.839899525030865846e+00
1.133482093914282096e+01
-8.013358453010422267e+00
1.197950585155568781e+01
1.261264947701266159e+01
7.932698940710878333e+00
1.524891940380535615e+01
1.060793998311230624e+01
1.023149099516239069e+01
5.820233745630218891e+00
1.086904474274103904e+01
9.480938416745297914e+00
7.703429405810150676e+00
8.575473959179646499e+00
7.897036766412837139e+00
9.938643306650801534e+00
9.883077593691609763e+00
8.611819008942731557e+00
1.503223067084523201e+01
9.813163822898706812e+00
2.122436069640233569e+01
8.046463132822420761e+00
1.097907598497137727e+01
8.741682718583239975e+00
1.471889831537663973e+01
9.756325530230661514e+00
2.189806950627234272e+01
1.408684532431477976e+01
1.454234672322048461e+01
1.485625453574769494e+01
1.118604855967187639e+01
2.731282259666003576e+00
5.293116599889108542e+00
1.727294713916039015e+01
6.399822384919892748e+00
1.748984988852008726e+01
1.043264911161996444e+01
9.007883454677370949e+00
1.129229451882189394e+01
9.374025037902224966e+00
1.510455780134918236e+01
9.532579728597802671e+00
1.922088029429338718e+01
5.022950131248917316e+00
6.330371442030241269e+00
8.389995660090924900e+00
4.311126017318211545e+00
6.943860755934409212e+00
9.322805120221032027e+00
1.121668340884250981e+01
1.009237052490021469e+01
3.422074831541955575e+00
3.818949794270660725e+00
3.502750604509717647e+00
-7.616052145775270787e+00
6.249736523862742033e+00
1.165213986121959522e+01
1.315061538512150463e+01
1.465035869306866445e+01
8.334948673852903056e+00
8.331754278067355912e+00
7.788801851135085386e+00
1.487812755064169323e+01
8.180459869575045673e+00
1.470081752367866201e+00
-2.772535524900359150e-01
9.081910520685518406e+00
9.853174731185815105e+00
1.342753826187515998e+01
8.382948668461162711e+00
1.752660251285357518e+01
1.402961996237903008e+01
3.753385769278245299e+00
1.004454400289188065e+01
9.695572563094721374e+00
1.008652793498412592e+01
8.370163372264274315e+00
1.236955071796193373e+01
9.782849172986482600e+00
1.112171724785788207e+01
8.751377083463447448e+00
3.290944069570851838e+00
7.056662062293343141e+00
1.014448608118405026e+01
4.028590348616936545e+00
8.889768180393771146e+00
5.822390252166433910e+00
1.157396903357453333e+01
2.721617977370218711e-01
3.485545832420339440e+00
1.702504612499441450e+01
8.490869029070662322e+00
8.965949468438337178e+00
-7.932389871118623148e+00
9.395548073030068892e+00
9.392039126753836342e+00
4.853752121580673595e+00
1.024033234969383344e+01
6.160121341463399958e+00
7.668596713086455630e+00
4.969350230281389003e+00
1.041800937556940276e+01
1.074647060400920573e+01
8.427961828199677541e+00
1.437019364623449569e+01
1.719327475157585106e+00
1.490073665731631891e+01
5.430320712241011094e+00
-7.939581468668166053e+00
8.046128926337164700e+00
6.975674383014986546e+00
1.593423361242900427e+01
9.023164678570042341e+00
3.490107950573670514e+00
1.835222390391800218e+01
7.677847628313746675e+00
5.296321195325018216e+00
7.516868135468362411e+00
5.094868208396100329e+00
8.386309049182031572e+00
1.104139976146626623e+01
8.461614656006064550e+00
2.508986745841385613e+01
1.291139652298167739e+01
8.891133215376948229e+00
3.244372528069628281e+00
7.434543707699516446e+00
8.352850686582655726e+00
1.229704006326092447e+01
5.645195376959744493e+00
1.467258894595677532e+01
1.472914341085331280e+01
1.288752107466569718e+01
9.167458223310301690e+00
1.136580658722880521e+01
1.084229074901399059e+01
1.810333422931382330e+01
5.863974256748475611e+00
5.149955192620071287e+00
1.152480950467789178e+01
8.654570500797740706e+00
1.080901525201720759e+01
4.253679909538929493e+00
1.279402945905353484e+01
9.942395872812898716e+00
1.524467731276537563e+01
9.399402135387157742e+00
7.833680486366852769e+00
1.664679987401544281e+01
6.244230451842962992e+00
8.917340873306971005e+00
1.274632784461660506e+00
8.321632171942841438e+00
8.664597699583278967e+00
8.331575604028794046e+00
1.197551472117538651e+01
6.857655769431652892e+00
9.759376803326732741e+00
8.971684141645935640e+00
7.966400072662294107e+00
1.065643652580921596e+01
-5.955771201313400098e-01
1.194904945233186311e+01
8.476922875640838129e+00
1.110602408200822744e+01
5.254633894350191348e+00
7.133910505417693670e+00
9.938223504464062330e+00
7.803150260533255889e+00
-1.439412380825881854e+00
1.136478337556684437e+01
3.811655641481088708e-01
2.452044767105534362e+01
3.263782709784227620e+01
2.270196861747542272e+01
8.992263488002672389e+00
-2.529739146775652259e+00
8.760130287355758938e+00
1.711856826989568958e+01
6.439742377554939168e+00
8.396756360853169454e+00
1.329752866856431126e+01
9.328646416268195907e-01
1.346218750186631752e+01
8.625783210503492171e+00
9.715168008661974497e+00
1.345198676725355291e+01
8.448701899046760389e+00
-3.131490440614738802e+00
8.822810023017312986e+00
9.070442938840006519e+00
1.004279589253830629e+01
6.876257245730315937e+00
6.245333637701483198e+00
1.497312230739547445e+01
1.396263451754146878e+01
9.414556210525033109e+00
1.078636557546854569e+01
3.589544292535904901e+00
2.244390202291874559e+01
1.234337864488803582e+01
1.438032077195830993e+01
2.089429419241008112e+00
8.754813396858244445e+00
9.828935161752514915e+00
7.297870139349648788e+00
8.622616686512147410e+00
1.265835281360841691e+01
8.057578821049041551e+00
8.789717349820167058e+00
9.587615036476350383e+00
1.088998774055692031e+01
8.302181563257326147e+00
7.866248337939545365e-01
1.503497108298021701e+01
1.130591873183185214e+01
1.292595112850774086e+01
3.118174733521806630e+00
1.827328957796070696e+01
1.699259580708270789e+01
8.188534047143216199e+00
9.403566951075447378e+00
9.591924752146438138e+00
6.489172493174632628e+00
1.142221539786673645e+01
1.190245278034559817e+00
5.142185038492731231e+00
2.053246210510252467e+01
1.165510684619443360e+01
1.403034082584034081e+01
7.185449925492243928e+00
6.087488684481298762e+00
9.441116707873758784e+00
1.606916595305587592e+01
9.952183321144397965e+00
1.921736816348465737e+01
9.201446950779178735e+00
1.787439603864349635e+00
4.777069850727460931e+00
7.565544834794582840e+00
2.288251407997828579e+01
1.587791402192593360e+01
1.107068971411213631e+01
1.165960235560481451e+01
2.799767447267560883e+00
1.498047672420814180e+01
9.079199800500660444e+00
-5.442015700850371118e-01
1.121643629436963963e+01
3.449243055281742798e+00
6.870985261011529843e+00
2.387515755226997882e+01
8.088887254366678548e+00
5.428328991015491489e+00
-1.232016028998223334e+01
1.771073450286368356e+01
7.982258270671207079e+00
6.486385359889836444e+00
8.964138103629975873e+00
1.337384464832296516e+01
1.451102716010038662e+01
1.231152129061890044e+01
5.942633723340505547e+00
2.372775810957411302e+00
3.849375896128209185e+00
1.031994081933564722e+01
9.620207761787522571e+00
1.081132202229015249e+01
1.112719667187059613e+01
6.185243071945260596e+01
9.275380722969444491e+00
2.177995175124943117e+01
8.501081689101221528e+00
-1.149786922159274027e+00
1.414334488058304551e+01
2.270730853818740869e+01
5.784980941524772824e+00
1.325988340220430217e+01
5.812265653011396083e+00
1.364923567001676474e+01
5.330769474343775016e-01
9.228099237303641900e+00
8.318987707953072075e+00
2.361559314682901345e+01
2.126420927863525634e+01
3.722580883047863942e+00
9.277385710156922372e+00
1.103946186940905605e+01
5.366745269624265902e+00
7.470448831936320033e+00
-2.157256075481331692e+00
-5.618311327630591379e+00
1.745263127030163375e+01
8.753992747680726438e+00
-1.283177298005460898e+01
8.340158696886884826e+00
7.459657864567184049e-01
1.107211921534828392e+01
-9.659684928021700756e+00
-2.998962433487432122e+01
1.022853714576453221e+01
-8.188024291319475623e-01
7.353931299895814178e+00
1.032610169049079651e+01
7.870972384534203670e+00
1.003373423058099689e+01
6.631819779487779343e+00
3.536461907337046284e+01
1.544154420984794740e+01
4.303743526311860634e+00
9.768521177268524980e+00
1.542659419795853282e+01
1.386059210190308200e+00
1.769610178935701938e+01
2.821239373017250429e+01
2.661630347387766804e+01
-8.493419221069947866e+01
2.560408441061969143e+01
1.116315087242441706e+01
1.076459550507228791e+01
1.058992394677937554e+01
8.219418098350960378e+00
7.930294112859171740e+00
9.402168984132579510e-01
6.636736742465725314e+00
3.634521437837352487e+00
1.177721131255426457e+01
2.584380693280076713e+01
-4.270803686637517416e+00
8.133796224372083827e+00
1.125559020093191620e+01
1.186300886015872535e+01
2.416675403709008307e+01
1.328780025914926810e+01
1.072963209016661423e+01
-1.249708553391370458e+01
4.084904383336052547e+00
8.380702531539043321e+00
8.165905717702345967e+00
9.137934833330978890e+00
1.052942539252425647e+01
7.846812579036798851e+00
5.289664708091414980e+00
8.242145809467677608e+00
7.918166282677399082e+00
1.645534801741275643e+01
7.597065485040883637e+00
9.541148608988502033e+00
-2.404796855372724806e+00
8.946519428681231290e+00
-4.671752057084894716e+00
7.707256138806050316e+00
1.027931379354251185e+01
1.134089068198594674e+01
1.244288176526902667e+01
1.100443199680024975e+01
1.069030020652909663e+01
1.755631165600983223e+01
-1.851288784932956233e+00
9.729236709493859436e+00
4.737797081803595489e+00
4.155548069011089751e+00
-1.332059911526743079e+00
4.532429795026353680e+00
1.678973684502267361e+00
-1.210105075562399435e+00
1.403287784459714516e+01
2.678717176452791726e+00
3.748268503018505449e+00
5.526796587874059696e+00
8.825588923413702602e+00
6.160628014151703802e+00
1.862574950779578842e+01
5.903176480321957520e+00
6.011893889229289911e+00
1.065456724845988212e+01
1.040106309078151270e+01
3.803880382421357176e+00
2.051736067278380204e+01
1.707536290798228329e+00
-5.715849748266169428e+00
1.632894675110024707e+01
-2.373857400767013459e+00
1.665389669565389141e+01
8.492197621266083019e+00
8.821451981188809910e+00
3.086500569585996168e+00
8.352835945673684037e+00
7.647434410577909958e+00
1.112330573925217614e+01
1.079388116182641255e+01
4.937285821547877873e+00
5.006932983741315901e+00
1.156622743999848701e+01
-6.652895583296517756e+00
5.389004381097066698e-01
-1.107717388834508654e+00
1.545529213023830728e+00
5.987618359594684136e+00
3.654321152406963868e+00
6.549857384651312842e+00
5.906862318968530090e+00
2.018405920936850606e+01
-1.232382278515609997e+00
5.595195663614722648e+00
4.039101714396580611e+00
8.390240256767661720e+00
8.858504209251547579e+00
9.610746724478003600e+00
1.203282239315308644e-01
1.724978160279120232e+01
1.270920901853651586e+01
5.345285810574436525e+00
1.016173803997891056e+01
3.497794759208937787e+00
5.992136669743361566e+00
8.606193068086371412e+00
6.560970529340476531e+00
8.666125313659996721e+00
8.918172457768147154e+00
8.637519711212577889e+00
8.618720405341736779e+00
7.229434713460400452e+00
9.296226782525955912e-01
1.508480923197562440e+01
1.214989791151636922e+01
-5.919166674682196927e+00
4.463912960856085022e+00
1.216868900274068821e+01
-3.288981582023968286e+00
-3.995715981350986823e+00
1.088384624263684408e+01
1.875522860777385858e+01
5.090706807226981212e+00
-3.790280201696621276e+00
1.000327270191492701e+01
1.208645709966897464e+01
-7.472100004631604619e+00
8.927470370296308744e+00
2.790794041907060929e+00
9.808523279519585358e+00
1.096739126874017778e+01
6.278786008794098095e+00
1.532507796926200427e+01
9.650041768507238160e+00
1.322766062684634392e+01
