3.620654434678503719e+01
-3.464272913677837806e+01
-1.327862273753892097e+01
1.877019036459399359e+01
4.024992767002154892e+01
3.737549684811391160e+01
-1.868486005588035681e+01
1.456641305095065064e+01
3.893730859375406084e-01
7.703919871219784454e+01
-1.150719827346240898e+01
-8.976657194840781173e+00
2.283878983478072655e+01
-1.137977359028835167e+01
-2.335539909926392710e+01
1.302427912349591210e+01
-2.074121057495987230e+01
2.971862802509876644e+01
1.828561415741376805e+01
1.606334167502986965e+00
4.161656931224086975e-01
1.437392474931010078e+01
3.406728569311086119e+01
-4.279142540540233597e+01
7.615459555694948257e+00
4.028504091444081325e+01
-1.396830328455350667e+01
7.397204163053733517e+00
8.659237712413307975e+00
1.360770570787681244e+01
1.060755143816217760e+01
2.999291085529945278e+00
-5.614717423739211455e+00
-1.431475215313984606e+01
4.718617313201139751e+00
1.323425758651120177e+01
-3.300023296941850504e+01
3.853767051161900437e+00
3.448813162047820668e+01
1.245126169884159495e+01
9.566762860727445528e+00
1.224050867079465732e+01
9.445998415815465066e+00
1.344519973011678715e+01
-2.952333937067158587e+01
5.136237281579462888e+01
2.876734328348722869e+01
2.993088293461621419e+01
3.124102591733063505e+01
-4.470532082490151993e+00
1.996837020423360087e+00
2.791777390281574345e+00
1.388113733618677159e+01
1.752321393771709523e+01
1.336489831543527806e+01
3.711327444057412883e+00
8.454663570829758612e+00
6.284974643834510211e+00
-1.216697876261204669e+01
2.094094352822151706e+01
2.044038209932789840e+00
6.349297823076947012e-01
-1.322706527693825684e+00
9.448369994281190287e+00
-2.137551717671777851e+01
-9.236304266580205535e+00
9.506917355422698890e+00
4.442693596923010801e-01
9.619491780578510287e+00
1.752520497734658278e+01
1.273609412490171700e+01
2.119447901598183748e+00
-1.476606043613701402e+00
8.223613231625980902e+00
2.380743283259205256e+00
5.178928183508779703e+00
-3.101205219983388872e+01
2.690879397721234767e+01
1.290404016687444333e+01
1.622449590406680997e+01
-5.066756710615737802e+01
2.603981451311716455e+01
7.388974306571448381e+00
-1.897379003578246071e+00
7.193443991148469330e+00
2.758330206078262492e+01
-3.382135951475506275e+00
9.130163294764511051e+00
3.088650067912745456e+01
1.213596024469918078e+01
2.008162872775587360e+00
-2.342599868293288701e+00
7.798004323032157181e+00
1.554515432924523655e+00
6.796099149405149475e+00
1.006334006600348729e+01
1.772028022710292028e+00
-3.166666570857009866e+00
5.157175361366954647e+00
6.763540098607705886e+00
1.880860642783991565e+01
8.497562074513741237e+00
3.340220363132327464e+01
6.519720105261337828e+00
3.705560319615305787e+01
-5.539642387824450509e+00
3.324762293188140205e+01
3.075244178833559872e+01
1.745182704761963066e+01
7.097704901153263357e+00
1.253919241582267574e+01
3.327939723335748390e+00
9.241620036238160196e+00
8.912553521239150456e+00
2.262436736514771596e+01
1.912562220759551934e+01
1.425799147906931807e+01
2.051070941072943299e+01
1.452428236794093053e+00
1.109443803401042317e+00
2.879766523194698991e+01
4.261689121238525502e+01
1.131459727454885211e+00
-3.946294274461710216e-01
-3.064677478385593901e+00
-1.331818676097105580e+01
3.897007877883908833e+01
6.557501152079586504e+00
1.091202895971771447e+01
3.286893187104648462e+01
1.418561023839346902e+01
-1.141608097855507609e+01
-1.159590405127757862e+01
2.145073090875527910e+01
2.363422776348930654e+01
3.057773256273552676e+01
1.292835897311242910e+01
-9.244344586972440325e+00
8.274353899448023242e+00
1.791545601248279951e+01
8.048553522823358009e+00
3.161453272409993076e-01
2.417194934735858425e+01
-2.213681690482216879e+01
6.094292759081778144e+00
1.918838362246048490e+01
2.561459471048605607e+01
1.326911143493761891e+01
1.697405171227805454e+01
-6.269671147055095872e+00
2.062028064629252810e+01
1.225773396834023821e+01
-7.354133241434386292e+00
1.176801538254617974e+01
1.973055583740525520e+01
1.268967231384182348e+01
6.623893589429853179e+00
-1.258073302274520344e+01
1.774040281372115402e+01
1.511155584142256458e+01
1.066824630362378734e+00
3.138376760907338525e+00
-2.354385256099566703e+01
3.996895074564113770e+01
-9.210385880749331733e+00
4.806642508159328742e+01
2.544227690790885621e+00
5.611671774332931406e-01
3.580888116182739367e+01
-1.702913742839347222e+01
-1.495157591275297904e+00
1.717078468722127838e+01
5.020347855479884913e+01
-3.085783488248244666e+00
1.901848523005017455e+01
2.776452228952274481e+01
5.299740563130493243e+00
9.314623569950976290e+00
1.641960155384225573e-01
6.717708382115352705e+00
4.163771007948419367e+00
8.914072276838547637e+00
4.002002742638524069e-01
1.157418731854979121e+00
-1.513872161147672202e+00
8.365110422331792250e+00
5.982831588496798858e+00
8.453550466419962106e+00
2.380351457678413141e+01
1.475958912763781861e+01
2.358593976140107529e+01
3.595655121652522102e+00
1.003399342235629632e+01
1.395541293464765431e+01
-1.316910810458556114e+01
2.399546044582976734e+01
7.456438319064147890e+00
-1.002248420601107526e+00
1.486047588562708910e-01
9.154017908538047976e-01
2.335357556763438680e+01
8.024292677154024389e+00
2.907310845903467111e+01
1.038958628632040693e+01
1.626132876121106818e+01
1.377783014496206704e+01
8.086212758658186672e+00
6.480812527344570917e+00
-2.052046429486000179e+01
3.082725029548019968e+00
1.491656849312049005e+01
3.731641175239391117e+01
1.492405608963913899e+01
1.005352598116653340e+01
6.255591589271087827e+00
8.481442039252929277e+00
3.307938881540536613e+01
6.174744843955595641e+00
9.956105872899497555e+00
3.527792044078099210e+00
1.077907051992794329e+01
1.431712913199070591e+01
1.192996606328689779e+01
1.098763637344595701e+01
1.721192776546810066e+01
3.804226078877378736e+00
1.687799811016381568e+01
6.899061526600316796e+00
9.334360532306288150e+00
9.195341782710432454e+00
-1.181251789772409566e+01
1.541530666582306708e+01
2.446799791909602817e+01
2.251320705028620850e+01
1.949398378360392670e+01
1.887883688028426121e+01
9.214800108301576032e+00
1.702497422684421480e+01
3.809931104596927298e+01
1.063315248537775837e+01
1.947689104484254230e+01
2.749225757683032967e+01
2.417128817551084552e+01
2.000595262375072281e+01
1.463918011323158197e+01
1.279681454731533741e+01
1.790884726605904476e+00
3.166550130444270028e+00
5.588272075907197767e+00
7.336588764299841081e+00
1.183906937480155896e+01
2.418969212635904142e-01
1.524523485087374119e+00
8.727104609554501735e+00
1.451034453665441859e+01
2.047363454158834983e+01
1.548780072505334005e+01
1.536694487721283409e+01
-6.350101221059503587e+00
6.377864472437277499e+00
5.607508603653688084e-01
1.434706919746110643e+01
1.055347025755208179e+01
2.865793198182603163e+01
6.800464527182870533e+00
8.635166878710961669e+00
1.473543148485632059e+00
1.128365891338147620e+01
1.984923430071739148e+01
1.169993845363125651e+01
1.294683123319176588e+01
-4.722882373844754511e+00
1.178120111847044704e+01
2.080938860727413697e+01
1.215705991969977973e+01
1.313032303404446566e+01
1.989402779467702231e+01
2.989581091278464697e+01
2.816168695219646523e+01
1.246569249627793141e+01
6.858881979569835252e+00
5.287860545898320552e+00
2.036589906353849955e+01
6.602194788191823704e+00
1.284257959402063420e+01
1.389792509927859854e+01
6.829544800333561483e+00
4.693713754134192229e+00
1.091081370271926332e+01
1.075236456132239837e+01
1.163762020508442774e+01
7.254391367006919999e+00
-1.750253225155473658e+00
-3.363861583849006465e+00
1.137155625624093958e+01
1.050800368052781231e+01
9.709524350293165185e+00
1.214031270827395659e+01
7.963330661566972779e+00
1.311491097240293868e+01
1.127178761094559079e+01
1.596474284216149186e+01
2.130127185839526760e+01
-7.906559433908796564e+00
5.934889561055520346e+00
2.161315230956914490e+01
1.270470355226232684e+01
2.430955068787594797e+01
1.394549495139080264e+01
3.712177263541691730e+01
2.892679827205883569e+01
-1.827174017482720458e+00
5.948567796649818007e+01
1.458676085345764051e+01
-9.024817133915004064e-01
1.339534482139913152e+01
9.702690392613522619e+00
4.646374371742143516e+00
9.241234655392293718e+00
9.490919443783692344e+00
2.218778336320465883e+01
2.242302897313826904e+01
2.219168323765585882e+01
2.381029584881827077e+01
8.513681925136138418e+00
1.075417783104060376e+01
1.989170554792280754e+01
2.364374219086819551e+01
1.066777279876560947e+01
2.960872237668395002e+01
2.247213855648904257e+01
3.014371589338527713e+01
4.065715742468494653e+00
3.292680411993512024e+01
2.135443110706503234e+01
1.356716852578129640e+01
-2.089192967132953882e+00
1.221158928665352406e+01
2.523507639755279541e+01
1.866612438137561725e+01
2.557069692448008880e+01
1.589215231728848465e+01
1.066374885020878693e+01
2.857358814927219015e+01
-4.795767074284718490e+00
8.375777580317670612e+00
1.005548004307986254e+01
1.401716213781632625e+01
1.091154617173681274e+01
2.362673632356719011e+00
4.429821767823101553e+00
4.450869209273425220e+00
1.404954943459969918e+01
-1.053463163559403171e+00
5.193490352225313522e+00
9.728547565987170742e+00
2.011923631946331170e+01
7.557879276092186238e+00
-4.978829755425822512e+00
2.663537793829009903e+00
1.919847387757534563e+01
1.849285069443018514e+00
2.865157955361915754e+01
1.423603889327547556e+01
1.892389505545178707e+01
2.525639872528478591e+01
1.686252031022161191e+01
-8.290541595895515314e+00
1.036466824461982839e+01
8.031469943250723276e+00
1.772493901004888883e+01
1.628443082009667719e+01
1.143850124401864399e+01
4.853069161853914792e+00
1.459410550811705143e+01
1.179754659244096793e+01
2.410796774042557189e+01
2.139693197269227909e+01
2.684186495276303930e+00
-6.098617647850176127e+00
1.198880314942976888e+01
1.748504107524486173e+01
1.332438407561868488e+01
-8.793096393193753357e+00
-2.688545383334474792e+00
1.593160825197699637e+01
1.445856892766296653e+01
-6.829024262866536077e+00
7.630314243701423749e+00
2.229189728564792361e+00
9.555008717128337992e+00
2.240636181360904544e+01
6.189494799411499493e+00
1.200210252717769066e+01
-3.433474800727200460e+00
1.175707963909701448e+00
7.881340558715648648e+00
1.149001413148486073e+01
2.494309172272810571e-01
6.784261386495924029e+00
-5.192430202246644200e+00
1.524338110137222202e+01
3.187331198872316662e+01
4.663666946391510137e+00
8.471289340979096139e+00
3.414864344585194544e+01
1.505030569145133512e+01
1.262089311627227239e+01
5.424184520056977377e+00
-1.640959139110934828e+00
7.383576116313045112e+00
1.395225247519169542e+01
3.544309392120915447e+01
1.621372113486642874e+01
-4.189290856900752757e+00
2.598947837352375245e+01
2.051031671774386922e+01
-1.327521913937479070e+01
2.218752424122031641e+01
-1.293530962714946497e+01
2.668244982216342009e+01
8.188080997695106333e+00
1.772503400681065600e+01
2.176738106944854678e+01
5.726512591267590047e+00
6.025708570602205327e+00
1.102105862166134997e+01
2.988951475321400864e+01
1.084156878542717095e+01
9.473824442749982921e+00
1.898941202637601577e+01
1.699178528470924832e+01
4.414346269619757734e+00
1.300761104247344946e+01
6.639403629953704034e+00
2.404397795521771997e+01
9.166114832077656871e+00
2.690691875437426006e+01
1.149138591317281310e+01
5.522621897721242235e+00
1.873349632209485094e+01
-9.420720218859930384e+00
1.570656571676387259e+01
2.001938147833066850e+01
1.991301957496100528e+01
8.176867953317934479e+00
-8.468405042547690442e+00
1.489890119378994271e+01
5.189302989577869951e+00
-3.507273218826452421e+01
2.306649355852979255e+00
4.254678854791649201e+00
8.048504757725922332e+00
7.223937196476980738e+00
-3.948585003186870779e-01
9.127741224327941438e+00
3.251167598616362397e+00
-3.267588146839813135e+00
1.229830131261899062e+01
7.235130988351107462e+00
3.143623090236040341e+01
7.841663887825163215e-01
6.135972449251040572e+00
7.170331868328005953e-02
1.249844429371260013e+01
3.769274553939234806e+01
1.730820648445703114e+01
9.149529697916147342e+00
7.620997897454552472e+00
3.529929164267201003e+01
4.655622995903181405e+00
1.608456110343008660e+01
1.509437850423373817e+01
1.341947132919971786e+01
2.753125343828294191e+01
1.143419812731339213e+01
1.001371828684514043e+01
8.909221767822156579e+00
2.798528738048462472e+01
-9.718022428899899978e+00
1.129390258199646091e+01
1.884269335638974852e+01
4.215177534115233016e+01
1.610717096253649672e+01
1.029975985271317285e+01
5.625568483500014594e+00
-2.003839406873206386e+00
1.301022420049034523e+01
1.353766267924547151e+01
1.121486195081865311e+01
1.198673177620049835e+01
1.616588586892961743e+01
1.473143651580211966e+01
1.198370002599509831e+01
4.070977337750541381e+00
-1.445911140505559800e+00
4.031626073787419884e+00
1.208209527747568046e+01
1.723725381498949716e+01
1.549825473427422651e+01
3.854029437573125882e+00
1.064658787968886244e+01
9.585951976456636103e+00
1.507121796051045237e+01
1.842062686954909623e+01
-4.763455041631472042e+00
1.652776663991111405e+01
-3.435405357123862302e+00
1.249696770522738376e+01
6.838641770975938172e+00
-5.155691297020212005e+00
1.385557344579456185e+01
3.039446532297372272e+01
8.827111992610921831e+00
1.978052681700441084e+01
8.959663098906048617e+00
1.927748834446690296e+01
1.132163474943375903e+01
7.464849542234848201e-01
7.515134071791514714e+00
1.543992358855499347e+00
1.051035805726870365e+01
3.333497789791557864e+00
1.328116377556336758e+01
1.943805209834788883e+00
1.770761672551743260e+01
1.324137338092639027e+01
4.347573101554161212e+00
6.288288783694301998e+00
1.672788272792900699e+01
1.457911991415926423e+01
-2.277326474027489667e+00
1.866813552116075670e+01
8.407816409306050787e+00
1.230648592093976035e+01
9.595826860776965006e+00
1.872288777241155344e+01
1.510681722782693726e+01
1.690498467452419362e+01
1.779989886100071317e+01
2.488694355222904875e+01
1.594438854417424523e+01
1.109854825304794801e+01
1.018299445567528316e+01
1.548478428909078630e+01
3.277857044179998525e+01
2.318779770182225164e+01
1.968922736173392707e+01
1.081506686564534903e+01
9.499537544122084398e+00
1.981405556422469516e+01
9.758059895160041464e+00
1.810502418129451740e+01
9.577036530549811744e+00
1.941910208509872149e+01
2.015905080717556785e+01
-3.977088045639085578e+00
2.378907947952807334e+01
1.712773024813903788e+01
9.808037295514131060e+00
1.624510864636246410e+01
1.249314271105538587e+01
8.912777018467702206e+00
1.193949045206264969e+01
1.446936905376599647e+01
1.922414798692938120e+01
1.228498033563801961e+01
-1.509703964776566210e+00
-1.056098694579675978e+01
7.156876203904823264e+00
9.565492779101168352e+00
2.300230970808650710e+01
1.490085605569774074e+01
2.518583488889155575e+01
2.221339862604177284e+01
1.057070813930028486e+01
1.726572777736684117e+01
1.496431731489079553e+01
1.125039471712973338e+01
9.774107442268462620e+00
5.398416884637251556e+00
1.238105670672937286e+01
3.159125629524580603e+01
2.006712788633283395e+01
1.324942650841386182e+01
3.922528398890781887e+01
1.271892813810541689e+01
1.352480569719672232e+00
1.418601776372659629e+01
1.741105384838359527e+01
1.637791084630313065e+01
3.029983777355919727e+01
-6.826978679491251256e+00
7.941747494317452194e+00
2.563570731984950868e+01
1.724545046263887116e+01
-5.948128836297964739e+00
1.672478500782283817e+01
1.822072083381968710e+01
1.363301779265187541e+01
3.135655993211453207e+01
2.551231412997633896e+01
1.145084193040828424e+01
2.488917226045668230e+00
1.875990284528638696e+01
1.374698771005886933e+01
2.213634421690848697e+01
4.382830199710394226e+00
1.621381651370044708e+01
1.178470122834185041e+01
5.347135729902275258e+00
1.428785362801030523e+01
-1.211041156902131632e+01
1.919568159538368235e+01
2.389864633438088504e+01
1.205204688481250841e+01
-7.920755767619471754e-01
1.943738526304232650e+01
1.574855791867709343e+01
9.571664588558828513e+00
2.771827874228973698e+00
9.572747164753923954e+00
1.115051154362025621e+01
2.976887980619499530e+01
4.675968677032923182e+00
1.875973725751566334e+01
1.696791800801216965e+01
8.348262314115030946e+00
1.620093041447998061e+01
2.231281799937409005e+01
9.683557352702145238e+00
1.096442061708869353e+01
1.698765443773567796e+01
1.280341375332746523e+01
1.776427404065368876e+01
1.632003479750373032e+01
1.102887843546717761e+00
9.089197059834271286e+00
1.809380854850260789e+01
1.574258805813504303e+01
2.094659274535510463e+01
1.568241816764915342e+01
1.563229251957783283e+01
7.632328095194807815e+00
-3.132753990929108667e+00
5.977167440286281774e+00
7.337230771721639400e+00
-6.659600034714365790e+00
1.133120415505832668e+01
7.323670123698299506e+00
2.448704934290016055e+01
-1.189392019006474044e+01
1.633683834883106556e+01
1.413020460399273581e+01
1.483527257785168985e+01
5.476513282344827260e+00
2.300275080673608841e+01
1.118687499339925573e+01
1.491983207315602300e+01
1.950810621249714671e+01
1.229628390801108040e+01
9.504791961598034078e+00
8.542862832885996127e+00
2.168333445440499929e+01
2.287803258932880013e+01
5.287375702035767233e+00
2.391339268689014830e+01
2.648920887101844812e+01
1.516959495358306675e+01
2.888649627703104628e+00
1.782601887069342084e+01
4.002200260065581006e+01
-2.180904519232038297e+01
1.208272440015931259e+01
-1.379845663131181510e+00
1.398059400022299670e+01
1.197704015979955550e+01
2.028104789513363571e+01
1.719721067663749636e+01
2.109893146079443227e+01
3.489783355894171279e+01
2.681315965236591836e+01
1.923450048031928361e+01
3.880149615968753629e+00
9.376281421786744730e+00
2.424155243220485545e+01
1.556489584060838993e+01
2.047311641424002460e+01
9.139217320486032747e+00
2.083132179821852858e+01
1.130468943292670048e+01
1.936968411062781215e+01
3.253990879724435104e+01
1.414708018651660204e+01
1.525963596469235206e+01
7.808116781229826664e+00
5.452413469652430678e+00
-4.320428654059806917e-01
1.603585839334460417e+01
1.449075128872587648e+01
1.811211931510290185e+01
1.110514851693123894e+01
1.323306925856167382e+01
1.304064925883668380e+01
1.669392989357776358e+01
2.423242579381876993e+01
-1.126420863063657407e+00
1.427527289594748083e+01
2.697588683768017859e+00
3.454078375513876864e+01
2.393721472874201339e+00
1.254339836020735710e+01
1.708706616673477185e+01
1.572473598446062582e+01
1.854083195086915836e+01
3.436669036418005874e+01
1.187725359219329668e+01
1.361630845280800983e+01
2.306678719178035664e+01
1.160059141571780295e+01
7.195978898969133120e+00
1.242426002283042052e+01
1.585221160093546899e+01
-3.726309254822588457e+00
7.993719002222745118e+00
2.680030319854072474e+01
1.150399325334936762e+01
5.412195575062272113e+00
1.044007444332171275e+01
9.953141735818302749e+00
9.337201069475963067e+00
1.690356429978358221e+01
1.321565381857283761e+01
3.464322434291559460e+01
1.767196479786931818e+01
1.937591525156244288e+01
2.343148854805686199e+01
2.169595349949008067e+01
1.109130952753199040e+01
2.361315414366085719e+01
1.795432258133672221e+01
1.037839658474999815e+01
1.514414476337383952e+01
-3.771158490476302916e-01
1.415810207960178246e+01
1.588703035882740799e+01
2.327587674402695939e+01
1.765317288911141347e+01
1.305605946736908685e+01
-2.556015722367234844e+00
1.337716232573965769e+01
5.835245419733391614e+00
3.176243543516429924e+01
1.038177981137145522e+01
1.831858972822374909e+01
4.525890577082127919e+01
2.962888771062786475e+00
8.746434831722709191e+00
4.565354774772647062e+01
7.808565910602517590e+00
2.012527743860880491e+01
1.168702806471961608e+01
9.438681316088532114e+00
1.331041348307223515e+01
9.943562955149557681e+00
-7.183764999689358888e+00
1.032588525469404139e+01
2.170207603621724246e+01
-5.482833971191503508e+00
1.558281602775680241e+01
1.412542531296933213e+01
1.092844488544263548e+01
1.444657024661223232e+01
-1.512390008837556366e-01
1.562848836801649988e+01
1.685592970601241447e+01
-6.382245935582453455e+00
1.081145517781485665e+01
1.483316012836430708e+01
7.485262389950027462e+00
1.190863442127611016e+01
1.060123485905067398e+01
2.252447484648842035e+00
1.533508726377790587e+01
5.519389515799703716e+00
8.200140994086929425e+00
1.196935477871201137e+01
1.764634537096115707e+01
1.967624335599879970e+01
1.443489325481426633e+01
2.148534800058037320e-01
2.082554886792861382e+00
2.104945860526765955e+01
2.180479018604619412e+01
9.485933534861151983e+00
1.743935524472267673e+01
9.260141532120179875e+00
1.712454847571110150e+01
1.584294621465972774e+01
-1.522684805072906045e+00
1.617305748311354208e+01
-1.333685210687353973e+01
1.553430521495457306e+01
1.785437810830637062e+01
1.596749039124632930e+01
1.989632114890957126e+01
2.924004774447510968e+01
1.262116386416890457e+01
9.593337453689656513e+00
5.156330817110120535e+00
1.214532585049452784e+01
6.846799109505076864e+00
1.702054872067298419e+01
1.984699595064861555e+01
1.642887148970905287e+01
1.833182432864339262e+01
7.068377395491012294e-01
7.806738351415194899e+00
1.215323961413337983e+01
2.908081936747334240e+01
1.704664969057676416e+01
1.198401236862085462e+01
1.927224885090043571e+01
1.832764389565782537e+01
9.671102906913532138e+00
1.503057462190126259e+01
2.256100909949150335e+01
1.754010640618958661e+01
1.489202833343836296e+01
1.746656538505610357e+01
1.528748980316029460e+01
1.758725111822994691e+01
2.755336701869509852e+01
-4.033147420832101204e+00
-8.535395221714008329e-01
1.271467617041929898e+01
1.493388676159259632e+01
3.189640452896705014e+01
1.618024580587119132e+01
1.536334685765147690e+01
1.799952496824951353e+01
1.366798258678239009e+01
9.163111918000709011e+00
1.440167552111863003e+01
3.906411376077109310e+00
1.904301014171826978e+01
1.386830114831833782e+01
1.543935678737878270e+01
2.148433778471268951e+01
1.209365342464166027e+01
1.585070245666012312e+01
-3.472115901084134038e-01
1.432373584040902337e+01
1.370758322367566961e+01
2.175666224022194228e+01
1.778507969781207265e+01
5.215722925610039695e+00
1.191621275369748822e+01
1.904316504632484452e+01
-9.515480651963247993e+00
1.581301521267840648e+01
1.258892673032118559e+01
1.586364434643232180e+01
1.343794655497631396e+01
2.521312005750309737e+01
1.806565331300768307e+01
1.840889194912323035e+01
1.951144350793271087e+01
1.378562442515377384e+01
1.722928895713488018e+01
1.928519658884516730e+01
5.128028296294854016e+00
1.210854854947953108e+01
1.113329033159048720e+01
1.728088004687486290e+01
4.886025469297994306e+00
2.040139258550464518e+01
1.658862904021829721e+01
1.660513919360932178e+01
1.414878191288967102e+01
1.117164331828692880e+01
2.948851997387245660e+01
4.249107893379631129e+00
1.950018358657112927e+01
8.978019786736398444e+00
1.522031842293553439e+01
1.379309203446199028e+01
7.151198514350516788e+00
1.140375711766471234e+01
-2.470724379836652673e+01
-1.514527949807990836e+01
1.566524128145824868e+01
1.658991147612820072e+01
1.889366968328650387e+01
1.514898081853357681e+01
3.102141078373177052e+01
1.120393481283933923e+01
2.243210643420465189e+01
1.742101847913663448e+01
6.813110098544722604e+00
1.286392401379688621e+01
-1.210705642972808960e+01
8.355752815941286826e+00
-1.808720679666357967e+00
1.608520031594696320e+01
1.335505363435513537e+01
1.314901997224800567e+01
2.429702677585204640e+01
-7.783727992669220441e-01
1.694415768058382810e+01
8.445255155847014805e+00
1.158242584409825859e+01
4.425107143077458005e+00
1.271821016987611053e+01
2.259846325210339302e+01
1.379037170462988193e+01
1.705893878863086144e+01
1.396240552586995065e+01
2.032035641157392547e+01
2.666806612419463463e+01
1.437747245741570978e+01
1.676174001988695750e+01
1.149236685681327153e+01
1.881246963932927230e+01
1.321220815710932683e+01
1.436213464892143143e+01
1.286963971244880867e+01
1.460883988724046745e+01
1.141068561391869451e+01
8.248806078002196784e+00
1.779102836041614211e+01
1.851738982541871437e+01
1.342616337859554143e+01
2.277976974810883348e+01
1.394155380001474853e+01
1.527279971419578253e+01
5.609559547675852187e+00
1.278520107735113953e+01
-6.067600918885442951e-01
1.023852419335510433e+01
1.029375821224959608e+01
6.424595358648653942e+00
1.550261555804971003e+01
1.369791760514666734e+01
-2.496492426816370624e+00
1.174942948770321216e+01
9.404509079623011303e+00
3.830575584910218367e+01
1.412513653562282379e+01
1.685484296236793966e+01
6.904562148284672851e+00
1.983205013934592742e+01
2.016170022105142223e+01
1.652259055143693800e+01
2.146777261084476152e+01
1.579839476594032988e+01
1.813544369563574676e+01
2.409605249895551538e+01
2.230480876794777245e+01
5.132051989206857456e+00
2.980411584531221436e+01
3.387494657634347561e+01
2.302382433911620296e+01
-1.204157546390010936e+01
3.622401554378445354e+00
1.720176051382850702e+01
1.403388162953848628e+01
1.909145783488552439e+01
1.947442307652691085e+01
1.770554959493506786e+01
1.715172097568166265e+01
1.513048947029135327e+01
2.305931824423247178e+01
9.759450877599375573e+00
1.381935713616524986e+01
2.156567360901301811e+01
2.682895093769536388e+00
-9.591937867230182491e-01
1.315351027908535109e+01
1.334868568293791391e+01
1.484970314722626661e+01
7.387174669907007107e+00
2.079214603301140230e+01
2.127530332876876429e+01
2.882503310743304326e+01
9.911040874211332508e+00
1.582693493018862441e+01
4.002995173753241431e+01
1.156081116658076446e+01
1.353783435032029203e+01
1.804883696118402270e+01
1.570316548957911706e+01
1.413109197693342622e+01
1.862366010432297614e+01
2.772480731593011782e+00
1.543395119057066012e+01
2.062010004003481711e+01
2.016511763218539244e+01
2.453016558513524359e+01
9.274430534125290393e+00
1.848510660881791523e+01
1.599083416575420813e+01
5.871971900834278557e+00
1.672707776349514930e+01
7.951952874440105568e+00
1.010889255269798781e+01
1.591162070710657872e+01
1.621146095251474506e+01
1.430259330381652561e+01
1.518374941182925575e+01
2.173471584338830809e+00
9.073189857305207440e+00
1.484415409575378497e+01
1.778302731904340561e+01
1.013974104355548178e+01
1.622813480257694962e+01
8.007376774638602868e+00
1.412523360525407057e+01
5.242974207124710517e+00
1.342566099061384044e+01
1.738871556692892995e+01
1.397346527844900876e+00
1.365317208524360204e+01
4.237891696854957502e+01
2.978558591222695284e+01
1.072115752457460047e+01
7.548488735389767612e+00
2.488445464423325859e+01
7.255848745116431076e+00
2.960714338063265672e+00
1.462457052288994674e+01
2.354655696236300599e+01
1.934664055800888249e+01
1.774102366557993093e+01
1.057186625976805239e+01
1.982047329324388585e+01
1.919814665689040467e+01
2.077751418418259988e+01
1.949797321906984493e+01
1.398276855225483573e+01
1.875284106766058301e+01
-2.382713219658800341e+00
2.268068811963158993e+01
3.062585221519901424e+00
2.083264757274549339e+01
1.574256964573972084e+01
1.244747435955357062e+01
1.243398791773492817e+01
1.485044889380239574e+01
1.829006722448671951e+01
5.398259959374355432e+00
2.643488557553395424e+01
1.126119992660948732e+01
3.030573581414788720e+01
2.598492894529861985e+01
3.015156518180039313e+01
-2.664689896376177813e+00
1.140103597059507479e-01
2.112708278679311036e+01
3.172924461049740330e+01
1.160457061732950379e+01
2.626512147958666787e+01
1.766570185620541267e+01
3.179619585574690888e+01
2.603635196245138417e+01
-1.090894740531209806e+01
1.685554084384355278e+01
1.459308151668438214e+01
7.667040928082210272e+00
5.216913280586993551e+00
1.493463800839925781e+01
3.248132203130591478e+00
1.397061803008508463e+01
2.053206287077325243e+01
1.786465146876692955e+01
5.615308346664939165e+00
1.560041122447673523e+01
1.383545231696701094e+01
1.617818005468135212e+01
2.279719776864716607e+01
1.625207173154248252e+01
1.482758917714461333e+01
1.500467508755069801e+01
1.299021529495907856e+01
1.745727345266319119e+01
1.760982712225878899e+01
1.044295657313575632e+01
1.777726497521433657e+01
1.812289488195830245e+01
1.297246932778687700e+01
1.211557534151708104e+01
2.330700570686108364e+01
1.333099652697898563e+01
5.655376063843220891e+00
1.415986924579834039e+01
4.753371292049802577e+00
4.264400868908599307e+01
2.200981270098536768e+01
1.477447684075649370e+01
2.037577285720517750e+01
2.786139580189448850e+01
1.741287628052438663e+01
2.004992642650346824e+01
2.801648313299731896e+01
3.083241852757693380e+01
7.080650437870215086e+00
1.082423917131067448e+01
1.341287686449888739e+01
2.007074859355088492e+01
1.996093304712311678e+01
1.383916962065681311e+01
1.606158508085744785e+01
1.773095322036526866e+01
1.906569329006342528e+01
1.607580658881042268e+01
1.636113362032783058e+01
2.123672223209428722e+01
2.152540285353254745e+01
1.797771335469328235e+01
1.532565447286508231e+01
1.658304019002449081e+01
1.814041349074222609e+01
1.536632350958190507e+01
1.714867287442088184e+01
1.106731958985680109e+01
2.193990340599139088e+01
1.333029021037417650e+01
1.784515127133889933e+01
9.136720908681049025e+00
-8.916400017038942138e+00
1.521195344237568925e+01
1.854316383697982928e+01
1.501608878470738340e+01
1.208149901230112278e+01
1.626205279730531217e+01
3.833789251460251180e+00
1.604859679329817368e+01
2.201823959503749961e+01
1.186385608063968178e+01
9.346477818648075697e+00
2.191381576309462531e+01
1.366900763699322496e+01
1.235945104385690740e+01
1.900589644886447616e+01
1.965773467681541575e+01
2.223448332273628480e+01
1.414391786890775649e+01
3.329524652629286408e+01
1.840764231420293839e+01
1.424656170589205395e+01
1.359617966563573432e+01
3.848873889177006902e+00
2.806074643763208343e+01
1.950957976959393747e+01
1.932776292356446035e+01
1.664644263970007287e+01
1.363959441574484188e+01
6.135642281308449242e+00
2.629542544762615108e+01
2.726594279827877898e+01
1.654551416594827984e+01
2.283834241578312430e+01
1.827371444274611889e+01
1.831313330051961685e+01
8.279708640625678129e+00
1.762783353698769773e+01
1.708153806332349944e+01
2.298723537279921203e+01
1.139646782262417979e+01
1.076196795321954447e+01
2.039865225286579786e+01
3.197920182748555362e+01
2.548949287042432132e+01
2.229061782604719610e+01
2.087592802467317554e+01
1.547240722831911874e+01
1.467013774034912998e+01
1.334559816744578775e+01
3.097496205326175911e+01
1.653843207326892895e+01
1.672558605305098922e+01
1.172337093164183841e+01
9.962715925229376879e+00
6.909556915194563942e+00
9.318496267494854379e+00
1.672480358007135592e+01
1.641056387830900576e+01
1.677375910433150352e+01
1.604489792357921729e+01
1.020160565182930057e+01
9.791404045560881286e+00
2.642523729604948102e+01
1.984357365363769077e+01
1.841224964656616692e+01
1.509665574440882274e+01
1.507503661138710171e+01
1.177330005397483959e+01
3.059528456739238678e+01
2.415662347560689938e+01
1.091820230135915892e+01
1.606048379715774743e+01
1.596930083487431773e+01
3.635495742121129581e+01
1.707865135434604653e+01
1.745186667126818136e+01
1.934283454821545689e+01
1.678048537316046662e+01
3.382314693780804760e+01
9.191137836072046596e+00
3.248233457928127876e+01
1.555222004700429750e+01
1.888860545990076290e+01
-1.257018479099935249e+00
1.538367322436948648e+01
1.531489112474591963e+01
1.631494531853477525e+01
2.568827779285130930e+01
-6.675000633715946208e+00
1.101393493204189866e+01
1.419740895975445838e+01
1.199861876626027701e+01
1.915204708939288025e+01
1.705724967934400382e+01
2.221408984820361709e+01
1.095168165401262073e+01
1.853799203502690318e+01
2.490570481540914827e+01
1.630721332814177060e+01
8.219620206165920706e+00
1.419210338016322659e+01
9.982232392804522902e+00
1.352920997442490858e+01
1.916923955061903939e+01
2.097991499836564344e+01
1.700149141776608985e+01
9.362068092138747133e+00
2.067811709803565634e+01
6.240587138244526599e+00
1.413916905327308804e+01
1.562780549859969348e+01
2.940167344524254389e+01
1.799358030430981614e+01
1.687556279561779959e+01
1.584932542261470090e+01
3.089760658924367931e+01
2.587564158664702063e+01
1.635776768528214120e+01
9.818038089867901164e+00
1.086748529170439426e+01
1.832322249289413563e+01
3.306289280494508986e+00
1.285295223663630360e+01
1.130934198056183249e+01
1.963211438254268160e+01
1.604971357975536606e+01
1.688731305611778666e+01
2.694426924178711147e+01
1.499492786502914399e+01
1.915071095917153343e+01
1.857341147406430082e+01
1.556866542729044944e+01
8.537760574007437597e+00
1.735622647702903976e+01
1.669651588878286930e+01
1.649455728496084461e+01
4.689840886183866075e+00
1.456424311839374219e+01
1.128200939850137985e+01
1.796623998603380556e+01
1.540365805497374829e+01
1.653408237070703635e+01
1.540685958960446023e+01
2.324994083555414548e+01
1.627598627830054312e+01
1.982749558191737904e+01
1.753633506388110064e+01
1.645332574677511417e+01
2.875276189378832470e+01
2.265048509959591883e+01
1.922277123098599105e+01
5.248842524754151029e+00
1.720234322339775801e+01
1.812894602910810349e+01
2.840863811287733753e+01
2.067253125754860932e+01
1.212889924051904345e+01
1.961821527810608856e+01
1.726927008685836284e+01
1.331586908912636780e+01
7.751096091342974503e+00
1.333847407214624958e+01
3.090430472170909937e+00
1.303802486034407337e+01
1.040279856760273525e+01
1.693646598620992449e+01
2.653300272100701562e+01
1.627689768577311824e+01
1.308358995241958667e+01
7.937631948280220229e+00
1.980633917437999258e+01
1.689743277382142495e+01
1.909352587213441055e+01
1.768562936083899828e+01
1.358887760983582460e+01
2.301087092386800492e+01
1.453913948259976863e+01
2.053585061871852702e+01
1.077338458483099437e+01
9.953891999272471480e+00
1.301724766802631272e+01
5.352430900470299235e+00
2.522152596435278227e+00
1.768522998520218437e+01
2.118483037695193971e+01
1.361676394227448661e+01
1.635129559711617375e+01
1.848821590970971585e+01
1.306250148698333646e+01
9.718826444154068156e+00
-2.939623072313288787e-01
1.209291653217140095e+01
-3.708914803516975667e+00
1.559744474943408044e+01
1.345757601989809871e+01
2.456142632270581672e+01
1.341241380155151219e+01
2.789475431196474275e+01
4.930064727666749747e-01
1.418899936979313914e+01
1.108757992378037116e+01
1.299767203809934735e+01
9.537202860479670363e+00
2.390973556240494347e+01
2.253808245755475070e+01
4.170352738514461421e+00
1.520012961123062922e+01
2.326620272530949052e+01
1.723103937801130314e+01
1.203064745143525727e+01
2.006394748532273908e+01
2.054590981212948719e+01
4.349560378823584372e+00
1.474937015202969981e+01
9.611465850511319076e+00
1.075102921158029901e+01
1.649612566144555714e+01
2.604336198897722454e+01
2.907242993616959126e+01
1.351837706828527175e+01
1.168195205181350360e+01
1.929660875892131244e+01
4.279956945748747188e+00
1.010032449766580598e+01
9.346722209217675825e+00
2.395297161670733388e+01
1.524710944342515972e+01
8.153829826042235496e+00
1.899883630983412175e+01
1.413062491490520323e+01
1.401145618749360544e+01
1.728503308114840920e+01
1.810806822954345918e+01
8.422144556666619764e+00
2.967875637444794990e+01
1.467315144141660888e+01
1.586469176977444029e+01
1.291074010479000123e+01
1.357234132053924114e+01
2.335322543153960595e+01
-1.739537818408724235e+00
2.574683171379898994e+01
2.082489090555614908e+01
1.626868217195057653e+01
2.047575743523272962e+01
1.769435938776715034e+01
1.036310564642720955e+01
2.007648125331608213e+01
6.339287078242627160e+00
1.224879555517534868e+01
8.665402625666697389e+00
2.086729348974841969e+01
2.537265406748980467e+01
8.774268172532583066e+00
1.783324066310801470e+01
3.617778030563982838e-01
1.572077898904835536e+01
1.092398155470182886e+01
1.831156890569713624e+01
1.540804605117240200e+01
2.379929601727808830e+01
2.771223169520654750e+01
2.613002837790900301e+01
1.993135005220506528e+01
1.284118714102967296e+01
1.269149345966791209e+01
7.619992959227101181e+00
9.452225032269186755e+00
1.063374845731439322e+01
1.488459411180389935e+01
2.378082706993339102e+01
1.965692742068183207e+01
7.406836790150474137e+00
1.458058694145085710e+01
1.613122918063874423e+01
2.265531646187995563e+01
1.867531918288015191e+01
2.812078156342926150e+01
1.162010904231809505e+01
1.786629976302872791e+01
1.659359817804931581e+01
1.432693229976080929e+01
1.493419922041200820e+01
9.198030026419978356e+00
1.746531727378444643e+01
1.687450502227373406e+01
1.579924898353056584e+01
1.732289263671188451e+01
1.882195873711638967e+01
1.457216741945056881e+01
1.714916530401417916e+01
2.061016381431296907e+01
7.213027303084608377e+00
1.169790156160009076e+01
1.722078514371759184e+01
2.203960655431173876e+01
1.615595165383516019e+01
1.603283717511157036e+01
5.144516810110074445e+00
1.050419923262812461e+01
1.802121406973857987e+01
1.549174558587962025e+01
8.660170260650588148e+00
6.196250644853734002e+00
1.842708492709466483e+01
1.145185727938294562e+01
1.348091923850127927e+01
1.900547380017389187e+01
2.231908992131032932e+01
6.120390722750942203e+00
2.378807482877882507e+01
6.273393594533914097e+00
2.348553665790122125e+01
1.685114315953544306e+01
2.279553629546168381e+01
7.916866585581402660e+00
2.297822005510470333e+01
5.962679272044441703e+00
1.611486424824631669e+01
1.326205835036673264e+01
2.137275685940769065e+01
1.559329779764711432e+01
2.051349019832863263e+01
1.527669005851483419e+01
1.258571395089116862e+01
2.237619732451383214e+01
1.577073759135467945e+01
2.514916297391692268e+01
1.540407816965197263e+01
1.690674366652444149e+01
1.348683974584542966e+01
5.814813505501518875e+00
1.554634543842721861e+01
1.509835901807579361e+01
2.699549330577091766e+01
2.795951409802111698e+01
1.592267497609717353e+01
-1.592857835608008088e+00
2.502057704164421637e+01
2.453946818249548301e-01
1.315823319703681271e+01
1.188850772526415156e+01
-2.515491056678435200e+00
2.003472873798030562e+01
1.079584268570928174e+01
2.837897556209644279e+01
1.579196111216496767e+01
1.315383044835257031e+01
1.308398664853425331e+01
1.773394968556822349e+01
1.909730908698930918e+00
2.984480288031524964e+01
1.037573277765631019e+00
1.909889582050658419e+01
1.533846962467373309e+01
2.253345974801100482e+01
1.350972816936958587e+01
1.789323817416471485e+01
1.562483233967739338e+01
1.572525753783718727e+01
4.198921626305729404e+00
3.005574612444749860e+01
1.541778220679893607e+01
2.312890389551021286e+01
2.333650893827993400e+01
1.495271336489575553e+01
1.818513703930974046e+01
1.520581548486043744e+01
1.316366415935008938e+01
3.595350364653257458e+01
1.765693800593349749e+01
4.767331466937800855e-01
3.897250480730807709e+00
-2.862670368411421862e+00
1.338477674599732126e+01
6.296351594828220044e+00
4.581059778743442834e+00
1.871203849189936719e+01
2.378788866462996765e+01
2.850649284102730263e+01
1.650077905375091092e+01
1.235981234930311068e+01
1.673828000479907629e+01
1.095974214654396661e+01
1.628455132545866135e+01
1.646023430070997406e+01
-3.119870775514069550e+00
-4.872568764787246209e-01
7.605327329582287632e+00
1.233697206959830517e+01
2.307125900379807248e+01
2.130515189316558633e+01
1.247086947356407549e+01
1.834158232491542861e+01
1.209484875482650779e+01
1.781550977855425799e+01
1.507137914744624396e+01
1.188289869451601177e+01
1.556682644728906695e+01
1.630057717729945566e+01
1.763076947562065300e+01
1.433646460981667303e+01
1.458264665637027235e+01
2.436274430007801683e+01
1.538876805049346785e+01
1.239579893138461664e+01
1.844959270567490250e+01
2.336732577531559230e+01
1.891929430875261531e+01
1.592379514923053385e+01
1.197569493687604592e+01
1.780546776083922467e+01
1.481974862677548543e+01
2.997539661525031107e+01
2.527053140629100625e+01
8.677469871599566176e+00
7.332654546210884305e+00
1.629857338794542088e+01
1.523130722379801583e+01
1.044132402204171761e+01
1.211200213170454276e+01
1.883137018564423215e+01
1.675875051270336513e+01
2.088895987377908980e+01
1.927341019795832722e+01
1.824090797815083675e+01
7.195414264243373381e+00
2.068751618331323172e+01
2.264799504160876964e+01
1.807715132241782641e+01
1.663229292011065397e+01
1.026761035068469141e+01
2.281484740785156617e+01
4.711430274049677180e+00
2.690381863358837222e+01
3.395958846459053859e+01
8.579978632908680680e+00
1.370670794087459399e+01
1.587216576295871562e+01
1.340710729484107411e+01
1.584503425496549234e+01
2.228080830852696792e+01
1.524333896004996980e+01
1.519016520236852230e+01
1.956178072048921024e+01
2.170637272467130074e+01
1.603664839246723517e+01
7.654850590100934937e+00
1.804241879475941701e+01
2.188697441028622137e+01
1.224956328126991068e+01
1.509989693448007841e+01
1.684137521235388846e+01
1.316896418475330854e+01
1.379090269950421899e+01
1.850432646277110038e+01
1.560923358609678324e+01
1.795086398915704251e+01
9.456486709698060267e+00
1.388610916761912151e+01
1.779412619640302040e+01
1.811100547279904660e+01
2.575270275996255975e+01
2.410818933836902289e+01
1.684667635887163684e+01
1.859868033600166726e+01
2.671672289260025934e+01
1.788014898561539212e+01
-5.554305098605752278e+00
1.020402418445689641e+01
1.254170026487077116e+01
1.939020153619726017e+01
6.280748520451533423e+00
2.013528595009708866e+01
1.589534132762029905e+01
2.198116571584711920e+01
1.705254248297370978e+01
1.626132799473093016e+01
1.219685664687666105e+01
2.423665016810233297e+01
4.478023494393024606e+00
1.615482570866347345e+01
9.524090574043569291e+00
1.440129730307655720e+01
1.450948718844457375e+01
2.000970605789859746e+00
1.167457903556630328e+01
5.733903025585421531e+00
8.870119356762174334e+00
5.839647367771954478e+00
1.172261467143093583e+01
2.307982040584772676e+01
1.347401667581757678e+01
1.487690550318463956e+01
8.740666523839404789e+00
9.642018419858372269e+00
1.875132053365388174e+01
3.060835890787147306e+01
2.177795641461810305e+01
1.692664867567221165e+01
-1.791048972502071734e-01
6.331261484650456239e+00
2.523853070685661137e+01
1.070767114491261118e+01
1.153986824168680769e+01
3.023644364722080979e+01
1.299618155864400926e+01
1.551566747182214634e+01
1.473544731993303714e+01
8.406831466958646359e+00
1.844301522531857884e+01
1.311039839010563668e+01
1.356428289465854853e+01
1.739702851317824539e+01
1.989361742865039417e+01
1.190636711962163830e+01
3.921967525641006702e+00
8.371542670901312988e+00
1.406069123958454803e+01
2.469384926293611926e+01
2.209565272493026100e+01
1.475884895663629415e+01
1.803545089263732848e+01
1.441304678478905998e+01
1.904056788981526793e+01
1.441055564345392703e+01
1.789415566928883905e+01
1.772142837722943653e+01
2.315409032425070279e+01
1.393705357903393960e+01
1.397868147527568006e+01
4.841596220162054820e+00
1.930639836841029222e+01
1.490886146606384166e+01
1.602122655199729451e+01
4.783658620722058608e+00
-1.064037675581128894e+01
1.646759774888282379e+01
2.739123689584414478e+01
2.037606841105665012e+01
1.261041328342818879e+01
1.411530822133493324e+01
2.904494835884190707e+01
1.592994233964689421e+01
1.267474098025310347e+01
1.311994667624000499e+01
1.195037677692356581e+01
1.808761095914091399e+01
1.531679570334977569e+01
1.456833096694750118e+01
1.004062038307863602e+01
1.352098452363890857e+01
1.668961014582668767e+01
8.010607115354194008e+00
8.416242304053699996e+00
2.253646098729796776e+01
2.276049576984057410e+00
1.450197746835911872e+01
5.372073650244386656e+00
2.550531307627919375e+01
2.000214069211359202e+01
1.619291391803168167e+01
2.017068023347909644e+01
1.711408883605098197e+01
1.811046566864937546e+01
1.586662490457119468e+01
8.127373828356143193e+00
1.567008017097115413e+01
8.351738409734515756e+00
2.590844805617269486e+01
2.015945106028057765e+00
8.865871199581061290e+00
1.635756402745264992e+01
2.186598806601588763e+01
1.341332729937932911e+01
7.730668446190418486e+00
1.942016738941553555e+01
1.329341905679112301e+01
3.611179616077224352e+01
1.689255964777951746e+01
1.151147198623883483e+01
1.039946485247334707e+01
1.839203922137359726e+01
1.388929121197205774e+01
1.483079270801831839e+01
1.328944367680916372e+01
1.916110018440165419e+01
8.356496653985383105e+00
2.692554034467686108e+01
2.473785756321355223e+01
1.237573836523753812e+01
2.375160468130264846e+01
4.952678648678914186e+01
2.298970164636292779e+01
1.605678949598983252e+01
2.521520351722277198e+01
2.004392399569497130e+01
1.122906073556814022e+01
1.187354251234936164e+01
6.545687298397863785e+00
1.554582455778851191e+01
2.331760488680271948e+01
2.000845034019808111e+01
1.904591346566123633e+01
1.270406723861069764e+01
1.982931163914834372e+01
1.482319120783170519e+01
1.698476371944346042e+01
2.408416470373544627e+01
2.010686035653098358e+01
1.142024386401851643e+01
1.596775851545071667e+01
1.343318608550112714e+01
1.989072302291336314e+01
1.762972206482815807e+01
1.831920834390547981e+01
7.917404863018585814e+00
1.846793589426700777e+01
1.632247250180869003e+01
2.123019243160678116e+01
-4.532420035915837531e+00
1.460295586262409806e+01
-4.232393589120295729e-01
1.783900462410332466e+01
1.990015138331648714e+01
1.844009620293273599e+01
1.748326554209337402e+01
1.797082138581515309e+01
9.828136566688041142e+00
1.434600589938384729e+01
2.425120753729432721e+01
2.278675756896237559e+01
2.595678141035278941e+01
3.128993091872230892e+01
1.888875361816003817e+01
3.403051928443431962e+01
-6.241406322830211906e+00
1.796610237071510952e+01
6.837869496734157337e+00
1.759239568442985657e+01
1.208541552957512621e+01
1.585821113790329306e+01
1.657884349980730931e+01
2.193375119977244836e+01
1.454851351062753118e+01
8.302290306395171626e+00
5.401312475299450355e+00
-1.003296835172800883e+00
1.708370486899453766e+01
1.720268964048825922e+01
1.648277359550487375e+01
3.293234077308990493e+01
1.762252707242703309e+01
1.851686452176391029e+01
1.886104394937727236e+01
1.151303482231404018e+01
1.794711712451043084e+01
2.566117005724198208e+01
1.469026501048676181e+01
1.227860211407684865e+01
1.288278083275970332e+01
3.405637904000943905e+00
1.665595493913415837e+01
1.659289196995226945e+01
1.663447474861519026e+01
1.227995158351837368e+01
2.544350456751243428e+01
9.897986173238916052e+00
1.968021843491291278e+01
1.849366609861053945e+01
2.093200777742836038e+01
1.710986400621142423e+01
1.700994948905826121e+01
1.452498308693530404e+01
2.492245667219118488e+01
2.349797470848159264e+01
1.645276395767849209e+01
1.376474153242287102e+01
2.325135046502685299e+01
1.538179904707009271e+00
1.642316291300112852e+01
2.623024263187343053e+00
2.558263887661757252e+01
2.028846857871794640e+01
2.034649552600858868e+01
1.966655746591029796e+01
7.417406594004461340e+00
1.934513681473231372e+01
1.567091226948792837e+01
2.166307188360780245e+01
1.385982272375108870e+01
1.792378100994886125e+01
1.066320461347431703e+01
1.785852431019257125e+01
1.533890313713895281e+00
7.482239555207836901e+00
1.649925147966017747e+01
1.504254053123519341e+01
2.343630374004402839e+01
1.698648085463366897e+01
1.975994743739104464e+01
7.493480348013219938e+00
1.923305006715349919e+01
1.223813243052689437e+01
3.307166176680222947e+00
1.592862829878749764e+01
7.732291484435982909e+00
5.584024902604408425e+00
1.705872065852693353e+01
1.538394287222681633e+01
1.322059943430430451e+01
2.328434287196897046e+01
3.286766645383627150e+01
1.265925046798060727e+01
3.436432312346964579e+01
1.733794623175981542e+01
2.094443671605171886e+01
1.448269672922079465e+01
2.434155703615383004e+01
1.718059532048479809e+01
4.457544970834914011e+01
1.314461388252935947e+01
1.165613563029677024e+01
1.068480018125353759e+01
1.842714510490921498e+01
1.715202021939174060e+01
1.102456040495858147e+01
1.545915134211839792e+01
1.501590070981559855e+01
1.498799811627176126e+01
2.083995256712540822e+01
2.583785248338944385e+01
1.878617943640879773e+01
2.031818825883073387e+01
9.204225100140753568e+00
1.610939371659435082e+01
1.892063868966320683e+01
2.606388404709208473e+01
3.161718741657825404e+00
1.595809034940342030e+01
1.913025176906768365e+01
1.904519929092152708e+01
2.518069680988687509e+01
1.582341451197107318e+01
1.251810542431947226e+01
-5.306726600809135164e-01
1.705054503205365890e+01
1.390741886279244355e+01
1.304927737051312420e+01
2.802958320562147065e+01
1.527243493895731774e+01
2.027371920370369196e+01
1.735226226311514708e+01
1.123908870835355245e+01
2.055760427845227412e+01
1.479147932429254908e+01
3.150503768499217472e+01
2.271073488646111826e+01
1.592615274056113606e+01
1.026963003500834049e+01
1.293941706305147044e+01
1.363049100134209901e+01
1.635234489584905404e+01
1.086794548505414326e+01
2.467126026671055428e+01
2.031748948049550663e+01
2.360559746071113096e+01
1.464077264100390785e+01
2.520053155650409593e+01
1.663651871096462997e+01
1.911768122682885007e+01
1.677030435747516535e+01
1.759447435076935307e+01
8.647083854100234390e+00
1.018807418747147153e+01
1.166039562558804832e+01
1.319461750754413742e-02
-1.400772037425213057e-01
4.848152661769058902e+00
1.975305176352945580e+01
1.490133201743917368e+01
1.718832170520506608e+01
1.902140686093003552e+01
2.148898718956731457e+01
1.914822684092279204e+01
3.597056747075640715e+00
6.921681442058723377e+00
1.321366168120816909e+01
2.004900028770907028e+01
1.494308535444398167e+01
2.185244375585173415e+01
1.027362521100540249e+01
2.814314425884404613e+01
1.622720689186421339e+01
1.389601168647305762e+01
2.027891046627007654e+01
2.160629223807670485e+01
1.200167811047767152e+01
1.237917802992251737e+01
1.086088583779414662e+01
1.245410828855839114e+01
1.731560606561427917e+01
1.478489921928962403e+01
1.586520753316505683e+01
1.573498545029762674e+01
1.283702543100648619e+01
1.995765893354989728e+01
3.086382571580214673e+00
1.624704537614071498e+01
1.791131755738194542e+01
1.039039033620318797e+01
1.436210965414503349e+01
1.690532708506662729e+01
3.177054001655113780e+01
1.975629998106470708e+01
1.772561705713838265e+01
2.705743307924573315e+01
1.517993349503488432e+01
2.570614381945353344e+01
1.695381580251034848e+01
9.810084316655828474e+00
1.659200649182866982e+01
1.567730019356814708e+01
2.256650414081467559e+01
2.228900867732548718e+01
1.532018097403024015e+01
4.317145337793091642e+01
2.204442434019502173e+01
1.832548004488094762e+01
1.550025213451328199e+01
2.244113070297878920e+01
2.682932266319788184e+01
1.496007766315164389e+01
2.099122375479008795e+01
1.974703705418507482e+01
5.884735531971337252e+00
2.407660077226529438e+01
1.990643512038505847e+01
1.562286506986074741e+01
1.108974271261511646e+01
1.510773921511063556e+01
1.618762823063272549e+01
1.939434638310571657e+01
9.864227020000189583e+00
1.880695996396232061e+01
2.640668715819749224e+01
2.961748709909588229e+01
1.513673954592488080e+01
9.554368678710984497e+00
1.612718076213302965e+01
1.469203376573712738e+01
8.260149983772201665e+00
3.674833635891810957e+01
1.823910485540145743e+01
2.460932640124330817e+01
1.474128612702284258e+01
1.659151159346296467e+01
2.720315292684177422e+01
1.102989076390135281e+01
1.441550330489432774e+01
1.635124950217885953e+01
2.896274053943708537e+01
7.684286646956318023e+00
1.699677808243009736e+01
3.107709416047579509e+01
2.091489025986176387e+01
1.729111006929171168e+01
1.504418328500899449e+01
1.719761483165014937e+01
1.796893030465376029e+01
2.198793126683360910e+01
1.796119145542046169e+01
2.935820251812296888e+01
3.105269384235847951e+01
1.722784139182041585e+01
1.229956771271050542e+01
1.450625676800963859e+01
1.605267219899531028e+01
1.702968545865745753e+01
1.274601597225971794e+01
1.517102127245948573e+01
1.918792848365734116e+01
1.529988803938696940e+01
1.174066591504632662e+01
1.382616890359754080e+01
2.300250564281481047e+01
1.413862133342730232e+01
1.030611505704146502e+01
1.374408238392586412e+01
1.127819054121374265e+01
1.832414851908178832e+01
1.187142948882286575e+01
9.959453684166412302e+00
1.361538121185579797e+01
1.671897862281015890e+01
1.726050083783292521e+01
1.442701373497298079e+01
1.722967307690003835e+01
1.069728541971123548e+01
1.936827248235742616e+01
1.895390725877992111e+01
2.183436546603781636e+01
2.616639422493195610e+01
1.744529542965668867e+01
2.084197162039369644e+01
2.483701231431152578e+01
1.020634604874666351e+01
1.734100245461842960e+01
1.573374828515736112e+01
1.006878924817488397e+01
2.626804306655487409e+01
2.303405541614120722e+01
2.129540457420374722e+01
1.789634464891364374e+01
1.600956327637386778e+01
9.140064172054497504e+00
1.300578077093931029e+01
8.099602827182943443e+00
1.458086956718910265e+01
1.740705512887350181e+01
9.389118484005074095e+00
1.176336220262014720e+01
1.439345428088031298e+01
1.390511791040833067e+01
1.765626558910458144e+01
1.346778867105685329e+01
1.581352214402379808e+01
1.443381758040634111e+01
2.001362999801907350e+01
1.725424187204929183e+01
1.841925017889727911e+01
6.388231036983141209e+00
9.077580575648628525e+00
1.822129518419272998e+01
1.180796229735208058e+01
1.856099770007789473e+01
1.636675819319236425e+01
2.971020788971558346e+01
1.107073298424612062e+01
8.396640526375637847e+00
1.729286248953611249e+01
1.824381928727369839e+01
1.690158687341742194e+01
2.094540467031481867e+01
1.116274717911149850e+01
1.340202533831029186e+01
1.833378598047349683e+01
1.133206997443524067e+01
1.907460978817927355e+01
1.688585257286712604e+01
1.909751020442931235e+01
2.933989323856044251e+01
1.347393457704899333e+01
1.664186216701280685e+01
8.814279009586357461e+00
1.635762738091773016e+01
1.928922108323779483e+01
1.604739357796071175e+01
1.097582567435875056e+01
1.614669050247510995e+01
1.408971384623674972e+01
1.442603635095948533e+01
1.671386655424021583e+01
1.739743488362092094e+01
2.185305725810241739e+01
1.584839456650219347e+01
1.675502755003231314e+01
1.836509370610530567e+01
1.531187243033969558e+01
1.731625166775242519e+01
1.711197193545575601e+01
1.677136988586795141e+01
2.459087917125349065e+01
1.469112641195195224e+01
1.538421000576542141e+01
1.723749732557017467e+01
1.727143136365968346e+01
1.518414565505452174e+01
1.819618276586750838e+01
2.160021427183318821e+01
1.372150815305792726e+01
1.771502216006159713e+01
1.355872828708081812e+01
2.425265819668335610e+01
1.925752416175670234e+01
1.529292465101713816e+01
1.911379247255772995e+01
6.211479011160143671e+00
1.474819140327037736e+01
9.836922608987034522e+00
2.131581822440417540e+01
1.697987565281701094e+01
1.708666862950866161e+01
1.547832726186208419e+01
1.634023690375135018e+01
1.554437569615895498e+01
1.627714179909617087e+01
1.351854328370151137e+01
1.732439989141859726e+01
2.107229417702208352e+01
1.976073220945348652e+01
1.628697520294828749e+01
1.573076503653382474e+01
1.768038109944435377e+01
1.917563787258391272e+01
2.325252480671280253e+01
1.763484267434998287e+01
2.111644333730112777e+01
1.664593619742056418e+01
1.664198443685350881e+01
1.901699063474617546e+01
1.738938170257541671e+01
2.470399205277211507e+01
1.763880099238857468e+01
2.131468606427589307e+01
2.455605102971308895e+01
1.512474518475990948e+01
1.701421383230115225e+01
1.662092715689804123e+01
1.090857131598897922e+01
1.576037196121814787e+01
2.228182425755080942e+01
1.491466224139224472e+01
1.803965604644377763e+01
1.796905429845661217e+01
1.385889356899110147e+01
1.374255163347690711e+01
1.333258343139697644e+01
9.204449894002044275e+00
1.788150460723249680e+01
1.857624123519249792e+01
1.967054942814464269e+01
1.412670844090477118e+01
1.736623287632464141e+01
9.075873612055870510e+00
1.878219273782997334e+01
1.683889678217921215e+01
2.017907088383749681e+01
1.626339747360041343e+01
2.466084625669476793e+01
1.905208027799010395e+01
1.256427111771842675e+01
1.760960205416352409e+01
1.215669488175868551e+01
1.993242649797348420e+01
2.129477173713808469e+01
1.876462048615703893e+01
8.844287056109209288e+00
2.784944176102983349e+01
1.583818256832291027e+01
1.788802131945270801e+01
1.873532039542772409e+01
2.015618026824775555e+01
1.213307776218396405e+01
1.822704074070423275e+01
2.100629449839359353e+01
9.487639896653517368e+00
1.272400532998428702e+01
1.721943875110371636e+01
2.308454945386920443e+01
1.403552187592725176e+01
1.846655257547972440e+01
1.840211595291359714e+01
1.220707151089885123e+01
4.081043653658404935e+00
4.781248012391529301e+00
7.507404726971398645e+01
2.326688689103574248e+01
-4.023550472831533398e+01
3.274530558296999061e+01
1.668784927162018761e+01
1.551230982194512364e+01
2.588894424385758697e+01
5.835045004157175086e+00
5.618272872771839843e+00
1.759348236575360858e+01
1.281445396056993324e+01
1.509824166239319254e+01
2.489255495559303810e+01
1.847046432440869168e+01
1.930197124645886930e+01
1.613235063881037235e+01
1.420719178449851050e+01
1.401224230178449304e+01
2.485078507588555752e+01
1.932234406206546140e+01
2.258317140575735849e+01
1.248536047258320991e+01
9.912510831222991925e+00
1.145857289182838734e+01
1.472922987563156205e+01
2.453254246869233057e+01
1.589430653736433818e+01
1.639327575034729634e+01
1.308248743122337032e+01
1.721795996605673196e+01
1.502029117481238352e+01
1.728219638658889679e+01
7.193912556917066325e+00
1.528034942115816541e+01
8.047829468389981145e+00
1.123081328236701815e+01
2.554847917844174532e+01
1.615486484283589874e+01
1.877033541930944693e+01
7.691084970802590348e+00
1.764397950007911930e+01
2.082706963347696316e+01
1.218768929984392457e+00
2.712555872090990050e+01
4.998504835249591594e+01
1.258793031206152335e+01
2.919938518151340645e+01
1.385987162660793537e+01
2.666569102216268305e+01
2.179279788328356915e+01
1.896445037737137085e+01
1.685859285393608076e+01
1.770321314950951219e+01
1.456439267713449048e+01
1.443071388441022407e+01
1.958353957953134383e+01
2.332000013564375251e+01
2.216467070140061679e+01
2.125003168557800137e+01
2.787214520423429676e+01
2.073843269502641462e+01
2.373822583387228136e+01
1.715940414437922712e+01
1.624541020663959046e+01
1.073101849120157070e+01
1.533538961071498541e+01
2.097493096590023853e+01
1.852969185680187891e+01
1.384806031130523252e+01
2.750348975378135918e+01
1.731919039634982482e+01
1.658318258864989048e+01
2.376713840207012396e+01
1.595361202470817474e+01
2.366975459802739579e+01
2.334084624197303981e+01
2.625328703533732266e+01
7.921641877316607960e+00
2.180800306026892699e+01
1.412835107889626762e+01
1.666018603822052668e+01
1.758817901607197953e+01
2.123887758178359064e+01
1.666603947382187201e+01
3.307364229002311617e+01
1.200266016909965927e+01
2.680071247383734345e+01
1.461942845728986029e+01
1.917972378245520204e+01
1.697086036516771301e+01
2.196989037428658165e+01
1.962659905495871016e+01
9.035075182970075502e+00
1.827376698936893007e+01
1.670179498251940586e+01
1.793285491076581906e+01
1.271979923248043143e+01
2.443250086658031250e+01
1.094042722416415003e+01
1.609531067384898506e+01
1.898242179960567810e+01
1.684803340313441211e+01
2.034544124233871898e+01
2.644588449872718883e+01
1.077994639188630188e+01
2.418230544489588141e+01
1.652862315144993488e+01
2.023845510266925629e+01
1.964279914147161321e+01
1.584785228447853989e+01
1.632102748670274295e+01
1.152338804743990686e+01
1.232942323313949728e+01
1.672573315954806361e+01
1.918229370857538640e+01
2.241470525028818983e+01
1.998185910829943523e+01
2.213497068708847237e+01
1.565285146437749653e+01
2.093879089171605301e+01
1.855502533928477860e+01
2.354339643823579209e+01
1.651736780990361808e+01
1.676118601709250200e+01
1.592105764286073644e+01
1.858081908159534024e+01
1.733182743392589842e+01
1.754583116137834509e+01
2.280651845697153135e+01
1.614499618525429270e+01
1.871287267550011180e+01
2.204262117638997154e+01
1.004800939183338748e+01
3.327993054802788464e+01
2.613093067452637897e+01
4.200091259935227583e+00
1.215935951226872547e+01
1.700975162838006938e+01
1.323369945202803422e+01
1.454031552525746918e+01
2.213842843631902468e+01
2.368254119568950244e+01
2.341445449596548656e+01
1.408516721857021636e+01
1.412233695330236039e+01
9.676272197111897455e+00
2.247578714163504188e+01
1.344888495080702562e+01
4.200205406593662261e+00
1.906051628351151450e+01
1.143491905192102465e+01
1.997187561714577697e+01
2.196574642070473260e+01
2.012492336827046913e+01
2.592085558741921858e+01
2.200506167040778038e+01
1.807704652178140137e+01
8.425003125897825740e+00
1.311006555399549001e+01
1.820975217402568447e+01
1.908881592325174736e+01
1.886543293025504653e+01
2.057521575234563471e+01
9.093859733407530399e+00
1.569136603539808483e+01
8.169217497123787197e+00
1.670881745992070933e+01
1.876958532386294110e+01
1.805167144505491450e+01
2.277633035881211754e+01
1.861092279649601267e+01
1.786404603370147726e+01
5.678642274157137848e+00
9.197647038883843607e+00
2.043548856952196147e+01
1.927912911166314203e+01
1.900081661898563468e+01
1.675686584563325709e+01
1.805143828929486816e+01
2.270848560014440665e+01
1.188374954983233067e+01
1.679332187270549781e+01
1.824290955500953970e+01
1.377735293147373596e+01
4.296004700169355317e+00
1.433125803842508006e+01
1.534890135146889989e+01
1.967688009008441696e+01
1.367094365962389446e+01
2.025702812107537198e+01
1.705486277274097517e+01
1.820643445541320204e+01
1.101010955973104011e+01
1.586705097517560858e+01
1.181770233646438051e+01
2.059264087757421891e+01
1.561280689670788746e+01
2.106192264033208872e+01
1.362877597147481978e+01
1.713769368372736324e+01
1.080762028942525710e+01
1.449832008069273570e+01
1.779032653790595830e+01
1.605286155706340168e+01
1.455930330603414014e+01
1.195632655297589508e+01
1.709143094011746555e+01
1.652282748239959531e+01
1.744294902237273703e+01
2.064089905526925151e+01
1.634499151995212074e+01
2.575612914416765165e+01
1.777365811355013747e+01
1.320382969757534397e+01
2.586597576732408044e+01
2.021394683868626529e+01
6.021715586730241654e+00
1.562884358168105159e+01
2.041840990648270804e+01
1.578894605988728372e+01
2.312679857829006380e+01
1.497873622476850386e+01
1.924673038714111328e+01
1.674701526014889907e+01
2.002865058834442991e+01
1.723459785131920796e+01
1.703019711108996503e+01
1.920115982723767090e+01
1.219791215575820331e+01
1.268979957302464712e+01
1.038424201014686332e+01
1.689308249566055409e+01
1.976177656619460166e+01
1.706098296119645852e+01
2.185762825065029347e+01
2.476394056018866507e+01
4.807798779593616345e+00
1.927504951955161872e+01
1.690128391299142763e+01
1.686591687385437766e+01
1.499720848752146907e+01
1.947738021140111542e+01
1.757427066435138840e+01
1.297417126180863889e+01
2.176818886556067056e+01
1.427259110728681613e+01
2.341027963272383516e+01
1.980754447583541733e+01
3.147227013578940813e+01
1.779451445458786552e+01
2.230535338848076776e+01
1.888219232832827288e+01
2.615238315680085179e+01
1.655576880322513134e+01
1.419987751424682898e+01
1.537207893957836369e+01
2.160490940986299080e+01
2.545620156841134474e+01
1.801011768081803766e+01
1.626388274297124781e+01
1.906679451039772744e+01
1.971805620459580055e+01
1.542225105836802967e+01
2.133144788830140826e+01
9.374288985548655972e+00
-8.275360491906091909e-01
1.215115542383047931e+01
1.860265870776042618e+01
1.126254400172463477e+01
1.697159970999612355e+01
1.679725286037982102e+01
9.975755477846995234e+00
1.058145675242272432e+01
2.226652549077484622e+01
1.576207075274083458e+01
1.755948892919661830e+01
1.433089845477173796e+01
1.593471233513229812e+01
1.602755224444340243e+01
1.441928350747724608e+01
2.571104677304544595e+01
1.275137003863827978e+01
7.425136222358011295e+00
1.781908440530261828e+01
2.100297132280396895e+01
2.151888267760561391e+01
1.816419997968045053e+01
2.088585501101093911e+01
2.051584786978894215e+01
1.664616162388553278e+01
2.015216791772988003e+01
1.247723303146796248e+01
1.651005042857493166e+01
1.541383153973814402e+01
1.610206689757145426e+01
1.954932666684961617e+01
9.201404539754545198e+00
1.741697606960858025e+01
1.605389561173411650e+01
2.640860220389423318e+01
1.330522052973735114e+01
1.596189194083947172e+01
1.714145502753323314e+01
1.224305726688491447e+01
1.671770619164106009e+01
1.843137057071765383e+01
1.614176140966963047e+01
1.707075289041403821e+01
1.637014806334794770e+01
1.909592067286349959e+01
1.248665230601924492e+01
1.546014730589990549e+01
1.543098935255078885e+01
6.332507340297556908e+00
1.757692605502261074e+01
1.945780695387060177e+01
1.093756334592575996e+01
2.021117308166620319e+01
1.509988225272872242e+01
1.351671443074065948e+01
1.379778002787772451e+01
1.915517328900405403e+01
1.994827615169094415e+01
2.111215792955024995e+01
1.916199266858592765e+01
1.672403842527358009e+01
2.389017490765481355e+01
1.846392947008353147e+01
1.709274142144715825e+01
-4.836827898029465445e+00
1.791619378894945314e+01
1.805660425927856494e+01
1.676065325816557561e+01
1.606912738394485274e+01
1.676543530165834639e+01
1.448780763880015066e+01
1.938082831715814791e+01
1.798819077828104440e+01
2.141075190782646942e+01
2.449531284543303400e+01
3.106235910591298222e+01
1.132782673022163422e+01
1.892299948345553773e+01
1.796248665711069492e+01
1.635302925576585764e+01
2.627878793310915384e+01
1.846817617218177432e+01
1.774568907436963983e+01
2.508821059903731765e+01
1.672577908812681358e+01
1.409754278550927609e+01
1.645765915682988378e+01
1.921584106333464703e+01
1.940715485356807690e+01
1.670469437243887612e+01
1.734566530544378438e+01
1.834115095600671808e+01
4.902118815777429361e+00
7.841224549249368181e+00
7.283518311346002250e+00
1.990503020160996428e+01
2.180090570849056419e+01
1.405676177789060155e+01
2.188870830436268378e+01
1.927599056843950009e+01
2.749484222235719244e+01
1.966432589953016219e+01
1.957888842240697258e+01
1.007611786306176604e+01
1.789759030327314804e+01
1.850314318895488697e+01
1.401185505419232769e+01
2.341458870205640608e+01
1.730484806289939925e+01
2.020090784586560062e+01
1.890901377289782559e+01
2.331860262650895521e+01
1.526785585406311263e+01
1.299513351632023728e+01
1.121071816009511579e+01
1.990461325267607151e+01
1.210341633518148186e+01
1.811048576947640854e+01
1.468813960013017272e+01
2.228458591752604079e+01
1.496404951837183717e+01
1.503471474581242795e+01
9.706107225523663118e+00
1.185022015415723473e+01
1.489090987696195434e+01
1.763175005575413579e+01
1.402874027255814582e+01
2.622272619360190049e+01
1.763696025145454982e+01
1.759557365084856073e+01
1.493341074198760232e+01
1.775471686212181410e+01
2.621101754667104089e+01
1.831616258077677273e+01
1.224997196006967037e+01
1.822728328582850565e+01
2.995716580872386814e+01
2.589624336253034187e+01
1.732950920340353207e+01
1.741905911642403026e+01
1.689261501466224757e+01
9.239349750545638784e+00
1.277870305254257133e+01
1.878351372850519141e+01
3.654310731390963696e+01
1.493536100878497308e+01
1.590423993768774125e+01
2.834614139406661337e+01
2.425475750228859084e+01
1.798116510346990538e+01
1.853120702870934267e+01
1.244795889678591294e+01
2.103684359179851882e+01
2.213056452332762802e+01
1.832750187714572121e+01
2.003437260418566268e+01
1.839804732688170930e+01
1.692823548354166974e+01
1.509971268349340612e+01
1.992040879802371833e+01
1.618554271126594202e+01
2.582695085987862527e+01
2.388122640355616255e+01
2.621615958965962179e+01
1.829577415256919792e+01
2.296047307237323309e+01
2.095109464795135068e+01
3.074268420801221779e+01
1.857589611036493338e+01
2.154358503600848707e+01
1.202383167789962037e+01
9.399194150117022417e+00
1.605541616089850621e+01
2.197266498221461006e+01
1.824382050028237501e+01
2.185449333028247665e+01
1.933674797673154799e+01
2.324275429459570574e+01
1.617352806617164518e+01
2.211418359148270341e+01
1.814625069691923187e+01
2.248468753943081566e+01
2.491536068563947026e+01
2.955443713138342332e+01
2.021919651985550459e+01
2.050954641558312730e+01
2.087509367512016212e+01
1.424099733556094094e+01
1.227430010516430237e+01
1.951646251136146404e+01
1.832381445987745039e+01
1.271687784263894549e+01
2.460512795225166371e+01
2.130730586342693655e+01
1.950001958696270066e+01
9.798323808876775232e+00
2.467327659723273925e+01
2.764273585250588638e+01
3.689200992583121064e+00
2.625383365174332084e+01
1.601772996922845493e+01
2.613622335829468213e+01
3.098153102611087917e+01
2.367346752732822779e+01
2.165470012749551643e+01
2.673993594151976438e+01
1.988864164557379866e+01
1.581778438144195320e+01
2.342004576047565578e+01
2.495831848642194473e+01
2.493602782508143179e+01
3.208834325080850647e+01
1.080004348202565012e+01
1.955674708260248806e+01
3.566225499860532011e+01
7.335582423981044542e+00
2.272797305242638188e+01
2.705372662153699181e+01
2.551940853656932262e+01
2.461549114015258510e+01
3.226988661053228924e+01
2.318463995030294100e+01
3.142852229064100200e+01
4.207904532522795193e+01
3.075408947309014707e+01
1.683326693426926113e+01
3.709345252094031054e+01
2.328980587269055036e+01
2.601116328022761337e+01
2.158009107825661843e+01
2.387213053798281592e+01
3.173032477596671441e+01
6.065043086629296454e+01
6.548492792890986891e+01
9.556381253190872371e+01
7.983738565140073717e+01
6.442300792594642189e+01
4.148729616409433874e+01
3.403702316221752255e+01
2.491088057277152146e+01
2.277980213856307756e+01
2.768848477449191847e+01
1.930318021307848042e+01
2.474589886001895067e+01
2.786746178542757590e+01
2.651124017983577730e+01
3.500104840088893354e+01
4.322414611910484439e+01
4.391712745701882881e+01
4.441603843438250721e+01
3.784733788743925231e+01
2.016488486307356709e+01
2.188469785041843707e+01
2.068485314154570887e+01
2.257784830314549751e+01
2.996137953312160107e+01
1.852598938216857505e+01
1.931033526672542777e+01
2.087049146743512296e+01
2.334740445701647360e+01
2.330986028860934667e+01
2.749728078782811735e+01
1.690405041805630759e+01
1.839926820177192113e+01
1.984498510447780362e+01
2.064992096778620834e+01
2.228232536185969792e+01
1.962936383908502691e+01
1.321700486590791002e+01
1.902079340375281546e+01
1.397790625266619102e+01
9.294622168340394452e+00
2.435519076018317008e+01
2.049074474245197308e+01
1.989699962696163738e+01
2.045952705530369897e+01
1.746562176367131514e+01
1.782299046369915629e+01
1.866949861487707452e+01
1.888851001205276603e+01
1.483549819271274295e+01
1.717719305858268797e+01
1.757938889746948163e+01
1.562593113724301297e+01
1.316894052261821990e+01
2.197845080289926400e+01
1.740751261692721386e+01
1.901948374921013851e+01
1.798613521455641617e+01
2.277466616301380498e+01
1.922613618283563852e+01
2.068504567331569888e+01
1.869809431403701439e+01
1.636963203985169102e+01
1.735601836336837778e+01
2.291420783033301234e+01
1.515456244246097484e+01
1.790633247531258831e+01
1.402879564217197306e+01
2.346033387009954296e+01
2.133814692223673859e+01
1.460099515441197582e+01
1.663046124392714020e+01
1.381743497200729465e+01
2.134637447138793931e+01
1.950757981066735169e+01
2.714072164915709351e+01
2.097362021944092092e+01
1.393430387978276386e+01
2.054600640537204015e+01
1.922999236323407146e+01
3.282234161535551209e+01
1.631479609065991454e+01
1.225660696630188795e+01
2.234408761589462245e+01
1.719402543575314013e+01
1.411071574934430117e+01
1.756647860705501429e+01
1.519655872423304288e+01
2.461054878341879260e+01
2.177800290653110338e+01
1.876483906052477835e+01
1.588746366565121093e+01
1.156286801927415908e+01
1.854187193786466636e+01
1.919158792763203536e+01
1.637304755203643225e+01
1.894629060666020592e+01
1.436613170825045316e+01
1.954867024297490374e+01
1.456769697085721305e+01
1.773925563022685026e+01
1.834807988629639297e+01
1.994493907025958990e+01
3.556513664021947818e+01
2.376067135180919720e+01
2.924214665629600418e+01
2.205408355005878462e+01
6.690920373776615193e+00
1.121059745723206191e+01
1.960961735924827209e+01
2.673550610854294973e+01
2.423061742788870987e+01
1.367401637792820956e+01
2.919834028290012284e+01
2.346141174374327676e+01
3.101095330030541675e+01
1.577816943018694573e+01
1.720306294313746420e+01
1.153746574936057812e+00
1.580717270523699014e+01
2.026802947250413212e+01
1.093319976289953033e+01
1.625796253098408073e+01
1.810551181109537922e+01
1.882547396696198660e+01
4.459998979456678114e+00
1.678841547808354662e+01
1.554038261457939107e+01
1.074590837017213119e+01
5.281310962449202506e+00
1.871081637042813739e+01
2.171415074091054009e+01
1.761253251951541543e+01
1.637857895603575642e+01
2.093561351164234097e+01
3.154813499477306138e+01
9.581554783841728096e+00
1.969631829610227669e+01
1.343539941976794161e+01
5.296981451932680329e+00
1.424227258032475163e+01
1.784286772833577928e+01
1.336398652563255496e+01
1.650341316616200160e+01
1.009577798909790758e+01
1.525660061414316893e+01
1.818713826156038138e+01
2.009398884448608058e+01
9.160445829815325069e+00
1.590619299440142065e+01
7.894514269248730898e+00
2.063952584304502480e+01
1.952211815816786356e+01
1.138408709246481898e+01
4.181644033963480922e+01
6.997021416773447910e+00
1.920947303669459671e+01
1.657667835742619644e+01
1.857831417247135875e+01
1.721043668841634044e+01
2.058497328510441449e+01
1.661365132743684114e+01
1.195793773161596718e+01
4.114283582706816134e+01
1.334932273282684179e+01
1.792970995980207505e+01
7.637876967584400489e+00
1.115309095104035464e+01
5.092111939548500388e+00
2.017649359700984490e+01
2.444693590414066620e+01
1.561806327992509758e+01
1.485949905308134333e+01
1.595894304847828948e+01
2.017972586667937662e+01
2.122012864955448919e+01
1.657679399259692588e+01
1.657415552495874067e+01
1.277224298107148925e+01
2.622666397529683024e+01
8.720508533639815596e+00
1.756768379292835291e+01
1.606086050050021186e+01
2.104992369452297041e+01
1.090032623374053067e+01
1.466261893272819705e+01
1.583124634784985929e+01
5.125244822525855781e+00
1.496231021830586982e+01
1.123137215931596522e+01
1.815867770112624058e+01
1.357196567972293622e+01
1.678778801109536545e+01
1.546455435980091586e+01
1.324623396647296936e+01
1.745606652071969833e+01
1.145164302501651754e+01
1.711346542006352323e+01
2.459058484806121214e+01
1.875162507033682502e+01
1.455635592650992649e+01
1.164645775127570460e+01
1.747235001180100866e+01
1.572686220566044746e+01
2.307383877453594323e+01
2.323397213811340833e+01
1.715149113129857028e+01
1.443685767528651454e+01
1.312336149532340812e+01
2.292265158765325950e+01
1.952635475330734494e+01
1.224889691859421070e+01
1.018515731052934470e+01
1.438216068488421762e+01
1.112941892753715933e+01
1.901017823735336876e+01
1.960786712698681811e+01
2.506957499189854488e+01
2.065340822316539970e+01
1.360321657576815824e+01
1.323089361925861596e+01
9.694642291631666353e+00
1.667054285311280992e+01
1.927830166334747375e+01
2.484581164246008456e+01
1.831774769092493571e+01
2.115855985431944219e+01
1.750150209914508181e+01
1.434670006948223175e+01
1.649496953706782065e+01
1.715010110469621907e+01
1.746120164349984805e+01
1.935407305431676406e+01
1.667477730833885730e+01
1.783743339460430022e+01
1.206553287758634418e+01
1.495067350260616301e+01
1.618722333624084797e+01
1.481764293064060567e+01
1.442141702449193374e+01
1.572230150599522780e+01
1.822471983535964313e+01
1.941659319420872976e+01
2.485000926244850206e+01
1.737866738239921105e+01
2.134446131737587393e+01
5.894333319165724561e+00
1.550100836681503935e+01
1.222472812493264271e+01
1.697720638262310189e+01
1.964528271145171345e+01
1.358103176565767001e+01
1.544529828923883485e+01
1.682278370375310672e+01
1.664855356968864442e+01
1.617762748846861953e+01
7.752445499206267243e+00
2.127833503535371307e+01
1.416704333726406162e+01
1.584012782670233399e+01
1.455438220656424697e+01
1.840682428291860262e+01
4.932979826805899748e+00
1.266284865375490654e+01
1.356225258110919185e+01
1.692183799326367222e+01
1.598207962944394289e+01
1.669086335354803197e+01
1.198033757772690144e+01
1.512436907944792530e+01
1.682928054260984752e+01
1.064733398513039120e+01
1.551349719495483370e+01
4.984273449853120042e+00
8.536285502798065750e+00
1.925641648465872535e+01
1.227632753475182525e+01
1.753312904091061952e+01
1.728032357150808096e+01
1.790642708063610655e+01
1.580435875046124039e+01
1.516671553958177299e+01
1.880506695367058967e+01
2.298979603777496550e+01
8.902722735613220806e+00
2.135837712162143731e+01
1.750985531535233264e+01
1.136078691157183584e+01
2.012072406697048876e+01
1.694494938345242474e+01
2.052465211285158375e+01
1.611494423586715996e+01
1.445744298780979875e+01
1.847555527974497025e+01
2.091278435481360987e+01
8.093046629379442081e+00
1.821632602514145560e+01
2.758126918192398591e+01
1.717139918237737106e+01
1.627788311059605419e+01
1.971882364271222343e+01
1.821527582129407463e+01
1.343928647762426287e+01
-1.803940099113876983e+00
1.914257130204572732e+01
1.601085694022056316e+01
1.716240599538437550e+01
1.740467655209443620e+01
1.829390695644538667e+01
2.233055436636968949e+01
1.826366972060553096e+01
2.385890082105246535e+01
2.155268859735464559e+01
2.207664266733518232e+01
1.893698220938737720e+01
9.551358406372632004e+00
8.139508415608519343e+00
1.731245087675544170e+01
2.054472252562941748e+01
2.654571566420275985e+01
1.378719614063336252e+01
1.866671594515436183e+01
2.281718883575897650e+01
1.622749991185847662e+01
2.003597670765440242e+01
1.970683485911525423e+01
1.270186691024166414e+01
1.058438106792411659e+01
1.264142446646773443e+01
1.468583832697645875e+01
1.072149519200203649e+01
1.424133706286528245e+01
1.864968491405146267e+01
1.877822565358192008e+01
8.950811687667929561e+00
1.585679698661580161e+01
2.247273130790072670e+01
1.710119218854576673e+01
3.630129847313349956e+01
1.098373663560714242e+01
1.574503539096273208e+01
2.138164904022554325e+01
1.521278399960000804e+01
1.355965412200823828e+01
2.065086992821783696e+01
1.110447119259423587e+01
1.416794722513001048e+01
1.819778608733577485e+01
1.453781802392183486e+01
2.370418791079187315e+01
1.384104451663562685e+01
1.956916990102360643e+01
1.931290677590716243e+01
1.576785514032422064e+01
1.442477520293076942e+01
2.716570520607568540e+00
1.574306590220689195e+01
1.562887667736838893e+01
1.877647313167172527e+01
1.567336490306700014e+01
8.646028368007097953e+00
1.852249195274979954e+01
1.597971739288501603e+01
1.496130545913641186e+01
1.324352686041576455e+01
1.150680624203095803e+01
1.538655940200526651e+01
1.751002395195853012e+01
1.498613516509421117e+01
1.749462244177954062e+01
2.006433212471248595e+01
4.940818501949030050e+00
2.294821235878743337e+01
1.713595782787363575e+01
1.950008250198065340e+01
1.739792850882587416e+01
1.656775949314010177e+01
1.408795570583632539e+01
8.788092505296635437e+00
1.489655278121893467e+01
1.460291114109155153e+01
1.764167156692072425e+01
2.418463051494957483e+01
1.996516490236167840e+01
1.072050786414176216e+01
1.369709287214478266e+00
1.284004623707432557e+01
1.673047479332587173e+01
1.949807745416904581e+01
1.770197737812108585e+01
1.911591028485680255e+01
3.257997874292364315e+00
1.431503952684789738e+01
2.401490698114265143e+01
1.560910144665915844e+01
1.446179426220037101e+01
2.018860164251730538e+01
1.883417884022119537e+01
1.388589584720054404e+01
1.577792811741113965e+01
1.156251171668921884e+01
2.292878573027104494e+01
2.469190838520924558e+01
3.212082309788974754e+01
1.746303044242857538e+00
2.536226491691613916e+01
2.397719715214805802e+01
1.396968968205442430e+01
4.340321689824490292e+00
1.587646143857482350e+01
1.636087885110479689e+01
1.551763149445793921e+01
1.814868495626494038e+01
1.876940448571396658e+01
1.850598887853108110e+01
1.547279711444586603e+01
2.315266754519937820e+01
2.162068844494286424e+01
1.763631889482685366e+01
1.684281856832290458e+01
1.475957588410596699e+01
1.088750304647832934e+01
2.479804224799492118e+01
2.156868587306545137e+01
2.282780984038435790e+01
1.660928778785104143e+01
6.941784348453097664e+00
1.471039503549301486e+01
8.709280163794094420e+00
1.648418586690170073e+01
1.289567659916968800e+01
1.822188495627661453e+01
1.377474211419294292e+01
2.196383843865505270e+01
1.855442897754995357e+01
2.849816306156568402e+01
1.682239391457281386e+01
1.656670076391394986e+01
1.644905401224405139e+01
1.339109731562625072e+01
2.087058851779703517e+01
2.529779788680264829e+01
1.262899060741239055e+01
8.174878424743216243e+00
7.325399358237167036e+00
1.033960913575409535e+01
1.209770473920151623e+01
1.863499991066468908e+01
2.056995278550174078e+01
1.637737861883610435e+01
2.642192369817528430e+01
1.458362397459736215e+01
1.791365816552291079e+01
1.225907611109905559e+01
2.190127994321937166e+01
1.590018998486582014e+01
1.318028850558987486e+01
1.169141215375860199e+01
1.436615334264235599e+01
1.497074019357205543e+01
1.021434640987023990e+01
5.512147179980232181e+00
1.418973107447740922e+01
1.652851714241502634e+01
1.775070907592510139e+01
3.998704847489626957e+00
2.259676861141426940e+01
1.984513547950745505e+01
1.625803521571521415e+01
1.411784417165399397e+01
1.375446665132997737e-01
1.480967025050397190e+01
2.065071491033943829e+01
1.533143353948631749e+01
2.355609318679125153e+01
1.640873611892906325e+01
7.011562642713627724e+00
1.696828191740954850e+01
2.596502696867904092e+01
2.607925019733004746e+01
7.832057519666978607e+00
1.542530766528924424e+01
5.465003600829968278e+00
2.138111688940660926e+01
1.302524153848696109e+01
2.136606985775902601e+01
1.675978834887065361e+01
1.605923286076871292e+01
1.327341079126142454e+01
1.309204946594148744e+01
2.056090416718433644e+01
2.234809388750225168e+01
1.331720803118083296e+01
1.844882321233248135e+01
1.896307581996649816e+01
1.518598179072813181e+01
2.058418929148569987e+01
9.893272862327989969e+00
2.516474685970159442e+01
3.349508480263706645e+01
2.729292830730967268e+01
1.572669930488784829e+01
1.583719095825539291e+01
2.595884533490801971e+01
1.557967438339176702e+01
2.761875817963876756e+01
1.855191060476838416e+01
1.753391210589274252e+01
1.980012064398284011e+01
2.520674715736584304e+00
1.374985991409842256e+01
1.965919555268047247e+01
1.560557076202923987e+01
2.663378019754819803e+01
1.489238919559715590e+01
1.468918429116396851e+01
2.146335512989898930e+01
7.438817066533305322e+00
1.612970974886528452e+01
1.334406221042798713e+01
1.389642215988059171e+01
1.440369415855537838e+01
1.121819762824375033e+01
1.092158772418768997e+01
2.542284133492728770e+01
1.342680358695938381e+01
1.812312067830943008e+01
2.161143144459023446e+01
2.127238151692408508e+01
1.431711756757029619e+01
3.232564037828449699e+01
1.893160798819358348e+01
1.848453495839050476e+01
1.816317478611512470e+01
1.190732896205377500e+01
2.639267764382195480e+01
1.853591795411061582e+01
1.934631928922244981e+01
1.921481148836067732e+01
1.425044113696132086e+01
3.009498877474928946e+01
1.469438074133344685e+01
1.766657391230520702e+01
2.443469769023398186e+01
1.879302181171268060e+01
1.665897753981289853e+01
1.830670265342207514e+01
1.418760393259058006e+01
2.481799568354294294e+01
1.455224995995824777e+01
2.129186123296440769e+01
5.961664410075250942e+00
2.621588726818722037e+01
1.340624368364824903e+01
-8.710383267498542637e-01
2.010473888313167379e+01
1.447801714000630113e+01
1.569574719000510399e+01
1.712245033390419380e+01
1.983064726223526009e+01
1.638521173691194122e+01
1.530030500318488151e+01
2.207391644732281222e+01
2.238005369947754275e+01
1.971270038479172726e+01
1.765828563375540128e+01
2.291206049977071757e+01
1.730559975564801434e+01
1.731492350067669861e+01
1.664381619782995969e+01
5.385051097221298377e+00
1.622935929029325663e+01
1.722682986899905444e+01
1.458812468763636261e+01
2.074851722074244975e+01
1.788113552540053064e+01
1.860629479677341180e+01
1.757670322093435544e+01
1.492675851547430455e+01
3.322542322702586759e+00
1.905095611297009839e+01
1.688862607231181201e+01
1.094013091065198040e+01
1.810987371026602943e+01
1.793973287630297619e+01
2.400022247276512033e+01
1.187933667454910136e+01
1.554819582912948484e+01
1.882137456409244791e+01
8.171880845443372010e+00
1.459119381973663110e+01
7.798458715281515907e+00
1.814271429846465367e+01
1.473903206357795526e+01
1.728835437158132748e+01
1.339228202395783995e+01
1.261933737247846921e+01
1.680801010582072053e+01
1.656930010438366097e+01
1.726222436820293638e+01
1.564870115091685498e+01
1.606164274339402098e+01
1.858002093988909209e+01
1.756355948355986030e+01
1.533748201177991177e+01
1.019713652678809623e+01
8.024012713521301521e+00
1.867615134899124740e+01
1.938778155582276241e+01
9.776341838801542394e+00
1.713644636507647334e+01
2.276863871773261039e+01
1.748028475119617298e+01
1.723126323293208273e+01
1.669331335777484071e+01
1.608040254921865042e+01
2.120705996391485826e+01
1.618661106080638845e+01
1.639364771523343478e+01
1.912478743622579458e+01
1.049785935570451834e+01
6.642445210558696189e+00
1.365724849899372373e+01
1.739296769802919229e+01
8.833389783096514236e+00
1.791402941445270258e+01
4.675923826237253778e+00
1.614690084016940119e+01
1.352964795342392001e+01
1.441050781604280218e+01
1.672172628868121080e+01
1.947106978098220154e+01
1.660726768000263931e+01
2.434422940305756811e+01
1.132596014539148044e+01
1.376895626594301625e+01
7.864746966368675984e+00
1.175832448543254927e+01
1.578376041238891325e+01
1.112910268307527062e+01
1.177219971884000316e+01
2.527102273502693564e+01
1.720684745087897838e+01
1.569599965634672678e+01
1.571594374138031647e+01
1.269156846489751445e+01
1.931834343661980213e+01
1.719709032046633723e+01
1.373490124774363252e+01
1.400068096900663051e+01
1.173454859387492633e+01
1.217672350599906039e+01
2.100101878724976245e+01
1.385973212416208256e+01
1.235754482629051765e+01
3.395538762117982401e+01
2.541963549723849525e+01
1.709340359501502604e+01
1.425534681252323388e+01
1.691076650127100933e+01
1.413668801669495068e+01
2.358844379717146822e+01
1.109517926240208041e+01
2.810127060959283085e+01
6.048207197921696476e+00
8.095679876132876984e+00
1.739286732759192944e+01
1.158620949064815164e+01
9.248735908698156649e+00
2.939833393728510913e+01
1.552952862648511179e+01
2.359896912758743781e+01
1.442105011092216316e+01
1.308362515074217391e+01
1.975811988502151095e+01
1.591125863325315670e+01
1.254780842228962179e+01
1.705385229101309008e+01
1.444597350428188065e+01
1.444705101080766418e+01
2.075790432122869333e+01
2.006618904314324681e+01
9.429101591595022924e+00
9.393462728939180550e+00
1.263545330810936207e+01
2.828056026145400992e+01
1.934405083715498819e+01
1.182464908352210387e+01
1.530892984201458518e+01
1.913776456158409189e+01
1.214836140234876716e+01
1.157709849601297591e+01
4.226293398744401131e+00
1.755416841270222861e+01
1.370175336756442519e+01
1.450515894382131954e+01
1.012790756147373727e+01
1.018391132243382557e+01
1.382030491465299349e+01
2.326131174585910344e+00
2.952811528898189763e+01
3.447779451330593048e+00
3.412459009668647525e+01
1.909727918830591520e+01
1.369384524805537140e+01
1.481161430731335749e+01
1.200384163715149910e+01
1.980874208781310841e+01
1.445167569215686676e+01
1.451180566596416277e+01
1.080710159709621365e+01
2.257590034519559907e+01
1.154456140658615482e+01
1.449743045242762030e+01
6.371287424496546947e+00
1.780718185834044931e+01
1.532508519939999303e+01
1.421986847138498788e+01
1.564448556553824865e+01
2.045637112006020075e+01
2.194250698956069812e+01
2.153578421576373358e+01
1.321398676333224564e+01
2.219211473196004647e+00
1.809919439427867616e+01
1.132660329640198782e+01
1.887637436494421550e+01
1.844670559936388798e+01
2.083362130087212094e+01
3.465879674215706530e+00
-1.068320499371915488e+01
1.151588564479919441e+01
2.153746008045895977e+01
1.560242484949166197e+01
1.335843893767372847e+01
1.866915491815956685e+01
1.240499795103137259e+01
1.355500847273129850e+01
1.018451616937105264e+01
2.264510331131810261e+01
7.501714995488578452e+00
1.895626512103947192e+01
1.906762834328489120e+01
1.674738054915792063e+01
1.603890545440122750e+01
1.468022194121941126e+01
1.477589585087939028e+01
-1.357224090977059205e+00
1.320795380769619065e+01
3.140240440181069204e+01
1.769138452115300097e+01
1.613277337907928555e+01
1.548246856927786297e+01
9.006150352934287895e+00
1.753084667759996051e+01
9.964769336066350292e+00
2.802287085304266867e+01
1.366772663902392182e+01
1.836232323771439923e+01
2.768743403787289026e+01
1.475351628117689273e+01
2.191321300037051145e+01
1.550278599080885655e+01
1.107947672038008768e+01
2.658590855005578746e+01
1.776914627658384660e+01
2.667195478515857587e+01
1.301579380177931178e+01
2.147485083096399450e+01
7.722750332880464086e+00
2.058413946097175895e+01
-4.579874913146589677e+00
1.633581365972097288e+01
1.332217981500309634e+01
1.404993939009529491e+01
1.539574894594549193e+01
2.089518609419314998e+01
2.545041104931119946e+01
2.336514653151081689e+01
1.834381232305745968e+01
1.308765079132759368e+01
1.846902634263786780e+01
-1.705918949101242532e+00
2.727925098089537315e+00
1.247055064982751027e+01
2.102854000977560744e+01
2.192707838531745779e+01
1.618074785943284155e+01
1.669820048059543538e+00
2.009686896171032799e+01
1.812175354105934488e+01
1.877846656254349256e+01
1.579395133808046126e+01
1.561609338898471222e+01
1.439393262958638253e+01
1.969473253915356636e+01
2.714428565798817772e+01
2.308374960934638764e+01
2.174163104585818473e+01
1.970804680555254151e+01
1.188280134317981407e+01
1.389088906144027291e+01
1.768432618280544588e+01
1.540506490942537710e+01
1.895982772517875148e+01
1.496727739330509266e+01
2.115164352366080536e+01
2.033692001144870432e+01
2.911671843884577981e+01
-3.124257845911856180e+00
-1.184959535201780767e+00
1.601202793207426467e+01
2.037113004339596500e+01
1.374182610084382183e+01
1.464086822647542263e+01
1.047850237705640630e+01
1.141546376867034596e+01
6.461861267235248008e+00
1.412376644879305232e+01
1.518546681948896548e+01
2.980570159539185937e+01
1.151725119751399973e+01
1.663487134441118442e+01
1.776209452235499953e+01
1.238878889378270287e+01
7.276389665062695578e+00
1.352834955733707112e+01
2.066563606693348731e+01
1.544096747380138979e+01
1.489893560611193024e+01
1.992221799025820417e+01
1.087204057673855573e+01
1.028265531685388723e+01
2.231071829469586376e+01
1.301261557534845181e+01
1.431244528008059902e+01
1.674037638990038701e+01
1.593466399820961854e+01
1.512334726059256163e+01
1.509367069299714004e+01
3.632319786169549047e+01
2.137233517977511355e+01
1.555025935997640651e+01
1.157454809116737415e+01
1.737608235838220239e+01
1.460935960548286161e+01
1.776951721564243414e+01
9.883413883371538589e+00
1.551628581389166861e+01
1.816031845242187970e+01
8.603798213214584933e+00
1.898979024680503613e+01
2.028369182894517309e+01
1.797136048583836754e+01
1.697403874453072703e+01
2.559862337084069139e+01
2.578135064501598706e+01
2.400677264195131499e+00
3.316506521497554161e+01
1.556655438383343615e+01
4.364663372389134821e+00
1.226655425667716770e+01
1.532858241578172098e+01
9.821543844271456436e-01
1.129399243676779463e+00
1.144219269434134389e+01
1.441677579381893715e+01
3.198105656152954168e-01
2.757409625641637518e+01
1.802599327255446937e+01
8.099160679678515606e+00
-1.081923571990582644e+00
1.116233303698238899e+01
1.317259888454612238e+01
2.161352962163666547e+01
2.191626472540368908e+00
2.759722690253228805e+00
1.838844859330758297e+01
1.495671780419435137e+01
2.202338537037205413e+01
1.156955725379076583e+01
1.313334723595666809e+01
1.063248663861009291e+01
1.182583392769953967e+01
3.255709954047718213e+01
1.427096263429973533e+01
-5.977558331634860167e-01
2.583194111663017623e+01
9.901580274957659356e+00
1.299675875346426679e+01
3.870620994210361232e+01
1.481809703563638791e+01
6.862529245161723246e+00
2.050524987611704120e+01
1.257613817846415571e+01
1.345326980900228619e+01
1.150496745962250422e+01
1.647019480998036300e+01
1.989753118085469197e+01
1.408276823039686221e+01
1.872606289827336212e+01
1.528158199155227948e+01
1.238214410757552386e+01
1.313711623575659182e+01
1.023095905185906318e+00
1.141635043036082209e-01
1.447373468036193067e+01
2.889403550621113581e+01
3.049290654225098152e+01
1.253112640705671943e+01
1.786124670163833272e+01
1.260066514315196606e+01
1.430976341773051708e+01
1.938824775554552104e+01
1.537567418177008349e+01
1.469062477087170038e+01
1.241033758721829550e+01
1.279016294914407936e+01
2.130667133197248830e+01
1.709992533492979661e+01
1.585143330590138255e+01
1.907317014091372087e+01
2.435787742025503633e+01
1.910476356081571936e+01
1.457142731570127303e+01
1.059251622734475617e+01
1.193463868150940499e+01
1.742555930476664372e+01
1.635114643638027587e+01
1.573906226161478727e+01
1.584869662927174438e+01
1.597710934495009205e+01
3.449082928887611033e+00
2.169046119415367002e+01
4.594495962306254455e+01
2.091866249981034187e+01
2.216349355871005855e+01
2.082143024950276100e+01
1.854311488083534698e+01
4.482874555334937838e+01
1.063571039122892792e+01
1.794962084445741368e+01
1.079781401642806316e+01
1.371127184799331644e+01
4.246249161777157610e+01
2.441036721882572991e+01
-5.310274674008699236e+00
7.840967333315964183e+00
1.528361941888797482e+01
8.465040880810757784e+00
1.459727642346328125e+01
1.320149471850925238e+01
1.342409902470923200e+01
1.321289964234219205e+01
1.323210312439124792e+01
1.611798536788835534e+01
9.231629923762323386e+00
1.813946860552270124e+01
1.258679812223909344e+01
9.465135366125073446e+00
1.710008857975062924e+01
1.388127291094100890e+01
1.454315355715079150e+01
1.646664232762325497e+01
1.014403624139054294e+01
1.421131992035529379e+01
1.831626727189456716e+01
1.639271532351098415e+01
1.461188659648306754e+01
2.133508975125371876e+01
9.681272156550180696e+00
-2.825670939578717622e+00
2.464977418580988200e+01
1.987980133751770495e+01
2.210516887766463867e+01
2.104761910302183381e+01
2.383691997243076344e+01
-6.477854722203399973e+00
-4.996349193179234760e-01
1.929482772750707653e+01
3.224360372564989774e+01
3.733436453964007740e+01
1.593136754631108687e+01
1.346495126673306153e+01
2.140081262276027019e+01
-7.822890344624969572e+00
8.474765301192654476e+00
1.215377331946101513e+01
2.042970029906842910e+01
1.405333439522004113e+01
-1.118054436406627161e+01
2.450034990274294699e+01
1.328681599184621476e+01
1.570838356101072719e+01
1.344847333740348283e+01
1.353889353685879016e+01
9.640483504651323088e+00
2.652886198363234271e+01
9.130677749003982768e+00
2.904284049728319417e+01
1.483770727464491301e+01
1.859137676227274483e+01
2.697909081802300335e+01
2.862378176130564356e+01
2.184885356486378072e+01
1.808582874020793696e+01
9.432514776985975402e+00
-1.586178178543786288e+00
1.887702981104393629e+01
1.098574063639284759e+01
8.972252743282101761e+00
2.677594645551089059e+01
7.371441901359762738e+00
5.000904960468105287e+01
-9.674747681160337720e+01
1.321978266920562284e+01
1.396016386364292572e+01
1.329976346431774736e+01
1.216933931777573363e+01
1.810969819443856821e+01
1.726835032581264429e+01
2.014009656415964855e+01
1.219882173953473981e+01
3.242834078836555278e+00
9.759042474130174227e+00
1.885512157638654429e+01
2.207149903380716438e+01
1.633245818664038751e+01
-8.722984520274597031e+00
1.778699308781730792e+01
1.596034412644134370e+01
1.796402075016272448e+01
2.430455080242500543e+01
9.510460657388051686e+00
1.479170774079216599e+01
1.330907264313703564e+01
2.310389556135761069e+01
1.224484885336715578e+01
1.464666946591892049e+01
1.413092215413854902e+01
1.699326574194531858e+01
2.952900230571652429e+01
2.066423101130519768e+01
1.920462222066424118e+01
8.703723967956438656e+00
2.866255507659325730e+01
2.369511484059403728e+01
-5.096290664828625694e+00
1.967701263275682066e+00
1.718234249275698744e+01
9.493448693349996859e+00
1.010486693377552925e+01
2.322354549881617558e+01
1.120633662954822185e+01
1.831286079428043578e+01
1.773618746703797910e+01
1.285834900308862849e+01
6.407892396798561485e+00
2.255518056821247441e+01
7.948014988203464526e+00
1.634396477468331810e+01
1.950239111610991927e+01
1.518164663112218804e+01
1.073671020054820602e+01
1.553893106027374138e+01
1.828159462678998182e+01
1.751890987258234134e+01
6.126026917039753883e+00
1.222943726888561322e+01
1.253584420386801312e+01
1.673210192514507355e+01
1.282428764281559808e+01
2.724351991122809125e+01
1.659876816340428718e+01
1.118131321706584558e+01
1.963613878161727655e+01
2.025421975183680345e+01
2.315822996103109688e+01
6.964843383796921472e+00
7.597651926143740297e-01
1.456102725391848907e+01
1.555849723778814742e+01
1.249446673631540250e+01
1.493828909115179826e+01
1.434036421056154609e+01
1.970118543414534429e+01
1.377625649534247820e+01
1.823078907422577899e+01
2.951603949748567146e+01
1.804595704244086818e+01
1.567792566845022328e+01
1.209813385341594483e+01
2.160752973516601827e+01
3.602794007948590149e+01
2.468977900291026728e+01
5.880284287602096427e+00
2.507142635711688428e+01
1.315797863703149773e+01
2.199388170346626481e+01
1.699269724169836238e+01
1.721450855815541559e+01
5.224407094642344873e-01
7.235508872846736494e+00
2.147357588953383356e+01
1.889295520872550327e+01
2.599448263283132121e+01
1.523296141895120925e+01
1.696158904803471401e+01
1.737211619550671315e+01
2.456493250915158200e+01
2.241683996330929318e+01
1.102228753197466382e+01
1.921134803279007031e+01
2.071853772790954906e+01
1.739847773988066848e+01
1.718707073682355002e+01
2.953295191253515384e+01
2.980452928468205087e+01
2.062099771408905013e+01
2.779516844697684519e+01
1.968798668473664648e+01
2.814563177454957099e+01
9.050699986862767332e+00
1.660637190170009347e+01
2.493064445290603004e+00
1.666793148085936238e+01
-2.408842904208238878e+00
-1.447439053906983020e+00
5.044678363832703738e+00
4.995398579721566534e+00
1.905809581767742245e+01
1.249738048319512629e+01
7.976714576727593098e+00
2.714859782719801728e+01
1.005994905575382248e+01
1.707962278620835761e+01
2.028259497377632670e+01
2.369416993004352889e+01
4.415769604309447516e+01
2.383251140727112016e+01
1.594249194713979279e+01
3.737649003962495442e+01
-6.497058215736075226e+00
1.345436395706518340e+01
2.919585251640844348e+01
1.667695961180681863e+01
8.563442435582153678e+00
9.356236274780618700e+00
1.192058619631323069e+01
2.816703579939559887e+00
1.786982113503788128e+01
1.019468004365519320e+01
8.479256998500574127e+00
