8.500637360672634202e+00
1.219389881631344075e+01
1.724777574540910763e+01
6.231901406513184583e+00
-4.701649974474278082e+01
1.916805037476390083e+01
2.944677583862238990e+01
-2.320601959132140735e+00
-6.530405021120998299e+00
3.881413378113160206e+01
-2.222207366114273164e+00
4.116251283812785999e+01
1.557838829484011889e+01
4.583203731660404401e+00
-8.491321420561466482e+01
3.045327179060233647e+00
-3.091278781833487699e+01
-2.055180016691956268e+01
-3.268382112008512763e+01
-9.786268478645316904e-01
-4.407069465067449698e+01
2.800684532550793193e+01
3.934109617064139286e+01
-1.043878461859925011e+01
6.892909319670315504e+00
-9.381564811404526694e+00
1.421530836523903929e+01
-6.094249258221482890e+00
2.636140097911516378e+01
1.794881242314410486e+01
9.266392115327489520e+00
2.089360130483974842e+01
1.498261856265984093e+01
1.065942356166159399e+01
-1.029477590297819489e+01
2.875788945244437400e+01
-9.989820825181912056e-01
7.360554964887889184e+00
2.871243019116762696e+01
4.277053088777845957e+00
1.708263269929898698e+01
7.108940729613538068e+00
-4.013995178813984666e+01
-2.109558880902098110e+01
5.201785817323568040e+00
-1.289373119866265904e+00
-1.453787454521800804e+01
-1.335166021601401987e+01
8.652904138056996430e+00
2.783040772214132375e+00
-1.938710790621893665e-01
8.283341199228200225e-02
-3.494793875670333705e+01
4.712586067950918078e+01
4.541598001324608447e+00
6.289722624743729007e+00
1.557813298010055725e+01
1.225336167024298106e+01
-1.739384439374976665e+00
1.072001619341813594e+01
-5.685762930620490430e-01
-3.401346255306068045e-01
1.461168511407793957e+01
1.230438649723952338e+01
1.002983134961531775e+01
-5.434174941181208141e+00
6.783979108562503413e+00
9.976513233895053290e+00
9.313866288672031146e+00
2.631361616448601382e+01
-4.869404812417613471e+00
-1.780498779531519915e+00
7.645958065246427182e+00
1.980197209696533989e+01
4.071004457612841243e+00
5.999406203991253506e+01
-1.508890539884137638e+01
-3.328201480599672912e+00
2.392652923215598548e+01
5.505588302825824343e+00
6.141438871609292249e+00
1.255512738280622465e+01
1.586423447264895259e+00
-2.213310827174246143e+01
-1.717762925684596986e+00
8.161030971555279123e+00
-4.471038672129260760e+00
-2.857619208962697499e+00
-8.259190350643319078e+00
1.431950384183208413e+01
3.689716388025461669e+01
5.523284421639648833e+00
2.985392843992715228e+01
1.817919264509241017e+01
2.028280279037473477e+01
1.965826589511635802e+01
1.144444141373152490e+01
-1.482933056372204739e+00
-2.451034567694964394e+01
1.844917358616289249e+01
2.044076587318471283e+01
7.792680672767044570e+00
1.844421416407254455e+01
-1.458450776236777102e+01
1.321089032339986957e+01
2.766954549738083458e+01
-5.387562258682088157e+00
1.591635325053718475e+01
3.501235626130284118e+01
-1.233552376712649057e+00
1.084459417050719665e+01
2.134703304011803482e+01
5.956910835311914454e+00
8.872019753909036410e+00
3.838103370483797505e+01
1.410671836713656546e+01
3.810014343507673651e+00
-2.556281871370846659e+01
2.866781629226054839e+00
1.439346071553084805e+01
1.411058092177143664e+01
1.025358274459292929e+01
-3.081832390841259439e+01
1.394382187489341440e+01
-1.433361608210623572e+01
-1.167745412855161646e+00
-1.136513497420331475e+00
9.220285170260266838e+00
2.721332656323927068e+00
1.387998041459926135e+01
-1.031770576334670864e+01
2.971401245599924223e+01
8.262702876401654351e+00
2.333752093348743450e+00
3.887142816575082094e-01
3.858268020863599546e+00
-3.874497811141920067e+01
-9.256704343205779395e-02
-2.588902790848090607e+00
6.207150663003634605e+00
1.201564403677081927e+01
3.657696850823000112e-01
2.266566742360339060e+00
-1.361101418950174846e+01
2.343309178439305640e-01
3.102636171243741714e+01
-1.715725116949633389e+01
1.054248873504965900e+01
2.977842725060681062e+01
6.808846331962935317e+00
9.903096617712854766e+00
3.170559228819448627e+00
-2.703034606188357714e+01
-2.266244122706045516e+01
1.996859152875079957e+01
-7.659297477513105079e+00
2.115608904111057598e+01
1.868180233392565981e+01
6.657517079093932644e+00
2.352469245901159312e+01
4.684812176101873860e+01
3.475935946634924889e-01
1.593111598280203545e+00
2.142098339956916675e+00
1.580176092649423758e+01
4.427357475994029556e+01
3.817145877715162339e+00
8.819036274176367485e+00
-3.406362420365153909e+00
1.268132335650813047e+01
5.317206594663210772e+00
1.237092248909682901e+01
1.876404630037059373e+00
3.211563193229561630e+00
6.035469945312625484e+00
1.493932901504092214e+01
-1.514922117006716817e+01
-1.861544335174098919e+01
-1.205380105355548181e+00
-5.228130984606629283e-01
2.498855538682058963e+01
8.403946353145936854e+00
-2.492294495884682703e+01
6.804805281495319491e+00
8.664739243776795163e+00
3.016242921044260505e+00
-1.800552483298148942e+01
1.562177062239646652e+01
4.372909825036581211e+00
6.926681227050570655e-01
1.700510221554053203e+01
1.548498656822165209e+01
1.233877859739262561e+00
1.651222541247313558e+01
-4.996812008569202490e-01
1.392504830000812888e+01
-1.263615717875039124e+00
1.175321962876501303e+01
1.389500699023089858e+01
3.036974212075385893e+01
6.161556226547606485e-01
6.582518476581876499e+00
2.792988053866775289e+01
-3.395187970352503015e+01
-2.625841829186026644e+01
9.817107064381207948e+00
-1.063437964023890014e+00
3.828559491777810297e+00
2.395125763025911070e+00
8.201736466674821813e+00
-1.276219808735710615e+01
-3.224506011178301890e+01
1.648351279610047015e+01
-1.198290758114854881e+01
1.118543083248615844e+01
3.815573444456720864e+01
6.876292244485829208e+00
-5.532220463020465218e+00
1.169664905374952824e+01
1.399676444677707110e+01
3.805207842018879205e+01
6.148627783682680814e+00
6.228023224473332675e+00
6.263006747464809010e+00
1.803834334504173142e+01
2.084362569131879006e+00
2.662367566682494058e+01
3.097779914527699408e+00
1.039486065161225348e+01
8.375930342855305355e+00
2.122441646746774424e+01
7.513068690101329494e+00
3.738404723002257413e+01
9.003623900600454810e-01
-1.712375428067328897e+01
3.237470848266016787e+01
4.883793595529222209e+00
-1.968619611791246893e+00
1.946316562380367543e+01
-1.221190193036188809e+00
-1.645641680689019637e+01
-1.572486289760416156e+00
2.703932134803326903e+01
2.653588736160030326e+00
2.643980466359982628e+00
2.315956969906466512e+01
2.732369605406562485e+00
-5.481206568629321652e+00
1.761792154989609571e+01
6.163778522725384512e+00
6.847420152056757914e+00
2.551156298489950558e+01
-3.240666965268854227e+00
9.912585473048508788e+00
1.997589011937191827e+01
1.224141307519731114e+01
-2.332542403843847012e+01
2.357397323277400591e+00
1.790191516260276927e+01
1.019924364333160582e+01
7.035240332673835084e+00
1.065133960594084606e+01
-6.903677451775612539e+00
1.991527787047218112e-01
2.104539617251686145e+00
-2.820194411810944501e+01
3.923407715726525424e+01
1.731839077901741630e+00
3.406157368822224640e-01
1.047673333601076706e+01
-3.406649555099258819e+00
1.002949615404085115e+01
1.008007921237350857e+01
1.169311213035526187e+01
1.199119213404914852e+01
8.555818542503003110e-01
5.277411470158576812e+00
-3.802534803706638655e-01
3.921240353006102453e+01
-4.078625309896549034e+00
2.029672306811334082e+01
-4.503723394665508195e+00
7.125488798578606620e+00
2.503511319308072203e+01
5.588957891219338947e+00
1.026319097400501512e+01
7.449500045755069522e+00
1.143991299993735922e+01
2.335725612295167863e+01
4.998322359207041821e+00
6.656926495722161441e+00
2.408730609745505902e+01
2.641016650148365841e+01
1.196853450856691836e+01
-1.221844987802771243e+01
-2.977522163740262329e+01
-5.293348915670360810e+00
3.027709886064527112e+01
7.894437680545546954e+00
7.763401939273707697e+00
5.517677264238805890e+00
9.065675777825425996e+00
6.434329069215649177e+00
5.722761317810542536e+00
-2.496423036089468894e+01
2.554041553621771499e+01
5.295445362101473208e+00
1.211650831770538339e+01
1.231710368802506395e+01
-4.970363890122337480e+00
-7.023942481419982897e+00
1.070613801187842640e+01
7.218475697350585918e-01
1.762535663766210092e+01
-2.184177985385515086e+01
5.745840358625249777e+00
3.385835344643141287e+00
7.081661555945006015e+00
6.229777652293504886e+00
1.035639639988027128e+01
1.619388909740177596e+01
-2.047029057514849981e+01
-8.346731823320219235e-01
8.226117604579112452e+00
6.883900038750316419e+00
6.487169663790027130e+00
2.145169094340322324e-01
-1.668790043479277507e+00
-2.060818492171658178e+01
1.433500038721515324e+00
-1.793994596578205503e+01
6.985633764925757383e+00
4.777828120890926122e+00
1.078694343962372670e+01
-2.104558631307734018e+00
-9.784847728780544429e+00
9.582814774534650581e+00
-1.413291192040088795e+00
3.412622771068814131e+01
5.456160408370980264e-02
-4.550338605899559852e+00
1.753356164105653647e+00
1.225615042031533619e+01
-2.334578750661680857e+00
-5.271723157626432510e+00
-7.920676223937389793e+00
-1.258984413148940007e+01
-1.327198764137891018e+01
-1.960548412794350526e+01
-2.271534018939755484e+00
9.846412836519924383e-01
-2.349201756665171459e+01
1.122146887544958282e+01
7.115338933392349574e+00
1.135880733078456828e+01
-6.164603344486767611e-01
5.037680302565965995e+00
2.680018124574763405e-01
3.881908113688876671e+00
2.781702746862899644e+00
2.080593120918419814e+01
3.435737567034562012e+00
1.836365536338442439e+01
-1.497176426309809472e+01
6.490546103339414508e+00
8.435449394123935463e+00
-3.495801126340835907e+01
6.323054758815422893e+00
1.247988876038997219e+01
6.851331940976581159e+00
-1.468062466095250684e+01
8.191592812410764424e+00
7.227126009675624019e-01
1.032518442373777745e+01
3.596917409246642716e+00
2.325634100253255898e+00
6.414402464010303895e+00
-4.606979026395945809e+00
-5.416483923213100127e-02
6.496048517053176319e+00
1.069744545807212610e+01
1.376382182893681616e+01
-8.516425423632608016e+00
-3.121597564283394632e+00
1.848670471934821791e+01
3.133733257835585562e+01
1.162777295063054694e+01
1.117454093634492374e+01
2.811225058910141783e+01
3.450793579581434400e+00
2.662586863468890641e+01
6.030537331654625355e+00
1.579014005223380046e+01
6.916558014314684755e+00
1.821565166822814774e+01
6.603635416294043381e+00
-5.162131493785162561e-01
1.152003414424219940e+01
1.167828367110704946e+01
-7.509755914341294414e+00
6.056135913422572514e+00
8.325046453697762416e+00
2.868568989971107097e+00
6.059482359636167104e+00
2.243026621436619195e+01
4.103024803447199886e+00
6.683495964131936695e+00
4.261598434380962530e+00
1.080208330490344615e+01
5.571083088836989106e+00
8.118886033167129312e+00
5.838242481642243575e+00
6.738779356673672893e+00
1.336803712040086367e+01
9.579952000442515825e+00
1.961703525929217662e+01
3.764680666002832243e+00
2.663135804260619466e+01
-2.544166363423352450e-01
-6.390591373372410899e+00
6.767828564918668910e+00
-1.337620824278020315e+00
3.227136234003638471e+00
-3.406646122245497565e+00
7.602080029374707948e+00
3.498166185456224486e+00
1.888295362050968862e+01
1.163160533737494617e+00
9.823897243790423062e+00
9.771915246165686852e+00
-5.098576776091343632e+00
-1.533381817051433060e+00
-7.567394399381097259e+00
1.473497946873603759e+01
5.829997325104928407e+00
-7.865961167996964321e-01
8.615138128638852422e+00
8.674755765960828313e+00
-1.064059603838007018e+00
6.088667743103092889e+00
-4.092290524862754353e+00
4.199915470438186915e+00
-2.456900924789483298e+00
4.184015725920596118e+00
-4.951295356717050566e+00
1.328134608952395368e+01
3.390742662428091414e+00
6.974505116161253682e+00
9.786155620299956226e+00
8.187661757183445133e+00
8.879848496484079590e+00
2.049386283495863026e+01
-1.276286336516628239e+01
1.603582437257234261e+01
1.790417039101026830e+01
6.393940343209427724e-01
-8.759964782845681697e-01
-7.203760239143548461e+00
1.139985615894633675e+01
3.845431451296823511e-01
9.323508082365844274e+00
1.561964085472323305e+01
1.814268436091609971e+01
1.140868182584646817e+01
1.160748422210325614e+01
-1.331755961710326019e+01
9.503936442788003092e+00
4.725323642603057372e+00
2.068409791559502864e+01
6.757798585510032652e+00
6.955002199749687364e+00
3.952110654441955973e+00
1.678642285943969981e+01
4.582579877304207905e+00
3.187357612256656481e+00
1.264567483219132527e+01
2.828323711806351426e+01
-5.177664827964708394e+00
5.163689611722020345e+00
-1.578338934065475208e+00
4.748506565620906450e+00
-5.284657995839356914e-01
5.051812397040380098e+00
8.456027899196497444e+00
1.036978042956654456e+01
-3.074954633321552500e+00
1.069710779731803640e+01
1.552020674329668282e-02
9.394315848642381894e+00
2.305046686795820143e+00
-1.110129597467643237e+01
-1.760173356672841294e+01
6.126507933537412853e+00
1.096344271100091206e+01
3.001283492942511177e+00
-2.217259931277608231e+00
2.508544005296689150e+01
1.005669363040712838e+01
4.506579778120944901e-01
4.961286615937932964e+00
1.543475313530354498e+01
-6.556888081081719832e+00
4.184830301363961169e+00
1.455198058406054784e+01
-5.828157454832561868e+00
-2.152817669084764240e+00
2.460802488318678094e+00
1.359820728421529523e+01
1.069817361376968101e+01
-6.544181866992145657e+00
1.337295974524365993e+00
1.065445246189567285e+01
-2.571809229497048932e+00
1.450721314132224649e+01
-5.846533491568299823e+00
7.714106131276411205e+00
7.871829230131647037e+00
1.023861851688428715e+01
8.960645412417633793e-01
1.379578764805351732e+01
4.179303346358663518e+00
3.349379366076946862e+00
3.608822695227669186e+00
1.005421975155236325e+01
3.987077614592243080e+00
-1.182162441882372406e+01
3.646257006255904543e+00
3.005179696296372605e+00
1.860844592965628763e+00
5.310526373135878053e+00
-1.565192365865753032e+01
-1.161076876246618816e+00
1.790086284947551398e+00
4.005247203901620701e+00
8.520155447034838403e+00
3.549792742285188929e+00
3.463031506728678544e+00
-3.521089938313426870e+00
-3.837071382914532336e+01
4.997192961004891743e+00
8.092208565474559023e-01
-3.092102226336513660e+00
7.576658481078712981e+00
3.000595854253154826e+01
-1.353758460097269634e+01
7.276555931615417805e+00
9.314911341213818474e+00
-2.747181658221666822e+00
1.284486667679847827e+01
3.038515231945122075e+00
3.654586257954242079e+00
7.171763099757619386e+00
-6.203021606488915651e+00
2.690725594491982164e+01
2.372583937687635469e+01
-8.048154050380009750e-01
2.497424101688414666e-01
7.401448033968041074e-01
6.307101167982714252e+00
-1.900412936219750826e+00
2.249738421898096696e+00
1.575036746775750895e+00
2.063400733503393703e+00
7.110908273434433546e+00
6.320435760434225614e+00
2.014248974868715791e+01
4.479976792269649621e+00
-6.631765152846762490e+00
1.879524295508970155e+01
7.869318446710375170e+00
3.895564067893662052e+00
3.969795144730873915e+00
9.800154005406898960e+00
1.185187013909180020e+00
3.678497624442930825e+00
1.374644585409694564e+01
-1.112138883949068457e+00
-3.357277108255780185e+00
2.326101110936515948e+00
1.462643955715791044e+01
2.253376449354874467e+00
6.042210035636330190e+00
9.525418562836666325e+00
-8.000403098178232142e+00
1.363846961909031386e+01
1.375990512486707829e+01
1.437519284134104325e+01
3.693500731436674123e+00
7.037430347995515589e+00
-1.178796768221541313e+01
8.509840634948178106e-01
2.480067586631702348e+00
-2.997421597974199159e-01
5.684609668797016901e+00
-9.387265141658149403e+00
-1.931499445929416581e-01
9.913123952455283217e+00
2.769994271115810758e+00
1.352642622117609150e+01
-8.223740961293986018e-01
2.169657922802630523e+01
2.165994129430982795e+01
1.582294421363829251e+01
4.642315133968859087e+00
4.444757810503526585e+00
5.991610931631915271e+00
4.569347702635980113e+00
-8.718478445683107481e+00
9.876707446137746871e+00
5.713854168261297772e+00
9.264101384066540490e+00
4.123939807152946280e+00
1.474919561410769298e+00
4.825707586605359367e+00
-2.106408320615556384e+00
8.848200828064841872e+00
5.785479738698458441e+00
-1.953726854548780167e+01
-3.903919435368541357e-01
2.280174972839461134e+01
1.678563573836444611e+00
1.117910745950277018e+01
9.330160604077384789e+00
1.592621856211563447e+01
1.021852840174454968e+01
-3.236537616018235752e-01
5.862236702296658386e+00
-3.316229310080364812e+00
-7.587973576319567925e+00
9.818949652607678047e+00
1.126340804644589788e+01
2.040189474257733337e+01
1.364423254517765471e+01
3.794498262985068759e+00
8.439199719354592233e+00
7.725224150252818944e+00
-7.482921621436728898e-01
9.832340655128291473e+00
-6.639240153086118923e+00
1.440978818787639559e+00
4.278569268714501383e+00
4.130329397182316065e+00
-2.883323218753965023e+00
2.685431919493941333e+00
2.890452454195999010e+01
-2.872809971554501018e+00
3.087074558440496830e-01
7.038104693787139432e+00
2.045493184388406505e+01
3.732346566115381847e+00
6.499841741524840621e+00
-1.854373440674017814e+01
4.380251330839469937e+00
1.144484735257694297e+01
4.906042154507073150e+00
7.800746467728123079e+00
4.519550350766775360e+00
-5.511768791988746585e+00
-1.978525389496028453e+01
9.014654150083860173e+00
-5.430882818608537832e-01
3.290230474708582875e+00
8.064920195438052275e-02
1.802765848538221150e+01
5.362144070188586298e+00
4.831279837890793516e+00
3.823217534552627583e+00
1.919425238125285915e+01
1.296825684119329836e+01
-1.994936359746817800e+01
2.020606523351165151e+01
1.338717882504230872e+01
-8.454839958964015523e-01
-1.244554127974701885e+01
-2.708317442644512241e+00
7.803372543805868311e+00
1.491577847701384574e+00
7.052148925117680989e+00
2.345133659020763428e+00
4.039519006680336588e+00
1.305857222023334607e+01
7.213576726301365483e+00
8.157716346881693781e+00
1.132127521009791060e+01
2.190015783308763275e+01
-9.322838825895818360e-02
2.142391776479992238e+00
8.908824593395443969e+00
5.098021499436285353e+00
7.118946302100060741e+00
1.538570706392266985e+01
1.148109002298039094e+01
1.664886840691751857e+00
-6.222003549520033872e+00
4.610666066449830680e+00
6.566422202052007329e+00
1.127332739909631343e+01
9.585292364122194542e+00
1.057660511730535191e+01
8.518128866794816290e+00
7.902900323112742598e-01
2.623414108166543190e+00
1.588030081715124275e+00
1.570424876198755904e+01
5.629419475301125964e+00
3.840368585977553373e+00
2.233355562169947106e+01
4.289867688609444230e+00
6.527816642625127841e+00
1.018853532034141196e+00
-2.182197785874718576e+00
1.358074288258849194e+01
8.100565520896378047e+00
-2.984266128909704996e+00
-7.517896847783944736e-02
4.878685021635170926e+00
2.234431955061158881e+00
-1.332334575746554961e+01
-7.836717047791175617e+00
-9.460042339559127100e-01
8.528206235284388370e+00
-4.470163981133299380e+00
7.886089906227880419e+00
5.825066601230483698e+00
-7.913750325634564931e+00
4.902413277003587311e+00
6.863973785521748638e-01
4.948843540188596180e+00
3.824447619962831002e+00
-1.066318116133728111e+01
-1.467184296538096078e+01
-1.500738756571754706e+01
-1.163037476246915958e+01
6.007958183638120175e-01
2.531904051449886595e+01
6.554819021735479367e+00
1.234727128599522494e+00
4.072842390025911641e+00
7.933932356218002191e+00
1.501088503466845658e+01
4.855242383575962606e+00
1.097049731886703405e+01
6.523991837423049667e+00
6.350122072829519126e+00
6.753370008054798035e+00
7.513876814993310838e+00
6.321054468198097354e-01
1.754174437209643500e-01
1.106063886939361396e+01
6.454093793718140404e+00
-1.056308098089538205e+01
6.099979943125121373e+00
9.067935886829864955e+00
1.605199362406523278e+00
1.829430157434073223e-01
8.769435178523117713e+00
2.148349685301839784e+01
7.993910710367892136e+00
6.003652187350732916e+00
9.977295857686698355e+00
2.870672303163816608e+00
1.858803895793821326e+01
-9.800361635070586885e-02
2.132337717305538405e+01
2.357132312681455844e+01
1.240987819663303604e+01
2.332832199030012532e+01
2.662576437460247547e+01
2.757068556447435981e+01
1.488920001117518943e+01
7.723606762977453855e+00
1.077563616866785878e+01
4.611349637367844423e+00
1.561356958792578808e+01
9.033123539284616754e+00
1.459751502105140375e+00
-2.166021648494231400e+00
2.030883816497270900e-01
-4.556182821564931373e+00
1.513694825852594050e+01
1.286381690354534335e+01
5.583260787676506354e+00
7.553081172228964135e+00
-5.302147951975999973e+00
4.577477706007450742e+00
8.763286853404421706e+00
3.117849315248666819e+00
-1.071012613152362292e+01
6.862305674483264895e+00
5.050954360358044681e+00
4.478658685667171291e+00
1.523189001675191001e+01
3.616109610303968935e+00
1.030020642700143441e+01
1.055417290832026822e+01
5.326896779353779365e+00
2.819077314141388513e+00
3.605050948587686044e+00
1.043298165344274153e+01
-1.616571322600914407e+00
5.271817390162398809e-01
6.828501896529704851e+00
-4.272914539542556511e+00
3.783283223725885769e+00
1.107306275573710508e+01
2.487118931917360598e+01
1.421588111645778341e+01
4.774226397497114860e+00
1.494467915905410038e+01
-1.596152559342952415e+01
-4.693378559508255776e+00
1.314561065640404092e+00
2.010101302167161919e+01
8.503536208230197957e-01
7.392011693975816478e+00
-3.395236332116754241e+00
1.414440768474419841e+01
8.717902832340044483e+00
2.519097799607094679e+00
4.486319198324213886e+00
1.318444275717896375e+01
7.030095052899632435e+00
3.812113239217662208e+00
6.453111293153033223e+00
-3.257413704046223657e-01
1.815548287131628058e+01
7.918643738575825708e+00
-4.815757795236129013e+00
7.795195211279109415e+00
2.074006629234360410e+00
-4.786806760319649356e+00
5.333068946437635738e+00
1.737842144791343912e+01
9.153644641448641650e+00
6.210749410707308016e+00
-4.452069431057935844e+00
5.485963409888357845e+00
1.331940499706597514e+01
1.271724052190988630e+01
-3.933837632541566265e+00
1.845518250543770478e+01
-1.190188954540533572e+01
-1.091290841180931004e+00
6.761093503020959794e+00
7.917540825252247672e+00
-4.205349191667911768e+00
1.920195141767674585e+01
8.670998995016052646e-01
5.314885158153828115e+00
1.503902845291085200e-01
6.661175787663960790e+00
5.499637552593553025e+00
7.476514404425733673e+00
1.384376386190361430e+01
-7.724231336777567236e-01
4.974905900161084915e+00
7.893112199765619508e-01
2.922222511587371230e+00
6.122238422681343550e+00
1.056026619372282838e+01
5.738591869268365286e+00
-1.692083797750257190e+00
-1.801646158384349050e-01
-1.865424085013133748e+01
4.378557661566110148e+00
-7.834339514816592853e+00
6.908202396954954416e+00
-1.443574614447451765e+01
2.475033170385643189e+00
3.689356169460702439e+00
5.426065673994242999e+00
6.241795575035817834e+00
3.368437139792054946e+00
4.760309460588155517e+00
1.456110037586114814e+01
1.927053261836297882e+00
9.231633625284310085e+00
4.293498820529642934e+00
-1.666490680333463814e+00
5.620965364184650426e+00
9.464865495349219060e+00
4.698424948426151104e+00
3.743866886597378318e+00
2.094258378025553036e+00
-1.425094526204931000e+01
-5.080069923219310724e+00
6.997360280051625026e+00
9.243764680453249838e+00
3.944410921028543182e+00
-1.563186928824400468e+00
6.090922085590182888e+00
-5.574084838398977837e+00
3.054648222353014475e+00
7.314185689344228081e-01
3.739564577126464950e+00
1.734605613439728078e+00
7.523199186485816981e+00
7.420965426575176771e+00
6.637751322586081137e+00
3.211914560227305593e+00
1.690195322389069332e+01
1.310404247583276671e+01
4.364548332306798173e+00
6.326909228199588675e+00
-5.374196252642597926e-01
1.242221167864983755e+01
2.820601204044157040e+00
8.405024654465069744e+00
6.994119751732055690e+00
4.319485632434314937e+00
7.727351068264324496e+00
1.012540337639940091e+01
1.087076856465647978e+01
2.450721009242679216e+01
1.213333448545884607e+01
-4.644611273197840617e+00
-2.023180856095742719e+00
-1.374176936975207042e+00
1.077657539931435160e+01
8.443823492015368970e+00
8.444335448804555000e+00
1.803220446662178844e+00
-1.276248101487215791e+00
2.124889337312202287e+01
5.445856590549080778e+00
7.203476525151295995e+00
1.069279717989423339e+01
6.711446359218660618e+00
1.852141909111179530e+01
-1.020661676288538544e+00
-7.257595489138836342e+00
7.843958575533440225e+00
1.496268999854885351e+01
2.216223909646971180e+01
9.381068504505671868e+00
7.294327795949399729e+00
8.233992134813348684e+00
-2.585857602908165909e+00
1.377637486786096588e+01
4.964181351254809194e+00
8.716377361163701210e+00
9.767917229738023011e+00
-1.171103491535847851e+01
-3.779193832300725475e+00
-1.053309822684331998e+01
5.141807728705915181e+00
3.092096895086000163e+00
6.273679320237405932e+00
3.797268817493024695e+00
4.450777577325178314e+00
1.386375370046724420e+01
6.555310055356444288e+00
3.795047568172357444e+00
6.430459203327351325e+00
1.762219592915784006e+01
1.629420366226032968e+01
1.317564159583587902e+01
1.257503012346788296e+01
-5.361606407748871206e-01
5.216424185078561315e+00
2.730450904864593742e+00
-3.584362066407635439e+00
1.059168197385973542e+01
-1.999330108467036737e-01
7.919027570188270637e+00
5.081265419881945355e+00
3.126393620162851938e+00
8.257823336221161270e+00
2.498730202288136137e+00
6.659833956688118839e+00
9.186342546601764525e+00
1.090560214705764608e+01
7.701085496312730427e+00
-1.380285718460522837e+00
1.294122419092513798e+00
-4.480174309187123782e-02
1.477430693128599870e+00
4.826965969721793037e+00
6.187847203545842945e+00
3.539485887378958751e+00
8.970661741122704314e+00
1.256489546245191136e+01
2.813364506174512947e+00
4.948047182712203451e+00
-3.523855628581785027e+00
8.358878075405232977e+00
1.725193448138058194e+00
7.527525168010559931e+00
1.004050193665758250e+01
1.530462296311518067e+01
3.501207895631616829e+00
9.916500418988874799e+00
-1.384502984164520356e+01
-7.036419590131641755e-01
7.701484445380878618e+00
2.111829470922905294e+00
5.388874353958881258e-01
7.209038500448186504e+00
2.830123248351254617e+00
6.647434993067228959e+00
4.046061677529401379e+00
8.458657085116035645e+00
7.774447438330694737e+00
9.944303867165865896e+00
9.617870685524807506e-01
-2.898644021280673222e+00
8.015145646820208469e+00
8.200061746917183925e+00
2.699248589621731753e+00
2.660095559654265251e-01
4.709309365911450662e+00
8.520184304230932426e+00
-2.041721238326950960e+00
7.248061812109519053e+00
1.490632308447679044e+01
5.166568185669833113e-01
6.072032692363783291e+00
8.126518935681279032e+00
3.248199100012970408e+00
5.522255402702680449e+00
1.813666037676581411e+01
1.129973203457446829e+01
3.836489180894804729e+00
8.470150325070656905e+00
9.076083863472431901e+00
-6.126537779330679001e+00
1.976537693988460376e+01
3.150181937117770392e+00
9.754637673343546922e-01
1.467589692250824029e+01
-5.999822828834702193e+00
1.302144691485220562e+01
5.427312464853137897e-01
6.632083931005992028e+00
2.810924525776116401e+00
-6.074428700612721777e-01
1.184759988189942170e+01
5.056885571534629698e+00
1.284247658799518632e+01
4.884278074439650119e+00
4.004385933242626372e+00
7.747608388070343466e+00
7.321295385737749406e+00
4.997882810019147470e+00
2.978093806860949044e+00
1.293058515541519071e+01
5.066651781011234590e+00
1.191976901474814721e+00
1.675831275464317116e+01
-2.617976353489943619e+00
4.323743797253202459e+00
6.240073000649000612e+00
1.973384613233385920e+01
3.605958845098491405e+00
4.229127678996598583e+00
2.476637728675887828e+00
2.201328366737772058e+01
6.166186943364126094e+00
5.654590210912313175e+00
7.318643215851423633e-01
8.017939397626109965e+00
-1.183846532744754043e+00
7.981884649936183962e+00
-8.861845382320826303e+00
-1.046371925887931376e+00
2.842143426377579551e+00
5.585668651270555785e+00
1.152842181354903062e+01
7.407166828038776352e+00
1.012642019955855588e+01
1.095901312881727030e+01
1.101073490338981564e+01
-1.989189410283421822e+01
4.953925545393603080e+00
-8.684695965557224895e+00
1.175676223845393231e+01
1.014711067966736202e+01
2.020777527994498257e+01
9.924887420481931954e+00
9.411153386570605406e+00
-2.318054531506419380e+00
4.311791987370710899e+00
1.047224380718105863e+01
1.165948146890513470e+01
2.775181332539443879e+00
5.174149882040746995e+00
7.268978979142234564e+00
5.827800877618904529e+00
8.170768902425068703e+00
-2.450891891316260285e+00
4.053969709070920580e+00
9.628923272530940380e+00
4.777982551495529862e+00
8.643299805230245880e+00
2.038299225994941466e+01
1.669633934030885669e+00
8.237788259873701335e+00
2.315331117501703950e+00
1.565737770920933514e+01
5.473336152145372502e+00
7.360475773219209650e+00
5.978596629662581208e+00
8.116837219903713319e+00
2.567170899940628637e+00
5.758847880156849008e+00
-6.885674491237940842e+00
-1.052869701788594625e-02
2.175073224325101506e+01
1.506896110901332264e+01
1.787301651704749261e+01
1.533324775822396546e+01
9.934259904147822340e+00
8.615265051291082443e+00
9.064981580704209563e+00
7.531597541002851948e+00
-7.766036885694944658e-01
-8.015864338401236466e+00
7.795197311412827013e+00
3.304505312195946676e+00
4.000117886018392355e+00
2.519340170678842483e+01
-2.235291493761566883e+00
3.019859071750204293e+00
2.269019352195861927e+00
5.098511505512316688e+00
6.104240753042351919e+00
1.035990918370156244e+01
1.182551039254929748e+01
2.420220112998312523e+00
2.499997271511045227e-02
2.241745173228208188e+01
1.042102211109077103e+01
1.755208973165042607e+01
8.982531903920957461e+00
4.235790265990210024e+00
5.102075492526400247e+00
6.660010821153270477e+00
-5.198939020310767489e+00
3.909603955269971287e+00
2.365871609317936830e+00
2.008296594777165822e+01
2.770797006460917444e+01
2.643678838800952136e+01
5.778562597512346244e+00
9.890301293095658863e+00
-4.754528312167449755e+00
4.834858895480786067e+00
5.443293823697937128e+00
4.294434646542741874e+00
1.164297335287352197e+01
3.833486570108978420e+00
1.268260345637349573e+01
4.397878879943732500e+00
1.229838238157605090e+01
9.611244766291903829e+00
5.021370060580763628e+00
6.895266178072364305e+00
1.568914116575320428e+00
1.095473192394719852e+01
1.096807729650684493e+01
6.797015726572420924e+00
7.464453285364501589e+00
1.763830963286812548e+00
1.126119366018843415e+01
6.415948828086310840e-01
6.602089499606907275e+00
7.480239218967301262e+00
9.975691578031103290e+00
4.955749120038955624e+00
1.708031673152578378e+01
5.128161754190851518e+00
4.828337478722306564e+00
5.925889075468873557e+00
-1.905167442663369570e+00
-7.778491845413478600e+00
6.632410295129878897e+00
2.059985340201519222e+01
1.235350642104819485e+00
-3.980517082360609749e+00
-8.310550121275944946e+00
7.653774940268476712e+00
6.083931167608936263e+00
1.223156584863270346e+01
3.637023197804045260e+00
7.176802278393399348e+00
1.144085705523981922e+01
7.590348641152259823e+00
7.900894489639974871e+00
-1.584556148851630653e+00
1.048390212684481426e+01
7.305225153783396763e+00
1.213743387291829023e+01
8.004192903322868702e+00
1.831429003499165020e+01
1.164254871311628392e+01
1.799584828031304795e+01
6.083963974430321997e+00
8.386717577857217165e+00
2.835049033372931682e+00
1.940922522122135874e+01
2.118742978238891084e+01
1.268927796032262734e+01
1.225536377468555038e+01
3.822548784616111917e+00
7.279843426259933636e+00
1.619251114906867528e+01
1.443539892989882389e+00
1.382157226301021424e+01
4.020785356248746112e-01
3.037923733724098962e+00
7.173519064653504529e+00
6.289239079666587351e+00
2.541029788806477185e+01
-2.416275398765352023e+00
4.692262823613439160e+00
8.593062020706234705e+00
1.038779899088302372e+01
3.617470050459429487e+00
5.376860379020865999e+00
1.856428443246427662e+01
1.540123049096793828e+01
9.959305926379569129e-01
1.074295246306052753e+01
-2.719235824386151634e+00
1.436704855023331007e+01
6.691237980653060191e+00
-2.611502707143811719e+00
7.705124929089345542e+00
5.576610088180466107e+00
3.552057793831057797e+00
9.385443835968564130e+00
2.982915545039408034e+00
7.140345468536954954e+00
9.427694114477391807e+00
1.288592306377940666e+01
8.762788618610848346e+00
5.863487250158294195e+00
3.802342031225792063e+00
2.237658651735968451e+00
2.841402992848920395e+00
3.619674548252653778e-01
6.368812735302436856e+00
5.570470998012993391e+00
9.051636772911960449e+00
-3.240470951430651780e+00
1.742364902860012776e+01
-1.197490784751641613e+00
4.398454286238395738e+00
1.411761247349420678e+01
2.438126238255638789e+00
6.740950602086582144e+00
8.378738329286800735e+00
2.865138259478727800e+00
-5.523528206724444445e+00
1.931533443659562366e+00
1.557938430569897115e+01
-8.742557089686643579e+00
6.912813608238280949e+00
4.279162469168202421e+00
5.377287829588296653e+00
6.036869181442566124e+00
6.637353333736904837e+00
-1.174631884385860303e+00
8.442577532979996136e+00
6.180421571665384306e-02
1.402537095588121829e+01
2.651257921917280935e+00
6.285490546654240340e+00
8.934161396727617444e+00
7.038923818097873486e+00
6.115157299731328600e+00
9.234038039181731605e+00
7.698201331528184532e+00
4.164796011485353056e+00
1.144434191182420513e+01
1.465162664778728896e+01
7.400152665308445066e+00
3.323838169957245459e+00
1.399295413565917734e+01
4.161648250728948284e+00
3.800301239645555995e-01
4.102928267344304381e+00
5.622645782585656171e+00
7.845101141233566722e+00
5.059048599545052483e+00
1.387250369086338253e+01
1.498837463080478294e+01
7.015774601670369925e+00
8.328856962415139620e+00
8.586784015880365217e+00
5.258026107168328522e+00
6.846123432085738258e+00
-1.621898930498428371e+00
9.666390784858936769e+00
7.030586154240307195e+00
-1.607544941168361774e+00
-1.922748769879785158e-01
2.281040946503905786e+01
6.784353093190667039e+00
1.409510289999521682e+01
-1.241744125480988004e-01
2.051922314803450931e+01
6.547433375620564711e+00
4.250483877522333032e+00
5.856722986024731625e+00
5.369300612314902743e+00
1.644177063436385211e+01
1.325941822193207997e+01
3.513753858318835022e+00
6.223049033005837671e+00
4.477834173213844693e+00
7.645276349035440511e+00
1.507942714924893401e+01
7.354215575921609016e+00
1.163761802789137079e+01
1.331447323948568240e+00
9.286306896317281456e+00
5.945381525343226059e+00
1.762496636710173448e+01
3.979852029439400418e+00
4.465396427955750980e+00
7.748491154578232454e+00
6.677557335541791872e+00
-3.772796738901227798e+00
8.632795953961036162e+00
1.332209983509559770e+00
1.196773672784734188e+01
7.580995514722684625e+00
3.739946262758246931e+00
1.774117423957921602e+01
8.383330156661077837e+00
1.183761478041308202e+01
1.058740539794329294e+01
1.503748190914675575e+01
7.900926055888221278e+00
7.690149013634035136e+00
3.733754872008917758e+00
3.952442347331623917e+00
3.230396075807452583e+00
5.881616374946937675e+00
7.826289889532692889e+00
7.243830805591579214e+00
5.477242727328039962e-01
7.077735809277747592e+00
1.184265305906510690e+01
1.030004139513550143e+01
6.635374022978469455e+00
1.217088629954747780e+01
4.628857578303035680e+00
2.062649745218093500e+01
6.510333623390051727e+00
1.671905183667543682e+01
1.907290123125508075e+01
7.430261211311719904e+00
1.039888026831157042e+01
4.891767383519590950e+00
-1.904348970894597315e+00
8.061404630469141352e+00
2.865022219884166610e+00
2.207628081893330574e+01
1.308841635802035341e+01
7.265819311390155022e+00
8.793026948618054561e+00
7.671434010213609156e+00
1.181521981949351741e+01
2.914724443066006643e+00
8.393424301610101779e+00
1.033904845582383381e+01
1.293827627267801539e+01
-2.453885624646778396e+00
4.272185847740129105e+00
6.257727105030764569e+00
3.225200573586599617e-01
7.061038732463518208e+00
4.437133150110939894e+00
7.814875698024784434e+00
5.863176418222730391e+00
1.711684414914019925e+01
1.038007431286830951e+01
-2.147003359640029529e+00
1.663715677695137174e+00
7.288623275708866700e+00
2.033143998060235447e+01
3.370229371545248931e+00
1.376172073969315157e+01
-4.693891841302011869e+00
5.817222478827405396e+00
1.506558437984488563e+01
5.683965591582943233e+00
9.162162383959362444e-01
3.708636873965663661e+00
5.050340119954118911e+00
4.754518723932398494e+00
9.397818467641284812e+00
2.974690748414621222e+00
2.987099721068579239e+00
8.099853860548993367e+00
6.575218176647390500e+00
4.960381432509796795e+00
-1.566239256609360808e+00
9.352362050775917979e+00
1.726389409927970320e+01
8.228082505283374815e+00
5.112455288638359185e+00
-2.835402526513368215e+00
1.268516421151000628e+01
8.980055350130934144e+00
9.339092220776272768e+00
3.721261704619926558e+00
1.875660140766237660e+00
6.227771612542907675e+00
-1.180826198972757091e+00
1.215655847218641306e+01
9.512896903950064598e+00
1.162925020602187232e+01
7.273022000930131625e+00
4.641206973659315338e-01
2.373950189472015637e+00
1.141457420606476703e+01
5.139113642768037948e+00
8.087576871923387145e+00
9.063740083941523196e+00
9.380598545208147954e+00
-2.828443606675765665e-01
1.142202267174472041e+01
1.352325487737847887e+01
1.070029327099215699e+01
9.366592929111043020e+00
3.361503568282081744e+00
4.830299265729633973e+00
8.785172860614782309e+00
3.806749497508060465e+00
8.189185886633925548e+00
9.730625813338143359e+00
2.180868583551558437e+00
7.562024172349907758e+00
1.349931159028490057e+01
9.339828449964706181e+00
1.242101780921635346e+01
4.191904465975967220e+00
5.765550472515100999e+00
1.054421446170577603e+01
1.027951995574227340e+01
-1.573341408692666477e+00
1.345405735606667008e+01
8.342884910895163486e+00
4.742266163015756320e+00
9.944511781341189405e+00
1.102436911466084091e+01
1.336944618882408697e+01
7.757201859369286190e+00
6.686850505343963746e+00
1.652434610929523018e+01
9.185853905692390242e+00
1.131543307586827751e+01
8.580345973470553389e+00
3.974122630720864358e+00
6.550607876177435784e+00
6.687370770677970810e+00
4.741312084368885849e+00
1.038381717895384071e+01
8.167490147715852800e+00
-5.395763431328283843e+00
1.876369403832069693e+01
1.568718895509111455e+01
1.074681823594762520e+01
1.180768101951678517e+01
9.291038129499924025e+00
3.814785793924666102e+00
1.994380642338777676e+01
8.519510507424241652e+00
7.884033994328831341e+00
4.667220869661592886e+00
7.996134042586957591e-01
1.779328515188908710e+01
2.647443783206204770e+00
1.531171304821128487e+01
1.057084714468620668e+01
2.208195983047696132e+01
1.687011296234391011e+01
2.035202612850577708e+01
1.573334708769606749e+01
1.208074533646355242e+01
8.786349289978161892e+00
2.506711277869957755e+01
8.369355212380323650e+00
2.435808346929493240e+01
8.623143114416711441e+00
1.278441520450383706e+01
1.621592785261596958e+01
-4.245740474693466382e+00
-8.959428643802723968e+00
5.990521361055037630e+00
9.255100248473624447e+00
1.038939882340725696e+01
9.847245517163463191e+00
2.115772493792260178e+01
9.647033147374981965e+00
9.652950591684071213e+00
1.320589532832752866e+01
1.192475811408369779e+00
-1.980052217452326957e+00
1.083396450385655463e+01
1.201369037392507444e+00
-3.370576690330119973e+00
5.479302853782121119e+00
5.255918274382468169e+00
1.461192497085762909e+01
8.399598996003650342e+00
9.536528899746494758e+00
1.054681514154637512e+01
7.242629696531810879e+00
1.817885046821994699e+00
1.281481133086327340e+01
9.705816590953014966e+00
4.628180082532066031e+00
7.819334065116873234e+00
4.763756839141521482e+00
6.826346287095159227e+00
8.218936234795247486e+00
1.262246096809771601e+01
1.871986397037606054e-01
1.004444384033742210e+01
7.867851019404522361e+00
1.030775315456626373e+01
1.033021801241445381e+01
6.133714450806156293e+00
1.982755020972106763e+01
8.046432492380963808e+00
1.185496362326607311e+01
8.583667271953142830e+00
1.118185368784715905e+01
9.237531110120263733e+00
-1.011006623639596924e+00
7.839285094192115722e+00
6.081470937563216772e+00
1.068279902912055235e+01
2.052197112234721033e+01
9.979355257588403916e+00
1.001013200598668185e+01
8.436585790450223499e+00
3.087061679824112392e+00
8.859060788293369626e+00
8.746767467326327150e+00
4.427497032634294172e+00
7.596143469864999886e+00
6.758239286559224013e+00
9.127728224155362113e+00
5.683359752580033231e+00
-3.116388239786132885e+00
4.094195099324624110e+00
1.150856751162007896e+01
1.160424476336610411e+01
1.741588579412206350e+00
1.259544900348556595e+01
1.236158428601138226e+01
9.880182126851558166e+00
8.548928608010127661e+00
8.103187357107559663e+00
9.599954575468490958e+00
1.843837951085222215e+01
1.005388165868793315e+01
1.011368273392696437e+01
7.821357559691886507e+00
2.488159585514670979e+00
7.450022421502620951e+00
1.221492063484524948e+01
1.919920312150085806e+01
8.316763917456375665e+00
3.353952856250372427e+00
8.734674162817679388e+00
-1.848130186371626849e+00
7.545967725540095650e+00
4.435629954702365652e+00
7.155969902270639338e+00
1.104646088318525088e+01
3.757716834711593457e+00
8.290724458481099290e+00
9.378434110757790876e+00
2.045060080067189290e+01
4.798739153654938860e+00
1.167189324365774539e+01
8.656171811871205435e+00
2.742615222508598549e+01
7.966253693969836291e+00
1.202966088923933263e+01
1.043923302551336363e+01
1.873716561491430355e+01
1.751693301197463626e+01
1.084125353182315266e+01
1.726499639960943711e+01
-1.226128107255863853e-01
-3.560781157044711875e+00
2.758019610217219864e+00
1.753028082439512048e+01
2.804500834515931906e+00
-4.299681456471406094e+00
8.701331168771417879e+00
2.100315317840127705e+00
2.590401223587407209e+00
1.175773744408557064e+01
-7.630918350639198877e+00
6.436478643505985531e+00
1.142540003024237905e+01
1.025538229222036790e+01
3.052238982256447741e+00
7.383326928972669734e+00
1.261910526121799414e+01
1.109619033057810000e+01
8.855126773074312396e+00
-4.812880093965794970e+00
8.011807355990450574e+00
6.359712632777492658e+00
8.947628134104574471e+00
6.434524487644686985e+00
4.057058716389301267e+00
9.544045901558156686e+00
-4.305233632458518755e+00
1.252594251666559089e+01
9.922309012619528801e+00
8.724651481335108372e+00
1.222520329110814430e+01
1.331871097280506078e+01
1.244167488042229763e+01
1.538711984672494992e+01
1.000686761431650851e+01
6.833684597369323654e+00
9.332441678216969905e+00
7.383990187138800287e+00
1.518065204057663031e+01
2.777078889882237611e+00
8.320619111304189630e+00
6.971337100376377549e+00
1.142942865930814378e+01
1.517825000271915137e+00
8.110141014004188520e+00
6.210073266286941340e+00
9.091628349158863642e+00
1.690339656141504676e+01
1.723195689874714631e+01
5.736142078819936430e+00
9.605375964484796469e+00
9.530035568899675624e+00
1.089303688704571194e+01
1.115957708947324001e+01
1.910308266054557436e+01
2.257748081153895470e+01
4.993875569896017552e+00
5.849808127076242315e+00
6.168492944466471783e+00
2.381839465566509517e+01
1.142528715456953670e+01
2.029560232425102306e+00
9.053781276877435502e+00
1.477908712179495154e+01
5.902302655149838095e+00
1.038458430314939207e+01
8.921013723478948165e+00
1.775839531567622842e+01
7.840056890582997262e+00
1.536497210712548522e+01
5.737701211014588409e+00
3.845422079032612572e+00
1.550681657037008421e+01
8.247630961230072444e-01
4.277141786218925823e+00
9.203321814506900012e+00
1.790005497490518849e+01
8.071121536566799648e+00
8.093974902497652835e+00
-1.438709477780467694e+01
-1.918597449644240172e+00
4.258086056639150740e+01
3.012404903089644392e+01
2.974030673340852715e+01
-3.870537189392819322e+00
1.794251313702329043e+00
9.984354023646158538e+00
-1.188221839386383039e-01
7.141040656716988622e+00
2.128521022243306859e+00
4.125812527265630081e+00
1.741563090633391653e+01
1.533730249499956422e+01
1.030050283879254458e+01
7.697721703058668652e+00
7.708000195086287754e+00
1.007386252486444000e+01
4.929102314909406424e+00
8.233246448135504991e+00
8.508694019911565931e+00
9.321972363287837737e+00
3.577313320128390650e+00
1.253034634836303418e+01
3.809561110147974716e+00
2.025817132584551317e+00
5.772512604202628239e+00
1.081326943460227241e+01
1.969616141018143196e+01
1.050648375918359889e+01
1.889471188685163483e+01
8.750423980189975026e+00
-1.163751680121593068e+01
5.873731406231686769e+00
8.448811672570588627e+00
9.182689236143879441e-01
1.614397546211573697e+01
1.382969636843829875e+01
1.546068666773734712e+01
1.214544881372060914e+01
1.447693042496102933e+01
1.647383449410950718e+01
1.729894582635193245e+01
8.929670893555881506e+00
-5.491149114224198158e+00
9.251851803457821433e+00
4.329991284741077529e+00
1.182930404485622589e+01
1.550417155767352639e+01
1.514161660362895390e+01
1.014303471252921085e+01
9.447086910797956705e+00
1.264007980047614410e+01
-7.410582525728262482e+00
3.498197113734624608e+00
-2.073077104369902557e+00
1.080888836027783917e+01
8.393619643558668741e+00
6.738544546815091962e+00
1.439374256711764488e+01
8.615734535247659309e+00
9.159382087658922700e+00
8.994227439221294418e+00
6.153982483863607911e+00
3.385738271652988018e+00
5.488035218251058112e+00
1.901337848415182918e+01
1.617289054768569656e+01
2.154599629941390759e+01
1.369450543960706490e+01
7.659319294298547298e+00
3.092924494921859946e+00
1.063035859226082458e+01
6.416113948672315992e+00
7.538105720548515798e+00
1.069302952226305159e+01
4.936240160123495535e+00
1.813253223102650225e+01
1.018233550899364559e+01
4.162623461739516806e+00
5.780769546727735353e+00
5.704892405037513825e+00
1.261249756621620577e+01
1.022014819699006161e+01
1.186799747934061955e+01
1.829464640164432865e+01
7.558244358636143190e+00
5.949854593673870262e+00
1.025468206310307906e+01
9.036873844927978183e+00
1.217241065994874205e+01
2.155856319847366365e+00
1.606428262680166341e+01
1.212582075992264663e+01
1.345076437515021084e+01
3.140107261213302081e+00
1.582161065065569971e+00
2.682919168918422770e+01
4.120978843076541054e+00
7.647981845454999039e+00
1.045998825824730361e+01
1.010205559895453220e+01
8.268214956542113470e+00
9.853442614941789301e+00
1.351191667095247873e+01
1.385181746452473561e+01
3.922130000440173792e+00
1.129238209465616016e+01
8.927296801174252394e+00
1.042411371269648512e+01
6.946124434683129678e+00
1.846983864534741571e+01
1.805043403984731043e+01
1.889081291764598092e+01
1.412048360062506092e+01
7.692394942055789109e+00
2.219320692724021882e+01
-2.975352601836922517e+00
3.775759706988237596e+00
1.046259778298100862e+01
6.277646694146144846e+00
1.256024375342789590e+01
1.544889055616784468e+01
1.574829486571877801e+01
3.699426643311522156e+00
6.426904186995384904e+00
1.763212505408973030e+01
9.506683154083928500e+00
1.583038477470156025e+01
7.913611106602081335e+00
5.722535177812799745e+00
2.035646149670018445e+01
2.203907806421526949e+00
8.353501132324812062e+00
1.200982714722230504e+00
1.009703879171567209e+01
1.597268670050173789e+01
5.082915749358150492e+00
9.843901303319171348e-01
9.772775452907524141e+00
2.430522949403655097e+00
1.265556650977412012e+01
6.848207553901012545e+00
-1.674806264808051282e+00
8.114057394601111639e+00
1.266554623923269851e+01
1.025959779018601203e+01
1.746367117061918606e+01
1.129276500423937080e+01
1.976017268799140680e+01
7.164393493163961679e+00
1.479149503759470363e+01
6.489286109126110702e+00
8.565264452452314714e+00
1.024092904905542589e+01
9.840727481280667988e+00
6.224465183349361830e+00
1.627548722491291144e+01
1.164775199354711255e+01
9.012638134634952891e+00
1.026014157486059375e+01
9.399490933712508323e+00
1.140615324461322189e+01
6.890706577920996168e+00
1.367739569085550144e+01
7.289147539182954105e+00
1.112460773846152229e+01
8.007079040045491425e+00
1.086631807322249621e+01
9.702637050992018786e+00
1.824472662113680599e+01
9.187020122824989699e+00
5.633111864247965173e+00
1.865225302219852210e+01
7.675721594826726779e+00
7.811676531425515435e+00
1.882309311640832306e+01
1.163522380246786625e+01
1.566802315441675830e+01
1.463392236668507707e+01
6.480936066758192560e+00
6.691892841741125864e+00
1.077580295746217942e+01
8.314051436138806039e+00
1.857340802069355590e+01
1.276804310086609462e+01
2.915565054873051665e+01
7.381462391952263502e+00
8.862600560905681490e+00
7.548833820289020835e+00
1.515143389166061461e+01
1.560591043874545036e+01
2.042197527488097109e+01
1.277362936348584554e+01
8.368908577338368460e+00
8.609693723889293437e+00
2.886441008618390924e+00
1.293793501792829481e+01
3.533067669419641277e+01
4.853514258483831334e+00
1.940349783996584421e+01
1.261564961199180601e+01
7.062842388254139792e+00
1.965690571243494134e+01
1.597210338015992370e+01
7.964738524807681408e+00
1.123134041250203197e+01
1.077816885750495857e+01
8.710794615696968890e+00
1.098420126915104333e+01
1.200848543577999017e+01
3.519052801738683200e+01
8.537114316311168238e+00
3.065210785933581050e+01
2.979002200777687648e+01
1.129014426996406684e+01
-1.027509030407892965e+01
1.972122470146082662e+00
1.085046323133384938e+01
7.825692412821069865e+00
1.466260766495820533e+01
4.201465051348693081e+00
1.315284508586655399e+01
1.758980908309438007e+01
3.949535923091453959e+00
5.776288696456064464e+00
8.496059156764349751e+00
1.298154399999381781e+01
1.223578919368768503e+01
2.623632245341090652e+01
1.196829597943109214e+01
8.156815669810342229e+00
9.995561334829819344e+00
-1.977962270837192449e+00
5.373458257095621526e+00
2.450783911976461127e+01
-1.271915993626438635e+01
-6.736446173528776171e-02
8.556150235770349610e+00
2.245127042278115681e+01
1.873750729631395018e+01
1.631194613624206369e+01
1.438969734719329630e+01
1.343678142012556975e+00
2.052670354678284781e+01
1.645182846531201903e+01
1.589372390537676694e+01
8.543994564155349636e+00
1.922771607803357341e+01
9.315791277694193795e+00
3.662319694589751151e+00
2.220326553285758919e+01
1.493593540240579998e+01
-2.064835760392469410e+00
9.869776250529785244e+00
5.851622054086925928e+00
1.804947746076926052e+01
1.175802596453739568e+01
-5.294434938160389237e+00
1.118837767325966226e+01
1.158879977914378756e+01
1.063122990209718566e+01
1.433964413654602410e+01
9.507159364264317958e+00
6.812099489009406206e+00
1.143791110446299975e+01
1.171936185151429477e+01
6.006269900850305099e+00
1.047238911965372843e+01
7.871450965538838496e+00
-1.551873495269356340e+01
1.093416569403635386e+01
9.460996812935736244e+00
4.432038761956321515e+00
7.228280199670303219e+00
1.211138431468802601e+01
6.306828463521199524e+00
1.545131815490906213e+01
1.814951837456272088e+01
1.383922427197165561e+01
1.273929441440619215e+01
9.507861052040622596e+00
2.192442689158953328e+01
1.226010526205528883e+01
8.601135480090897900e+00
2.508300765923659981e+01
1.043876899057414676e+01
2.430073625654834046e+01
8.587840033389268157e+00
9.128552445296604034e+00
1.624575923065787464e+01
1.520550290993921827e+01
9.893410177473949574e+00
2.670085794136619128e+01
1.539973408955808587e+01
5.258403167831216862e+00
1.331655826675157073e+01
8.208668302621864754e+00
-1.821134010495793376e+00
1.547527670326802962e+01
1.354519435216827716e+00
9.211651547001732609e+00
8.214471849423496508e+00
1.113537068949598563e+01
4.027666619158873473e+00
9.114324809823955320e+00
9.690033357009678383e+00
1.158887584722280373e+01
1.054653625509079085e+01
1.183085895992704550e+01
1.024546840217253596e+01
4.040800284196395253e+00
9.788251780639686928e+00
8.911339467364621569e+00
1.676293687712965408e+01
4.462106660154157467e+00
1.189630998923342808e+01
8.219598795132668556e+00
4.566839905540959421e+00
7.227331401752753237e+00
1.342068680627261479e+01
1.433881900925856101e+01
1.316521171407478086e+01
8.684612925323795807e+00
1.043455488125223596e+01
8.766972769025329626e+00
8.889641153091620396e+00
1.372993134563906814e+01
1.973163769494767550e+01
1.909143072898505977e+01
1.457035147866503522e+01
8.399652656151086916e+00
2.856777149132986793e+01
1.696317506332580649e+01
2.028414378981293353e+01
1.340144642231726912e+01
1.690677968946412690e+01
1.454858345546493048e+01
1.703909518716270100e+01
8.019149911051540514e+00
1.145240130993010474e+01
1.423847833942238061e+01
1.010920474650509959e+01
1.281594569186217214e+01
1.049111725310338983e+01
6.750476706801867621e+00
1.260074363841432898e+01
1.513489487228357433e+01
2.206749039811327506e+01
1.311307372845558383e+01
1.001228291685775673e+01
1.084791600492313357e+01
2.422710483294094530e+01
9.797703480466109838e+00
5.688421490380342505e+00
1.731579774939998373e+01
1.805731426228327052e+01
8.913311861127702684e+00
8.475231099227960030e+00
1.289687013849626496e+01
1.852414965171572447e+01
1.065442545836967803e+01
5.807657575199711708e+00
1.156012817402650761e+01
1.810415160938981671e+01
-9.647885410737181644e+00
5.568765692234903142e+00
-3.492698278168390402e+00
1.366433134127830762e+01
1.910615671684534789e+01
1.524365416398504358e+01
1.525828167816821157e+01
1.259212613786157853e+01
2.055454997541267304e+01
2.432446890947710472e+01
1.920132091906596727e+01
2.204982599129094467e+01
1.625909094659504106e+01
3.386387012353236514e+01
3.824790476236864123e+01
2.546259544962716603e+01
2.863684762115700977e+01
2.232815174060996810e+01
1.646468635985423390e+01
1.801065598489575592e+01
1.319540291451036396e+01
1.677357871430466574e+01
1.554017343130051465e+01
9.239368285451272200e+00
1.290442369099964637e+01
8.347024354585693473e+00
9.958578300527246796e+00
1.053684806929618567e+01
9.246776585993179864e+00
6.314537606259945868e+00
9.731291357250464458e+00
9.899588748237462710e+00
5.141693905215088733e+00
7.714538590662562534e+00
1.586046266813600525e+01
7.369543796477460162e+00
1.233420244841525282e+01
9.401934558904398997e+00
1.367918433782301157e+01
1.230713093251377188e+01
4.401871231418163610e+00
1.041061943573613924e+01
1.390586126632238617e+01
1.158327059088497535e-01
1.004204433940157060e+01
1.627908883796920136e+01
8.066394736014389721e+00
4.740783270789695969e+00
1.847067127362011973e+01
7.277840964466600227e+00
1.804435181002019561e+01
1.384897111625292254e+01
1.158873328137226366e+01
8.899456705319259697e+00
8.828090452914626240e+00
9.111583285065048443e+00
1.441316694226337169e+01
1.342799416884499841e+01
1.409267842398442738e+01
1.255599056860721241e+01
1.118898672304688624e+01
1.250119680528752397e+01
1.528709247849966957e+01
-4.188699295847746029e+00
1.059591808444085359e+01
8.015046556833805624e+00
1.290727499785870691e+01
1.107433482811581982e+01
1.323291194608091814e+01
1.005152824329034722e+01
1.416923020155677015e+01
1.343992334010060929e+01
1.421634706433225581e+01
7.562017569547583307e+00
9.528009796175238577e+00
8.951463769923343250e+00
1.606733912276847320e+01
5.041679748815947271e+00
7.247865800471380737e+00
9.922469294165493281e+00
9.029716597560344837e+00
1.101582824871207755e+01
8.934504039664908248e+00
1.776143534748083752e+01
2.127113312957831681e+01
1.046733247890432494e+01
6.287518912356212297e+00
5.413167002871687394e+00
5.980498542489732117e+00
1.205565426116900341e+01
4.519389432026273745e+00
8.570875074950933481e+00
8.103423401158265094e+00
7.780041582882819995e+00
7.857265056218158072e+00
-4.382078534318578633e+00
7.188192110041480731e+00
7.035718000606470568e+00
8.455533125912387149e+00
1.078162917039747271e+01
4.581346645560055109e+00
1.454641831396372709e+01
8.379017740037959072e+00
1.262009981479461729e+01
4.207601295968837363e+00
9.298556447731126440e+00
1.028184201408496889e+01
1.019781129157232868e+01
9.316990500374000561e+00
8.141058837150334071e+00
1.885597761837652797e+01
1.392944476662872155e+01
8.348864718282046127e+00
6.101697081773002296e+00
8.033288943994584486e+00
1.341610411080054277e+01
1.565155612429583343e+01
1.106295666520966847e+01
7.552699876345505103e+00
1.492601240912014049e+01
6.406397158661451208e+00
9.610670148748758024e+00
1.218248070883360157e+01
9.105917754108055817e+00
1.443477162578118644e+01
1.155169182432096697e+01
9.322749337408655634e+00
7.177767946809815669e+00
-5.912706372787734921e-01
1.062772636230366885e+01
1.023414255656815897e+01
1.138994755638023015e+01
1.881814734557246993e+01
1.101699021847920790e+01
8.279427498543157071e+00
1.557830955179090182e+01
1.075707922985069409e+01
1.956111547718445465e+01
1.061756528549265255e+01
9.123080613587530863e+00
8.349884583848284691e+00
1.395464911701962407e+01
8.250248675597704917e+00
6.045732416953931931e+00
8.973136839674333842e+00
8.993920083416483635e+00
2.436208573658376508e+00
1.457205967971086125e+01
1.439919259310799049e+01
4.196610069095378037e+00
9.998625669798050453e+00
5.838061706379052751e+00
1.011679421123547229e+01
5.043645492799548435e+00
5.917796114193063062e+00
7.790326740875102907e+00
8.757008516750021343e+00
5.837327130065386172e+00
8.870622426572756680e+00
6.276254725390392863e+00
5.268189479086409222e-01
1.449006643442265130e+01
8.393544149047677649e+00
1.833086977264418493e+01
7.224827127797588844e+00
4.825663053532687208e+00
6.991321816242894727e+00
1.034705044874348800e+01
8.707920508275378779e+00
-1.350480703106921254e+00
8.438052976944870665e+00
7.809734195656108824e+00
5.978981929915015314e+00
1.170191007188762988e+01
2.807239149406958845e+01
6.985101382325970221e+00
8.786064656898288305e+00
7.611504409089197232e+00
9.627831537930630290e+00
7.762803389760653872e+00
1.761778877971183377e+00
1.081463491728532134e+01
6.328170414399324706e+00
1.274376494106851965e+01
8.926885563393968326e+00
9.269893145624031661e+00
7.811238740153309656e+00
1.019714743996330242e+01
1.049390223164440883e+01
1.083259924371828831e+01
1.716730727438407555e+01
1.107233218390576113e+01
1.115842325919642164e+01
1.196648436488035649e+01
1.599889395313836005e+01
1.804247087089661861e+01
1.104172188407852317e+01
8.447401125558046786e+00
9.691577486318465162e+00
9.049704566568248509e+00
6.254996228032807082e+00
1.557485893128710686e+01
1.452355681996534287e+01
1.093795662191869411e+01
1.027151774124800987e+01
6.301442981059041770e+00
1.182839897980138488e+01
8.819189098228484625e+00
1.149141110341786565e+01
1.195728653356734483e+01
1.542172361244917056e+01
8.742207066021727258e+00
1.092749014736392965e+01
8.540338649059638243e+00
1.033785193030009886e+01
1.011359096160924942e+01
5.882228869300538676e+00
1.009038997064834930e+01
9.218937052353949113e+00
8.781854834875364446e+00
1.035929139427267742e+01
1.174505097338724369e+01
1.160831306931271634e+01
1.029375578474570929e+01
1.350012799071540037e+01
1.675939547139632779e+01
6.182918601615964960e+00
1.139395991038629319e+01
1.540294670399266153e+01
1.347514125672436691e+01
9.286731108385080091e+00
1.095607574364365533e+01
8.130810991058602610e+00
1.008328859903678598e+01
-1.471060676679385892e+00
6.162588270562344483e+00
8.821305415838216035e+00
6.754551059976627414e+00
9.664852120794302337e+00
9.109094316728356233e+00
9.886794249599137885e+00
1.145322060000548170e+01
1.309265939261449319e+01
1.355265720848940703e+00
1.148523446323087782e+00
8.981569166804641569e+00
9.940893736164181149e+00
8.435771296422201360e+00
1.309451622069856924e+01
7.528093791177018268e+00
5.590119620969183245e+00
1.139694489237974828e+01
1.069412248928609621e+01
9.490188276360278508e+00
9.347225171311087877e+00
1.076169184268561274e+01
1.027376428347561976e+01
1.036915216963137176e+01
1.525803319320195683e+01
2.964892059883014852e+00
8.948941166227792010e+00
8.473497563042814207e+00
1.995254798487481906e+01
3.568704009359032092e+00
1.126736506617560707e+01
1.086682067690372655e+01
1.766836879903277335e+01
8.830588961033027928e+00
1.483752611402029764e+01
1.284730751816081451e+01
1.231449118627316963e+01
1.393913183219375540e+01
1.254558688035809411e+01
1.064645082334554438e+01
7.611376459513992998e+00
1.019824169331103469e+01
8.908952600997313453e+00
2.289232770675601714e+00
7.766993954651013610e+00
-4.539787781978530390e+00
9.089218663423078937e+00
7.415965002318934296e+00
2.919899401419223217e+00
9.302517825175096178e+00
1.596827126308063782e+00
1.701765307005346628e+01
8.989630456354628762e+00
1.598994261346350321e+01
1.675991151748475261e+01
1.527365677778974096e+01
1.086054679619271646e+01
1.041093080076629818e+01
8.667433906477995720e+00
8.611132040971931190e+00
9.078946578159360570e+00
2.536116078080978831e+00
1.001129258981309711e+01
9.487561509372325119e+00
1.006065726690176021e+01
7.833986405334217196e+00
1.117236412893166886e+01
1.326247916813675864e+01
1.080511680730312207e+01
1.533907387754878116e+01
8.175671330939820791e+00
6.747310166681625532e+00
2.245455278067336735e+01
1.380816001149720051e+01
1.153750340200675595e+01
1.120264115086099643e+01
1.108560612198708206e+01
6.827149626913431746e+00
1.287369970123906349e+01
9.033401185104501963e+00
1.370771980398386525e+01
7.878114384081786881e+00
9.012625830927932569e+00
8.695892144420650283e+00
1.016867909714783558e+01
9.164860458564012546e+00
5.337303421151054827e+00
6.279310092983957148e+00
8.932877008977980537e+00
9.099652368134009350e+00
1.182007754130269461e+01
1.498305861501787462e+01
1.252180419700707503e+01
1.030245443374997194e+01
1.013657891450758086e+01
1.371621883716653656e+01
7.792158682794117830e+00
1.028819239166154986e+01
1.084924762176432189e+01
1.046848009847541583e+01
8.499915978589534404e+00
-1.828801623281943733e-01
2.332369183112822952e+01
1.209268342309471223e+00
1.425077346052933613e+01
1.075566974089919903e+01
8.730763803885768226e-01
7.548799802967527839e+00
9.289856495874918352e+00
9.735905291141467188e+00
7.489856691620121687e+00
7.323120851290124023e+00
2.353247958096977044e+01
1.161386587972442008e+01
2.280907125795685886e+01
1.122838728814249087e+01
7.519700693836394834e+00
1.131760690151728532e+01
1.147688912735793210e+00
1.009500661531735943e+01
8.789331167495971542e+00
9.802711679658060007e+00
5.012696014798492250e+00
1.077114633562285384e+01
1.107611786345557192e+01
7.487924033976359972e+00
1.184004456445969566e+01
8.138164560738550435e+00
3.109931393889002749e+00
8.977877257958891022e+00
6.636780457599011029e+00
1.318037186812282258e+01
1.038028913138959552e+01
4.442341936437183669e+00
8.659017411446292556e+00
7.244597537849625901e+00
9.068762640452806778e+00
1.331010347275585026e+01
8.564023208953670974e+00
7.084907149264170201e+00
7.565439464445375961e+00
9.329265345189510228e+00
1.007505218223199428e+01
8.590895359348875715e+00
6.480954555718874133e+00
9.511808369512689154e+00
1.102064877980843072e+01
6.707327081064999419e+00
1.054638963391286133e+01
9.578648375807048865e+00
4.931148575402827916e+00
1.021896687811173621e+01
1.475483540827504214e+01
8.743174154186208469e+00
9.977625774282056881e+00
1.051373947850116508e+01
1.456753792032531436e+01
8.031791620926874486e+00
9.914644772171920195e+00
1.067868470644274836e+01
7.304596184263793646e+00
7.541632168708419570e+00
6.428989110364530468e+00
1.350729516224658155e+01
1.584859200207056773e+01
1.031572576026457000e+01
9.817254649905983399e+00
1.043147751645308752e+01
1.051880517480844368e+01
5.567754176000226707e+00
1.807728633105091376e+01
9.669766173456787683e+00
1.186944041540130002e-01
1.129114493520000373e+01
9.357003175719409427e-01
1.042487385773049624e+01
9.660461310342855157e+00
1.004660272122412223e+01
5.289773893994521359e+00
8.063603523876535561e+00
1.354212069378780825e+01
9.603212838167511478e+00
1.059118860993476652e+01
1.337091242319444717e+01
1.159099645795795475e+01
4.808213530130471369e+00
8.518246491427960976e+00
1.138810817041339618e+01
8.527759970069030970e+00
1.114996414648771328e+01
1.018958495167770018e+01
1.452484716999523506e+01
8.352331428821427650e+00
7.347100201703540279e-01
8.424256044196347659e+00
6.689498582110276814e+00
8.845116081821720044e+00
1.095328541962730462e+01
1.573753583673083511e+01
9.611470818854076725e+00
1.073349033632579541e+01
1.206931858806386693e+01
9.552859910296422896e-01
7.088455528426386820e+00
9.818783182711733559e+00
9.816541573844332902e+00
1.086805112232246628e+01
3.560533701257259764e+00
1.028468560946589250e+01
1.639142986665330071e+01
1.175239500667565018e+01
9.451684891847104808e+00
9.489606559040788980e+00
9.567309897338102331e+00
8.254856468614743648e+00
1.252032600085381020e+01
9.494393563040352646e+00
9.541817526411596972e+00
1.617707507777832632e+01
5.853958821301127990e+00
1.308148011579323367e+01
9.566686652636438026e+00
9.424040419485805842e+00
8.800797557920793324e+00
1.227225761926531611e+01
6.461459475994164592e+00
9.355049339167534228e+00
4.089082116595503358e+00
1.145016567059385082e+01
1.671345189198085279e+00
6.081442161498496368e+00
1.093012822288317665e+01
1.153315104445127481e+01
7.293794460933660240e+00
1.118319586216185790e+01
1.239642102872661589e+01
4.969585273327734143e+00
7.728375863490635211e+00
7.010080349666189647e+00
1.274352124787373519e+01
3.041333485775652434e+00
5.043896191325296208e+00
8.666977552429845133e+00
8.675537272616670847e+00
9.486274134314820472e+00
1.082919150674428010e+01
9.973280964110859514e+00
1.179419787371105777e+01
8.264918416805311807e+00
1.330889174981341405e+01
1.667780911197417737e+01
1.118837866390357583e+01
7.742178041853969184e+00
1.167200672463367539e+01
7.516727706416547861e+00
6.617036131207204797e+00
7.576630718876827153e+00
1.731491463799369512e+01
1.568623413109028419e+01
9.028918513377405475e+00
9.845636271698952058e+00
6.703446475224769330e+00
7.713587410900457186e+00
6.557498788023308656e+00
3.337717645329899341e+00
4.832571051789009253e+00
1.080180530764235414e+01
9.011566057152450071e+00
7.227671641907109645e+00
1.103614587201714947e+01
2.941524773698333206e+00
1.268572624530001391e+01
1.100417449932198721e+01
1.181329625618285384e+01
3.459365954971875823e+00
1.101196322273499284e+01
9.312620053595850322e+00
5.547515107249045840e+00
7.980489841219491787e+00
1.084807590085163653e+01
1.004673849467949331e+01
1.338634935545987759e+01
8.642609153168093528e+00
7.858451956239361103e+00
5.017700526433660713e+00
8.153750085774920109e+00
1.027263324129584099e+01
9.828762702139954399e+00
1.404771679395117445e+01
1.087698525718938392e+01
1.193256862176801647e+01
8.723851989568988330e+00
4.498700332074219155e+00
9.624936068021144209e+00
1.250317341738547405e+01
8.584568865254963654e+00
7.033822038736445847e-01
4.696744558729978536e+00
9.168991911144997786e+00
1.271928519267689772e+01
2.016711586543208057e+01
1.290614526849872412e+01
7.049661857423275890e+00
1.196782723955369576e+01
1.182319814146272208e+01
6.741176297344787294e+00
1.224025273929336421e+01
7.296675096559134488e+00
9.509512740927075214e+00
2.084008372133343556e-01
9.713715760119718823e+00
1.188978023720565957e+01
-8.990562030403985716e-01
3.169834479537667171e+00
9.496678322269099581e+00
1.532202039851147291e+01
1.431976629913875243e+01
1.368047459860208193e+01
4.328025986887126919e+00
2.812882459442864302e+00
9.278991871069404596e+00
1.645575579363565311e+01
9.447423308656777152e+00
1.249233888915819790e+01
8.934875319726572229e+00
1.374937529595366215e+01
1.010947616043536534e+01
8.897452345299216248e+00
1.262752320024372210e+01
7.080165529600441765e+00
5.911767707859574728e+00
3.161430303797507335e+00
1.640720014370548441e+01
1.377868033252760505e+01
9.845045223867240125e+00
1.013943203564037177e+01
8.804792851056420844e+00
9.352184574679192508e+00
1.072504181001755441e+01
8.806577384773412120e+00
1.322671547236921796e+01
1.049867092579975925e+01
1.467330501629525763e+01
9.086945088335189880e+00
1.299693519983406631e+01
8.133960884215005294e+00
1.609552370297737411e+01
5.741015188944182057e+00
1.045603576475651053e+01
9.745265340247652119e+00
9.585300621739074600e+00
1.438062800711239930e+01
8.338309070660836042e+00
1.031060394048138740e+01
8.238522654187228511e+00
9.245418145042327396e+00
9.928707421905141217e+00
5.225525220783169722e+00
6.281479895125587909e+00
1.023924984068354327e+01
8.693481313050943626e+00
1.841453649592073027e+00
1.040681560608891942e+01
8.058276806705217510e+00
1.377199522458432313e+01
1.057206757206855663e+01
9.638926204791161467e+00
1.461506172088365574e+01
1.327254765024025396e+01
7.654559440529305370e+00
1.579116717469828757e+01
7.247988827187512584e+00
1.103699747664657060e+01
8.930107063727419359e+00
1.185102060791635559e+01
9.828084296079021343e+00
9.486567996413295845e+00
3.494935084088776733e+00
9.087380847684173091e+00
8.664967440239742302e+00
1.248842665284573528e+01
-7.491941866144991025e-01
1.153724153500403382e+01
1.222483624318851092e+01
7.907493165874289076e+00
7.508811892713326053e+00
8.910695942783293688e+00
1.573989270322499934e+01
1.411952872801475323e+01
1.492381687077309316e+01
1.060918487158037848e+01
1.437347442108647400e+01
1.633036208053001204e+01
1.102687039902322219e+01
9.129171340482580277e+00
1.103443768629081134e+01
1.689935806705155485e+01
1.082993851346712866e+01
9.051146474998102320e+00
9.158978100587043869e+00
1.061170112515131692e+01
1.358165015158439104e+01
1.108402322094575254e+01
9.437492951070316494e+00
4.702945222724498109e+00
1.288448772690571964e+01
8.478996569792737859e+00
9.154446856981779845e+00
1.042042387665390279e+01
7.755747775668916155e+00
8.328389735811150274e+00
1.118891052651143170e+01
1.073189021485286965e+01
1.026481243241899755e+01
8.317488410078428984e+00
8.365057361607471265e+00
5.756111950317082560e+00
1.004151727347340106e+01
1.007777234134280953e+01
1.289318281790649756e+01
3.780072633712899588e+00
1.492236453719322498e+01
1.165965744446149621e+01
1.608776934386536084e+01
8.316626656225269087e+00
9.387950436417224154e+00
1.093601417674897469e+01
1.138189609696782867e+01
1.369349394856033619e+01
7.466863611945450785e+00
5.635653413485238517e+00
1.003469209429398568e+01
1.367199506291458633e+01
1.063683940258449745e+01
-6.761731885204902426e-02
8.005704815148742881e+00
1.352393368300722898e+01
1.206419164340715611e+01
9.770316192390760435e+00
5.046044870003021821e+00
9.682184413406082157e+00
1.494287550713097090e+01
1.087525423610854070e+01
1.608755981508939215e+01
1.078245940343845888e+01
1.684758452214938274e+01
9.223147648592719960e+00
1.717326577471843407e+01
9.837250405568886080e+00
1.467180363157864065e+01
1.172381395374386770e+01
1.566304247527410709e+01
1.033221809454535389e+01
9.044773624810263257e+00
9.192033711341794699e+00
1.378419658470528830e+01
1.452721342643901181e+01
9.757888510896112422e+00
1.262088798203381224e+01
1.090356175160298413e+01
1.672231962992297127e+01
1.081884116403089813e+01
7.761609336960368033e+00
3.262125638788915261e+00
8.633248563341428650e+00
1.190867235547530356e+01
6.096259675655455901e+00
1.709392521344119231e+00
1.026165205982268880e+01
3.832098290861865486e+00
-1.244011998109632700e+00
2.564490089004562989e+00
1.029540973127100223e+01
8.485487657157289476e+00
5.093332779131998223e+00
1.102310204265140570e+01
8.000740670558684542e+00
5.638635596397683969e+00
1.581783364757816024e+01
9.612814342766204945e+00
1.437260669520283862e+01
1.414018539477967806e+01
8.121812137487440353e+00
9.908994931770756409e+00
9.768844122065290847e+00
7.517299473362169415e+00
8.067142538336300461e+00
3.893751083809577906e+00
1.394038167062389633e+01
-4.730106629888375380e-02
7.892447054089988256e+00
8.820539786936537396e+00
8.832285879302979481e+00
2.548876377021349171e+00
9.185434058008626224e+00
7.471126275055229193e+00
1.572863174876316883e+01
1.555095095263346394e+01
9.332577845244646397e+00
8.947586729596693544e+00
1.576545769111605466e+01
2.667849219254216031e+00
1.292761316008391859e+01
6.580901320869543270e+00
1.061349192934491903e+01
1.136651196232574179e+01
6.974358075235217669e+00
1.041080989219259045e+01
1.166090392268409204e+01
-1.757741535643742026e+00
1.030116475350522620e+01
1.168098514208941019e+01
1.637882328095840379e+01
1.404859391996899198e+01
1.078976888946175450e+01
9.309252206894136350e+00
1.213844048994741343e+01
7.168571598361401342e+00
1.685713246042091740e+01
5.873175823964221109e+00
-7.724751263322033878e-01
8.607473878663098432e+00
1.077062487593190632e+01
1.435268867027147621e+00
1.130794774383541679e+01
1.541437143442134960e+01
8.468268847878945849e+00
8.473031173610360511e+00
9.531522619176895361e+00
1.198135269383651469e+01
1.227711133414319278e+01
9.956162943765923146e+00
8.556321223984316049e+00
7.364443953648600605e+00
5.833982660544590360e+00
1.172932513573051061e+01
-2.471015176591121687e+00
1.265104715469581542e+01
9.251497923523736233e+00
1.379983334121492788e+01
9.233656051167974610e+00
1.480367033312468905e+01
2.504911849175549321e+00
7.040987177243756889e+00
8.650649957242245947e+00
1.261342239982817759e+01
1.045684886800211721e+01
1.111928066035216212e+01
9.146908271448349836e+00
1.075576718857816161e+01
7.275247960422532856e+00
1.404647145065833946e+01
8.499083964463142848e+00
1.075151453789309741e+01
6.682028608804225556e+00
9.978745266513397993e+00
1.094101032289344033e+01
6.438941943569165716e+00
3.694734016374647467e+01
1.218091851954813620e+01
1.249870080810374340e+01
7.434033617788147197e+00
1.664352726281549266e+01
1.063330865541655612e+01
8.570685276139753839e+00
1.127578962842166810e+01
1.398870597786286041e+01
9.771541942340078890e+00
1.510466752879128904e+01
1.410459794652565613e+01
8.846516573290868379e+00
8.969736038422523094e+00
1.145717432588886808e+01
7.769073592306414255e+00
-2.478951315132185584e+00
2.381374940629654269e+00
1.188721523086464771e+01
1.073393789221689687e+01
1.138108600604667409e+01
1.160917338440027713e+01
5.405171952908312427e+00
2.113508839511128556e+00
6.032756762909664339e+00
8.165142152770501482e+00
8.680627431476956701e+00
9.302000747675661430e+00
1.238778988253783098e+01
1.364823888582170497e+01
8.663976876112942094e+00
1.492568029860865053e+01
8.125565669827762960e+00
1.490233158692131710e+01
1.066354105103234140e+01
1.250366519126049525e+01
1.557451309358583913e+01
9.355632908510813195e+00
1.358640818824210861e+01
1.801472925988888818e+01
1.018136287832935594e+01
1.087059260960062090e+01
1.288738237739678283e+01
7.088334000376843136e+00
9.739254540569373120e+00
1.551738913751239579e+01
1.294350555901432109e+01
9.763840830041232266e+00
2.659493221517735861e+01
1.431880437601231648e+01
1.337473028708315859e+01
1.134476407874198145e+01
6.940968483095467434e+00
1.102618049587884741e+01
1.559861748508775037e+01
1.016619859977394036e+01
2.683847506235596470e+01
1.131031495108447693e+01
1.186716127769822826e+01
1.489256178206116488e+01
8.189603752316280350e+00
1.836763889706882225e+01
1.104981298950977298e+01
1.223398383277837809e+01
8.529768803793794874e+00
1.129897103061200880e+01
1.189967337414108250e+01
6.399975998403505173e+00
1.008561540545884583e+01
1.046803477058595000e+01
1.611893761126265900e+01
9.591033932682648810e+00
1.085638572500738697e+01
6.245757977001250794e+00
8.206965619772823572e+00
1.308620581931470994e+01
2.049747900112416588e+01
3.648925614360196690e+00
7.950203645165639266e+00
8.237029315965141762e+00
1.237343240533182431e+01
8.192209501001750382e+00
1.485584093193540411e+01
9.446603931278056976e+00
7.971898722965636175e+00
9.208967642413051991e+00
1.194266333980923811e+01
6.354144503231141883e+00
1.088356350599736189e+01
1.053968875285629636e+01
5.423696932652534386e+00
8.277419220258007471e+00
1.268584826918925046e+00
6.132711587962514699e+00
1.306953056390526768e+01
1.274650252598152456e+01
2.889641189857686143e+00
9.947047685472631073e+00
1.773393110113110893e+01
1.455716324790208560e+01
5.456090160167505587e+00
1.148659516525304269e+01
9.411267561540139326e+00
1.144465878602010456e+01
9.959222686718065987e+00
1.106227182077576821e+01
9.793590883875593178e+00
5.800460213771663653e+00
1.161155236134517388e+01
1.535444345380687636e+01
7.777730533457801521e+00
1.178657468980140699e+01
8.102916114132490577e+00
1.335985217743435349e+01
1.003877114004319715e+01
1.436597788752024840e+01
1.222396897080239242e+01
1.310430709297707175e+01
4.112360513774765636e+00
8.132657854392238761e+00
1.047739990199297999e+01
1.478525742283449418e+01
9.850653247562728865e+00
1.047196010996213111e+01
4.540602142662280905e+00
1.104780075673074258e+01
8.762900340400905819e+00
1.053854839418317546e+01
1.060596094134315059e+01
8.442826056741788321e+00
6.959424167976209219e+00
1.187448082640295333e+01
1.501576668179450635e+01
4.600490764203984284e+00
7.264456212354399867e+00
1.010805156467045940e+01
1.091775115365424220e+01
8.915442674608685891e+00
7.213876727960078838e+00
1.749860608270993723e+01
8.524166463675072691e+00
6.623551763991596175e+00
1.038954074569207187e+01
1.005762165307168488e+01
7.876162507654314915e+00
8.872331424810411704e+00
9.572102640446704669e+00
1.404302621182168309e+01
9.210690071334507678e+00
1.376098509862615060e+01
9.744986419973583835e+00
1.121433558132389052e+01
9.750495348679162788e+00
1.681422827893807792e+01
1.660537630175142354e+01
5.926072049490326954e+00
9.866276640835874190e+00
1.189125897596408699e+01
8.782179457211064744e+00
1.689556169910024153e+01
9.766341871739202318e+00
9.708545171895359260e+00
1.088465926742059864e+01
7.086397051127361735e+00
6.680251226635215644e+00
5.745299233513259551e+00
1.277415297211925349e+01
5.565041412676239752e+00
8.718696613013490193e+00
1.006237789349073530e+01
1.050601475545475161e+01
8.323331454701465404e+00
1.624968103283211107e+01
1.389302717276764376e+01
9.605515907144386745e+00
1.196677680559515622e+01
2.219192974050082512e+01
4.235550736887319978e+00
9.613630819378403913e+00
1.437911473517170791e+01
7.236978834049374143e+00
1.002306814827971415e+01
1.100700074168066678e+01
1.034642625033694330e+01
9.848134530204369241e+00
4.163336993434353595e+00
1.036307179088912633e+01
2.793323415137726329e+01
1.347891105791511634e+01
9.804493022503471877e+00
4.794543667385930519e+00
1.998177819784243070e+01
3.423508532684790140e+01
8.221701598333098104e+00
7.210482967466534276e+00
1.520552587197483874e+00
1.199547503052214026e-01
8.252606396553513690e+00
9.744097597399875355e+00
1.053484115169768565e+01
-5.941599602096323096e+00
1.491123262188324894e+01
9.645924909264707026e+00
1.600205604923257141e+01
9.799767163518525948e+00
1.271326096202614941e+01
3.841527760868138408e+00
1.468330685823879378e+00
-9.344539395393827164e-01
1.254525858325450471e+01
1.458143635856116305e+01
5.813098810849092857e+00
1.071536413088011130e+01
9.973003844230348136e+00
1.270135091536325511e+01
1.351052032838637018e+01
-5.848840319335000260e-01
1.994898451454286459e+01
1.776368307854384199e+01
1.540154086115492760e+00
1.868857427580778818e+01
1.116105973344674673e+01
1.252753395425156313e+01
1.358234709280232266e+01
1.607507795062933909e+01
1.389766375235515383e+01
1.474797090139016476e+01
1.048230849198362868e+01
1.192492026365861335e+01
1.269398336206299760e+01
1.285420822736615598e+01
-2.065053375981213080e+00
4.702661195915943892e+00
1.069406576065961012e+01
9.218669393207450824e+00
7.750743460761233550e+00
1.390737371966019964e+01
1.028957481347697822e+01
1.557548359503239332e+01
9.350876733103701710e+00
7.631674835609707941e+00
8.531793042856911313e+00
1.046368978384555959e+01
1.200636391494003696e+01
8.831769564128622463e+00
1.465046890385135470e+01
1.952303882702499216e+00
6.161332568939741350e+00
1.141622436603224422e+01
6.377688717454748968e+00
1.268226281750461482e+01
9.646408051973361708e+00
1.114281367566839265e+01
1.169770106267845833e+01
1.298966470539499873e+01
1.103184928549259247e+01
1.933141941255389895e+01
1.185788353273971296e+01
2.349253289115853960e+00
9.119531653330106735e+00
1.229668792632585550e+01
1.363392192411645354e+01
1.420895194232816117e+01
1.119909387122853950e+01
1.409652689225958078e+01
8.688456566065752895e+00
1.253257210312525238e+01
6.389834624760572623e+00
1.016610381008973896e+01
2.107528432132880880e+01
-1.339463394570019616e+00
1.844480141441659526e+01
3.980237638351843188e+00
1.456375229533644244e+01
1.566244179413146220e+01
5.501931078395847052e+00
3.415641502960171749e+01
1.270940586166607389e+01
-5.894417128416979068e+00
1.283289216514545217e+01
1.263220415767958471e+01
1.044315835255878255e+01
9.892705598149605706e+00
4.180565621932254672e+00
1.110606835786916236e+01
1.004514480789548436e+01
1.077392369511398051e+01
1.040918055534657150e+01
-1.819170579883762073e+00
1.111420784398838180e+01
1.452579424111913475e+01
6.661242431274047249e+00
1.171526099658702158e+01
1.469865623729937099e+01
1.335535813282973550e+01
1.715610311948415756e+01
9.967269005028615680e+00
8.902329779211793692e+00
1.263758505645673402e+01
9.902803345900156984e+00
2.303066899731770079e+01
-2.124256257541960125e+00
6.521696125312203662e+00
1.135306571336286652e+01
1.636097422163234683e+01
1.266266448734884520e+01
7.817347281632044620e+00
8.944514875761582218e+00
1.001568879857681083e+01
1.700033954187899710e+01
1.553296379727387944e+01
1.194036309274528129e+01
1.538790277758679714e+01
-1.800145014796401099e+00
9.423137407469786453e+00
1.654040660055747480e+01
1.755419258123458093e+01
1.255883247261244051e+01
9.394921063740982348e+00
4.254595288258160579e+00
6.461563343075663823e+00
6.358163337150619654e+00
9.342072863121680726e+00
1.687540028936820136e+01
9.169222398578014577e+00
7.063810320546277666e-01
7.918429933898220696e+00
9.441875433142815410e+00
1.008551473180599523e+01
8.402268655872004999e+00
4.045749535795883922e+00
2.484498788241526057e+01
1.423663492129162123e+01
1.617150019559683116e+01
-1.223502128394535760e-01
1.627768421435034440e+01
1.281643745646015553e+01
1.519739241567078025e+01
2.072621818643144920e+01
1.193048028329929977e+01
1.089666386312765844e+01
3.196594323437360075e+01
1.353135562282828985e+01
1.267455102267950906e+01
1.366422015794275957e+01
9.703144363490041613e+00
1.116940972529409493e+01
1.504434644124115117e+01
1.475245661467797831e+01
1.506458323319328585e+01
1.175130340221412339e+01
1.174719416433396546e+01
1.130577933881505714e+01
2.557680457265739449e+00
1.285324903956400888e+01
6.179949621663377357e+00
1.583410174083153343e+01
2.785650348703071444e+01
9.013507571788288431e+00
1.415480224680268684e+01
2.739230237585308458e+01
1.695423313828775846e+01
4.673344381931851643e+00
1.918735067759567059e+01
1.600199043958387435e+01
1.748494498236863137e+01
6.475097944093917590e+00
1.806352394206212608e+01
9.948330353750769461e+00
8.475463855459221207e+00
2.188504044879950428e+01
1.668045211713462805e+01
1.831435868776281950e+01
1.476206037301085416e+01
1.593919319775683618e+01
2.013150413243799619e+01
2.512027699041003714e+01
1.986849975212237851e+01
2.086396110722724018e+01
1.536202963332258165e+01
1.914553376751688063e+01
1.685114228835409733e+01
1.974175812769260929e+01
1.988195584510462766e+01
2.019443173851227513e+01
1.976791180232847012e+01
2.568882973386108048e+01
3.455572033876519100e+01
1.494299931624105682e+01
3.095684484392609903e+01
2.455323209199653078e+01
2.293294303998209216e+01
2.102797354096128046e+01
4.076043090089722654e+01
3.366110516105011641e+01
1.791991051828271608e+01
3.307704549948203976e+01
3.077223226768846587e+01
2.241071101838693025e+01
2.929196070708272259e+01
2.649712438059382791e+01
1.958444853675344177e+01
1.351552768746726052e+01
2.325672196340267206e+01
2.329700264882959004e+01
3.093640921248056941e+01
9.588528391069607082e+00
3.231024002435144382e+01
4.607237971062946258e+01
3.453631677932423116e+01
2.856481467584713130e+01
2.898119542473308030e+01
2.666474105749817980e+01
4.160999006348603757e+01
3.121671655565614145e+01
1.948127894080760569e+01
2.248904133586895426e+01
2.513718675109544520e+01
9.639227725783900524e+00
1.422803088779469860e+01
1.564961579061248642e+01
1.328237477607387085e+01
1.640623346651288017e+01
1.598459579326164892e+01
1.840936944388966623e+01
1.475594748226133568e+01
1.722525053866514000e+01
2.245604287960462742e+01
1.333404884731588780e+01
1.412731009808014981e+01
1.253577215141950774e+01
1.326840827505328946e+01
2.040928778944428856e+01
1.145576545563987381e+01
1.476878345190381836e+01
1.447846834629436508e+01
1.615210684917040851e+01
9.075453450724182858e+00
1.386022861430753572e+01
1.383228596282705603e+01
1.403878012808525355e+01
5.926303574027303789e+00
1.018246231434124383e+01
1.208137314985165744e+01
1.479777657977579786e+01
2.950130511604242400e+01
5.516557016818186554e-01
8.743888172440232864e+00
9.578865665910125671e+00
1.285891157069954183e+01
-1.552167280180116293e+00
1.211785381369686654e+01
1.368106050894675718e+01
9.044549839090031185e+00
1.044895672030895639e+01
9.183605670013081479e+00
5.892202736068706592e+00
1.044005378411232954e+01
1.306174906235036737e+01
1.146383962753921004e+01
6.891326993762275421e+00
1.200848040162140329e+01
9.895244606037165269e+00
1.154726164782890052e+01
1.747718283189703214e+01
1.070294375679844912e+01
1.170854823397119837e+01
2.798847177658279151e+01
1.142220197728376263e+01
9.348266802859299673e+00
1.135463966735551011e+01
1.041819481414890447e+01
1.807336038607408923e+01
1.374502120972274355e+01
1.148593927195653386e+01
2.696157733122714006e+00
1.277276382026907342e+01
1.632568397042174269e+01
1.288783920887786927e+01
2.044397976632108538e+01
8.937504994497819766e+00
8.856406539439440451e+00
1.078673649170244708e+01
1.322678954120971895e+01
1.295947481617957919e+01
1.667954446339479802e+01
1.138117282537440467e+01
1.639409513827955323e+01
1.005250266038220275e+01
1.016274490856393875e+01
1.082142487610984638e+01
1.940191766796104034e+01
8.069589459457503722e+00
1.446249453931086748e+01
7.411781482635265483e+00
1.514553054660214038e+01
1.228386212617573747e+01
2.445756153932567400e+01
1.395281162528319996e+01
1.489962263466885695e+01
1.169899811948975987e+01
1.813005927902946013e+01
1.329874815221834439e+01
1.972914173186532594e+01
1.685019642872088852e+01
1.388108877378455297e+01
1.340959449921717983e+01
1.353790836395584307e+01
1.446440536700443680e+01
1.724971928433496160e+01
1.144712554279225358e+01
1.413447328267207226e+01
2.251742040513689602e+01
1.774682841039588510e+01
9.850943449163656496e+00
1.451837419064952250e+01
7.890544583051092964e+00
1.339934556470607419e+01
1.429219592407203621e+01
1.264787568190251221e+01
5.383951356916962361e+00
1.869318461037432755e+01
9.422482736409019566e+00
1.285286058603696802e+01
9.597706652971632835e+00
6.874796172989389831e+00
8.611073275099927926e+00
1.350025124272773702e+01
1.010240287026373096e+01
9.009193815949236850e+00
6.593232766796787381e+00
9.837965421005334221e+00
1.040187577247601070e+01
7.885748434648856886e+00
1.549226706644536122e+01
1.059802140902016809e+01
8.791394835771793481e+00
1.476596540448745998e+01
9.315752422100830543e+00
1.066984295254106563e+01
1.350229154463545100e+01
9.008648100218113797e+00
2.244295253944296320e+01
1.413598714568490955e+01
8.762415201181125823e+00
1.244166423693080681e+01
5.088668412290266119e+00
1.691318154471032997e+01
1.159838195157364993e+01
2.048574363922197250e+01
9.734385933940295388e+00
1.245479362691595071e+01
1.167733499133356467e+01
1.050583526598461503e+01
1.397367986915077687e+01
1.679375302544216098e+01
1.338105773742388394e+01
8.304503039363618555e+00
1.134010581230928238e+01
8.893110260551605251e+00
8.157977539374968501e+00
1.108572208421111682e+01
8.846298433825038998e+00
-1.265986514067200730e+01
-1.437088537703858648e+01
8.651423955506100327e+00
-5.413337236003776809e-01
8.584762098599448166e+00
9.910689943560026194e+00
1.086202985465965831e+01
1.105669436122644989e+01
8.411150533799226281e+00
5.313424849492356827e+00
7.237573981850788485e+00
2.556003537124522751e+01
8.278764489982437524e+00
4.558902234261731579e+00
1.757664863259386578e+01
1.419598717073402305e+01
-4.315639710234595583e-01
1.471850422831786176e+01
1.123379592755333789e+01
1.172431453869080542e+01
1.654423011450015224e+01
8.908797589580023768e+00
8.228898441908945927e+00
1.394239028962096505e+01
5.488023439710031148e+00
5.722530012793155763e+00
4.648731011281856951e-01
2.216630944265845393e+00
1.014793467831827023e+01
1.658675858463842445e+01
1.331162009609655961e+01
-2.832753466018926858e+00
5.895911199722169371e+00
8.540459496031461484e+00
9.234850160764837668e+00
1.120319567757095669e+01
2.658033451638623035e+00
2.182426665325303361e+01
1.155275504999626790e+01
1.085965566534225779e+01
2.568981098250017325e+01
4.498033473387669012e+00
1.064635939619064509e+01
-5.222254358821606601e+00
1.192993021875172310e+01
8.560836249395567421e+00
1.356965416461817853e+01
1.479697780706555577e+01
7.532046830141558402e+00
1.212865472835608216e+01
3.575887933626488824e+00
7.026472131617406802e+00
3.037836022198216135e+00
1.339609713501552157e+01
1.144661834015224855e+01
1.394637686327168424e+01
6.381120763674845264e+00
3.404107021556126433e+00
9.745317114705642325e+00
1.193989539123416677e+01
-3.705684248951790494e-02
1.612541714622653899e+01
1.217808998202205828e+01
1.430710857415094850e+01
1.097717383073559461e+01
2.233003056424140453e+01
4.501862221313626122e-01
6.518012244429641555e+00
2.701826695148042035e+01
5.952147130036138378e-01
2.017210824800649149e+01
1.010046511438227235e+01
1.841659243778305921e+01
1.676540419884307909e+01
9.117542485116270967e+00
2.826202266097775251e+01
3.454946396719422719e+00
1.776367235367230535e+01
9.786517312216034270e+00
5.194969607703380454e+00
9.183873941704778332e+00
6.782064564193891698e+00
1.109428601644673051e+01
1.191448258924786785e+00
9.078258243694346419e+00
1.322010075236891069e+01
7.003536480939190234e+00
1.413420477990272417e+01
1.113952205295644227e+01
8.878518328306029161e+00
1.393062223129034649e+01
4.975796897695648369e+00
1.612767680245562119e+01
1.193597224557902869e+01
2.388290108300654424e+01
-8.908386698628820710e+00
1.383649738914759730e+01
7.777092783775264806e+00
9.885405224026159843e+00
1.801653455906056323e+01
-1.177798377662613305e+00
8.959792541889710193e+00
7.363889594017392071e+00
7.762637893163875979e+00
1.074536427400395411e+01
9.651626131207315495e+00
8.480167908800387622e+00
1.447282454933244011e+01
1.242685919728872790e+01
1.338497933812520735e+01
1.605796399670700225e+01
8.960160837269128820e+00
9.165865988072509296e+00
1.234761711728282307e+01
-6.315543868387589299e+00
-1.835624467578914931e+01
1.242831627191542587e+01
9.504571753602125028e+00
6.781783293906111787e+00
1.252314199392369076e+01
1.212378383723094011e+01
1.079436301151941713e+01
1.211830060590209790e+01
1.238267865576188065e+01
9.539256509329099742e+00
1.378679994108438756e+01
9.139896561159616795e+00
4.676190891621689438e+00
8.045113958396175491e+00
8.881988819712560712e+00
1.020098041036484382e+01
8.702024407294805641e+00
1.128927497866183316e+01
3.885240751859060815e+00
8.446135073268699500e+00
9.292071421093641703e+00
1.211907597814828819e+01
1.997260973093748504e+01
1.396937481337254106e+01
1.295709022377736197e+01
5.830354290632880243e+00
-9.330090874311025573e-03
1.006823117551965829e+01
1.116463711316459317e+01
1.347610960176293204e+01
1.238861015082400208e+01
6.645404707340976103e+00
2.244754507445407654e+01
8.520734321385800669e+00
9.250403421684666228e+00
9.492969452075517012e+00
-9.146114797875792846e-01
1.028206914075190781e+01
1.632466494395369594e+01
-8.288434278023903090e+00
7.395533248006638694e+00
8.128177164376170438e+00
1.325377407650434591e+01
1.594917876020361192e+01
1.198625865387171530e+01
1.004078407740331258e+01
6.935681435168915776e+00
1.056555468388097552e+01
1.172223465291436817e+01
1.381264445921674877e+01
1.578404489568150382e+00
1.119468384703202091e+00
6.067291536668498964e+00
1.815630962387818848e+00
-5.408600044568412812e+00
5.386442109990570160e+00
1.114824442115330072e+01
4.348307674039851634e+00
5.577776923376337237e+00
1.839598997955727455e+00
1.696654617416489685e+01
5.059580069353413201e+00
7.610661848522262574e+00
-4.992409843343962095e+00
-5.614048029116709415e-01
6.146142109602148018e+00
-3.433388100644958030e+00
3.001217438719774755e+00
1.620470606438440875e+00
1.168018690615098798e+01
6.592445130761289462e+00
7.804348743546324130e+00
-8.377125963454091107e+00
1.422995700347940584e+01
5.663705105326640954e+00
-2.994466843761568242e+00
-1.647917196418701380e+00
-1.076786407420555136e+01
5.881249139471387721e+00
1.490199645659104988e+01
4.216646850614116815e+00
6.427061863992952873e+00
-2.625319729952291681e+01
1.179643975788614441e+01
1.321645839855261073e+01
6.953939334913380677e+00
7.629928638513985284e+00
-9.806335461938587628e+00
-6.138533360466961852e+00
4.000135913740230365e+00
1.225019664432892519e+01
1.116773831667895145e+01
1.063335806588218091e+01
-2.160300332316056782e+01
8.169738858261956338e+00
1.410808916456497464e+01
8.332939879331924260e+00
2.256757079622500584e+01
9.465941263930027105e+00
9.331484707847792492e+00
1.173731455301542859e+01
5.302869919127404685e+00
1.716278788152145296e+01
2.654099968313419211e+00
1.125264148426587063e+01
1.599968426014918599e+01
6.955293906970454465e+00
9.778798445451322152e+00
9.170808897763031098e+00
7.386425657557770030e+00
1.011555312275929808e+01
5.299649085784059466e-01
9.793751406941105131e+00
1.219373269597474163e+01
1.065670862912221928e+01
6.503538738971132105e+00
1.072193482828936517e+01
2.311504782445297934e+01
1.097871731228291559e+01
1.049728750491996010e+01
1.642817779529245925e+01
3.281649689073083742e+00
1.475161844397972111e+01
2.693229649938384540e+00
4.813410289088800198e+00
1.176572347246228745e+01
4.134859260438297213e-01
1.781480068484425061e+01
-1.388228349388562677e+01
2.025670843882387828e+01
1.885033439367011709e+01
-4.891502444924936910e+00
-9.946737266966234614e+00
-3.718285048771519996e+00
3.709302822522603016e+00
2.075526717852012126e+01
1.291635844392751054e+01
7.745164647043086603e+00
1.680191988716843099e+01
8.749462438921360885e+00
9.323113249722679186e+00
1.336793437719321176e+01
1.597945873980000542e+00
-1.842126653633187772e+01
1.508345807265555116e+01
1.054596884984759519e+01
-8.544669185892079355e+00
1.434821648192635024e+01
3.335465809217001976e+00
8.945951479244834914e+00
9.473530134596128249e+00
9.325416774082734506e+00
7.930985991800175938e+00
1.053964627198401871e+01
1.497230923420651649e+01
1.256221644662595338e+00
6.535861438916256816e+00
6.545983569614248765e+00
1.327541443583352709e+01
1.175013376838639623e+01
-1.366924411169889808e+01
2.087643647436968308e+01
1.470470406232397842e+01
1.070319210596206005e+01
4.805907901086376555e+00
1.317131693871581888e+01
1.621804645480395379e+01
3.131972509454305609e+00
1.006837613343067694e+01
8.647547201763551072e+00
1.139463550849340479e+01
9.836940327009269680e+00
1.032544528640128512e+01
2.296743568855616147e+01
1.670884941833328341e+01
1.019811150027631186e+01
5.750166998474689706e+00
1.882172501023650568e+01
-1.102226280558769034e+00
7.250445659239547425e+00
7.334796084887055478e+00
-2.595783310571646751e+01
2.986143108845819683e+01
1.199540257314060021e+01
2.606425626859605771e+00
1.804106564443775795e+01
2.494320925180332438e+00
9.453058744459889695e+00
1.370261699780224163e+01
5.011234183650203278e+01
1.959008096159079315e+01
-3.518399499705967770e+00
1.260974204188423720e+01
9.862146982461981182e+00
1.104982268714273452e+01
1.367477750536490255e+01
8.915333566194856729e+00
7.825463033939337620e+00
1.420542421418687695e+01
2.887478778085764120e+01
1.912979538459330087e+01
-5.397524600566725894e+00
5.317444659533036244e+00
1.175390822356650311e+01
2.159948303632945255e+01
1.127028101443416119e+01
3.465446550704472628e+01
2.436804688071165970e+01
1.271632495948027142e+01
7.709888491314447201e+00
4.823171750993122231e+00
6.974728312392155516e+00
6.533324496817012772e+00
1.224108801631970778e+01
8.233931312619970910e+00
8.467644678534378855e+00
2.764324062193485432e+01
7.909274429969987530e+00
1.214598008651822880e+01
1.230917179094842773e+01
-5.441256980858071302e-01
1.805599433098795004e+00
1.064102230004800909e+01
2.410578050693005281e+01
-1.917245295079448297e+00
-2.088182485730514770e+01
1.151332026154559429e+01
2.594435160772750493e+00
1.115861335540018651e+00
2.428676507539614704e+01
1.480673730356580364e+01
1.865047543551417419e+01
9.113040417434270068e+00
1.077873789304591057e+01
1.007626345600644413e+01
1.564134197007870419e+01
1.153780357589491246e+01
1.465288102557352623e+01
8.096717628174255665e+00
1.693343036423874537e+01
1.203673566410361495e+00
3.122909186413182070e+01
4.400877972776347846e+00
1.687150498855335456e+01
1.523095659233000809e+01
2.038261006957772281e+01
4.968051441820901526e-01
2.819844403743236683e+01
6.429933376484628482e+00
6.501334119644473830e+00
1.823605804447312906e+00
9.156086944594694188e+00
1.561391948643971084e+01
5.931909177993563098e+00
7.221683384290865426e+00
1.184398906331379564e+00
7.338437578959618790e+00
7.151694607186787067e+00
4.858989379147342191e+00
1.058284299337263512e+01
1.267500154491803954e+01
1.102976280109903584e+01
1.586178584654578216e+01
1.132009609416797957e+01
8.777729083140444644e+00
3.135632032816579695e+01
3.682628373977735237e+00
1.242232377029647949e+01
1.029322482823742213e+01
-9.886790258419093647e+00
7.887042025103525589e-01
2.171916411583982054e+01
1.435989731660588298e+01
4.071391857221002830e+00
2.342343671750683143e+00
1.125842589249900172e+01
1.374581860356516927e+01
4.931000280094668398e+00
1.391662616441116107e+01
7.867680942884208051e+00
1.326162302213723443e+01
2.589107609006988220e+00
1.052845185499418434e+01
6.259511673022227995e+00
-7.141587895284185805e+00
1.091273411979226182e+01
9.606047776628823698e+00
1.045289139543506529e+01
8.647290792135679638e+00
6.802308822016672529e+00
2.683366683453243695e+01
1.076143913311492284e+00
2.978016513324383752e+01
1.131619628631725760e+01
-2.747779504515563076e+00
2.945330864627299050e+01
-4.041484763262657154e+00
1.078326851193099323e+01
1.165740100095063880e+01
1.260457162927616892e+01
8.643431840834356450e+00
1.477449131254000747e+01
8.825628419231158261e+00
1.184927292008018007e+01
6.467050402519997299e+00
1.617547301163920892e+01
-2.655900511374666095e+00
6.975300372263035342e+00
9.261229324826853571e+00
9.278431592032436726e+00
1.072058591457716226e+01
1.171864185391937774e+01
9.990985605432054939e+00
1.344787241938120381e+00
1.352512264703556610e+01
9.740154978639813166e+00
1.211864710377476584e+01
6.187174655426871617e+00
-1.172816506303946582e+01
1.802348577575147459e+01
-7.510579270899075510e+00
7.047253552582519731e+00
1.279421731248476846e+01
2.341948282619356903e+01
-2.843951472369235844e+00
1.557263585082808355e+01
-9.544912890868555877e+00
-7.343459479134057943e+00
6.853282519871845224e+00
-2.111075505704977928e+00
2.411900837800769182e+01
1.648005604989021222e+01
1.706681523257585553e+01
1.374638701776644822e+01
-1.482503707918214886e+01
6.861515491062346150e+00
1.271330988154292285e+01
1.574728189425319158e+01
5.268256824768433155e+00
2.308792972372693697e+01
1.007140815079858953e+01
