6.356241638448274500e+00
3.167928494284565488e+01
-2.279096586653034962e+01
6.784390385720501015e+00
1.787305121336801150e+01
2.323575019052152868e+01
2.794657004515705268e+01
1.682957772360804682e+00
2.111407398881185671e+01
2.638844787144602932e+01
2.248469363994401249e+01
8.330503322988920445e+01
2.560777651600098181e+01
6.043810427718738509e+01
3.142645211375908332e+01
3.861028466986280705e+01
4.041479384173683798e+01
3.108476050636191701e+01
1.819152505493217120e+01
1.343275979476512916e+01
3.463057861515727609e+01
3.139983381770421644e+01
2.947993584843458947e+01
2.369976427434318822e+01
1.364319163522640466e+01
4.614403084995233684e+01
1.366480031504488579e+01
4.102077059099912049e+00
3.439117595123508409e+01
-5.870611184508337743e+00
2.120046436308635407e+01
6.909920783925059595e+00
-7.013309449339409696e+00
1.645988270639196926e+01
-3.908774594507892886e+00
-1.277083442446892292e+01
1.935507579559296687e+01
1.293466419765131192e+01
3.279806392664408321e+01
2.081545499461627458e+01
3.520800611865233520e-01
2.429879218507957361e+01
1.169683314667160623e+01
3.579642212447649285e+01
2.357715348619159457e+01
9.137802884963960537e+00
3.766478824669904668e+01
1.702826817618647581e+01
3.405256047156137811e+01
2.174295357939384843e+01
2.176319312449076193e+01
2.089119338224585221e+01
2.380402127342391339e+01
2.694490506524303086e+01
5.314023671413431060e+01
3.600499152126842262e+01
1.962535615947508560e+01
2.087052355357550226e+01
3.581085090675211546e+01
3.641226661692769540e+01
1.797466638866312394e+01
2.437475268362097225e+01
2.409793430753888543e+01
2.463786031461116721e+01
2.524720528363463856e+01
2.002842329276271727e+01
1.697988996867780642e+01
2.236755084419981188e+01
2.462346720553558299e+01
7.562974260189223585e+00
1.668124256082275991e+01
1.901193395933164965e+01
2.977763107603755799e+01
2.647556134040220144e+01
2.286190628218155041e+01
1.157117671107071644e+01
1.633330327461213116e+01
3.224889591791086474e+00
2.499698440614596251e+01
1.280520812044697365e+01
2.476055824464530986e+00
1.725968129286426844e+01
1.816854632716655615e+01
2.843420698951506154e+01
3.273834594140038234e+01
2.638238247791565527e+01
6.095362934566402657e+00
1.596361144967010404e+01
2.647257860814442409e+01
2.481088776381486127e+01
1.725461062673969082e+01
3.382029407532451160e+01
3.072586442685065578e+01
3.463690262860330193e+01
3.161493459436486830e+01
2.605972734286033088e+01
2.309982825918555704e+01
7.305654598915925391e+00
1.211802835362722064e+01
2.475457709442661525e+01
2.638314024655912249e+01
2.536951720533666688e+01
9.015493836556748519e+00
1.893980630838697010e+01
3.625939346671227526e+00
1.195215565691211879e+01
-7.659185843002337180e+00
3.194429270139426436e+01
1.527634410064668558e+01
1.837724123752885319e+01
1.072075951661186366e+01
2.909438856696808884e+01
1.939641109364387717e+00
1.530497445805569434e+01
2.065291441055145327e+01
5.080816593034331419e+00
1.596880248490099774e+01
1.404369616128738762e+01
1.547586441757520248e+01
3.803505823399150643e+01
1.647383134149229278e+01
1.027032329452682724e+01
1.942473890377301515e+01
2.459476881908290480e+01
5.339779494852841424e+01
3.209715765239983654e+01
2.058990421366249990e+01
5.050866353503600692e+00
2.219942191914433849e+01
3.994780729201701064e+01
2.634269289927318880e+01
1.499186634850662259e+01
2.900807111356911250e+01
1.900922953809025984e+01
1.992754250662102322e+01
3.192046237041375534e+01
2.375507160242435134e+01
2.237967658729089138e+01
2.029346390332878869e+01
3.326800949727879697e+01
2.275393885930374083e+01
3.307719700344161140e+01
2.992820593594835543e+01
2.684392065083305567e+01
2.340386375177741130e+01
8.678383495879700149e+00
4.543577653520468829e+01
3.099575654540635128e+01
1.740454756677960546e+01
2.341725485079880542e+00
4.730442565132138810e+01
2.917842642742910897e+01
9.315125684761490277e+00
2.110660717534413067e+01
2.861581882483341843e+01
2.260171256656492744e+01
1.547423018971049302e+01
1.823995673242961146e+01
3.338645455472371992e+01
1.805531455144290476e+00
1.176849879102935148e+00
2.160210400808323428e+01
3.393855848649382523e+01
2.613111020257656136e+01
2.316472894499825230e+01
3.049712980272353491e+01
2.159588953692601621e+01
2.245742104848034870e+01
2.492072008180754139e+01
2.707269553445777532e+01
1.834969564857023272e+01
2.301841998022374014e+01
2.390812161895804522e+01
1.320325766271751533e+01
2.930222361324999625e+01
1.472657775310097428e+01
2.631460769726107074e+01
1.354781807060943777e+01
1.445400516589162088e+01
2.590003030407790163e+01
2.408086996363669030e+01
1.863243966857524470e+00
4.477992397267469471e+01
2.010019721542979099e+01
8.032035509341431734e+00
2.919225252955505567e+01
8.994388185193979979e+00
2.029365870219868384e+01
2.147061433542197051e+01
2.644453272600530624e+01
2.110088045958632463e+01
4.673007319435400575e+01
3.280939549182866699e+01
1.981336770885056708e+01
1.857783864809113794e+01
2.143539751539362115e+01
2.042284771118811904e+01
2.006153801443713647e+01
1.800786255223917820e+01
2.076428409873473058e+01
2.687505708979731978e+01
1.331110642833642288e+01
3.227205258974506563e+01
2.623557344488148857e+01
2.017605722673604163e+01
1.943297161060914391e+01
2.676265349376127389e+01
2.354450851810328516e+01
2.839142938972664965e+01
2.807658122451666571e+00
2.700603928965067624e+01
2.374419911466439004e+01
1.348386196370820933e+01
2.448656319876265641e+01
2.282136090649872173e+01
-8.886333312978141663e+00
1.070542778764622938e+01
2.467491203094469654e+01
1.804236801745772212e+01
1.989872888189476186e+01
1.975625628036121384e+01
2.504913160404180772e+01
2.333481323573249355e+01
2.563609814188425062e+01
3.223460945521919285e+01
3.611787362706085958e+01
2.668370238743638367e+01
2.723155402632241362e+01
1.328820865440985344e+01
4.393679507320057098e+01
1.443685652103883754e+01
3.245848849653056334e+01
3.031404424664818720e+01
2.264698333602558478e+01
3.096754952942333716e+01
2.251958374512312844e+01
3.708358868795496477e+01
2.186041790813749586e+01
2.119723160511790283e+01
2.395729617337822859e+01
4.946960427358159507e+01
2.910784491745719293e+01
4.053874885589367949e+01
3.414298890828321476e+01
2.792333615161408034e+01
2.746169748207803707e+01
2.471108909529984743e+01
3.629070359839026594e+01
2.629475001557333158e+01
2.181526812161476059e+01
4.327468910339298702e+00
5.205648670070003448e+01
7.925575019839925517e-03
1.718232595113025241e+01
3.956794059499613070e+01
2.603747721010117644e+01
-6.192388575548125829e+00
2.614385789982643615e+01
1.748197919707401482e+01
2.548047831432690558e+01
3.200472187803469382e+01
3.566241194380729240e+01
2.746782872901625439e+01
3.688825742442064382e+01
1.791808078364470092e+01
8.135454313646809155e+00
5.087281586244532861e+01
-2.054025372556694151e+01
1.511819023619071700e+01
2.877309214822312811e+01
2.716794810162573981e+01
1.699908962925128719e+01
2.694258234347249470e+01
2.595540037389511312e+01
2.228654262927252816e+01
2.812596336007027276e+01
3.013842470045419830e+01
2.089975117403296068e+01
-7.050072701207998449e+00
2.509837847964093882e+01
3.361099403463680346e+01
1.627998046323230596e+01
3.423371502722827842e+01
3.282801102876933186e+01
3.436809711431057934e+01
1.503316025538337897e+01
2.079207546809352181e+01
2.254009486589727018e+01
2.411711551241600304e+01
2.154074650292439230e+01
-4.060742858930474597e+00
1.194627835159469598e+01
8.379236392501731245e+00
1.330547678273653389e+01
2.964545223291205289e+01
2.359491812542771783e+01
1.612284479882647759e+01
-3.891145180420707561e-01
2.393851810963402471e+01
4.020294599486386744e+01
2.038873145113781860e+01
6.907629530278128982e+00
2.475888654505871145e+01
2.632455391160824831e+01
-4.635376735820273097e+00
1.965473645688529203e+01
2.217728484054467586e+01
2.436943572968044336e+01
1.095009805706316541e+01
2.773379011160486840e+01
3.960042995183788150e+01
8.666233248834535274e+00
1.860880223162445901e+01
2.129723317675559358e+01
1.902468514793836363e+01
4.203689393887871972e+01
1.873406312012739150e+01
1.394328864273426838e+01
2.714099553493163341e+01
1.227855360649025940e+01
2.211130577912160078e+01
2.675474330194969141e+01
4.056003837067461859e+01
2.184000771365236204e+01
7.264077092348300013e+00
1.285634833576618341e+01
1.831332859831812954e+01
2.640324310776500738e+01
2.332957101971530989e+01
1.853044790191757585e+01
2.010720949237613908e+01
1.799236832217996707e+01
3.335796665628387103e+01
1.736318514561330772e+01
1.391226442709437983e+01
2.620102690535459189e+01
2.061404314737357879e+01
3.397154558980186323e+01
2.499883942829781702e+01
1.348266225263867035e+01
5.127885341065866243e+00
1.606066351635739764e+01
2.269474478875065770e+01
1.350908094482961275e+01
1.381048792963341754e+01
2.959229110320972111e+01
2.115368207066427431e+01
-9.833666450566980188e-01
2.136076261719841796e+01
1.964562875323376545e+01
1.931579786094361140e+01
1.886653578110036023e+01
1.402191995902446919e+01
2.063832532382878426e+01
2.258482739552965413e+01
1.385295262349113088e+01
2.361629918615227197e+01
1.137842390194955300e+01
1.453915338384335243e+01
2.046360771951871627e+01
1.895672072911905204e+01
1.644832778239837623e+01
1.904349904381666292e+01
5.134250884078905841e-01
1.795467433655440814e+01
1.698945031424072027e+01
2.208726588221297860e+01
2.063125013230396121e+01
1.941299128388070727e+01
2.095611961049190697e+01
1.755968452012588799e+01
5.436016053016790295e+01
1.535075081007742348e+01
2.817658152353937240e+01
1.723533262507682551e+01
9.779211303503752006e+00
2.845608889613379588e+01
2.180063138673407863e+01
-1.013758519310929529e+00
2.304020783114383875e+01
1.234658727948660584e+01
1.965254283492903653e+00
1.448215509436564652e+01
2.157907825419611925e+01
1.840060028042868012e+01
1.903127630667770731e+01
2.439742915435954984e+01
5.282092561482690130e+00
1.500956867274400963e+01
3.610096961195623066e+01
2.501929037932731248e+01
2.263713653690938798e+01
2.460977603512147383e+01
2.713376777552265295e+01
1.965760700529830274e+01
2.054223701361774346e+01
2.012306701923003160e+01
2.090561574984003457e+01
1.718454977486270252e+01
1.602952037964192300e+01
1.791335434178012775e+01
1.662219191186072109e+01
2.489265572285627215e+01
1.848010322534521421e+01
3.140515758153542691e+01
4.198716513639327275e+01
3.912342551655358136e+01
2.116701187586605926e+01
3.072842073240407856e+01
1.393333334804544066e+01
2.871288652225936744e+01
2.552697443497032381e+01
2.300799440419342901e+01
1.715514773721560715e+01
2.351745017059162990e+01
1.885900807197017670e+01
8.952008654776554053e+00
1.849213326815701919e+01
2.190933770395257341e+01
3.405428249178983435e+01
1.837342206174503900e+01
1.185789275188254877e+01
3.873574392865156923e+00
1.192966123245144061e+01
3.895885804453190104e+00
2.023703656511846916e+01
4.310265113767015777e+01
1.786410532429139408e+01
2.000785914874797200e+01
2.376772624812012680e+01
3.798593579305451584e+01
2.104733686606692800e+01
2.217447161875295336e+01
2.137606068418875793e+01
1.091932039671770305e+01
-2.121669407551713959e-01
1.267325329089261210e+01
5.006585080358775031e+00
3.079052751521982145e+01
3.083217100275387423e+00
2.025810220731358058e+01
2.237998974867426938e+01
2.618417489071597970e+01
3.222623988543115559e+01
2.293537425436319310e+01
2.753590210897592883e+01
2.398763798032786809e+01
2.047013099965268168e+01
8.698816125012461598e+00
1.302825175973662297e+01
6.309722892313565978e+00
7.315336418424800868e+00
2.238383854542744089e+01
1.693506260890729109e+01
3.168429295887082731e+01
1.645586803788674501e+01
3.027413222018756755e+01
2.262098403335990326e+01
2.163561887582177334e+01
7.751181238979071964e+00
2.756301470480859450e+01
2.222384672489214097e+01
3.055373414173904223e+01
3.243608774220138002e+01
3.139020127241303015e+01
1.551804933036795120e+01
2.398733296314059515e+01
1.905400191485204786e+01
1.734829474920679004e+01
1.922232211395241563e+01
1.871453742967466738e+01
1.550072640399267065e+01
7.847427887502860244e+00
1.220381431596392474e+01
2.598230583414201789e+01
1.889706248414574219e+01
1.741643174866769073e+01
2.042432702489219665e+01
8.523533564163614074e+00
7.062255653958717794e+00
2.456128446522546938e+01
2.007810590598277756e+01
1.706454744299301751e+01
1.139918421027515016e+01
1.828794746599037424e+01
1.726837787652154432e+01
1.587839637632639089e+01
1.179756810985801607e+01
1.793956190266264272e+01
1.078317427947526497e+01
8.800877019045570293e+00
2.138460667064299514e+01
1.656260950548453792e+00
2.133166849960590383e+01
2.434703132621105581e+01
2.200483564537968562e+01
2.254572336618781137e+01
2.920410202662264254e+01
2.544301716851009587e+01
2.213895043488794201e+01
2.156345190673417989e+01
1.816007634490143374e+01
2.457719741133598035e+01
3.080381332653666959e+01
2.038814254091805367e+01
2.527818997781593779e+01
1.843988915028541697e+01
-3.897237299112656927e+00
2.104163406818181414e+01
1.948215290283546253e+01
1.693578046843887464e+01
1.341584794721569729e+01
1.334274697583497904e+01
1.046207494871135957e+01
2.143232474788969455e+01
1.606671703078251312e+01
2.120746310450442706e+01
2.242663784533641547e+01
2.170222103765963695e+01
8.702004957640975036e+00
1.675918658670104833e+01
1.962906806928889836e+01
1.596887369110433319e+01
2.183205095525852357e+01
1.869991003435975330e+01
2.024446981409879598e+01
1.870492823365018964e+01
2.116901951722507036e+01
1.740436339207552763e+01
2.760985861217185899e+01
2.904349392768521554e+01
3.114453338519257386e+01
3.276750244632330578e+01
1.520987499923502284e+01
1.886277643647020241e+01
2.928510460024574513e+01
1.200196652039086409e+01
3.412910361129037540e+01
2.035057851227706038e+01
2.236152721831779999e+01
2.996070004606969661e+01
2.327975385590707802e+01
2.012170100128419037e+01
1.399807861132119768e+01
2.690610281409500004e+01
6.980054956333017202e+00
3.778728411106492047e+00
2.912711552189505326e+01
1.712202507830953380e+01
2.407113407892617829e+01
2.112312718026513636e+01
3.613105573261698567e+01
2.440880217098237281e+01
2.017606275894063117e+01
1.914219824404143822e+01
2.088047136401336701e+01
9.550221939848350772e+00
5.112038933513258598e+01
1.209273067504329013e+01
3.289826519571585806e+01
2.357789549899766968e+01
2.911829561155597190e+01
-4.050100550693510826e+00
1.571059036376215445e+01
3.158745456660852113e+01
2.718582743670773638e+01
5.172619671167217348e+01
3.019660477150144118e+01
2.243656916868883044e+01
1.987801141642713532e+01
3.930824217863795411e+01
2.480728169332294186e+01
2.708275138592964382e+01
2.488492324184686666e+01
2.307020193150654919e+01
1.076459335080553004e+01
2.005011781420987660e+01
1.115093780501686460e+01
2.306008567196705172e+01
2.613948679657971752e+01
1.897544135906662177e+01
3.245212334479053595e+01
3.012120510480524516e+01
3.402903711221824778e+01
2.936708111863626769e+01
1.189879688112184120e+01
3.236367294565179975e+01
-9.223003245478540890e+00
-1.529491623654480748e+01
1.361220671404137939e+01
2.876849026308183710e+01
2.006563311547496298e+01
3.287545467525486487e+01
2.106373680477540589e+01
1.237233703611832780e+01
1.756535082076175058e+01
2.414799572050730703e+01
1.845473197890259343e+01
2.378842431606467045e+01
6.176369381757655930e+00
3.289448625176704866e+01
2.077640654933294684e+01
1.870872136219462334e+01
2.218637215899433457e+01
2.820365103360257564e+01
3.211180069811167215e+01
2.908765596603700487e+01
2.844451410679286241e+01
1.679975665618788128e+01
2.773858901950175238e+01
1.460612011909400287e+01
2.825306009370905969e+01
2.884812622352709610e+01
2.045952908676764892e+01
2.223214803386639105e+01
2.329366635832888477e+01
2.034912280223218417e+01
1.522505128954104769e+01
3.844653643795383857e+01
2.560084304927880083e+01
3.160084566435208941e+01
2.160562383791549479e+01
4.107014497318925095e+01
1.889266318978386039e+01
2.063288486690903056e+01
2.197695731166596289e+01
2.443302298534556627e+01
2.489570217410861730e+01
3.102243258873679466e+01
1.509933917612367971e+01
2.735722195893403708e+01
2.691600327844811957e+01
2.389132792379450976e+01
1.929621255641142241e+01
2.919745872357002270e+01
2.638323878438501424e+01
2.339048122017802100e+01
2.021239873020876132e+01
2.380588402689308225e+01
3.198013414155090217e+01
2.020986813750915090e+01
2.988252309423267405e+01
2.623160637353110758e+01
2.744220270145904195e+01
2.613204366097492937e+01
3.386572178826691015e+01
2.432706737918429951e+01
1.086721388825310974e+01
1.863424673887448435e+01
2.525633446156038531e+01
2.293620791743648724e+01
3.413429186418736094e+01
1.915626103338096442e+01
2.854179449632223964e+01
3.003532005866252419e+01
2.422734825392807068e+01
2.481350130120607034e+01
3.092011355880081425e+01
2.063879443080865528e+01
2.937838717506604169e+01
2.172941728846129905e+01
2.117220922443981479e+01
2.782753733454627820e+01
5.564379119821403208e-01
2.662081140726486694e+01
3.053784443942014093e+00
1.421275035094160977e+01
2.040818455354147432e+01
2.071783346987612617e+01
1.905315334454486376e+01
2.088785753523262656e+01
5.685529673861182687e+00
4.780741432597604756e+00
2.274355069845098143e+01
1.757082307135491916e+01
2.265703160394066629e+01
2.583123531113489690e+01
2.569592563204804136e+01
9.859276533323058089e+00
2.330327277711522882e+01
2.792383476558249100e+01
-3.616029221081831224e-01
2.275833367199935253e+01
2.450132407400078449e+01
2.414294526491946868e+01
3.485883413394897445e+01
1.972669152079482302e+01
2.139455587193594610e+01
2.450171762874940029e+01
3.537120929560568072e+01
2.484902287271836485e+01
2.208151129876967644e+01
2.083039426521570547e+01
1.933274400059546849e+01
2.293579618695389399e+01
2.315483420533363201e+01
2.512424451250414492e+01
1.518102570255089034e+01
2.694901098296368858e+01
2.627205867400047268e+01
2.820120880605177760e+01
3.238420439454365862e+01
2.198121939930807045e+01
2.554580954348470812e+01
1.840712083882323213e+01
1.484485361636449596e+01
1.930248527806196535e+01
1.696443839832011946e+01
1.638127701777642287e+01
2.189137482460330375e+01
2.517565953070891638e+01
2.982777399636872673e+01
1.661284444700985574e+01
2.590327753927614296e+01
2.056101091117200141e+01
1.237695101645915230e+00
2.188039482943153402e+01
1.949657499798636451e+01
1.194089591153877095e+01
2.076708663366925123e+01
8.886316624409845488e+00
2.240108368569828556e+01
2.279192699183293414e+01
2.474965990289931028e+01
1.416127317765618621e+01
2.449326698671110591e+01
3.768308529289183184e+01
2.041994197563407454e+01
2.215685326582087100e+01
2.371632513088274763e+01
1.417173274357044832e+01
2.878529057777899780e+01
2.584407402824417233e+01
1.573209463893517324e+01
2.115222700384169485e+01
1.637349470212565095e+01
1.453242728649915172e+01
1.781547276963145165e+01
1.766407434200122140e+01
1.755063586743366955e+01
2.173948169498511618e+01
1.427188556908986605e+01
3.872667561964517802e+01
2.307876803786286857e+01
1.670952583529011548e+01
2.009967969837593316e+01
2.142696295861362188e+01
1.597640899354179922e+01
1.922335925994869044e+01
1.884850545191616789e+01
2.434022189441354911e+01
2.076399854787943156e+01
2.455079022231998920e+01
1.684890976022623477e+01
3.082498357089679430e+01
3.510086699493698603e+01
2.164896990100514529e+01
2.034844933088158214e+01
1.853334005169565657e+01
2.166708737755877934e+01
1.802757295606291521e+01
1.943120170627952703e+01
2.239421840984597267e+01
2.155449947301989511e+01
1.614032222779985304e+01
1.832447982565807010e+01
1.527201151749710029e+01
1.008266977718900392e+01
2.115691266697958284e+01
2.496623560662879626e+01
1.842950479306137979e+01
2.099583449918686284e+01
1.755446769517570971e+01
2.357283175766762895e+01
2.189902805089709759e+01
2.140647224031759066e+01
2.392774563359973428e+01
4.643246396626953043e+00
2.818865664549183236e+01
7.745814629143112029e+00
-9.475692422649260038e-01
2.288726912987171858e+01
2.492054101178511161e+01
9.768286624384520778e+00
2.730597114212120147e+01
3.257844837680409711e+01
2.735452719719860326e+01
1.989361861020993771e+01
2.930235650706745076e+01
9.235310436668113354e+00
2.621423790325611947e+01
2.018893585067351282e+01
1.071265115620382957e+01
2.154906890526735808e+01
2.128778851125616001e+01
2.623631853824232607e+01
2.594969911084010761e+01
1.768546362063838728e+01
1.915758587067829311e+01
3.074776490247523952e+01
5.543709163832573950e+00
2.887764930328435042e+01
3.588461187190405610e+01
2.500096380483935121e+01
2.194972265505398923e+01
3.712730037686220186e+01
1.331680350447813765e+01
2.042696693612199610e+01
2.198868625687232026e+01
1.769216240862398593e+01
2.257392421125179638e+01
2.322176122966751421e+01
1.511126134229653672e+01
2.276029251314060886e+01
2.922785637913643697e+01
4.254663929802235600e+01
1.686734732389248137e+01
1.345890306246858437e+01
1.485831442253342694e+01
2.198907154837815270e+01
2.423372962697224864e+01
2.534517424145828102e+01
2.275797110682350777e+01
8.096031781362519553e+00
2.728550645178337319e+01
2.172340534711720750e+01
2.774027123607195833e+01
2.474071686383238600e+01
2.813097096293169841e+01
2.763169899925203055e+01
2.936005584468959384e+01
2.277597556502405496e+01
2.005791029497102329e+01
3.894252512394707111e+01
1.893876852411686329e+01
1.076276617685334180e+01
2.111580659783271940e+01
3.522338743097120073e+01
1.477362142758547847e+01
4.812616927272184597e+00
2.410058935473110964e+01
1.920630170404065140e+01
2.970729487812199565e+01
2.881958485408712889e+01
2.315287559373259185e+01
1.952810463858410728e+01
3.807545805665905903e+01
3.355111215262639490e+01
1.535350832447673675e+01
3.085137779003437686e+01
3.581469053368950028e+01
2.267038217048865079e+01
1.754823901795094443e+01
2.065669736193676798e+01
2.375883575336070308e+01
1.560639369106690566e+01
9.219136201155134103e+00
1.625924658507854659e+01
2.349503707023145438e+01
2.889786758546469514e+01
2.533093103778845290e+01
1.273567400897270829e+01
2.050436489240723503e+01
1.225900631104469340e+00
2.964805619589584396e+01
1.228276057574680280e+01
1.627328518095862719e+01
1.561039583781922424e+01
1.463097187760511808e+01
2.276971980459802225e+01
1.617236948630602456e+01
1.011436636050849813e+01
1.555722070278460301e+01
2.159809774248703107e+01
1.721009600187085908e+01
1.951889887345316765e+01
1.985198559542083530e+01
1.883707190698785539e+01
3.420259990614805190e+01
2.574884097027258889e+01
2.296229478003831304e+01
1.248816848881542363e+01
2.289335829521886723e+01
2.729897624697154512e+01
1.923788601935034848e+01
3.212545739459153538e+01
2.658941161608472825e+01
1.726696482138051181e+01
2.682853087099092093e+01
2.798667946369642934e+01
2.349978555936448998e+01
2.633217438985688474e+01
-4.396394301699331209e-01
2.502673381274518150e+01
2.489427426026189138e+01
2.172774537924275506e+01
2.681791999610999255e+01
3.662305577184230287e+01
3.431210083762097440e+01
4.406580501856240062e+01
2.434968400574087255e+01
1.767745832467429423e+01
2.902328570568596078e+01
2.889631210334053790e+01
2.465850908228592431e+01
3.724367269049978546e+01
2.861914135102754031e+01
3.049272498315720625e+01
2.031304253115943936e+01
6.068490643426880382e+00
2.601862024080335445e+01
2.523670251836235323e+01
1.620486326560485679e+01
3.049262822436324072e+01
4.850849838412392501e+01
3.504796005452851659e+01
2.661956314137795587e+01
2.780803651577226887e+01
2.808167649097832808e+01
3.420258937034731872e+01
3.649301927425222658e+01
2.644026574884239977e+01
1.166147049429783067e+01
2.355572116247687831e+01
1.933967680020052882e+01
3.132422791632811609e+01
2.788316129862313275e+01
3.343074201214565022e+01
3.885012848892446158e+01
2.910872060898432778e+01
2.024082025668935003e+01
2.805420323491593493e+01
2.415649130892406404e+01
2.317341479876197141e+01
2.556351995591239401e+01
3.003629307319778619e+01
2.845327214965920959e+01
2.088853256091775279e+01
3.737761180289061258e+01
2.891033873475700844e+01
2.985273744241809624e+01
2.493198371702096949e+01
2.668684866188414162e+01
2.440687555213724025e+01
2.888547134069652245e+01
2.508323129554534603e+01
1.653957455252508169e+01
1.808901724685946277e+01
2.294591683108623670e+01
1.642220907295488530e+01
1.842483174551815139e+01
2.547061582793498502e+01
2.420038369335970430e+01
2.016318811209309558e+01
2.484212242225355283e+01
2.427432865752393454e+01
1.922240446167851857e+01
2.895959178237746912e+01
2.620816178583958234e+01
2.248173980085915957e+01
1.717783431159276475e+01
2.331550511445825435e+01
2.951657574133798079e+01
2.326644979381495304e+01
2.212239768431940590e+01
2.325800589767327153e+01
4.349791877981451194e+01
3.239999838941447763e+01
2.957824545481449618e+01
1.138872333540921034e+01
2.427909416990204150e+01
1.951680444963336925e+01
2.359140964425971987e+01
1.355724676275477414e+01
2.442605971229666295e+01
3.346601861877000772e+01
2.755270496426868476e+01
2.640659158628657721e+01
1.063418878865171457e+01
2.306699037690935938e+01
2.554751850298205085e+01
7.832059285522877445e+00
2.597088799482664356e+01
1.822776934378926583e+01
2.817660672373864017e+01
3.101885840849138276e+01
2.174754449191381411e+01
1.808742565415339953e+01
2.202907685139021510e+01
3.647755206325984290e+01
2.430901765791435665e+01
2.094802180940446235e+01
5.221120836287506961e+01
2.602931276948852712e+01
2.672370741493958235e+01
2.603962968672376022e+01
3.419985015945611906e+01
3.857632166154623832e+01
1.380742211565415367e+01
2.645237180055870496e+01
2.863840352172423565e+01
2.079563923850165352e+01
3.033759281317811229e+01
2.796825256302041751e+01
6.408306286421804998e+00
2.708579110210644103e+01
2.643562637805495541e+01
4.985506579947877981e+01
2.223010491335863748e+01
2.491644276534007574e+01
3.093809754766039788e+01
3.126812722308083892e+01
2.607744422241572479e+01
3.804159074853743761e+01
3.231187236147437147e+01
2.455331329941093799e+01
2.510961535906743691e+01
2.470151880621371987e+01
2.396795504219426221e+01
2.761244319645871315e+01
2.508571462936764007e+01
2.493771188421603568e+01
3.189541247176552119e+01
2.239395927837464129e+01
2.238608731092131521e+01
7.511137893131468957e+00
2.572420583992114729e+01
3.839607304531499921e+01
2.995478058495982054e+01
2.274510311754835357e+01
2.609895311299151999e+01
1.780967009964931691e+01
1.063374740100986671e+01
1.720915247561433858e+01
2.692121471853103998e+01
2.814518149364453592e+01
2.774661175782660294e+01
3.156819826944656526e+01
2.628346704118842680e+01
2.607910895507733784e+01
4.550458728251820162e+01
2.592501253799276029e+01
2.820465838853865748e+01
2.471541734458601169e+01
2.419226121230008886e+01
2.978014128977109110e+01
2.463701364363247137e+01
2.736626150609715680e+01
2.958723060009925732e+01
2.606282185244521088e+01
2.214704072007604907e+01
3.516496184681550830e+01
1.284668173895386012e+01
3.083740719537838615e+01
3.563569439108560744e+01
3.243155436267223735e+01
3.826337734357288412e+01
2.699538980073490535e+01
2.157709940022913742e+01
1.164007609888966854e+01
3.305866124078290369e+01
2.768819649355768320e+01
1.497831524997057073e+01
3.006213573581118226e+01
2.748265083148409360e+01
2.642363353180427765e+01
3.172110928700824672e+01
2.735364279817982336e+01
2.250292905292493018e+01
2.179788304405738586e+01
2.618127251880318340e+01
1.751643519333745047e+01
4.091579931805325998e+01
3.098214084595026208e+01
2.334350858275996998e+01
3.061982721495106574e+01
2.479337366241930951e+01
2.919144053909835534e+01
2.761820155524284104e+01
4.245112891828431145e+01
3.304931357187103913e+01
2.803888383407836571e+01
1.679574436830653994e+01
2.435561910950231379e+01
1.759591381129154897e+01
2.782303094096220519e+01
2.742363205561051842e+01
2.842755346731718191e+01
2.744671649510499378e+01
2.783200215323184779e+01
3.256835475548298575e+01
3.348350946933236827e+01
8.172149736186060665e+00
1.994463514669786264e+01
2.002091370904008372e+01
2.248188398419463141e+01
2.141532048403697175e+01
2.877731505177608540e+01
2.769278833908017035e+01
1.327306805224117880e+01
3.063950721739916006e+01
2.291374649297236488e+01
2.208579829002853501e+01
2.586778931776340329e+01
3.139089265096761139e+01
2.745619859939381513e+01
2.851720368294236962e+01
2.626232487885819467e+01
2.727091711540185770e+01
2.997754297108726362e+01
1.341017289839799354e+01
2.811498627850728838e+01
3.369884226170025698e+01
2.372992097561614955e+01
2.678684116491782419e+01
4.106706739200085821e+01
2.302717285146623993e+01
5.036411719793400721e+01
2.963396732065279693e+01
2.968693442104909153e+01
3.429560630508784413e+01
2.786082871386924609e+01
2.812125962367086984e+01
3.182877788616079684e+01
3.616854655429457921e+01
2.802422031254183565e+01
2.809798926318429224e+01
1.330050811652590603e+01
2.778585953844130074e+01
3.136079598672067448e+01
4.978713455287202549e+00
2.917521558259151604e+01
1.950364501894996749e+01
2.344355740823130319e+01
2.287794407604869562e+01
2.866967010459407916e+01
3.368760860288507786e+01
2.145029261807637511e+01
2.829944250012968610e+01
2.515188662951557674e+01
2.831165247219102099e+01
1.669985784561536235e+01
2.551975078251789597e+01
2.547974355861752116e+01
3.415805519900928289e+01
3.665623313506472414e+01
2.634793145035578377e+01
4.002542361897076262e+01
2.181758389199870152e+01
2.372908579319793176e+01
2.761099342339211660e+01
2.472913626156848110e+01
3.004401978371376458e+01
2.400874981142263920e+01
1.918908715362772455e+01
2.649655094595987137e+01
2.331610688749247018e+01
2.707986889141123044e+01
3.929579622697185215e+01
2.690886901821991373e+01
4.611958601962760440e+01
2.475043310723496148e+01
2.509251251312204900e+01
2.388422356939279467e+01
3.138697271950787737e+01
2.716701255006735138e+01
2.717649623860911134e+01
2.441265140945495205e+01
2.890088651589073976e+01
2.952734673376353669e+01
1.733863582251245816e+01
2.920277435919956943e+01
2.709600901378706084e+01
2.757994592844104531e+01
4.371571718419880881e+01
2.866206057405051766e+01
3.370985064945394782e+01
3.757271540836558898e+01
3.457360645181366010e+01
2.552952081558325759e+01
3.112631057789794298e+01
2.198579445369385965e+01
2.776883200632391535e+01
3.005488413396795622e+01
3.098531657318991250e+01
3.117695259812915864e+01
2.635980929597146982e+01
2.276776094712960230e+01
3.314505689849852388e+01
3.273524053654311672e+01
2.927954105383476247e+01
2.590648597072569004e+01
2.621497818611120678e+01
2.773405285141983612e+01
2.036821874201688942e+01
3.556443489878088116e+01
3.057102295814044979e+01
2.503778702847006699e+01
2.607070396126647438e+01
4.143946588369615824e-01
5.600485503319603708e+00
2.011380444195724948e+01
2.680776558095974949e+01
2.332236444525027252e+01
2.772206763946907770e+01
2.175320841419966200e+01
4.496902123335028989e+01
2.433307342253976557e+01
3.037348961101579192e+01
3.060905817513166483e+01
2.818355173414812143e+01
2.701167395707579999e+01
3.507936208213561713e+01
2.087771140136027981e+01
3.507798541378586776e+01
2.879244412401872566e+01
3.461821737323937498e+01
1.008113396991758037e+01
3.457868773139063734e+01
2.616150411835859302e+01
2.485252361079097483e+01
2.889334924902921387e+01
9.335714297797469641e+00
8.006626067734892160e+00
2.841435863734733047e+01
2.873207919006026145e+01
2.705045829807004054e+01
3.043599352077181308e+01
2.769147014175655741e+01
3.470408081643219589e+01
2.464663619071376743e+01
2.911005692350991936e+01
2.775616626400506348e+01
2.938292295697754497e+01
2.645163802926156293e+01
1.355713330422300267e+01
2.251344420013372627e+01
3.145269291719031202e+01
1.886984186494472482e+01
2.460989343873043111e+01
2.611388514007114381e+01
3.857418928619936338e+01
2.621948771139849654e+01
2.467278443012149225e+01
2.064197935148681395e+01
3.361123857368227164e+01
2.586073090353956161e+01
2.040911203521704920e+01
2.376966100320445463e+01
2.651607345703237684e+01
2.186931795214158925e+01
2.442875311428954177e+01
3.053350071693719414e+01
2.696912929602153852e+01
8.724556977378384204e+00
2.938667545326210728e+01
2.661643690072303770e+01
3.047182183605354666e+01
2.832033171307086405e+01
2.420352184962172615e+01
2.034212183178794930e+01
2.904430557703727800e+01
3.098283259275037693e+01
2.511540723290639576e+01
2.313920449885169361e+01
2.579158000364602898e+01
3.714334735789241648e+01
3.726759510451738322e+01
2.729775461873067499e+01
1.931026339979348450e+01
3.321669380201277733e+01
3.005326992020372856e+01
1.661498555304163460e+01
2.483226454843441999e+01
3.026960515018759423e+01
1.591365501812954264e+01
3.501952079837012377e+01
2.526344500838510143e+01
2.384549944469216598e+01
2.762301564133562337e+01
3.040410048456134717e+01
4.107651361578182048e+01
2.673585587372096839e+01
3.319578033518859428e+01
2.038251093467331998e+01
3.124158753028672564e+01
3.211695943588948410e+01
3.085228523790906507e+01
3.421578965596124533e+01
3.801596157682908483e+01
1.469515360605431908e+01
2.633893640542240178e+01
2.673616718027851036e+01
3.479996970503356835e+01
2.533907050325657551e+01
2.099995085939740846e+01
2.901486483121608373e+01
2.817753703815460398e+01
3.475862815876611478e+01
3.476261452087369008e+01
3.581015613918679463e+01
3.815471732091262425e+01
2.544194475174177228e+01
2.886984309396492776e+01
2.223756416047515927e+01
2.059874937727512290e+01
2.903017252905567958e+01
3.190188884201827335e+01
2.870001735558334843e+01
2.347927716017085942e+01
3.965088837215854056e+01
2.273835667076954792e+01
2.598024291355882909e+01
3.025304301120663553e+01
2.919951275403951740e+01
2.763722712043693974e+01
4.260239221840134149e+01
2.572104320990001014e+01
2.997621196352472950e+01
4.152049037389097208e+01
2.251688433477808715e+01
3.153021538183580574e+01
2.848575399236027295e+01
3.276865396190267177e+01
3.773186705628117465e+01
2.910571007157510692e+01
3.078776198719557300e+01
3.686241023340991063e+01
2.059129838125025813e+01
3.549559060757287199e+01
2.824969319625133934e+01
3.101970101292079462e+01
1.785688416936458367e+01
2.407550450278938925e+01
2.877760062465620194e+01
2.840814713040986561e+01
2.394586531835374288e+01
3.601863738318755281e+01
2.823295494429161323e+01
3.252862583476097313e+01
2.615696901624325932e+01
2.895710770703033177e+01
3.062998269960237607e+01
2.678822691021357372e+01
3.264745445446122574e+01
2.757601738342894038e+01
2.854277269377288206e+01
2.953031983741050581e+01
3.537365668463984036e+01
3.062785395218305240e+01
2.928960217548604916e+01
3.022609897306797677e+01
1.131892734150514102e+01
2.836249657616417252e+01
3.035644984921885481e+01
3.006754349076154043e+01
3.044043535673554501e+01
4.247069087817884281e+01
2.930862574651725438e+01
2.659199412501831716e+01
3.047649631268641102e+01
2.307204688304116047e+01
3.142851393966179074e+01
2.725169194319791188e+01
3.386224521449418745e+01
3.615269241237020736e+01
1.773785688823296880e+01
3.106878847070905181e+01
9.099839009948858859e+00
3.482626427950716419e+01
3.013946218520271358e+01
2.434183094628720667e+01
2.651820970244233067e+01
2.279540011037207847e+01
3.255453694266503106e+01
3.027443776560933841e+01
2.962316188537764106e+01
2.880588256285706450e+01
3.034911304082435635e+01
2.985950690694612675e+01
2.178163276794223435e+01
3.352491438278546099e+01
2.961436459899755036e+01
1.923006339623422178e+01
4.304902890159835493e+01
2.908901737203455440e+01
3.001498698659494835e+01
2.806742960888918148e+01
3.377831352578654389e+01
2.711777829304808307e+01
3.516228534924891846e+01
3.039210057370097218e+01
2.141562767455437211e+01
3.228578804749906084e+01
3.852379083280759176e+01
3.225686506611230442e+01
2.324888739958142736e+01
4.480641973926807253e+01
3.832207313109392999e+01
3.309106171442829947e+01
3.140290809481358281e+01
3.373618093041346100e+01
2.871156244864095086e+01
3.935383739050320173e+01
3.259260023459645339e+01
3.070391507504083961e+01
3.198918817954136884e+01
3.746574410919951958e+01
3.001735553428729020e+01
2.868922174096190858e+01
1.886905356117942034e+01
2.265791481152499642e+01
2.933780795759066962e+01
3.183071344406898717e+01
3.234680677943322991e+01
5.109615377027640193e+01
3.537801615312182690e+01
3.620337258217602283e+01
4.181535856371984750e+01
4.902773152939327872e+01
2.939967366743371358e+01
2.280861879696814043e+01
2.346128264595327551e+01
3.027103760643204211e+01
3.313166972414109068e+01
2.318956418078093407e+01
3.413254213429883777e+01
3.358363672587188375e+01
3.136313821559184234e+01
2.650229847309612197e+01
3.717585471345552861e+01
1.191330598684575293e+01
3.384393252319449630e+01
3.339128928396476681e+01
2.594137536308370784e+01
4.769748711677858211e+01
3.196674625725376018e+01
3.206127844145104433e+01
2.725242663804318966e+01
3.198003638740815191e+01
2.810816274368342960e+01
2.986037394712524318e+01
3.221232694686280951e+01
4.296930679973194600e+01
3.507782695068929257e+01
3.108841314258251032e+01
3.105386463566624045e+01
3.319927523817602122e+01
2.614816807585322778e+01
3.253685394096981298e+01
2.709420140834137314e+01
3.710983501335421408e+01
4.107601952379735621e+01
4.329761143565855974e+01
3.168157978939611397e+01
2.874239632491149621e+01
3.767847675710437017e+01
3.427437452303293952e+01
3.027916727463199109e+01
2.511582599949559835e+01
2.097974006465173957e+01
2.626448044947044025e+01
3.146612590841730039e+01
2.129748537893680549e+01
3.475101644669090462e+01
3.290759906004855395e+01
3.974624443956574282e+01
2.846605524152098354e+01
2.649439671684342912e+01
3.377888198872750536e+01
3.505639421117034260e+01
3.353725288581673425e+01
2.391013144464034923e+01
3.684128873042929087e+01
3.536297215944323113e+01
3.145453783423249661e+01
2.978264907190402511e+01
2.575962703149845723e+01
5.092782987628561386e+01
3.923691196516669066e+01
4.024098850205841416e+01
4.214373116537272068e+01
4.570367541229904162e+01
6.053265803758073105e+01
6.120534496286265380e+01
5.487293584003551672e+01
5.392253383360446151e+01
4.491877095333192216e+01
2.102081939044737524e+01
3.478464587829031274e+01
3.976254291466990765e+01
3.739534619729091247e+01
2.770160398602133611e+01
3.928890590965023222e+01
3.300028727864062006e+01
2.226470236178167639e+01
2.500795369922106559e+01
2.761743307371292744e+01
3.037513684243335987e+01
3.051833743884329664e+01
2.597015104728261647e+01
2.334676544862371017e+01
4.206200095341603173e+01
2.541200226294330378e+01
3.187104586343231105e+01
2.304478687717653429e+01
2.415151847880030189e+01
3.374818747477735315e+01
3.320465762374644214e+01
1.439229756651974412e+01
3.288288335327838041e+01
3.601670460046912581e+01
2.079059856515168292e+01
3.170588086400125150e+01
2.859789468577974247e+01
3.332175914414425222e+01
3.750783065513013526e+01
2.824611338195528987e+01
4.229740796125807378e+01
3.615759543573477686e+01
4.535177258332470274e+01
4.279534330984463253e+01
6.368015047147778063e+01
7.360775983283937762e+01
5.679755558695701012e+01
1.027689779669619838e+02
1.116389757467799342e+02
9.913742915176693771e+01
9.838198748768189716e+01
7.287504292122962113e+01
5.805374235283967010e+01
3.955952750633512949e+01
4.098072249891204422e+01
2.973966296124676845e+01
2.172525434271347677e+01
2.856926959354488815e+01
3.310523183244054479e+01
2.689849678956311507e+01
3.016312200198424165e+01
2.858201968767700762e+01
3.017415400784894430e+01
2.202472497874660107e+01
2.953492777549157822e+01
2.678020056314469244e+01
2.652988662509504181e+01
3.777800827298904807e+01
2.734109192926302256e+01
3.007397555794346289e+01
2.347947132390914504e+01
3.021536141041307388e+01
2.901464240240936832e+01
3.396463100294344883e+01
2.838029883298798950e+01
2.615959461979283063e+01
3.585221922237894177e+01
3.028859076263833927e+01
2.769887301120639478e+01
2.178743608417297040e+01
3.751865224886003602e+01
2.101609715604088535e+01
2.582764769290987772e+01
2.546065796419976124e+01
4.030657393501343932e+01
3.919505373806629223e+01
2.984340583637956357e+01
2.630534971963790980e+01
1.348570540267077256e+01
3.314702903459172489e+01
2.755211944587458106e+01
2.285944837954228603e+01
2.502664276653265674e+01
2.743241747861275570e+01
3.334615587607768816e+01
3.362360536927770482e+01
3.447018274150812545e+01
2.796327681012086686e+01
2.978791761787952908e+01
3.099003793766367210e+01
2.805875761525998868e+01
3.176976021166930764e+01
3.389950597037734070e+01
3.295055072503707549e+01
1.032840530462864947e+01
3.141230371644762798e+01
3.396511784081461371e+01
3.058363203080502402e+01
2.928179527166870599e+01
2.561170326865194724e+01
2.567363970428803910e+01
1.845348253847612341e+01
2.587200063075962930e+01
2.869054937097631353e+01
2.708433224833026998e+01
1.202784355775349390e+01
2.989560593816342049e+01
2.774801192856012122e+01
3.722561168681809107e+01
3.209812888843507750e+01
2.829036435692303897e+01
2.394756916572288219e+01
2.732367981704069138e+01
3.177948531009691280e+01
1.986869397888180444e+01
3.737737184778353594e+01
3.082149018948080510e+01
4.294020786055207850e+01
2.529407399886941832e+01
2.489778901543084544e+01
2.112201549342861995e+01
2.725325059337399480e+01
2.955498787839462693e+01
2.465754493768824318e+01
1.862298745359748864e+01
3.180749296996793163e+01
2.210873260961671605e+01
2.250173677681219786e+01
2.767721829994785310e+01
2.954550636103018491e+01
2.457372599580169492e+01
2.803961527938261611e+01
2.728419516895316477e+01
2.059501455701685302e+01
3.506247916851473434e+01
2.916541582927863274e+01
2.919419833095980721e+01
1.657239612169971821e+01
2.582114441692058548e+01
1.857297430464496202e+01
2.599555860736622748e+01
2.754200167282144562e+01
2.056146193110645726e+01
2.123367617671731011e+01
2.412149816290334314e+01
2.215115668767705870e+01
2.566164073504042875e+01
3.247598803900508813e+01
3.187332953372152033e+01
2.719717523047396668e+01
2.429455805101988730e+01
3.017955892849439081e+01
2.177471525754947379e+01
5.388162112869951414e+01
2.546513178993380322e+01
2.671483231765853006e+01
2.979994538202391041e+01
2.180686256982262350e+01
4.096166408043194451e+01
4.422872172851414518e+01
2.540315436582097774e+01
3.217514686524157241e+01
3.315318341839652305e+01
3.709218310429034204e+01
3.270431638379539407e+01
3.941533016145579182e+01
3.290171307082380991e+01
2.816085906777368564e+01
3.087411403538865429e+01
3.717196084701593861e+01
1.884712817804390994e+01
3.923898953306730419e+01
3.994156821218473397e+01
2.445803576192777484e+01
2.622805375198404221e+01
1.601747127759728784e+01
1.659769723125481988e+01
1.968995460416110532e+01
9.061521816874616775e+00
2.291180612062697719e+01
2.778419629085439979e+01
2.240324538823703193e+01
1.437674757305296325e+01
1.904139208821055362e+01
2.245335693626730489e+01
2.467734040456684852e+01
2.094549981028152530e+01
2.648568093223782682e+01
2.813396824635531601e+01
2.377219975400823060e+01
2.910919410192001422e+01
2.237187396237837334e+01
2.304269257874555521e+01
2.412589810803302015e+01
2.224007785257963121e+01
3.232134304527492219e+01
1.432365134138770202e+01
2.607057233728812662e+01
2.812876585741265600e+01
2.146911931968098486e+01
2.370606744089820239e+01
2.937834607007975762e+01
3.645764537462567034e+01
3.634335920094416394e+01
2.075848347092993507e+01
3.431496427884937361e+01
3.016418214802477138e+01
2.485131348815075114e+01
2.262516452307392356e+01
2.705488304163058544e+01
2.562238359040855684e+01
2.011898646334302043e+01
2.480420117899048549e+01
4.729101796321430129e+00
4.416620077023941349e+01
2.766810733506472531e+01
3.467987289680700513e+01
2.314067680200656696e+01
3.949398387282739975e+01
3.252171724418912646e+01
1.770809201887961137e+01
3.165615084609690300e+01
2.942391313379913242e+01
2.343128266483228117e+01
2.842689159302404178e+01
2.343370244022126059e+01
2.753703671761192595e+01
2.991947674085989206e+01
3.391427476454157386e+01
2.274899354712027844e+01
2.189902994357885646e+01
2.536082702542766754e+01
3.158441397576570964e+01
2.771618190249365199e+01
2.828097527969278602e+01
2.327962509544975234e+01
3.261610715087408607e+01
3.813828296291993780e+01
2.746027528369505433e+01
3.443086697130132023e+01
3.368441819187916764e+01
2.341957372794381698e+01
3.919910539965513863e+01
3.284316718289598924e+01
2.875468928182101180e+01
2.398090693417987396e+01
1.504166295712465562e+01
2.287413409606973858e+01
2.261991139989798683e+01
3.086471527819811200e+01
2.107623208524376679e+01
2.996809270659030133e+01
3.330031393618339308e+01
4.131709222003813409e+01
3.031109541683761321e+01
2.935740622801725763e+01
2.355240289758144101e+01
2.756356492516662726e+01
2.840570154687651439e+01
2.856705499965879724e+01
2.265491642845417175e+01
2.654047547380363525e+01
2.831138803927902714e+01
1.263017657439501562e+01
1.958192221273471745e+01
2.470679171141276242e+01
1.810461167059278154e+01
3.071814579508829368e+01
3.667982458981478544e+01
2.677618581937662867e+01
2.601212333233908325e+01
2.700547803460677798e+01
3.445809146034162040e+01
2.364364899432941769e+01
1.813800833018850867e+01
2.749027701483292674e+01
3.280498054336756297e+01
3.111842091953383616e+01
4.783880129045022045e+01
4.340969037719111157e+01
3.728602992295150642e+01
3.023929536314008004e+01
2.879576487803058527e+01
3.270659849999667301e+01
2.552339517409836844e+01
3.332462744264404364e+01
2.185568080472178210e+01
3.959769680801882430e+01
1.539199575386010821e+01
3.100656446640832797e+01
1.922618039324232342e+01
2.679959141524592070e+01
3.353139675837348221e+01
3.309746805139511139e+01
4.119953919992184410e+01
2.763074839137846794e+01
3.007313219820768779e+01
3.262368583137317302e+01
2.999088745235626163e+01
3.057508811169040186e+01
3.764379596725022736e+01
3.108721143465427872e+01
3.076536966467917722e+01
3.274030544094651418e+01
2.363994680953274496e+01
3.357954717919441379e+01
2.946119400701779156e+01
2.491256739693835343e+01
2.812015696048013780e+01
2.992883752832620203e+01
2.060245715795146637e+01
3.090723727169354618e+01
3.192766270536512252e+01
3.278416031884904669e+01
1.087589902601376934e+01
2.725240176594234143e+01
2.937009587183213810e+01
3.588944901449339397e+01
3.073571318264469454e+01
2.819339864325988998e+01
2.860508774567406576e+01
2.187083248211495246e+01
3.191868648393960584e+01
2.932510645675795402e+01
2.994939163802044391e+01
3.213440957601504522e+01
3.264113163612305613e+01
2.851662008363942746e+01
3.192792084852680290e+01
2.862670924857128441e+01
2.906818445682059604e+01
3.035977932870051177e+01
2.960818683593512191e+01
2.686701952477748279e+01
2.929014569247340205e+01
2.583181855383270431e+01
1.798459785288848423e+01
3.025292925428756874e+01
2.900408329612594827e+01
3.284581367303430710e+01
3.025749196982988920e+01
2.900676562710983930e+01
2.738905381617108148e+01
3.182902009226596718e+01
3.142616484633205332e+01
3.302795021155687749e+01
3.928188058219230783e+01
3.060528291541440638e+01
3.044009082711396630e+01
2.692144244639920103e+01
2.844283562416081068e+01
2.485151958587142929e+01
2.289661412706169585e+01
2.127489750986896766e+01
3.996290876938768832e+01
1.177451039140548872e+01
2.551418122088109186e+01
3.898380100521527680e+01
2.588207216828856261e+01
2.658089495269233993e+01
2.647235411880698308e+01
3.432507988433416557e+01
3.123328274075090505e+01
2.781956545885197940e+01
1.349920162476346519e+01
2.857363330038511862e+01
2.799212079152611210e+01
3.514963677059586900e+01
3.010718476534802335e+01
3.128008021795991667e+01
2.023568003872971843e+01
1.704350128017979671e+01
1.944742024997825069e+01
1.914554018382067824e+01
1.974643834635461559e+01
4.499494602573072655e+01
3.184681931338108640e+01
2.393824371410904561e+01
3.384218680938501222e+01
2.961837533883785412e+01
2.632609172525259567e+01
3.194789304231236926e+01
3.342019188526411000e+01
2.830998579498546874e+01
2.790962816610960928e+01
2.974767703828048226e+01
1.381555019821870189e+01
1.590341518291903711e+01
2.819421395928157636e+01
2.447300524236206343e+01
3.511185911785389635e+01
3.436807302267958164e+01
3.414504222675198264e+01
1.736316645259302405e+01
2.993548905041797070e+01
3.887299014049693113e+01
2.647604096752444036e+01
2.736363208485823506e+01
2.344518811267668568e+01
4.698420420256702812e+01
3.105668460933853225e+01
3.836712065725367893e+01
2.961645487105140973e+01
1.991916626746721164e+01
3.575574964799958622e+01
3.174633789550715335e+01
3.244740368303647671e+01
2.992660213819294768e+01
3.931587152778105576e+01
5.657049537647020543e+01
4.272896964607712533e+01
2.265129608062341759e+01
2.715653376082918768e+01
2.568825910961982828e+01
2.939798848927138408e+01
3.586474353571297513e+01
3.048166079946490825e+01
3.185525127838426940e+01
4.267485814247728371e+01
2.257363632601455095e+01
2.838557285448872136e+01
3.418452514575851353e+01
3.200729733568253721e+01
3.271333257308580045e+01
2.906031814815385061e+01
3.043985853914333006e+01
4.782644647525991388e+01
2.403705338273004344e+01
2.932445526283560966e+01
2.890816287922138272e+01
2.488453162334157298e+01
3.281003598242451602e+01
3.015595300347825258e+01
2.741032798725905195e+01
2.969433231641915327e+01
3.559275085420107132e+01
2.782411964040752395e+01
2.565418594924025086e+01
2.757262530871556905e+01
1.916986493906978950e+01
2.667194996545677910e+01
2.633248308468152388e+01
3.138379168039034894e+01
2.701441748965060086e+01
4.054712099272290970e+01
2.798005174233563608e+01
2.376565300745597042e+01
2.959176972883730627e+01
3.410062344311683091e+01
3.476507004904935627e+01
3.427957925383628890e+01
3.147842122125895870e+01
2.415543486664126860e+01
3.032628169571881571e+01
2.912653967049959647e+01
4.645263954189813660e+01
2.970005404644151525e+01
2.501508764275855867e+01
2.615625576046942058e+01
3.097899070872630034e+01
2.935149308213718555e+01
2.520669315615032602e+01
2.206757048287958867e+01
2.542968389054816214e+01
2.781988501881951947e+01
2.913563717852269619e+01
2.975875228181250520e+01
3.160910861160538587e+01
2.419297980282441785e+01
3.498794890586336948e+01
2.844337119055603580e+01
2.855499278973295318e+01
3.063083273430184406e+01
2.713671204240272061e+01
3.617097618924502456e+01
3.137235574365107382e+01
3.075307337844087030e+01
1.670862607637000963e+01
3.571676367732411705e+01
2.660995565366701854e+01
3.280712578324499873e+01
3.813873315302723199e+01
2.466799138672711322e+01
3.127301950218659954e+01
2.883153552701423195e+01
1.318742242369370743e+01
2.788597952010647063e+01
2.994048931378983625e+01
2.434256355047983789e+01
3.189420798721737427e+01
2.639384754955750267e+01
2.005030928510172217e+01
2.736758729979992211e+01
3.120372615493034019e+01
2.134994267325597406e+01
2.704313664362769032e+01
1.908940097959489179e+01
2.807147370137253262e+01
1.533345291654047671e+01
2.996475636641367757e+01
2.825723404726378618e+01
3.957408049780573833e+01
2.946197791628170748e+01
3.103024376923123029e+01
1.551714425148756149e+01
3.018367191135203953e+01
2.539704624883918527e+01
3.336419923177446378e+01
2.613798627550143650e+01
3.860083562188972195e+01
2.636737298789245187e+01
3.243053819180463648e+01
3.157407666379928557e+01
3.172898470646903490e+01
3.123134589766043234e+01
3.094347184848038523e+01
3.025848583088101407e+01
4.069496135359668898e+01
2.442163674647379779e+01
2.684658454754416468e+01
3.692101939943103162e+01
2.301462195708392855e+01
2.205132916775897201e+01
2.520854677136734168e+01
2.922587080368668211e+01
3.320467030225823635e+01
2.969573262572753336e+01
2.180143766285694085e+01
1.348307618193521407e+01
3.609269318005424765e+01
2.649863610229686728e+01
2.738050542718696434e+01
3.067892460679298239e+01
2.493991592615455843e+01
2.946387588336942898e+01
2.742021139113659345e+01
3.005032700326245987e+01
4.692426153578168169e+01
4.329353471714128432e+01
3.446596369894170664e+01
3.169947653049785430e+01
3.111820743511018961e+01
2.533361264484340936e+01
3.175514486094905919e+01
3.053802324976642524e+01
2.219350338973788084e+01
2.999803234045688072e+01
2.989994679442467174e+01
2.864989995312198090e+01
2.551008273482382904e+01
3.751839613599730683e+01
2.271051374635648301e+01
3.105321090325614719e+01
2.880550370052622355e+01
3.003917985131791468e+01
2.814720809710588512e+01
3.028156707463999453e+01
2.897453737735896340e+01
2.332075346920903058e+01
3.593409142173702264e+01
2.934471353514037162e+01
2.842625154611297233e+01
2.983185088973586829e+01
2.400604881385143230e+01
2.316256146610277256e+01
1.919701245992415295e+01
2.589894593089623598e+01
3.579039550673098091e+01
3.611426774240332094e+01
2.867253981030092902e+01
4.337904848270210323e+01
2.192650259460110007e+01
3.056046335028587535e+01
2.505418137410472212e+01
2.651971070624639992e+01
2.819924662370780766e+01
2.805700976630124899e+01
2.941884291582819699e+01
2.611248897598017749e+01
3.024111584583559775e+01
2.881429037310347141e+01
3.329813100034834150e+01
2.709063739624875566e+01
3.562655411178565856e+01
2.918410967029472758e+01
2.158326491474623765e+01
2.107057085007048869e+01
3.047887739239011751e+01
3.677434977919491388e+01
2.739669917715479031e+01
2.955874745543205506e+01
2.948809200956708310e+01
2.639197956362644959e+01
3.456048449687028068e+01
2.797110827581748538e+01
2.929654008338535931e+01
2.519560148347575534e+01
3.291910479939899403e+01
2.795160092191897760e+01
3.574385900409525618e+01
1.797551525559136820e+01
3.037300066457841652e+01
2.795262460654490866e+01
3.523053433437337389e+01
3.446167993212566927e+01
2.834920010722964534e+01
2.274488950611375770e+01
2.746333185466166071e+01
3.034853200347584945e+01
2.798538979434418650e+01
2.978548321518093189e+01
2.585221881469470162e+01
2.425567394968761548e+01
3.061135773137970162e+01
3.245910892034165585e+01
3.560426654374406041e+01
3.267208411070438245e+01
2.773472945984036286e+01
3.321418567871909744e+01
4.005139461402917789e+01
3.052142387465162798e+01
3.992304236584960364e+01
4.369426667416959731e+01
3.034163980782385295e+01
3.612796139885686131e+01
2.352942099236759432e+01
3.654735902322565977e+01
3.639715572436888635e+01
2.938297527082975691e+01
2.667980715067799835e+01
2.926132581866686522e+01
2.947510797267204552e+01
2.147266278223688829e+01
2.880716693528611572e+01
3.119838831707621551e+01
2.834106929159416310e+01
2.637124902457509279e+01
2.807287630301442860e+01
3.065099577725316493e+01
3.157868017100220470e+01
3.405691146387087542e+01
3.750548427342688740e+01
2.961253999397543879e+01
1.094418106923589917e+01
3.163984193790725641e+01
3.465489010344352039e+01
3.140619051325101196e+01
3.084902442442449200e+01
2.629718778177877425e+01
2.766532746221088956e+01
2.561804366305473479e+01
3.773618363469024928e+01
3.252673420964581652e+01
3.581030714112908697e+01
3.074432550840403167e+01
2.825478304497385906e+01
3.659688464104769423e+01
3.205246020897246240e+01
2.928183964233470959e+01
3.390932269852969227e+01
3.052349710263310811e+01
2.920951481212586032e+01
2.460883383031942273e+01
2.591517145584834125e+01
3.235272598160708668e+01
2.870565259329814722e+01
3.313180789190323594e+01
3.183360373521092157e+01
2.624479539957141583e+01
2.621417414552271907e+01
3.003078235606020741e+01
2.475901199067074288e+01
3.273958620505081996e+01
3.196563414476347731e+01
2.714729476059233093e+01
2.689892031795892535e+01
2.999992467084584291e+01
2.666869941185581183e+01
3.078269324445363253e+01
3.115611129796394607e+01
4.169861938738341678e+01
1.975727097936553633e+01
2.455708712630950430e+01
3.200353675006391541e+01
3.781824966987824155e+01
3.804362112394963447e+01
3.131509395265982576e+01
2.995042945720824434e+01
2.602383209933473651e+01
3.072441544514074252e+01
3.545368918391669411e+01
3.006102682816055705e+01
3.397552242395035194e+01
3.478391310863019470e+01
3.050330446841633147e+01
3.032343823695018514e+01
2.957287700218656568e+01
3.626037506067456917e+01
3.206367601594511996e+01
3.214970821956362101e+01
3.331369598072436133e+01
9.740487202447315696e+00
3.029758348182880212e+01
3.692761140391009889e+01
3.170939275825378800e+01
4.048114573119250537e+01
3.093937148383196245e+01
2.964039505057142776e+01
3.355219806470511656e+01
3.134824970062137339e+01
2.993324446268711014e+01
3.341916259749774554e+01
2.399687386994319382e+01
2.638632547934375339e+01
3.409275954568504119e+01
2.760264880655842035e+01
3.148152349767924463e+01
3.037450473001696238e+01
1.333521971548249851e+01
2.849205633907221014e+01
3.327247578091161984e+01
2.667354604385371886e+01
3.196676954140356131e+01
3.281422160543559130e+01
3.024121960455639879e+01
3.122753244032988107e+01
3.013449086379606001e+01
3.952444339186921951e+01
4.049873716948228974e+01
3.599068759478474533e+01
3.168589490147247290e+01
3.365104916900215670e+01
3.439870183826978689e+01
3.063315413328374959e+01
3.021792325346127228e+01
3.662147304037814877e+01
4.116243380722234235e+01
3.167777644998981401e+01
2.858897068366663774e+01
2.151342654250686692e+01
2.873938284247757835e+01
2.743528720718713032e+01
2.424674890426869212e+01
3.223656728087408396e+01
1.548574403324897553e+01
3.096601596761296094e+01
1.598900760228527496e+01
2.590504059449453322e+01
2.375950723487983396e+01
2.668929889687464652e+01
2.926825685916826458e+01
1.891494699171887461e+01
2.696774916182043569e+01
2.902446932503309185e+01
2.318504923602313283e+01
2.852929635480301229e+01
2.311032287789248585e+01
2.869483880494725980e+01
2.863681604317496721e+01
3.234758810919810657e+01
3.277729261024659735e+01
3.056967916321251622e+01
3.076367695499846633e+01
2.207408057544316904e+01
3.128802828418888993e+01
3.156474530639635390e+01
3.233693745560052690e+01
2.946641068877579173e+01
2.496371725340041436e+01
3.017666239208599421e+01
2.284938331516157817e+01
3.441949651646720554e+01
3.094501330748599699e+01
2.926594363026350720e+01
3.018387880455515671e+01
2.796511501210674311e+01
2.713471066381513452e+01
3.421647240172638504e+01
3.223871712555362734e+01
3.050755747896678471e+01
3.428424913602768953e+01
3.339225080981481852e+01
2.648507521262312281e+01
2.894219185618501555e+01
2.821974128613573285e+01
3.108819102448427429e+01
3.655355524815360013e+01
2.878899820450353175e+01
3.597819497690508683e+01
3.510163038201919505e+01
2.399922446284000088e+01
2.803972121166820131e+01
2.679356312079750779e+01
3.749860826905731415e+01
2.696573531945087154e+01
3.842117436148445364e+01
3.114250844477011171e+01
2.978790583425691807e+01
3.189635672498035746e+01
2.549115300510408133e+01
3.535790943679033660e+01
4.577674671787666227e+01
3.260427293098268109e+01
1.420839968498643913e+01
2.308487149360700386e+01
2.751370094167501179e+01
3.414034019830442190e+01
3.342880788946965964e+01
2.506929584008658907e+01
1.867841238806436621e+01
3.126900933936025595e+01
3.000167372591253212e+01
3.183404364940933107e+01
2.571961502848986925e+01
3.315136463332856920e+01
2.682364933895554771e+01
3.228772699719236527e+01
3.150316333883648312e+01
2.185583081080512002e+01
3.063176586881724717e+01
3.118226247609004531e+01
3.135463827254635305e+01
3.002639875229184341e+01
4.078556839516959798e+01
3.600849965408438891e+01
2.659403748066953099e+01
5.088851114003474407e+01
2.904099010520326729e+01
3.097603659455868197e+01
3.210757909224857087e+01
3.504415887735021329e+01
3.111951340161903090e+01
2.995094797340289006e+01
2.758785025003408720e+01
3.478816058020053958e+01
2.855500548449311182e+01
3.876606427936656729e+01
3.241178893447866471e+01
3.588120891771806953e+01
2.675971247921753005e+01
4.189622368458999091e+01
4.548832113724567705e+01
2.829806388988490085e+01
3.069952233609162917e+01
2.739575281676661689e+01
3.174658726441008127e+01
3.039275853600942057e+01
2.772007309940353537e+01
2.723379413339730348e+01
2.825484416781558394e+01
2.692565596650699433e+01
2.182529245563939568e+01
3.184603881063816644e+01
4.297491358892742852e+01
2.864038461308025063e+01
3.109682541395156008e+01
3.258275849797451684e+01
3.348040875906200853e+01
3.182476769942314476e+01
3.424060928455107700e+01
2.978158406162622995e+01
3.100420304917207659e+01
2.453468264305166713e+01
3.295464181289941763e+01
3.130250760933960663e+01
3.255556179441177278e+01
2.992133083626287160e+01
2.898651010934063166e+01
3.814715551427255491e+01
3.127925315344246826e+01
4.844954034931140541e+01
2.219881808652329269e+01
5.554825631598301072e+01
2.900711350415943457e+01
2.411560361059890312e+01
1.333288394161998625e+01
3.381865108102758910e+01
3.295385677279870862e+01
2.984176708856472260e+01
2.989139504085524379e+01
3.242046623526291427e+01
3.477931486931773719e+01
3.295419192459497992e+01
2.464606334747979943e+01
3.021913152635429256e+01
3.053192282408075542e+01
2.794345197164063066e+01
2.419655419908164262e+01
1.742926286528534519e+01
3.017139773140780790e+01
3.161332656196823976e+01
2.923143900228610903e+01
2.452584854420067018e+01
2.291902756084242299e+01
2.692732634387275681e+01
3.343674393181473192e+01
3.075917752079663714e+01
2.880215771846998507e+01
3.073193960223272825e+01
3.164563749063916731e+01
3.331442080868034594e+01
2.907699912565604805e+01
2.706004155839674752e+01
3.146757600496097496e+01
2.888446040760107536e+01
3.161809909380757233e+01
3.775411906111578730e+01
3.141526434136821777e+01
3.044384869331276988e+01
2.332099152770676653e+01
2.807572102027560135e+01
2.428744328383054452e+01
2.384148165036175016e+01
3.014114374471572688e+01
2.916834468717364715e+01
2.519118249874559723e+01
3.738798171413703386e+01
3.344463201669655206e+01
2.785762845947776611e+01
2.979285058065901381e+01
3.383057030488385664e+01
3.181465146888687201e+01
2.654264773257111543e+01
2.906674268418585783e+01
3.363708510281281150e+01
2.895300285179209254e+01
3.279837545310356717e+01
3.051944357242706118e+01
2.891168671729165851e+01
2.361470675849634659e+01
2.675982536383714461e+01
3.464254483303510312e+01
2.930364379243276574e+01
3.012501812863662920e+01
2.014020126359377016e+01
2.910377566216011758e+01
2.760433673230916085e+01
2.501625348978542362e+01
3.075871156150071073e+01
8.073511451773196512e+00
2.710172691027785064e+01
2.459976939837606835e+01
2.278833646328491014e+01
2.369809715184969434e+01
2.989619318944679449e+01
2.483864244423825696e+01
2.223288744215752999e+01
3.072919922459862718e+01
2.825713474884287280e+01
3.297285993867689058e+01
3.145212944175052172e+01
2.452788974956407131e+01
3.605448496296963867e+01
3.019497216232933923e+01
2.703711599263997556e+01
2.908764350060458881e+01
2.917260833656929364e+01
2.341285805026668854e+01
3.287330926530588471e+01
2.655900914856512429e+01
3.043601172362201623e+01
3.282296707763793364e+01
2.583944678898041047e+01
2.842779423980267239e+01
2.941085460141223962e+01
3.792493073524411784e+01
3.578012803970796085e+01
3.150999571201288063e+01
3.020046962273795543e+01
3.085111346304461577e+01
3.049192927096197181e+01
2.541948299539832945e+01
2.835256248356426312e+01
3.773209809327652664e+01
2.875702849301420727e+01
2.693329961306633891e+01
2.788251491025109630e+01
2.378761245155703108e+01
2.643206373740945025e+01
2.225143165756853136e+01
2.813952352099747500e+01
3.018475250810089605e+01
2.592151398103053950e+01
2.884425898062639604e+01
3.102423654912086448e+01
2.655538676514270335e+01
2.713419514503785379e+01
3.263273178297876598e+01
2.656916650048372830e+01
3.160301571100931284e+01
2.990538950626442372e+01
2.258993590602066348e+01
2.842500270110005900e+01
2.799196350860707483e+01
2.356328766612509895e+01
2.022356590025370338e+01
3.045918334632075641e+01
2.782829448330041444e+01
2.582502748990503960e+01
2.766652206599523822e+01
2.347765986270416505e+01
2.506553566011162815e+01
3.004056460098579961e+01
2.264267105156944737e+01
2.434347285007805795e+01
2.962734715935337348e+01
3.072424898473988719e+01
2.494232517209363564e+01
2.866859943616014306e+01
2.986929749695887182e+01
2.903480899756995370e+01
2.740194460448493530e+01
3.330004565611723422e+01
2.484802857706559820e+01
2.702048769161561026e+01
3.040174012383284108e+01
3.401845465237492050e+01
2.870789013876722251e+01
3.074914467403014839e+01
3.445945669826802771e+01
3.443864845208863557e+01
3.177058618945774171e+01
3.661317210478063089e+01
2.005419757347027954e+01
3.097945419247373877e+01
2.761518073949620700e+01
2.533910397256682145e+01
1.441896995511194035e+01
4.113679432846235784e+01
3.058234140572797344e+01
3.130784467381865710e+01
3.500680480708522424e+01
2.801530827003362134e+01
2.873460922601865875e+01
3.198806661132387674e+01
3.250815302949732910e+01
3.627134477572354854e+01
3.690061365484697120e+01
3.613850436685767420e+01
3.415485784868043595e+01
3.347647384252252323e+01
2.162810550560014633e+01
3.176976694351804653e+01
3.012921402919411662e+01
2.439232006896715177e+01
3.039724173468813362e+01
2.902068332622041069e+01
3.022195774600169571e+01
3.603101228434244518e+01
3.135592060204767151e+01
3.103003643139308210e+01
3.755514098217054908e+01
3.212264174715150489e+01
2.788656612571610438e+01
2.555013175416871718e+01
2.777919492926605116e+01
2.946127570311685062e+01
3.188721009675633056e+01
2.908147860085455960e+01
3.509010534638422030e+01
3.831150049958675652e+01
2.957695214754097535e+01
3.470504304449016786e+01
2.541195673838909741e+01
3.069232202401838094e+01
3.144359059099059550e+01
2.849566688721426999e+01
2.834688163007832884e+01
2.585716426588308181e+01
3.156314265244505179e+01
3.333869250179557753e+01
2.413123696381367012e+01
3.760887435582614557e+01
3.675036516858982338e+01
3.761121300674327728e+01
3.314003681410079594e+01
3.392580172843312170e+01
3.119628398273959746e+01
2.680034704851770755e+01
3.204957177925062695e+01
3.222292417044113932e+01
3.193902898652425648e+01
2.761001234156444895e+01
3.631671866586815156e+01
3.626105718332241423e+01
3.144350650629406729e+01
3.620772718449455851e+01
2.692634794687678479e+01
3.397263485487784607e+01
3.418548270378990850e+01
1.537235733206669863e+01
3.112044654516691367e+01
3.584197811388325050e+01
3.361558400384902257e+01
2.931623854030840448e+01
2.926599642293813730e+01
2.439290429242359437e+01
2.932615317329187832e+01
3.370118516806856235e+01
3.394682817134751929e+01
1.731357909150815289e+01
3.580697999961533640e+01
3.050842835532936093e+01
1.932067970218279029e+01
2.900489553006728016e+01
3.964989677787851008e+01
3.259462725582665144e+01
3.387189207722375528e+01
2.747144439871203403e+01
3.219089877826461787e+01
3.245007233132493241e+01
3.072009044554554080e+01
3.164159843548566187e+01
1.625961754399071069e+01
2.906736299903335663e+01
3.352139600466746572e+01
2.913416797850472051e+01
2.302435037612672630e+01
3.901442327195771043e+01
3.380417768689451918e+01
3.077488876502914295e+01
3.177626991502859610e+01
2.969190516782479250e+01
3.222134786367177384e+01
3.403583526505708079e+01
3.655351145055782780e+01
4.503777180047234197e+01
3.450333232910816861e+01
2.438076259626024722e+01
3.636009191794253326e+01
3.471466344827069150e+01
2.969737674329349630e+01
6.080506001902996616e+01
4.114855760673154350e+01
3.255832767051226284e+01
2.873843565864405747e+01
3.403366832797706110e+01
3.378696242101050728e+01
3.548891318523813965e+01
3.148142875146115927e+01
3.669226344668136619e+01
2.871591015824049009e+01
3.536028637158049293e+01
2.899463708972757203e+01
3.982982010490496805e+01
3.075843945979561767e+01
2.861891698163508835e+01
4.254505047416331820e+01
3.807225116776915286e+01
3.175052745824897826e+01
3.529641389201643875e+01
3.683559694084299707e+01
2.906746704488866584e+01
3.942366180508898310e+01
3.395223674404105196e+01
2.507178239921526597e+01
3.708504585990557700e+01
3.683865945854088153e+01
3.471118776434894215e+01
3.875304301440998955e+01
3.885161827164279202e+01
3.994502440149609157e+01
3.799872272507341364e+01
3.923789749152868467e+01
4.181488207834765092e+01
5.254320548021478032e+01
4.021801189674440735e+01
3.170458837414983577e+01
3.406662622702316412e+01
5.355001859189560065e+01
3.278656086320144425e+01
4.241057940248456504e+01
3.767396228919024992e+01
4.608399861077472082e+01
4.248829568074440033e+01
5.191555905915112135e+01
4.248421701301585074e+01
4.807855673316274903e+01
3.506043758096203788e+01
4.343612995380345154e+01
4.641555262656315506e+01
5.103321561728124323e+01
4.454415899135116064e+01
5.377961614947548696e+01
3.926305834117182769e+01
4.786839083998302158e+01
4.293676043906133089e+01
4.427934778056990694e+01
4.565648612435226283e+01
4.346358413989604941e+01
4.979872646690667892e+01
4.284533057421982249e+01
4.039825727924578302e+01
4.621489925529512988e+01
4.762239134725282241e+01
4.541304610802474429e+01
4.829973889769532036e+01
4.462853507833737154e+01
4.970751850703769037e+01
4.266251013445303641e+01
4.826217963888759499e+01
4.429819995695993384e+01
8.321553603481044092e+01
5.956973745969673217e+01
5.572269904091514547e+01
5.420160633290137753e+01
5.125984018579598001e+01
5.315186549026928731e+01
4.913704217318301204e+01
5.106883727417642405e+01
6.074072612079065436e+01
6.204232699543847218e+01
5.802357988451251458e+01
6.620607802224766658e+01
6.038160028093114562e+01
5.071044464172999255e+01
6.374630828889256406e+01
5.103099467938733369e+01
5.573771076856947815e+01
3.103212404413897474e+01
4.821031656686058398e+01
4.264898956170798527e+01
4.682041084476134074e+01
5.231362200793240191e+01
4.810293899911203397e+01
5.608116082046018391e+01
6.309501800102461999e+01
6.934317222849276163e+01
7.215249099416537604e+01
6.246532703795873687e+01
5.385029690519387913e+01
5.232901345729809606e+01
4.702469959795798360e+01
3.798788644178066676e+01
4.029763568140831609e+01
5.018776160368658878e+01
4.504828028796931250e+01
4.532176543001773439e+01
4.490528644858976293e+01
4.292493665506894018e+01
4.034471012152481961e+01
4.431970478335818342e+01
4.413111777079715381e+01
4.173227946432525215e+01
4.118868637328871785e+01
3.666637695557624710e+01
4.254723936724543165e+01
3.298335401703575798e+01
4.087645862329848967e+01
4.465768901902139731e+01
4.090920100716463281e+01
4.607518242403499187e+01
4.313810275220234303e+01
4.060259204266488808e+01
4.446580097533843201e+01
4.638092123065627703e+01
3.984219421055041011e+01
3.859010202691707292e+01
3.980225785954708329e+01
3.963841474193306169e+01
4.556172682131485629e+01
3.675090248488160682e+01
3.552493017518602869e+01
3.846197449473298491e+01
3.963378684440810673e+01
4.093530802713845418e+01
3.180003087374473481e+01
3.885006952820268822e+01
3.433091947286676771e+01
3.445453968146571100e+01
3.577814944592815749e+01
3.544477684218732350e+01
3.798684434120964681e+01
3.418656636630852574e+01
3.866731065338750994e+01
4.818265312747620754e+01
3.672243865105688343e+01
3.129956641832805531e+01
3.318300384485737453e+01
4.198052358458298983e+01
3.883581580518244891e+01
4.187634462094104748e+01
3.682200639670997333e+01
3.511805844289646927e+01
3.600053763084086711e+01
3.142332105275660581e+01
3.619756748873434304e+01
3.318451889151278777e+01
3.368255561076993132e+01
3.403972439381905701e+01
3.979601984085370958e+01
3.357910342378831814e+01
3.415098750138498218e+01
4.068466921913727674e+01
3.717547466377649101e+01
3.629003178580407507e+01
5.091344144878467404e+01
3.605936846442477872e+01
3.556557621026294669e+01
3.558459624885739458e+01
3.768404369537130805e+01
3.315754374721554854e+01
4.369317552778553448e+01
3.073864204234016739e+01
4.387017474154740881e+01
5.534379435702572181e+01
2.763469246226580367e+01
2.971462470642974907e+01
3.652340103647612324e+01
3.715450295028786343e+01
2.764601922596101602e+01
3.649343658752620456e+01
4.058358100429622795e+01
3.036509013551596681e+01
3.485719965874686466e+01
2.805630125588231749e+01
4.415707265608499199e+01
3.246006728999207525e+01
2.800876731403196018e+01
3.783408318495479250e+01
3.752089498511605825e+01
2.380329468121315273e+01
3.706293030765704088e+01
4.127621450076930643e+01
3.620549802831414610e+01
1.501865115491387925e+01
3.285342176748140020e+01
3.691901480790475176e+01
2.390525759843396258e+01
3.116645317112052993e+01
3.103591796902247779e+01
3.314634341142491536e+01
4.104776596019977575e+01
3.770868725205439631e+01
3.061145103275731572e+01
3.605498599138243776e+01
1.991059524201740416e+01
3.078526078407951871e+01
3.290075503933210399e+01
3.768460676015581612e+01
4.557200486102082948e+01
3.479128897085006145e+01
2.165399278285214280e+01
3.055585021155378556e+01
4.605498610643558521e+01
3.198976386559536422e+01
2.533127222296367620e+01
3.449506045856649195e+01
2.613206188218398651e+01
4.130388373057772355e+01
5.957665741445391916e+01
2.425787025306646072e+01
4.307194179696195846e+01
3.487237000156201816e+01
3.604272551791716950e+01
3.748332565552632900e+01
3.614769254078699845e+01
3.609214365720490036e+01
3.099430813159123943e+01
2.971893487015626789e+01
3.016969576071836912e+01
3.386303029083502736e+01
3.419532300432627636e+01
2.518975581133804553e+01
5.860896383042654634e+01
3.060023723717637623e+01
3.106995415305877728e+01
3.379898734714495845e+01
3.110420807598803350e+01
3.033675489449300500e+01
3.030624084775888250e+01
2.998332391280092324e+01
3.191236421647339583e+01
3.435961825035819572e+01
3.218618730742265654e+01
3.365151551567132771e+01
3.266093507472321988e+01
2.661627763889602605e+01
3.114424684403911314e+01
3.487938809201560275e+01
3.122384961803920689e+01
3.259949467884188579e+01
2.948039662250058868e+01
2.570146033624385495e+01
3.085681807210904637e+01
3.336051640895360748e+01
2.876358374304717103e+01
4.225958516336990556e+01
3.005290909647353104e+01
3.244035356162638806e+01
3.150581113972753045e+01
3.537686995076819585e+01
3.135032343191284454e+01
3.025305864715655702e+01
4.158406951014110575e+01
2.917882469146687896e+01
4.172911982122083430e+01
1.959054573454187675e+01
2.767941437493406909e+01
3.210253552359321816e+01
2.186521463181513170e+01
3.598852004586856879e+01
5.043078018693104525e+01
3.460128567676142808e+01
3.300509400508092739e+01
3.152369865091067069e+01
2.895955895568448568e+01
3.131997891668051537e+01
3.628089569317980789e+01
3.176441611644237994e+01
2.799306964185091218e+01
3.479322374787151517e+01
3.373990397594181445e+01
3.255662046584153302e+01
3.223238193800506934e+01
3.068041513353032101e+01
2.964628995399416311e+01
2.977017383326690592e+01
3.145231744581632682e+01
3.457006394573522812e+01
3.768821455542882148e+01
4.028195693965295732e+01
2.980313120119208392e+01
2.918620377192742410e+01
2.662581146890375905e+01
3.263306959333014845e+01
3.194193422208930144e+01
3.231621583866575520e+01
3.164549547902711524e+01
3.566728370368630863e+01
4.725620552817896680e+01
2.125087226646759575e+01
2.548785533567060213e+01
2.569089539581466752e+01
4.217488268878550173e+01
3.664441551742996239e+01
3.466092442411631680e+01
2.625503349381426332e+01
2.886002606339888743e+01
2.984801438196744527e+01
2.712633967140260083e+01
2.391657399136320805e+01
3.079106904823862578e+01
3.103613081838817322e+01
2.900426544048447752e+01
2.371578566623383821e+01
1.866363493747770264e+01
4.296115589522050016e+01
1.983435725859062870e+01
3.134246882721398109e+01
2.959315334771810413e+01
2.789577318107745185e+01
3.010827462169792668e+01
2.699215033963254484e+01
3.078784508046884127e+01
4.014003920776578127e+01
2.992383631753217088e+01
2.721707382750780724e+01
3.043999513327206330e+01
3.054704503757892198e+01
2.745619706743236677e+01
3.169853647232370975e+01
3.588323621020182941e+01
3.104966411892972644e+01
3.083806009735825526e+01
2.810756539382068553e+01
2.728685008783770627e+01
2.997255198377499141e+01
2.827386266754520250e+01
4.494677412128740457e+01
3.080475962590262284e+01
3.770627573208802374e+01
2.084121606547343575e+01
3.029793544672338612e+01
3.858439235515415078e+01
3.032676286618094608e+01
3.021415762208265576e+01
2.968929383747976303e+01
2.729153825027753655e+01
2.899305080058110917e+01
4.164722330149171370e+01
3.410372194560202530e+01
2.119329092234951872e+01
3.414721288633035812e+01
2.871295573026126746e+01
2.651143872870810725e+01
2.763826076428652456e+01
3.802238210664210527e+01
3.519294456639282487e+01
3.148867539749116418e+01
2.759807952813587306e+01
2.683624628448994542e+01
3.540989179015664234e+01
3.507568255885833253e+01
2.529048424831151465e+01
3.291652929450887655e+01
4.011609226269596462e+01
3.467371711782185173e+01
3.781208105141176645e+01
3.766670068963997409e+01
3.430666980915062680e+01
3.107647305508180935e+01
2.519836373361876980e+01
3.128926067336863426e+01
2.863074708105620303e+01
2.659522342378891935e+01
2.529206776263560386e+01
3.090685844007031591e+01
3.091025738660920652e+01
5.392826002112845174e+01
3.229073416393651286e+01
3.040372180701633198e+01
2.925311829665238506e+01
2.799228772167834833e+01
1.602128332861565241e+01
3.050923855558080078e+01
3.089862572444740252e+01
5.079541490214464261e+01
2.744132067452274271e+01
3.424929899334441785e+01
1.587879528967575915e+01
3.527104786147540949e+01
3.160343606503988312e+01
4.694379772762999181e+01
2.902735743877489938e+01
3.270610258060533937e+01
2.345472515639636768e+01
3.257133141867925019e+01
2.160313792115400489e+01
2.845741864720960379e+01
1.825763611392054031e+01
3.020570332292441051e+01
2.892327145801237265e+01
2.933775755326754364e+01
1.234041884207885786e+01
3.680482916698799301e+01
2.666486861797316976e+01
4.840037463216999214e+01
2.976160662926740486e+01
2.200561307378629650e+01
2.868033991244729819e+01
2.634752122530247931e+01
2.901274897947019227e+01
3.847578205814223651e+01
3.357496970267784775e+01
3.243319713203512578e+01
2.104074760258736987e+01
3.650921879659846780e+01
3.165287068198973941e+01
3.111663263102035160e+01
2.662460260516377986e+01
2.629846228002927688e+01
1.783571426458698994e+01
2.909200163490096358e+01
2.589095969386101359e+01
3.020613106385511415e+01
3.545897915594374439e+01
1.947632478211044571e+01
2.561139251763952984e+01
2.799677088806197034e+01
2.261430437457994458e+01
2.662018727818784214e+01
2.480378393960445038e+01
3.259662991346463912e+01
2.626342867414427573e+01
2.284373021250820202e+01
2.424976631564514307e+01
2.772541731673290144e+01
3.309931816353158496e+01
2.913992304398946231e+01
2.696261941574042709e+01
3.499084889972637313e+01
2.880584708187243947e+01
2.558611706077878978e+01
2.711015599405033427e+01
3.016295943180188743e+01
3.104399156798635673e+01
3.508472044289546687e+01
3.072430786489936949e+01
2.867323497073780558e+01
4.381887775278654829e+01
2.677444250630782818e+01
2.633258055667586106e+01
2.274325915392800823e+01
2.824901334278132836e+01
2.257557965888223350e+01
3.196105984786231602e+01
2.313581856161490435e+01
1.791293657479830159e+01
2.530871169253327224e+01
2.698701768416211522e+01
3.005485310764583318e+01
2.746546370649466695e+01
2.617983054134244725e+01
3.551295943935227228e+01
2.550670780428912465e+01
3.025898890768498006e+01
1.910296392426808865e+01
2.890683821841758672e+01
3.235549454900652222e+01
3.128050143721317866e+01
2.886098233758032805e+01
1.759716514909579388e+01
3.737418407352848249e+01
2.554387702681470174e+01
2.906575158158350192e+01
2.389662569955331861e+01
3.619256066872080169e+01
2.465228559169837652e+01
2.216534593257107133e+01
2.605119963180017351e+01
3.078719315284886449e+01
2.690153042556978846e+01
3.443881922625462266e+01
2.558162922915351345e+01
2.763771788171117905e+01
3.674580593006989915e+01
3.100965572855245256e+01
2.663006435208633604e+01
1.860876062437895229e+01
2.505483361705142187e+01
2.818918122207365684e+01
2.769219843608479437e+01
3.800167593761848650e+01
3.374058735815768273e+01
2.864405630134397995e+01
2.721863650872221285e+01
2.799399175985336186e+01
2.720521151335125509e+01
3.636396090500808498e+01
2.960559171255259159e+01
2.672355758067829612e+01
2.620497348024804296e+01
2.568584521441151480e+01
2.804363203425151951e+01
3.017754952746672714e+01
3.026991618758808045e+01
3.033423580212545545e+01
2.986551573839265217e+01
-6.798751730193011156e+00
6.523942901579943054e+01
2.096867782928708479e+01
3.786375726110958340e+01
2.754353600178597006e+01
3.148829346395119444e+01
3.895943865005146733e+01
3.061257778540531405e+01
2.548038111745079703e+01
3.064022701194438625e+01
2.571746010700536544e+01
2.700918255867874507e+01
2.215606413270676356e+01
3.584202017397279860e+01
3.125143822811601524e+01
2.278523510698051169e+01
2.726152589810559590e+01
2.693239939352540446e+01
2.809613762827829930e+01
2.934301729626537281e+01
3.123914289188556381e+01
3.519169666462575918e+01
3.631522965138343295e+01
2.222750074014156496e+01
2.830794529368426282e+01
2.571748838007993854e+01
3.226229705328786679e+01
3.229880404147750994e+01
2.581064689464983175e+01
3.079615001935846408e+01
2.783246505038859908e+01
2.813089558406020174e+01
3.696340673345893180e+01
2.568824801643567568e+01
4.808461412514476763e+01
2.314412496138465514e+01
2.799909453312333341e+01
2.385159245462392619e+01
3.131714200116556768e+01
1.140711851296581258e+01
2.847280601610861339e+01
2.750238621522219518e+01
3.025059515881152095e+01
2.416880928592093980e+01
3.331643396620948749e+01
2.703746590979000430e+01
3.002863442505553238e+01
3.030693563807160729e+01
3.623677692632263359e+01
2.979977984731504392e+01
3.103877558544838422e+01
3.788767783930676813e+01
3.510612534857325784e+01
3.258593583543517980e+01
2.372669884946330399e+01
2.942307570801764172e+01
2.949329572308328196e+01
2.762444110994302804e+01
1.388291791489887572e+01
2.631892690686495939e+01
2.872100829759730090e+01
1.850125345319871428e+01
1.133664130680003268e+01
2.408926109936052029e+01
3.137853915705340668e+01
2.727485679901988291e+01
3.248474839996820407e+01
3.006984299610757461e+01
3.195871595909512308e+01
3.464641436416078335e+01
3.769243208751611007e+01
1.975023637274172827e+01
2.763911761344568774e+01
3.861037888644379734e+01
1.888265737215796491e+01
3.003262397349550739e+01
2.746245490098993614e+01
2.421067454497686100e+01
2.800171453635518759e+01
2.847796866837370189e+01
3.419923040804552983e+01
3.116757631723054800e+01
2.204753286853403438e+01
3.526458441468203375e+01
3.275253166808835914e+01
2.995572859867782967e+01
3.606335603065433304e+01
2.419584851758741451e+01
3.396990588849095616e+01
2.962567920355111895e+01
2.177141164344439517e+01
2.718387533910009068e+01
2.974203018780063346e+01
3.496726684926019857e+01
4.877759071927386714e+01
3.903650856777211686e+01
3.112281617095239383e+01
2.950528665505717285e+01
3.053494162478342844e+01
2.760118270692245446e+01
3.092627237937756135e+01
3.206194732074186504e+01
2.649513046159055563e+01
3.322862795676006442e+01
2.019765001942923988e+01
3.960695860596962348e+01
2.861176037943383932e+01
4.674281196460155741e+01
3.380576143533249223e+01
2.925527787956515624e+01
3.303070702624866328e+01
2.485967249884663843e+01
2.541879673044012833e+01
3.065907780419981421e+01
2.762501216015720829e+01
4.882346853632393646e+01
3.443490296137646567e+01
3.003408892879156866e+01
3.372234802147436739e+01
3.123792596927446397e+01
3.004305871324426036e+01
3.632615549626532925e+01
2.750696066778112225e+01
2.991442619377415824e+01
2.992821943463114920e+01
3.091584897175780355e+01
3.180098880994923860e+01
2.223026896108676453e+01
3.082554714822603614e+01
3.929152839664958208e+01
2.820087240528520311e+01
3.010029981383455677e+01
2.455477309508151151e+01
3.077073240837071566e+01
4.320592470678960950e+01
3.105019315141259284e+01
2.947801351870378284e+01
1.895706068844312142e+01
3.762067259397763053e+01
2.943686599382249369e+01
3.989193835701406243e+01
3.211300383219330001e+01
2.864781468610455661e+01
3.170087185821085285e+01
3.391807680347073273e+01
3.412751987290887712e+01
2.596046874870282650e+01
3.025380759422126076e+01
3.472828240021377155e+01
3.012299739700286949e+01
3.158985559308675661e+01
1.879426057768424840e+01
3.286557976505234535e+01
2.924064467553398572e+01
2.836111584170958011e+01
3.177133083155030846e+01
2.809426331968763435e+01
2.770467379253490847e+01
2.968499466879024595e+01
2.479030975713526175e+01
3.477949535089838662e+01
3.099672631586769711e+01
3.269065666108388513e+01
2.778932633795013984e+01
3.449787011960123095e+01
3.173460687192914520e+01
4.065205010074878800e+01
3.697482746008197552e+01
3.119520415175897199e+01
2.975958763044537747e+01
1.447245855300850081e+01
3.020725613294845502e+01
2.776494815144287642e+01
3.207875748495450097e+01
2.816058002303161700e+01
3.680620874192935332e+01
2.870605105384117195e+01
3.137283268121723268e+01
3.232845905288327515e+01
3.150583198314063438e+01
3.712031364252528221e+01
9.980743776623018704e+00
3.195877521007418309e+01
3.477769575302055927e+01
3.019962854957833187e+01
3.593373931117038467e+01
3.749949297199604104e+01
2.972181083873606866e+01
3.028237552217041184e+01
3.166813739382163462e+01
3.029860955458239857e+01
2.956446574162196583e+01
2.293059059734861194e+01
2.507899234929389820e+01
3.045586162856265844e+01
3.434296952499536104e+01
3.191437956861148706e+01
2.699649937932753119e+01
2.875370480557608133e+01
3.605979875234842069e+01
4.565702456477730209e+01
2.981959526665685445e+01
3.373543091200509991e+01
2.537725299373909138e+01
3.022971371023616172e+01
2.863342839785670435e+01
3.413520635170910111e+01
3.232844150877056677e+01
3.242233769782621522e+01
3.335004731253785337e+01
2.395241042688753197e+01
3.155109126249604046e+01
2.555166562206132141e+01
3.501405226189603326e+01
2.657420675032298973e+01
2.432347013976760053e+01
2.898543469654733684e+01
3.647957092371461130e+01
3.648234834395012172e+01
1.945357802462906349e+01
2.742502302679292825e+01
3.598794085209308946e+01
2.828052846495076622e+01
2.987703351753167169e+01
2.972610124735923876e+01
2.973960405317708222e+01
2.842757524343421593e+01
2.505466951924476859e+01
3.082597315751472777e+01
3.496094859025507162e+01
1.440557212331228065e+01
2.709564286114018117e+01
3.048821080076038115e+01
4.424532144326925476e+01
2.865680282939016621e+01
2.200851263695636106e+01
3.045208924171741316e+01
2.991842105387333817e+01
2.822254484297487309e+01
3.101890674339768239e+01
2.828203378190429973e+01
3.825662110528392645e+01
2.737828577408599173e+01
1.945840595659281291e+01
2.840396077640491868e+01
2.533478344806731286e+01
1.490492841556172898e+01
2.941685254866450094e+01
3.338902324453187731e+01
2.718197124406411547e+01
3.560771634023773657e+01
2.171316570209976504e+01
3.343848163815776786e+01
2.951142130483343351e+01
2.958013754360955971e+01
2.258754413454784071e+01
2.110753497866621586e+01
3.133883746697473072e+01
4.205280621449000478e+01
2.547821202097034998e+01
3.109438809743130605e+01
2.666833133941769773e+01
3.882283470017299720e+01
2.213929653983801060e+01
2.984013290095365178e+01
3.487089473406135909e+01
2.429124582611044048e+01
2.569628379816293773e+01
2.472716041013528354e+01
2.342545886256971244e+01
3.173544672066780592e+01
2.499397799431413247e+01
2.688175698847722117e+01
2.869650184919053615e+01
1.579401561398645626e+01
2.999148117807490621e+01
2.779892255174958393e+01
2.306504066524499308e+01
2.923209533697829698e+01
3.760699081265401844e+01
2.827317711243468068e+01
2.379765238552383266e+01
4.389656622466564784e+01
3.215491624977975249e+01
4.190743663590554746e+01
3.188547870221642455e+01
3.164647231049063336e+01
3.806366791040559150e+01
3.137261541231896445e+01
3.169738529244632730e+01
2.654636472925023227e+01
2.472650423894970118e+01
1.855608245589366589e+01
1.793851888312117637e+01
2.314170083717793958e+01
2.520914046822586130e+01
3.109809881542581778e+01
2.682006381558622010e+01
2.795640893773695979e+01
4.195133934105863460e+01
2.831422941534569659e+01
2.847233818325885224e+01
2.954153621784028871e+01
2.940887516281418002e+01
2.956888368610363926e+01
4.313298971346925015e+01
2.670291736477616595e+01
-1.711866548055859027e+00
2.812385532594560189e+01
3.436381161966242104e+01
5.921473729663263441e+01
4.627651152486703268e+01
2.119356806395045822e+01
3.064757854587329433e+01
3.190620394382378677e+01
2.741013410623010671e+01
2.669688284150486624e+01
3.736741201686578506e+01
2.750331721098735116e+01
5.177548990623758129e+01
2.292565623975711731e+01
3.111930684161502825e+01
3.184802360688433254e+01
2.543692718812727804e+01
1.851584908035290766e+01
3.642314709786091242e+01
9.215059705684920743e+01
4.539192179585442233e+01
3.361150203849599194e+01
2.707906770558352960e+01
3.949562347536092233e+01
2.571312905285587291e+01
2.580989278367739814e+01
2.129994002634272476e+01
2.473059642499696764e+01
3.879821761880668873e+01
2.041594406616541590e+01
5.361238977607125378e+01
4.376066333765167116e+01
3.200968932624270025e+01
3.083057778358639212e+01
9.190745018472888717e+00
2.781823962788482518e+01
2.706990945893152656e+01
5.479062956307838306e+01
5.146660160360916336e+01
2.886515874053612762e+01
2.051291775100532178e+01
2.438451733050284176e+01
2.843781445191189761e+01
2.768228270776784328e+01
3.043474877070184093e+01
2.873985752020695372e+01
2.683940714291743035e+01
2.966815011586333739e+01
3.398122255407124470e+01
3.231227511021678822e+01
2.227701307058858404e+01
3.515803727305689108e+01
2.297333845394273766e+01
3.112322346262755701e+01
2.793050362891601779e+01
3.014886701226022936e+01
2.686828274523611881e+01
5.070489534122734199e+01
4.807286042287071126e+01
2.827935057855587075e+01
3.758584182910826144e+01
3.003118047610729135e+01
3.111170348089944682e+01
2.447462318707388462e+01
3.276543562442692092e+01
3.900509037328642137e+01
2.940972025642155785e+01
3.524875780648733326e+01
3.569917675275686975e+01
2.852814189546933221e+01
2.818777525564017594e+01
2.812351312763283673e+01
2.073611211070897298e+01
2.671805857565764697e+01
2.938794209022848136e+01
4.293667397216763248e+01
2.425257181350666968e+01
2.351019464485267818e+01
3.168409097267447194e+01
2.762066843370507740e+01
9.945382951636485558e+00
2.674798273957756933e+01
2.878033399413172688e+01
2.762039693762216075e+01
2.022583542462301409e+01
1.998876299855535876e+01
2.643676321244317506e+01
3.142293896739112213e+01
2.778643342672564032e+01
3.281367832546291652e+01
2.670211603456945682e+01
2.718140429988648776e+01
4.041025161934559407e+01
2.146691192907195855e+01
3.893308300038921743e+01
2.542247986693406148e+01
2.802984220761337042e+01
2.776641368113854114e+01
2.544153637332912865e+01
2.528303565797440555e+01
2.823473552157503974e+01
2.466924165079691633e+01
3.374429716638098142e+01
2.800212568060483420e+01
3.118445474569115916e+01
3.088204638272143754e+01
2.536095257518345036e+01
2.571261482970415813e+01
1.875694563766964862e+01
2.939049536672396101e+01
3.498995591729093491e+01
2.693899291369770310e+01
4.275341174570452552e+01
3.168135112824819544e+01
2.581250099284717692e+01
2.642175361430941649e+01
2.606428426031233769e+01
2.584370300966992318e+01
4.110950495860944898e+01
9.030780780751062053e+00
1.119982130705150070e+01
2.963541495244166413e+01
1.807067854442886201e+01
1.749238610490309398e+01
2.616760466345416702e+01
3.076532779351454394e+01
3.143061609596033534e+01
2.144190166618760074e+01
2.144366780159565167e+01
2.658685008733914401e+01
3.986478008221564551e+01
3.526240784019397267e+01
3.763356050889489524e+01
2.620525431895006818e+01
3.111711933568237498e+01
3.027208245974872369e+01
4.176827766361608951e+01
4.924301035147937000e+01
3.652519298962199201e+01
2.551091652503628637e+01
2.548121631577411605e+01
4.058546881603938061e+01
4.954290203078606680e+01
3.321761815081094227e+01
3.012540891144877619e+01
4.668475949245831202e+01
3.461204514568457569e+01
2.864952382907707573e+01
3.154850460587450556e+01
3.326912121378155973e+01
3.140286665080058626e+01
3.211145779182811566e+01
1.919070123151244545e+01
2.922643588747519416e+01
2.616515044402478907e+01
3.304511995150549097e+01
3.027180679224872861e+01
3.408449913912691187e+01
2.555023207163127807e+01
1.803911428500657621e+01
2.514895082984164532e+01
3.577905419687935051e+01
2.511347652870301417e+01
2.866960740288843468e+01
2.723647344860379249e+01
2.916855289637464566e+01
2.714150078299292090e+01
3.567141574578683816e+01
3.237386385716852999e+01
3.258508224737104797e+01
2.397861996897569270e+01
3.518115712056281552e+01
2.102386751332135617e+01
2.516930698631987795e+01
3.234977504693570438e+01
1.380556504716205701e+01
2.558412453655233065e+01
2.208567527003968323e+01
2.454385570171673336e+01
2.960968408654246886e+01
3.000523904786708584e+01
3.224605955390951806e+01
2.170057918293041155e+01
3.389496528695180189e+01
2.582305305988242239e+01
3.159324704236214387e+01
2.346686529727094239e+01
3.652208886701936308e+01
2.482151586506767416e+01
3.165795817397889067e+01
3.122380398256536793e+01
3.467462614087640560e+01
3.657811899430662095e+01
2.768329551611096306e+01
4.857857345182015507e+01
1.947015527645469035e+00
2.370356115011861320e+01
3.175086528383527096e+01
3.476324650755684331e+01
2.962987611935924193e+01
3.136209539181243500e+01
6.467478347106377612e+01
5.425811825758018614e+01
3.454620042108856381e+01
2.685730077194767418e+01
3.284111983002222956e+01
3.042980680857827736e+01
3.011663323078340682e+01
1.744394799110926897e+01
2.827239341245200421e+01
2.922841081458442858e+01
2.592764156206546389e+01
3.211653892552914158e+01
2.573217021865167808e+01
3.166759867805052409e+01
3.741548908818319319e+01
4.235183976463654432e+01
2.595882425901777779e+01
3.042082441465877096e+01
3.611129916722057231e+01
3.340345154117486715e+01
1.198919752708973974e+01
3.314309986918263462e+01
5.045056520391153754e+01
3.478127340394277667e+01
1.800244939294150726e+01
2.787357889995078253e+01
2.501178529908829518e+01
7.952237219242324073e+00
2.955050127138254368e+01
2.871168728890506472e+01
3.148815840815754541e+01
2.230277817424885001e+01
2.387603901607822721e+01
3.219581609935109157e+01
1.853598041770063531e+01
1.675548447324567292e+01
4.417306304010782014e+01
2.305736740560777775e+01
2.461822431741018136e+01
3.274797605359805885e+01
2.981181297406434894e+01
2.629512162053918090e+01
2.023918386511676459e+01
3.006896954438744274e+01
2.188065727529183846e+01
2.395630561124640678e+01
2.989413605295588283e+01
2.370829489629420195e+01
3.887196927976268768e+01
2.912091227766190826e+01
4.443686508021107073e+01
3.154549062864593267e+01
2.330231195517448484e+01
3.233910339895534491e+01
4.548772212418207062e+01
5.505463759958917080e+01
3.047249095520542639e+01
3.288154881792756612e+01
3.981395348579662397e+01
1.229330389274254109e+01
3.186003756986625035e+01
3.712354470220643776e+01
2.006159588820718653e+01
3.280766514355025976e+01
3.040119887117204556e+01
2.883048830053556344e+01
3.313553355526633482e+01
3.524971943685539344e+01
2.629027617025719010e+01
2.646518954458772654e+01
2.952415915114815093e+01
2.966981903609076809e+01
2.789099738323723443e+01
3.506922333670023306e+01
3.382252153827285923e+01
3.694340163608631400e+01
3.338514875546476901e+01
2.718167252153819646e+01
2.075777036862918834e+01
9.675587651273399814e+00
2.161663087432749819e+01
3.407300088883567923e+01
3.088692950559435246e+01
3.467665397999691379e+01
3.887038556366044872e+01
3.636592551811794749e+01
1.815104945840302619e+01
9.202793642607975499e+00
3.588494379089154052e+01
6.556828187340744307e+01
2.939926315742988194e+01
4.323701759157449231e+01
2.817951245280286798e+01
4.174987651097627861e+01
2.820547483826174684e+01
3.132332148345725287e+01
2.097022109120186428e+01
4.728042265790914911e+01
1.632003465682451804e+01
4.016383710999022583e+01
2.352053836336598280e+01
3.312056431568183967e+01
1.026847633021349360e+01
3.569599570924475529e+01
2.883386582029038081e+01
3.706228565341670844e+01
3.155178422469978372e+01
2.775028210680097729e+01
2.490481597104981049e+01
1.997308074163559866e+01
2.153242808004008779e+01
2.813073546010894432e+01
3.014778470387023290e+01
2.413063845170397315e+01
2.440734606539248475e+01
2.148704510212105845e+01
2.932241860351911811e+01
4.765356733300489367e+01
9.869676030340965411e+00
4.739909240152582726e+01
4.421983581274343322e+01
1.819262561755742880e+01
3.756568104990902413e+01
3.480776140329477641e+01
1.207888251367422683e+01
2.969259760535766546e+01
2.862307259637290713e+01
3.303819136495467745e+01
3.221088113702591471e+01
4.266967455052723324e+01
1.345486065215491855e+01
3.271178631051962782e+01
2.287521981071916599e+01
2.593713004925722743e+01
2.790642269695853628e+01
1.002826529880187678e+01
2.398350287533362746e+01
2.951898686463668042e+01
2.805446274927356143e+01
2.650226737084661721e+01
2.691295205482139963e+01
3.743611623370143349e+01
2.888771718278548661e+01
2.912066934810572860e+01
2.976916311318118602e+01
2.979517148915174118e+01
2.907256608548657795e+01
3.001905169713485932e+01
2.587491263367125782e+01
2.812762512740186693e+01
3.146586588054046985e+01
1.550229368363800297e+01
4.167760053971162648e+01
5.194114106986567947e+01
4.494881232762489276e+01
3.846659048273320991e+01
2.926111947118591416e+01
4.011170839647747499e+01
1.404741172235338098e+01
4.679094310689438174e+01
2.390018286176185569e+01
2.536029903379886008e+01
3.284074538159239864e+01
2.679705789610316202e+01
7.333660530023433211e+00
2.772332641952789700e+01
3.433893203346804057e+01
3.498804917025955774e+01
1.856796570987820871e+01
2.853043578714347817e+01
3.499904716106562574e+01
3.784946172431869371e+01
2.700151382961729496e+01
3.016363327981376941e+01
3.442594266091811761e+01
2.657337963206162001e+01
3.240210083210068603e+01
3.110902109145134631e+01
2.058078027388179265e+01
2.416070310540446542e+01
2.639380404897157462e+01
2.573291371207334066e+01
3.856179811967697901e+01
-4.726059192814993537e+00
2.690319425014814669e+01
2.949351047625903277e+01
3.118270210573356849e+01
2.508030756417975482e+01
3.780778880027726530e+01
2.814947414290924144e+01
3.479217493477104739e+01
3.458283437993055287e+01
3.234927017678406003e+01
3.220852299926140461e+01
1.978326631016176407e+01
2.955631894454340625e+01
2.692742345105962443e+01
4.737254079016597785e+00
2.081940522194835097e+01
3.040745186369796116e+01
3.680218089179385288e+01
2.253182382917094628e+01
1.851879047448112914e+01
3.755798758284551297e+01
