3.296049658344143296e+01
4.943586544853943110e+01
8.037954040850014081e+00
2.666221258926582394e+01
7.702016479457455489e+00
3.647980484685117375e+01
-6.327307349709300865e+00
2.460368585987715306e+01
5.687214484467384423e+00
5.111770550869483998e+01
-1.778516456433499826e+01
4.789264158552391848e+01
-1.440957147515892700e+01
3.121489934870290384e+01
5.625135574931881877e+01
-4.442051955123915263e+01
5.539923894724740450e+01
7.889371168541981660e+01
4.624637219211446393e+01
-4.218821545412884433e+01
3.009858196730712265e+01
1.170166176231832011e+01
-1.709685310265587788e+01
-6.402310554231725348e+00
3.231195888201128952e+01
3.367044867922319895e+01
1.968475672864491344e+01
5.114668634418252680e+01
5.244711257445112551e+01
6.989723419182340081e+01
-6.441900370537823051e-01
2.447536520423346929e+01
2.670724498754661269e+01
1.567570992169583732e+01
-6.393504654346784832e+00
5.496414097283831524e+01
5.068316901822743858e+00
1.329325999813002568e+01
2.200856929428019981e+01
1.245042272324531929e+01
-3.907096542903965997e+01
2.772033999532348147e+01
-1.825200898174418995e+01
2.807990078078939788e+01
6.313533521449969044e+01
2.721288410444473982e+01
3.120024248106208731e+01
3.834520673773570110e+01
4.059043815474572625e+01
2.459913046186441221e+01
1.112212822136007873e+02
3.587766223116695130e+01
3.646800793992769485e+01
-7.840760613816328828e-01
2.554598181641508603e+01
1.507209027300716109e+01
8.130195970744011902e-01
5.827832330719334664e+01
-1.556541712085698492e+01
1.194677087556577533e+01
3.510906485476397165e+00
4.582914326005911221e+01
1.059814726293671860e+01
3.179920628328193999e+01
1.585237600596092378e+01
-2.201218923245097159e+01
3.906414703830913027e+01
2.416501976874570801e+01
5.046070564742105802e+00
-1.402140676775171357e+01
5.024188458691735804e+00
4.991094363622914187e+01
4.708289579596050345e+01
3.256626362721303991e+01
3.233186891235617821e+01
2.586479263197340117e+01
1.729580976809828385e+01
1.770225507075469551e+01
1.648391846073554490e+01
1.742575002812556662e+01
4.020422361313602977e+01
1.048481389466389402e+01
3.286337221885021620e+01
1.970383191339394102e+01
-3.016009403136087741e+01
3.744784830642617379e+01
1.397486382814016537e+01
2.178306311281360763e+01
2.181475454451238249e+01
-1.266587631134449055e+00
-3.848487551679724561e+01
7.058549236406353344e+00
9.466925110695441958e+01
4.800286919347108494e+01
8.920788937004223840e+01
-2.341234495161896234e+01
1.589532777363912963e+01
1.664371556643668981e+01
3.069000798137734165e+01
4.918090625260509086e+01
4.169519732881560969e+01
2.521723856014386911e+01
3.717255585899313530e+01
3.863554920138581394e+01
1.080153803723246497e+01
1.963881201482972116e+01
2.788305453175329873e+01
-5.440455264405407831e+00
3.147485227319252132e+01
5.894460442179637027e+01
1.271296098544992148e+01
5.308849265707923593e+01
-9.251658363792010675e+00
4.443365325376211672e+01
2.655474304083251624e+01
5.530672383024943883e+01
1.742091409238073751e+01
5.427295032438981082e+01
7.380736188408667431e+01
7.563757180465916008e+01
2.400816494143383650e+01
1.437766324519790473e+01
2.128309029771088845e+01
-1.122218592314313668e+01
1.791077295312151918e+01
2.344792709706465317e+01
1.931331061809797589e+01
2.196117213306067839e+01
2.410550513735138622e+00
1.976551023308356037e+01
4.913502801434450618e+01
7.815623653176082541e+01
-7.891636551881106243e+00
5.556485271954613836e+00
1.004997468457401055e+01
2.041333247967888553e+01
1.761347071070730408e+01
1.954342240689474153e+01
-1.157288039904981503e+01
1.639890420647859059e+01
4.507949443943766710e+01
4.584625367258951201e+01
4.208388143484567223e+01
-4.304324798034983246e+00
9.535524177059059525e+01
4.888484470697353856e+01
-5.939802585718602757e+00
5.797532482954130728e+01
-2.572820673120501311e+01
-6.165145006502605440e+00
3.653261018474672284e+01
1.944924546642503316e+01
3.232560943543546728e+01
-2.712403080298084035e+01
2.070051161746231116e+01
3.502869597593748807e+01
-2.709182788066627268e+00
3.816838469426399882e+01
2.497063120625802668e+01
2.345319090874873780e+00
4.169520104060552512e+01
3.100687471232063075e+01
2.129512743498350602e+01
3.013396965494840885e+01
-6.438040318989305177e+00
5.174616907593098603e+01
3.832652373220957998e+01
3.486111913578409371e+01
1.102296727598785537e+02
7.738695180149981923e+01
2.721975276234903873e+01
4.497867439247414723e+00
3.396988946823876887e+01
2.459173188174149161e+01
-8.686009820026768580e+00
2.865176845260794636e+01
2.332183748719411653e+01
-6.734152312812831553e+00
4.050077779089036767e+01
2.665897761070111471e+01
5.906194197525167056e+01
3.139282876575010306e+01
2.593256775870641562e+01
4.825484006240187540e+01
1.687569671816535433e+01
-3.054934363537542197e+01
2.004977334212935958e+01
2.959836602571844466e+01
7.130956829082897741e+00
2.942211596396193940e+01
2.519953226152397363e+01
2.155781239012568307e+01
2.596271984216618733e+01
1.273025661601957736e+01
3.381352897190714657e+01
2.787308130370990256e+01
3.127970794018996159e+01
1.314309225152768512e+01
2.620250675229287651e+01
5.537187779642827934e+01
1.444517366003561776e+01
2.814715882085301857e+01
1.769075799367253765e+01
4.008314178831088270e+01
2.186016198516441023e+01
2.240540236273161767e+01
4.316961455527924585e+01
1.317916724544370766e+01
1.997791221120122884e+01
2.920823012910317829e+01
7.077465085554908342e+01
6.073394347746450705e+01
5.103771576274836264e+01
4.280514913552370615e+01
6.857893000738863520e+01
-3.719843080155065707e+00
3.791562128171469936e+01
3.438414668741811653e+01
3.723305009654578157e+01
2.619524526681969689e+01
2.669015251825609525e+01
3.113108852669014937e+01
1.664679336390431530e+01
1.207481992843248086e+01
6.069829212055127243e+01
2.778799249014306127e+01
2.423319003589386256e+01
3.042628294835510516e+01
3.228745029368488417e+01
1.904043501375095104e+01
6.523925790985835249e+00
2.111981666382349232e+01
2.670999421232511395e+01
2.707263257618630803e+01
1.567779789070377916e+01
2.110278883296778929e+01
-2.828109153449823054e+01
9.521181198098460641e-02
5.180524287227952129e+01
1.228775409316700262e+01
2.173686791151100905e+01
1.172650588312791520e+01
4.353835938440924735e+01
6.231742808686288271e+00
9.516253219848493927e-01
1.721166353148765182e+01
1.504235992131607880e+01
2.742138194730760858e+01
2.306837173900971649e+01
2.918474131882869216e+01
-6.459117758133075426e+00
1.848423359656388953e+01
2.187847974315677391e+01
4.343741931980983395e+01
1.412620916176193475e+01
1.736021042792699021e+01
3.019109079322556610e+01
4.113467785819889855e+01
2.257135772559139753e+01
5.985234039052812705e+00
3.616312278655981771e+01
5.850240911355437134e+01
3.271262049193538957e+01
4.198877714756284973e+01
3.314920517693309421e+01
1.732194284055584887e+01
2.273488972806381270e+01
-4.060235533766086036e+00
-7.041116251546995386e+00
1.699662364928319747e+01
3.100261632852423688e+01
2.927626927319580830e+01
5.890107727784189962e+01
2.607873973509733290e+01
-7.994798090616221486e+00
3.369308537897524047e+01
2.575015638084546055e+01
2.649887893861555455e+01
5.530523487013386585e+01
2.616271767803775106e+01
3.412486464448372203e+01
6.266146838105070671e+00
2.327908290219678378e+00
4.175641809845326691e+01
1.956214192255698237e+01
3.061540427316377588e+01
2.180368786080694221e+01
2.357209632822121392e+01
3.114530890990329226e+01
2.076584886523204432e+01
3.459132096525904387e+01
4.416680549128361122e+01
2.475987270753041614e+01
2.626951183231400222e+01
2.169032548406671168e+01
1.084394772145347829e+01
6.831624686682712877e+01
2.878679405900743404e+01
1.528950724535083872e+01
3.401329040186467267e+01
3.692326057744655543e+01
7.181270152649837257e+00
7.239907765194502076e-01
-4.990823350702346062e+00
2.111708059513652103e+01
3.476022939150939806e+01
4.781888239067235702e+00
2.543415835123993318e+01
4.090734887430583910e+01
2.319259847609209757e+01
2.057574870369712983e+01
7.183386171682941779e+01
1.205582895568296031e+01
9.257038691823762377e+00
-5.769075196098864211e+00
1.705463024711445996e+01
1.034214622031433883e+01
2.262015574557480946e+01
2.712887245663940305e+01
3.008578672343816507e+01
8.977496589893279477e+00
2.230618766373623529e+01
2.243973338050167854e+01
1.762894699328282400e+01
2.034760709547436974e+01
2.013833088816575767e+01
9.592421320248776695e+00
2.444607082389561015e+01
-2.253285512068094221e+01
2.079725893469907660e+01
1.982847459107806642e+01
1.623187816705801723e+01
-9.248837907813189929e+00
2.404725728232746462e+01
6.500602378291684857e+00
2.111993658961705833e+01
1.722734559832527523e+01
5.352008864495479656e+01
2.669436290233485565e+01
3.312344515846066884e+01
1.406238529621238520e+01
3.220047115924872827e+01
9.084308613485420736e+00
9.751944991938517049e+00
2.302918340611996584e+01
2.027705285683494907e+01
7.389689391180517930e+00
2.431324883390675140e+01
2.878716944330618333e+01
3.889260124241792482e+01
4.620182590110547949e+01
1.101448834136079569e+01
1.142094059366632131e+01
1.711860846214253229e+01
2.163208564772276787e+01
1.325913837635890857e+01
3.172505536537990167e+01
5.745472626154181484e+01
2.315055329434418852e+01
1.828473943552485181e+01
1.619792398258307031e+01
2.709804512300249613e+01
1.714377791038554477e+01
5.220586927938114741e+00
-1.315491224172649964e+01
2.981453540402742419e+01
1.514254078243054025e+01
1.823616319207624770e+01
2.287089142975210621e+01
1.980548677861401075e+01
3.657601051532579106e+01
2.407921134356898563e+01
2.044432009717086984e+01
2.516280435654487846e+01
3.483960057469217020e+01
2.279798420293278838e+01
2.101034666835877118e+01
2.650063399521424756e+01
2.731242872188751036e+01
6.383014685053041148e+00
-1.241205778046425934e+01
4.365278574058171301e+01
2.702328055845129740e+01
5.740904207998989506e+01
1.845985509490472509e+01
3.409246524921228172e+01
3.762655595769363970e+01
2.150056046505975971e+01
4.105478424489184874e+01
5.292869458571971109e+01
1.838416794194271731e+01
2.239491256914653050e+01
2.120771879433043949e+01
2.194282496418529860e+01
2.675191508675936802e+01
2.961180277998116850e+01
2.901118645358304349e+01
1.424168737549072539e+01
1.790101844644887663e+01
2.920720246143419985e+01
4.100048941849991024e+01
2.292624962768877594e+01
-1.670993044647021719e+01
2.323697388469975778e+01
4.806206326361460412e+01
1.875513775038054476e+01
1.862865883450353266e+01
2.264109577531866790e+01
1.202783777220539818e+01
-1.314467489887629625e+01
8.724029483129065454e+00
1.525248482533626948e+01
1.400366440419763236e+01
1.071940668524600149e+01
4.066378170822822824e+00
4.406146431725615287e+01
7.930261713903750120e+00
2.254393079072244888e+01
1.680049558467309012e+01
1.059720136030564497e+01
1.563345979788511642e+01
4.627533151819963564e+01
3.672738428293607171e+01
3.248997301214498634e+01
1.502483224459630406e+01
7.967936880933493171e+00
4.104615144646449210e+01
2.777521691268639614e+01
6.223742095404620045e+01
1.899931448505402898e+01
2.559152122510613125e+01
2.359674607919578193e+01
3.588181588001187095e+01
2.542646937560929388e+01
5.237056485075873269e+01
1.854954668076974400e+01
1.713550898114691634e+01
2.462760933453006373e+01
1.356744940795355348e+01
-1.803775639897512661e+01
2.149821109529751695e+01
2.425611841834474092e+01
1.242532346228795248e+01
1.307165750775399893e+01
2.397621806322832683e+01
3.131067519234364838e+01
2.336972186119767514e+01
5.712718945017935823e+01
1.212319060241703639e+01
2.085297046888877759e+01
1.694978545895035538e+01
2.336344110816939690e+01
2.092597546569835387e+01
3.149367771074741285e+01
1.167515744950810053e+01
3.531351829204742643e+01
5.235556228025016878e+01
2.191543091679162458e+01
6.314698688954159422e+00
2.412966047854083129e+01
2.399826858913728245e+01
2.486963163967506318e+01
3.087328897796943039e+01
1.761394191909509033e+01
2.298446728671157757e+01
2.147009090352198157e+01
4.742885954253014802e+01
-2.249108610545776088e+01
-3.928707479787032497e+00
2.209649054248102473e+01
2.609003205911692902e+01
1.649417050755733527e+01
-1.043183195049607548e+01
3.170024820249970077e+01
3.459279137470094412e+01
8.641004190678648555e+00
2.970848903566069765e+01
2.419471153524420259e+01
-1.372838215380067339e+00
2.090995837686964975e+01
1.693231111261060562e+01
2.106739088693467465e+01
3.444005666646462771e+01
3.486223638464648644e+01
5.963948496974214208e+01
3.343597957428545442e+01
1.481587500367735544e+01
3.066853881463462272e+01
5.868117799882416108e+00
1.960746925565806364e+01
2.346549717274745106e+01
4.524281324992664111e+01
2.025731061721096182e+01
2.584380119731805792e+01
2.516994018360996677e+01
2.473314014763563051e+01
2.773335394823157429e+01
1.917749604498719762e+01
2.825616235133396259e+01
2.644949408455798334e+01
2.145497128016041444e+01
1.318927579901874836e+01
2.350198362314817047e+01
2.130832174218876673e+01
-3.132147595958073083e+01
3.575600943967920387e+01
-9.648754169283890292e+00
1.628351184671214824e+01
-7.432932929973542713e+00
8.654324798584847045e+00
2.998478318106396046e+01
2.150095354156163552e+01
5.677453870041528461e+01
1.330512760418653961e+01
2.669694536784609795e+01
2.188691344145711426e+01
4.332987489001784098e+00
2.496178416449117421e+01
2.168927189800686506e+01
1.821430609618787244e+01
2.886142230709664602e+01
-1.076204143050456707e+01
2.408408101263185586e+01
1.186067321609733938e-01
2.554268409192824407e+01
2.628916416246651266e+01
2.601857732612178253e+01
2.349849367293853675e+01
2.531764429244128678e+01
3.665160738030866128e+01
3.208695639676587064e+01
2.679513225470520865e+01
2.715892550276400286e+01
-1.293523450035205968e+00
-3.832528675625184178e+00
2.078442166665733737e+01
2.063689725612560721e+01
2.738841486436830053e+01
2.614901153493114805e+01
2.616723428634314885e+01
1.960991881209737997e+01
2.542165966719745285e+01
3.473447631026788684e+01
5.223786068131443727e+01
2.683005889576372738e+01
-2.554368392429196888e+00
2.948984921570371398e+01
2.434188410283328707e+01
1.995794138712680876e+01
2.626886116436328678e+01
8.526007642076796955e+00
3.094121006072994362e+01
2.408671817577949881e+01
3.158598041576489379e+01
2.174995073786854149e+01
2.513264400592962033e+01
3.248655073338089494e+01
2.092417816616423920e+01
1.678022039677940569e+01
1.537659808366668024e+01
2.465775411803614858e+01
1.162412245607601058e+01
2.506266939133478289e+01
2.096971195444709579e+01
2.231048374454379157e+01
1.235464395985734143e+01
3.236275963564958147e+01
1.187621605063779029e+01
2.272925900315085102e+01
3.318854427796227924e+01
9.882858779112124736e+00
1.328559586720572305e+01
2.765239435578397575e+01
1.281743860328429108e+01
2.174298927005957793e+01
8.911896491111097163e+00
-5.846996755712936533e+00
2.577821613846179361e+01
2.853283408334545612e+01
5.177092457384561186e+01
2.639354533807897951e+01
6.491977067724260309e+00
2.756920682249450749e+01
3.385754695370493295e+01
2.787217151244693270e+01
3.664087478144295318e+01
3.170676739537113775e+01
2.270846394797894163e+01
1.929421390965573124e+01
1.748886126174885902e+01
2.786666901496754178e+01
3.186546832258512296e+01
3.749598666786306467e+01
2.633423646550004804e+01
2.388911196464537312e+01
2.767485606849741231e+01
2.891418057170123745e+01
2.472645977579572119e+01
3.005638485479444810e+01
6.487550878836266577e+00
2.614980486932552850e+01
2.524500474998676935e+01
2.552590334100605673e+01
1.106144749853182319e+01
2.674567645695365314e+01
4.159912960763051615e+01
1.576357114868953957e+01
1.883045660764156892e+01
2.095751527922935153e+01
2.896112464877866444e+01
2.225651457599127525e+01
2.008424548514740948e+01
1.045971401783105925e+01
7.018393147866373027e+00
1.918232708226988592e+01
3.687113665349915692e+01
2.142073690435215028e+01
1.773475852206428272e+01
2.111959984339775076e+01
2.875843549384702413e+01
2.031392075675988451e-01
2.092708756359053268e+01
1.691474421221715829e+01
3.491222404017137393e+01
2.058289786511756247e+01
2.022411187310420289e+01
1.381728987418063781e+01
2.398292274028209192e+01
2.105539524498557213e+01
3.515024861647196275e+01
4.260217926989774639e+00
-4.799424176023808997e+00
1.916686178636091142e+01
2.837381064822107390e+01
1.941693467638210535e+01
2.901484076232688381e+01
2.151113830477028088e+01
3.577376346275124774e+01
3.347469084569056008e+00
2.253530257285041571e+01
3.212810695408330020e+01
2.316661832830910939e+01
2.210780132006594556e+01
1.648717551861558306e+01
2.962407046194630311e+01
2.421267042207055908e+01
2.441294470679319772e+01
1.253023795943075847e+01
4.148718037772493261e+01
1.627277241885148840e+01
2.451396404995087153e+00
2.801261320609420835e+01
1.264984484736455883e+01
1.916963935731980584e+01
2.479636812086616970e+01
-5.770456170677491059e+00
1.689520035702729572e+01
1.485996964859271330e+01
9.576556327625558751e+00
9.637528854253105237e+00
1.917935478553297912e+01
1.618984543522872244e+01
1.619490821758206067e+01
2.292224154988432261e+01
6.402127327738320162e+01
2.446741208312010585e+01
1.347957809660995920e+01
9.482512280044227637e+00
2.009480539095994445e+01
1.200156425534703430e+01
2.009588164215341877e+01
3.288497383360687820e+01
2.887818977130253728e+01
2.522166518654272238e+01
1.116344828252127286e+01
4.412485170566910142e+00
1.196240175528406269e+01
4.830893812663198617e+01
2.634848819863292135e+01
5.133550385715963671e+01
9.083566175233507067e+00
2.889490847579804367e+01
3.219650827655653558e+01
1.903433457871519963e+01
-8.843393335545400191e+00
2.250989101173527018e+01
2.710408331122948056e+01
6.579918593177344732e+00
1.734332615446092163e+01
2.695917475948175834e+01
2.031056402380281511e+01
1.969257628691226003e+01
3.454755875382176100e-01
2.054912324229355391e+01
2.856535135816783111e+01
5.801541176383101117e+01
6.293971145158177904e+00
2.464964125236911130e+01
9.498021342092648922e+00
1.166536955674839504e+00
1.027942711388050157e+01
1.691306938629043088e+01
3.623084913158350417e+01
2.269275373429544373e+01
3.023626659194231081e+01
8.726599103235733068e+00
2.268684165440761902e+01
1.081870583755545923e+01
3.213086722837807940e+01
1.600856258494505013e+01
1.396416939174551963e+01
1.854609405089331275e+01
1.643482079655722572e+01
2.728481305347112951e+01
1.882219956199988076e+01
1.620553677490524791e+01
1.520145667280610979e+01
4.086269667521716542e+01
1.076540185004249395e+01
1.275156184469816267e+01
1.527005149353867530e+01
2.353228726989203423e+01
1.932803869551334941e+01
1.725305922966493455e+01
3.028281353829557077e+01
2.194513163196683081e+01
4.584833403925248518e+00
2.901040317949213687e+01
2.236410339868397301e+01
4.818886917577758311e+01
2.743569644189408763e+01
6.649598519934393437e+00
-6.357927822333564905e+00
4.684542495552706498e+01
2.417720671180838821e+01
2.439455177627101889e+01
1.241359893065471098e+01
2.849129122940740544e+01
1.707241015677956852e+01
2.044531718530260989e+01
1.047795963509717154e+00
4.048049326741491427e+01
4.954046608981958855e+01
1.948971280494447456e+00
2.283064913768605919e+01
2.529673399914189957e+01
1.135688914602776656e+01
1.137279266336925687e+01
3.947385896777733905e+01
2.717940747386515454e+01
4.405942819657401088e+01
6.209588713153699757e-01
2.608267029447415553e+01
2.269309558138942151e+01
2.109543296982598903e+01
-2.483378594043995946e+01
3.943276560670770436e+01
2.113144536336856305e+01
3.274392285225580679e+01
4.110354251888892207e+01
2.794764746726178828e+01
1.135856034606848830e+01
1.523942464216244552e+01
3.595466567816781378e+01
1.941295586081214708e+01
1.843642600579365620e+01
2.264019336379497105e+01
3.166671770449347889e+01
2.408090720507419746e+01
2.414229152607386908e+01
2.925000223326486548e+01
3.098468464261846833e+01
1.790297310137695774e+01
2.081095110298880968e+01
2.343599244126725267e+01
3.944346425000757250e+01
2.469671179434162411e+01
2.091430263859959737e+01
4.069282030346514034e+00
4.719203425286157483e+01
2.784999023590819434e+01
2.399420392124068258e+01
2.321824305195291771e+01
2.493313669304739832e+01
-9.870001641855004948e+00
2.570605951720117233e+01
3.389449787582330487e+01
2.409621196461851866e+01
1.197847444622788515e+01
6.915853074236167686e+00
4.325969617323021055e+01
2.457293769313504583e+01
2.555306781953650130e+01
1.326726269701621064e+01
1.769365824314977687e+01
2.023050518461176850e+01
8.445883274821580855e+00
2.400747055928920304e+01
2.080632350832278021e+01
1.932755545872939962e+01
2.767143048752494394e+01
1.819951623535244067e+01
3.254586526690142989e+01
5.221131890440931045e+01
4.607939840703311063e+01
1.844356843236430876e+01
1.923268489205506171e+01
2.023401768165213355e+01
2.917999785781503874e+01
1.926023889970901948e+01
1.897944175984272519e+01
3.032338092315641020e+01
2.497276863386115764e+01
1.440560623781534844e+01
2.199865414854038903e+01
2.499682484733452981e+01
1.488086156414158623e+01
3.209986532710269458e+00
7.713300140278951389e+00
1.978283963932892320e+01
7.216607144819541020e+00
2.291171765215121781e+01
1.974526882246366455e+01
1.865070703117568840e+01
2.907621145539247820e+01
5.573385847792149406e+00
1.858205941308055031e+01
2.838176260323969302e+01
1.613135354845509539e+01
5.077204077450332420e-01
2.827339115172662076e+01
2.336393126522015606e+01
1.684501806195394025e+01
3.127781454710469333e+01
1.757143765894036491e+01
1.420776532087059962e+01
1.012123876906833608e+01
1.819427428924647927e+01
3.586765379544185350e+01
2.046827871725868775e+01
3.509807954240449135e+01
2.176882062766913251e+01
1.366750265617012872e+01
3.353919280096097566e+01
2.285475488387448095e+01
3.901413091302366354e+01
2.664820676107643393e+01
9.942601341007001992e+00
1.114942278130317632e+01
1.820732643744916146e+01
7.296832455865605027e-01
2.690965755746180577e+01
7.076813587769402503e+00
2.648009677943900542e+01
-1.004944069006387863e+01
1.951330724552354212e+01
4.316656492315025417e+01
3.123737086368578275e+01
1.504380837582333186e+01
5.532587854840929964e+00
3.534090573243228306e+01
1.490796279447886974e+01
1.055123923687820309e+01
1.279725383295818730e+01
2.105705511898167259e+01
1.693090410249044098e+01
3.088066989313512067e+01
3.943794455931417531e+01
3.101013645873813829e+01
1.820721499557651413e+01
1.400290879175880221e+01
3.290488081966322653e+01
2.867931834912427291e+01
4.054204414485644037e+01
1.608754037737957532e+01
9.749690728004379636e+00
2.002170978488447872e+01
2.858253683401203560e+01
1.153555062876963433e+01
1.501145452078915099e+01
4.093226327567112577e+01
2.083427970316917310e+01
2.413210535932766021e+01
1.655643793967539068e+01
1.803475063637264952e+01
2.740652400319565274e+01
1.821143068705611512e+01
1.569828742538962985e+01
2.803093330805155858e+01
3.105009908172779731e+01
5.159891325793252292e+01
2.900017935652462242e+01
3.266660591978549633e+01
1.801951910504757137e+01
2.305203600345141624e+01
3.278382810066749187e+01
5.461976078083591801e+01
1.706504640594976507e+01
3.651567702964655382e+01
-6.211607379450892807e+00
1.078093123768369566e+01
3.794033348994867794e+01
4.076354333186365153e+01
1.812397178486707361e+01
1.768461499045531937e+01
2.699996023900500219e+01
3.138729444436986071e+01
1.019303739877359760e+01
1.683697362545822784e+01
2.511217036037080419e+01
6.623523580072433958e+01
3.858548776498106747e+01
2.577455128823908481e+01
6.162203863274643112e+01
3.446010794582964820e+01
3.523678167061777344e+01
2.436974110775298286e+01
2.569275030573040652e+01
2.498627500747582886e+01
3.561619189146554731e+01
2.794521343406998426e+01
2.949835782087322045e+01
2.751099033735279420e+01
3.208557117197956643e+01
8.391902003757012452e+00
5.605875265284466025e+01
2.083919005818625436e+01
9.780544887752682826e+00
2.643997743086936225e+01
2.632856371144487895e+01
2.897029596622888192e+01
6.600908811213182048e+01
2.988318066706125364e+01
1.919782746970900433e+01
1.546451481638436043e+01
2.610173893775080955e+01
3.201581510656313156e+01
2.624272425738555725e+01
2.792754144540263184e+01
2.402354118602235289e+01
3.914733906226711468e+00
2.489765900448328750e+01
3.036203066082897450e+01
2.207253145718289744e+01
2.378305480605907363e+01
2.562839133956060067e+01
4.414920418601840879e+01
3.046053245158949707e+01
2.328453332031624967e+01
2.594898231120556886e+01
1.724920841889552392e+01
1.775959991026364548e+01
2.120800765622275463e+01
2.129774257242387847e+01
5.752873836956089093e+01
2.206097304632942979e+01
9.343705511439971190e+00
1.827105674350386622e+01
2.934479158064939952e+01
2.432088977406358765e+00
2.244465579921922682e+01
2.821426561394348553e+01
2.254056154393520117e+01
3.501174977394194343e+01
3.490911440926160481e+01
2.138137487853472862e+01
-1.257827636360996593e+01
3.157224700653207350e+01
4.296364988746108793e+01
3.448856754629575505e+01
2.517098048304018931e+01
1.676039668558704321e+01
2.717215661792406323e+01
9.380196113782037770e+00
1.567855330087616395e+01
1.293559275771527339e+01
4.264644557262779756e+01
2.946507806829227505e+01
2.553506700103802984e+01
2.360369714971675137e+01
2.165083400982314288e+01
3.275596408639863455e+01
2.305853828361724212e+01
3.944862952684701440e+00
1.857745891801504357e+01
1.866560007428843093e+01
1.913100102853368867e+01
9.308165114649934679e+00
2.806050554564639299e+01
2.687846024764353103e+01
2.174094381080249505e+01
4.181301997054284669e+01
1.072730780061455391e+01
6.592155870796155170e+00
2.297071245878690249e+01
2.223457467027825629e+01
2.283397992443515534e+01
2.120752378790086468e+01
2.213663583597715245e+01
2.355603784191973205e+01
5.376876858526716774e+01
1.311887218356598872e+01
2.808223534093977136e+01
1.957343968635614573e+01
2.975863999872568399e+01
1.359933747582461550e+01
2.756897413522245088e+01
3.892338752631637533e+01
1.709180233673100702e+01
2.876031510603827712e+01
3.112468347246913680e+01
8.734637941678958128e+00
2.183060433943045808e+01
2.144084411492664799e+01
2.934670271866552582e+01
1.106118141550933132e+01
2.120547228047450972e+01
1.609739235823769832e+01
2.076054264519938286e+01
2.759266987323702836e+01
2.005102991613372865e+01
2.577163825276443987e+01
1.761686092753777544e+01
8.526907559568988049e+00
2.222283168818693611e+01
2.328861364305791781e+01
4.145529654666584918e+01
1.659633767097639634e+01
-2.071718931072918934e+00
-8.954449567115005948e-01
2.334575731081872974e+01
4.227232211655509531e+01
-1.579118793823241162e+00
2.493460569836925345e+01
1.198631915246647672e+01
2.851995398136452309e+01
-1.304754781827632826e+00
1.706956866133868189e+01
1.955891226599493393e+01
3.166760949124735802e+01
3.333581423741841832e+01
2.175515855366375106e+01
2.857820240184614136e+01
4.499382005436206811e+01
2.783322260331329545e+01
2.866093480409404037e+01
1.644205860215463133e+01
2.413818204871138562e+01
2.115816653335664554e+01
3.242637023141639219e+01
2.829547694742473496e+01
2.381656672893402771e+01
2.905693781842726153e+01
2.547542444710511589e+01
1.663542007961741831e+01
2.711800992046625680e+01
1.949936426668568501e+01
2.351611873367212269e+01
2.994070177172260827e+01
2.658121886903146702e+01
2.514759022429781155e+01
4.099647743721973825e+01
2.258354004605169862e+01
2.612918402475283841e+01
1.443023355930035301e+01
2.741594912110371851e+01
1.666968566692320763e+01
2.176883294544449399e+00
1.743502305626489601e+01
1.713957509170236904e+01
2.245349678916776170e+01
4.276140439931639747e+01
2.118518545017577992e+01
2.464147585293602560e+01
2.469202767918558550e+01
3.790144499196547656e+01
1.721293381472611372e+01
1.346332909518995002e+01
3.104310530454569417e+01
2.536996513033651723e+01
2.536612243761343777e+01
1.397414554583464863e+01
2.303493829871144172e+01
2.127122910762468422e+01
3.122282565910937890e+01
9.689692565821967918e+00
1.310903681982968472e+01
2.773097620235133220e+01
3.566488106904267852e+01
2.711562876943897749e+01
2.261732499290198106e+01
4.224400627782718232e+01
1.687152895105431938e+01
3.072008411284753748e+01
2.432836309859726498e+01
1.094854722525320945e+01
2.502041010472766658e+01
1.253209680992173958e+01
2.451736601349409028e+01
2.906361575457832913e+01
3.063417422349382591e+01
2.275848456586190593e+01
2.229484866348695959e+01
2.839322558891809933e+01
2.166533133869862482e+01
1.345420299549094167e+01
2.209107511151723457e+01
3.250298440478134410e+01
9.213809215868993263e+00
4.136539078153673898e+01
2.652942303472719487e+01
2.432833368279840869e+01
2.923619636531184796e+01
3.683083614484348800e+01
2.407605409406387764e+01
2.980410275590073610e+01
3.520070788606648904e+01
2.442825292518268299e+01
2.717407634298647778e+01
2.772361817694860164e+01
3.873135430835410631e+01
2.635055034509399263e+01
2.984082996459362391e+01
5.272716293050967096e+01
3.099114762968614656e+01
2.370114235124577462e+01
1.940707846725773322e+01
2.965278434656197959e+01
1.668609475277571619e+01
1.710962765081736237e+01
2.750981773609053604e+01
2.597823552107816170e+01
8.921410064927588479e+00
2.026894525453701235e+01
2.596176707274800677e+01
2.438498959455089476e+01
2.292389536929785621e+01
2.642994428215146385e+01
2.224062166436668875e+01
2.329480753472114429e+01
2.547285481366882465e+01
2.460163489830620875e+01
3.344045139789832888e+01
1.610816250120642579e+01
3.661316873696058849e+01
1.608558641555784519e+01
1.688496518984043604e+01
3.432050678272258892e+01
2.022480708310767383e+01
3.077761533605748667e+01
3.622146809431496450e+01
3.076789684881165243e+01
2.493013988116134527e+01
2.513577510791403924e+01
2.561963864181172568e+01
3.959434294100233842e+01
2.697394598964054069e+01
4.394010240734552752e+01
2.617783815305509520e+01
3.106903399583282521e+01
1.128076492332114178e+01
2.493377207128923345e+01
2.450557822505650307e+01
2.551733345201981962e+01
1.369695616722145637e+01
2.000633803159371737e+01
2.395702527351365774e+01
3.797359015482665257e+01
2.424704947056597604e+01
1.949711619419578312e+01
4.972977449314303300e+01
1.910653587294763511e+01
2.990444706226506710e+01
2.559210673329407371e+01
2.096208807667503038e+01
2.073854290506984555e+01
2.349402228075804899e+01
3.586880050944941445e+00
2.993910596190171702e+01
2.900953082587323451e+01
2.928055275903938082e+01
1.866813989315147637e+01
2.637092042381887680e+01
2.987799417539016034e+01
2.968003482828315143e+01
2.284990171966770589e+01
1.725181418627619223e+01
1.619623662772021788e+01
2.495515297351818873e+01
4.306341989311604834e+01
2.365241403265034847e+01
8.523984363504826689e+00
2.899591622831981041e+01
2.935068776093082121e+01
2.357681091746513147e+01
2.034403743186603464e+01
1.695156291773507462e+01
2.901396263724094737e+01
2.085805176490294599e+01
9.610338939980774597e+00
2.661720495520967233e+01
2.564691269746873559e+01
2.597622032297149275e+01
2.265633231884246612e+01
3.549828086926305559e+01
2.280564852501596462e+01
1.775475945107971398e+01
1.146131530733896930e+01
2.608371302106485246e+01
2.025505519290510748e+01
-1.166921776046656589e-01
1.749151804493704532e+01
1.250272438135271535e+01
2.661705743202793073e+01
5.802148675690098401e+00
1.554435366540226582e+01
1.750061771844058711e+01
2.846941710830946093e+01
1.736609885770113948e+01
2.569143804047542901e+01
8.459646893156909542e+00
3.727088382902287833e+01
2.291310730420178388e+01
2.328903688908238934e+01
2.481222622263289779e+01
6.027727288460181398e+01
2.500468857641945775e+01
2.883551330459333428e+01
3.379283365837308395e+01
2.870770243329645766e+01
2.984151018069421113e+01
2.596906259484626744e+01
1.444956532813231753e+01
4.709692073271979496e+01
3.229455182729749652e+01
3.576598045750517940e+01
2.829990159421532425e+01
2.729031206094458639e+01
2.522549333371597413e+01
1.469154566326342248e+01
9.835439117244108687e+00
3.592308867419983898e+01
2.588717498668643913e+01
2.464444251134963437e+01
2.307597815191515878e+01
2.436604992253295165e+01
2.638070157096078461e+01
2.262949971282688111e+01
2.852741373654615487e+01
2.508175294124674437e+01
3.180361851441772814e+01
2.389644826375230835e+01
3.765327637202236133e+01
3.586883376876697582e+01
2.194378951306385872e+01
3.363327905740093371e+01
4.332711338696647374e+01
2.780681274914244838e+01
1.991128992390169472e+01
2.012034847169590179e+01
2.989308090005997087e+01
1.130696704933154351e+01
2.622052913955475262e+01
2.005709875703438883e+01
2.629634964183354384e+01
2.796399808128901654e+01
2.977233762518890714e+01
2.309968432272806638e+01
2.221457251788888243e+01
2.863280125747870386e+01
2.450804978398031864e+01
2.614122829829270245e+01
2.731549256834785666e+01
2.927187340738981902e+01
3.335845372930712927e+01
2.952854180521607574e+01
2.899606983995895249e+01
3.111434443212342771e+01
3.020218836976672350e+01
4.298842472013040350e+01
2.080579810555978426e+01
1.486870921301996518e+01
1.692664682333163384e+01
1.835780009373463173e+01
4.741531178198730601e+01
2.666797908996477062e+01
4.097082988574858575e+01
3.528545276395831820e+00
2.419108690885307666e+01
4.281562948744331720e+01
2.656757837317746507e+01
3.216858360863306388e+01
2.841522830510747255e+01
3.391356717143300870e+01
2.308685203689013576e+01
1.720414569849878816e+01
1.935674582380427111e+01
1.054791557438816518e+01
-6.377859092669275753e+00
2.637691116692608873e+01
2.295716143797394793e+01
6.188976526175164139e+00
3.268233433453421100e+01
3.638343863931579847e+01
1.934194686966711174e+01
2.628437808954230093e+01
1.096279514405661537e+01
3.140555989656572677e+01
2.151797668479734682e+01
3.074722170792342268e+01
2.859494093708946139e+01
3.023833662752628015e+01
2.412461820109514932e+01
2.978073800754330236e+01
3.414115115374534071e+01
2.526511503305147599e+01
3.335055793002545954e+01
2.744761449355734584e+01
2.819767234262204525e+01
2.486278905962684505e+01
3.726318376775171259e+01
1.992365250168701607e+01
2.272952790827603309e+01
2.012867457896395607e+01
3.721999824511981814e+01
3.369194471069740615e+01
2.894569990331633491e+01
8.365916286433950688e+00
4.131945175483080845e+01
2.888251124733923803e+01
3.750816632655219252e+01
2.249916088663787761e+01
1.697671488270183460e+01
1.621406250468150034e+01
2.130694377328056532e+01
2.308167854833876120e+01
1.757651641849701818e+01
3.000191714724118341e+01
1.225259173418147540e+01
2.352490034982445266e+01
1.850725202910926015e+01
2.489610325962879145e+01
2.987001148878250589e+01
3.550754614855802771e+01
3.200282804395233427e+01
4.111759985709637988e+01
3.102429770708098999e+01
2.399775324576236102e+01
3.888411520193155013e+01
1.752386981050802461e+01
3.109721133672396576e+01
3.512016961914485336e+01
1.056852292445143959e+01
1.916647567631427052e+01
4.126240692903915885e+01
2.491642228308439400e+00
4.313887568044428633e+01
4.285145519831877436e+01
1.521977715026624622e+01
2.679174245056795911e+01
1.797627313505237368e+01
3.680250801082461010e+01
2.452800764311431081e+01
2.337094028854933114e+01
3.525117599615056463e+01
1.235194963669490775e+01
4.414333977829033273e+01
1.949607716975688376e+01
2.754692741478206131e+01
2.253743030581934903e+01
2.285517195766427534e+01
4.406771315528240507e+01
2.768787640030489783e+01
1.740568662186932158e+01
2.804811616151093645e+01
2.029750144531221423e+01
2.949431339497389004e+01
-3.587926309494424260e+00
2.495774863574415292e+01
2.448857984606166482e+01
2.271898141677175786e+01
2.052802938370402686e+01
2.153081014298288309e+01
2.980567255358868195e+01
2.374475055806703594e+01
9.568131416093617503e+00
5.944664258517225619e+01
2.776902967455877658e+01
2.056028465647366232e+01
2.683670160949833061e+01
1.954243053796855634e+01
2.073223493792742289e+01
2.326630092677367401e+01
4.253504300082157386e+01
3.862197963091718123e+01
2.129222876311259682e+01
4.292582706355683797e+01
2.437037332026605441e+01
4.796813094193117166e+01
1.791640748164564911e+01
2.706692802212403137e+01
2.997300920024863657e+01
2.684827896749318299e+01
2.001829290335721723e+01
1.658713322919565769e+01
1.854987230955587663e+01
2.938343819144816393e+01
2.609413547214069951e+01
3.888479659227897400e+01
3.143869896842897660e+01
3.259603585585005447e+01
2.876233857658230164e+01
8.247691759225027397e+00
7.782129893404459153e+00
3.196567879688401348e+01
2.522104191914241156e+01
1.499312989091442816e+01
3.103047369469039296e+01
2.772653779725460765e+01
5.253570815904932090e+01
3.245518896520896135e+01
2.883080806167681587e+01
2.542853849252077225e+01
1.698473918372019753e+01
2.468171911002610841e+01
2.863347843588882924e+01
1.572637179760371851e+01
1.622167364600615613e+01
2.564534742392161348e+01
1.697071444916394256e+01
1.878519898338054617e+01
2.677904894627162236e+01
2.158499104117827727e+01
2.942948750720687556e+01
3.521202807176953797e+01
2.715723320868670498e+01
3.260569520969904289e+01
3.693460657566677696e+01
2.204071142489777912e+01
3.941991420220551845e+01
3.138195691098214013e+01
5.208337228562182730e+01
4.439810085098573467e+01
2.432102314633617368e+01
2.734885621472308159e+01
2.532995378323369451e+01
3.457411191703631204e+01
2.711718768413170721e+01
3.911152400754750857e+01
4.102962757982224673e+01
2.532596637842241805e+01
2.603550488565831955e+01
2.519707448510117942e+01
4.409872349270651171e+01
2.337836239957112738e+01
3.004219454739379458e+01
3.209736775533263398e+01
2.335672689903142540e+01
3.023376730814052493e+01
3.202750467084418062e+01
2.511357278524564762e+01
2.811652707597494327e+01
3.476174660979431508e+01
2.881836584887443564e+01
2.930695087934214627e+01
3.253709227803140180e+01
2.948376549992936546e+01
2.607807091272605504e+01
2.882730589426184409e+01
2.827043025352096350e+01
2.933014126941905886e+01
2.824169112966690065e+01
1.360741114385023565e+01
4.035310979313723578e+01
2.059047806880436937e+01
2.644295911158161161e+01
2.785461388580139541e+01
3.560797832036173816e+01
2.453193855745524488e+01
3.045363048282768759e+01
3.441315517466397012e+01
2.195039317054419570e+01
2.505380480282877542e+01
3.089812172225086329e+01
2.814665500995073089e+01
3.227615263541749613e+01
1.784932106198583313e+01
1.058620129135409549e+01
3.359352410223051066e+01
3.343505689718700324e+01
2.559431133279767678e+01
6.328861319668615693e+01
5.970331876679738059e+01
2.823021964616356883e+01
1.349698673999786891e+01
1.934481169904777431e+01
3.833141987243585902e+01
2.946929886453899883e+01
2.036106833603665933e+01
2.348763489610038135e+01
2.521661448166702613e+01
2.585800462940002475e+01
2.937375093593128028e+01
2.790785598416473690e+01
3.644742855799117365e+01
2.977719037705560723e+01
3.001114636868242513e+01
2.909010485925401213e+01
4.458651796687324520e+01
3.038486658816081842e+01
4.895320591325783255e+01
3.085832664801345260e+01
2.956213984093787062e+01
3.064014316377327063e+01
3.080317547167420855e+01
2.522015195367456641e+01
2.222390210313048442e+01
3.170155188864420381e+01
3.295307797578583120e+01
4.382903518885226646e+01
1.982689399398463692e+01
2.365721553466475768e+01
3.467066646044648337e+01
1.885700506130566012e+01
3.009457359388044040e+01
3.108883790182223805e+01
3.263175913762542280e+01
3.619096647077166296e+01
3.578586642228263059e+01
3.070452908476557141e+01
3.470908735653790700e+01
2.604908139305989323e+01
2.498477043205745574e+01
2.774256831353668318e+01
4.288965586109378592e+01
8.808251378573629609e+00
3.269192377664168703e+01
2.231750813378871356e+01
2.504760426093143266e+01
1.295156807930393583e+01
3.329538345016491974e+01
1.911540905844345417e+01
2.707652185262682920e+01
1.737769126766082195e+01
2.328571374257858650e+01
2.078629464270591498e+01
9.353560531241242870e-01
2.339720572663192399e+01
2.699993866158908062e+01
2.513933430820595305e+01
2.636925327783399808e+01
4.321741252924407206e+01
8.266043706203568320e+00
2.688494488272727523e+01
1.774347301643800989e+01
3.252396376045696513e+01
2.481650286616657652e+01
1.093814916246742186e+01
3.166936679919565023e+01
3.073656236056272917e+01
1.786109909243940308e+01
3.584060161424690705e+01
2.613865470175300842e+01
3.809325859382543911e+01
6.411526269009286239e+00
2.451329596500692531e+01
2.140725789365002285e+01
1.954473090399805102e+01
2.702136657318706270e+01
2.803655465352057874e+01
2.589091680285886454e+01
1.728722416317898691e+01
2.390959561095786512e+01
1.416953852696300231e+01
1.826517655506485482e+01
3.046194160844722276e+01
2.649166939997497749e+01
1.693761394760772632e+01
2.871530068667037838e+01
2.910402119119894593e+01
2.477872605600028422e+01
2.333211147794581919e+01
1.490614230386620953e+01
2.654469388609831881e+01
5.664970944146826781e+00
2.549334449053592877e+01
1.936400696938162014e+01
4.706056802295588426e+01
2.472991182912493713e+01
2.868968042802409713e+01
1.923745365067318147e+01
1.505881320368874299e+01
1.993748566103444375e+01
1.917749692980395082e+01
1.046959951639812836e+01
1.881972944385858426e+01
1.848621327579114393e+01
1.599371849729697281e+01
2.406862511163051366e+01
2.052011483855006446e+01
2.184209819241623762e+01
2.274196977659910246e+01
1.797134026556804542e+01
2.169391690623738711e+01
2.098590480593505703e+01
3.775256286083341450e+01
3.835792507737674839e+01
2.493808455066756480e+01
3.160863557985566885e+01
2.548681765016431200e+01
2.415567130164847498e+01
3.189224312776477888e+01
1.697360380269437030e+01
1.270723489387733096e+01
1.295920664514358833e+01
2.340873979449231967e+01
3.550769442307636581e+01
2.960336444451700899e+01
4.426500091762393652e+01
2.974945365112377260e+01
3.874609765771172931e+01
3.091916413229036209e+01
2.791094810468255005e+01
2.562641154692477130e+01
2.189898600347372692e+01
2.853766779587626345e+01
3.850800097134420952e+01
3.243118478416907635e+01
5.582036825673995395e+01
3.072016780775150835e+01
2.738193985108986794e+01
6.064418972739402136e+01
4.779947051609787678e+01
3.395520408648880561e+01
3.823867125287675606e+01
2.310668456465081633e+01
2.498363482557273940e+01
2.902495578750366079e+01
3.069029253445209093e+01
3.386768667417150880e+01
2.972363515940416079e+01
-4.820718305131471482e+00
1.780789705866381212e+01
5.680640201616552076e+01
5.957354588278865037e+01
2.036094253568542456e+00
-4.526828228102780116e+01
4.442913670721786445e+01
8.808274025313559719e+01
4.514034974519953636e+01
5.171158033864035986e+01
2.777497720514738333e+01
2.012011040029086928e+01
3.391105506764529309e+01
3.078136617485241544e+01
3.002846422464089926e+01
2.611304509526809525e+01
2.309021871801296655e+01
3.256415955597633172e+01
2.542133133278494128e+01
7.206372799752966074e+00
2.476266268954047689e+01
1.959245374878219792e+01
3.119812409168995870e+01
2.019152621653656610e+01
4.137839065154078355e+01
3.458129847012567382e+01
3.440875152970525619e+01
3.142132148720392593e+01
3.258501363328262102e+01
2.914966093124401780e+01
2.421266470077232924e+01
2.789308774821026660e+01
2.529726727200782577e+01
2.287100855571625146e+01
5.494305126869054590e+00
2.904735990711651539e+01
2.853291087659274083e+01
3.551098186544126634e+01
3.093293904078680612e+01
4.071690115335191962e+01
3.381720838891646963e+01
3.137962237104777330e+01
3.694476936754762875e+01
3.463134355494527483e+01
3.227733443467823804e+01
3.735976324804464355e+01
1.248873911406472104e+01
2.281049262878850925e+01
3.804794401603575693e+01
2.368832945948055624e+01
3.579101443004274330e+01
3.541739155031768860e+01
2.774152930657330884e+01
4.482697573270311153e+00
3.218963014364766195e+01
3.198815497106271621e+01
1.942097721343286310e+01
4.009516326956931920e+01
3.196294100581905084e+01
2.848112684822800844e+01
3.132753625020760424e+01
2.823116041857839775e+01
2.581307078894270290e+01
2.175677734182420764e+01
3.133281302101350008e+01
4.284278610172864887e+01
2.782484455328120987e+01
1.945902748998191711e+01
2.156609410614483835e+01
2.942435839417366594e+01
1.093820161847703787e+01
3.910184468815016601e+01
2.602429803849792478e+01
1.348691448435142703e+01
2.491843623355997650e+01
3.241310039655947151e+01
2.837833957186257905e+01
3.031118779490363835e+01
3.653966223239787325e+01
2.289630063505574498e+01
2.610958635793314642e+01
3.479285504891475966e+01
3.457915168784640514e+01
3.196983368851303808e+01
4.665070663892618086e+01
2.830524212470201206e+01
3.009555404728781980e+01
5.541065179869988810e+00
3.711170888396255663e+01
3.015066743757516576e+01
6.407852637632693416e+01
4.096215137024228170e+01
2.534562913685649477e+01
3.049339534016978703e+01
2.420191815581935657e+01
3.010043856392459105e+01
3.575038998447080019e+01
4.072306813708577522e+01
1.169640906442196382e+01
5.635958963830137947e+00
3.035571507177560591e+01
2.679058759361920750e+01
3.337095924501291222e+01
2.962529431151765991e+01
2.365788850524893761e+01
5.305840823847547938e+01
2.356977191309805519e+01
2.493589976357235116e+01
3.397231932539999377e+01
5.022498231439964655e+01
2.791677774513249588e+01
2.667784236663276332e+01
2.581404862604209427e+01
2.600082896636585161e+01
2.795822413297818798e+01
3.744936412799809489e+01
1.457815029232893522e+00
1.304778034077425630e+01
2.832793572488494505e+01
2.685996440624759529e+01
2.362300845972422181e+01
2.992550985132430696e+01
3.184680525045837385e+01
3.000622194526312470e+01
1.634199204456568566e+01
2.468399415088776649e+01
3.166215037029304114e+01
1.180407224633626839e+01
3.210015613236900123e+01
3.005104281886089979e+01
1.763328272189990287e+01
4.226655609490354948e+01
4.486996177670479824e+01
3.196892587392898122e+01
4.129306560466961429e+01
3.095813816571596533e+01
2.848656312019315351e+01
1.791149578410569632e+01
2.548299341430662324e+01
2.896174355472301087e+01
2.041271385365383395e+01
3.546530554514227873e+01
1.814636596404574220e+01
3.658264831364882497e+01
4.464129298666556167e+01
1.749112091028604254e+01
3.276488440883940001e+01
1.316185247875054287e+01
4.879774601975277903e+01
2.839378945083631223e+01
4.924281241989387325e+00
3.057951656802808671e+01
9.507694543012844335e+00
2.746891500239676276e+01
7.953050661678190636e+00
2.722234284628333612e+01
1.711147678592069354e+01
2.619513321014594709e+01
2.924586911959208280e+01
3.517152687001035360e+01
2.590189346482384991e+01
3.482917732985974624e+01
2.600488260811619057e+01
2.306277437446123812e+01
1.847822656539980812e+01
3.260680982412122120e+00
6.300609631976313096e+01
3.640238943403155503e+01
3.386411800258643723e+01
2.769219947178108754e+01
2.818902223054864820e+01
2.783656138564525406e+01
3.145100850583001417e+01
1.167113829141836234e+01
2.917882682238408520e+01
3.148554815936326534e+01
3.249558687872782059e+01
3.352999772070603512e+00
1.017496374352057487e+01
3.375893789541470369e+01
1.690661494235163076e+01
3.264251045279079477e+01
3.746037856928032284e+01
3.162265676813080262e+01
3.037552338335169111e+01
3.313886567427269370e+01
3.597487284251099027e+01
2.921581868645689894e+01
2.767989713882688818e+01
4.031846455022324704e+01
2.360852561102189995e+01
2.885891227565075567e+01
3.061331379916311235e+01
3.817638772323863350e+01
2.612739147289133967e+01
4.019802483727801246e+01
2.604597527467902651e+01
3.598757373135208582e+01
3.904488975005521212e+01
2.950769746243408065e+01
2.093764796190981059e+01
2.963514596203039275e+01
3.151877707928958117e+01
2.266191556608436741e+01
2.843665956912833082e+00
4.014224399901357287e+01
3.744115911733040747e+01
1.848919640719442370e+01
2.897758686093521874e+01
3.134923839310139115e+01
2.014603289276182352e+01
4.666817674163797136e+01
1.939696129652658030e+01
8.576391343316796423e+00
2.742178474429771384e+01
2.172988932600350864e+01
1.356164083469729675e+01
2.815266198309628365e+01
2.512663503796091646e+01
2.808573663780019558e+01
3.084681354844168055e+01
3.982049981749356249e+01
3.757680670028957337e+01
4.214391865595978004e+01
3.874191224263405786e+01
5.689550164638880858e+01
5.261057466929557336e+01
4.565641292222196768e+01
3.148265089001688821e+01
3.200246397769636530e+01
2.352301633065576780e+01
1.573911087061694580e+01
2.069607828845192188e+01
1.176097061144620604e+01
3.438641538713589085e+01
2.004689479447066702e+01
2.863330653596495878e+01
2.149310514802860084e+01
4.912522668875560328e+00
1.157651035786280325e+01
2.633155927896555681e+01
2.916150154353323742e+01
4.505795965936250980e+01
2.043547630732817666e+01
2.746396746314578508e+01
-2.467544853167158436e+00
2.342745573104757284e+01
6.124622341948576576e+00
1.635919755430921185e+01
2.784993793255748784e+01
2.587019182876905177e+01
2.665223033407252728e+01
3.028953847192089555e+01
5.172550756928829685e+01
1.995362062748629839e+01
2.683488089944476229e+01
2.691128804315966505e+01
2.171803488001585336e+01
2.375696063207130848e+01
3.396167796257805094e+01
3.408728328985129963e+01
1.375469810584399610e+01
2.235903425004849154e+01
2.296315004348983990e+01
2.125812855658931255e+01
2.753420436990574416e+01
2.238058397012515144e+01
2.706016151109201573e+01
2.867979689757721218e+01
4.140900898102931649e+01
2.063211636066560217e+01
8.890471012992822608e+00
1.314473014132854800e+01
3.202796619055818184e+01
2.455118262816422714e+01
2.484265489949098793e+01
2.461464850844099672e+01
1.334357741247318430e+01
3.881143112758742575e+01
3.177077832301599258e+01
5.004442863011891518e+01
3.942294749044444302e+01
5.091170627877700383e+01
3.388980219511298486e+01
2.844701974639831477e+01
2.462933269611403020e+01
1.950725236207874502e+01
2.873754789895825112e+01
2.266374021086598489e+01
2.461363874824482423e+01
2.659846340046975044e+01
2.368235172758561546e+01
2.649809830780142050e+01
3.423404174318054061e+01
2.906042367519998848e+01
1.540695671536669309e+01
3.278634174997230843e+01
3.331882697315740671e+01
2.580996156563342581e+01
4.400729157869616870e+01
2.519966630858782963e+01
2.195412675732925578e+01
2.324172975675193697e+01
2.290505104851470008e+01
3.385624780925113697e+01
2.922789449827762098e+01
2.781470895550005196e+01
3.158677876431869791e+01
2.748907522063037945e+01
3.202217546770685175e+01
2.484862140203464520e+01
1.076086657515191902e+01
2.546796428779997967e+01
9.192894010499244928e+00
3.370733585820384093e+01
2.588076221229117735e+01
1.820437200586684412e+01
2.874667580407777123e+01
3.359963333583095135e+01
2.715121311719887842e+01
2.679225471480415521e+01
2.644033155312939343e+01
3.015774178712971576e+01
1.797956887304360407e+01
1.642457041860295064e+01
2.600506211161110315e+01
2.371664793943378413e+01
2.483272042112362499e+01
2.656774606549488738e+01
2.372083725588337444e+01
2.255311849671643643e+01
2.987826858766544547e+01
5.203528815793787743e+01
2.934649120254071164e+01
3.314246729018852022e+01
3.661854263771424911e+01
2.107090397289902484e+01
2.953489560878630016e+01
2.369144224478052863e+01
1.325993679310183637e+01
1.989403330584525520e+01
3.579009709582483367e+01
1.961054607966175922e+01
2.530013439839423839e+01
1.884962892457102868e+01
3.817848352421218294e+01
2.588249596613312775e+01
2.760487982957032216e+01
4.535716289332714268e+01
2.015804747091936022e+01
3.034268035667813734e+01
2.551113046148983443e+01
2.316613139029142943e+01
2.311851302374881101e+01
2.284111793167575399e+01
2.429207454862949334e+01
2.492256873512255311e+01
2.516307126828703389e+01
1.268868431448571243e+01
2.108279996174086790e+01
3.075298679600508933e+01
7.835803601112070638e+00
2.438744307665880839e+01
2.485646529768452595e+01
3.176905481302193124e+01
3.070432910534654525e+01
2.024604830518705256e+01
4.152108879083444037e+01
2.019609865436764196e+01
2.678966920037800747e+01
4.373557047543665988e+01
2.249116425194590008e+01
2.626221533395980501e+01
2.177999574823087059e+01
2.594316062571398263e+01
1.245118541036501902e+01
2.469953949694667017e+01
2.223263639127970848e+01
2.685149905113236102e+01
2.543038363224911791e+01
2.317259994491239183e+01
2.319836743114218436e+01
2.440075857026090134e+01
2.443700662182047978e+01
2.125476482891344077e+01
2.823004823547979569e+01
2.454397408719273344e+01
3.814313763910018906e+01
3.390541550076732591e+01
2.576078646732398880e+01
3.038180148137749725e+01
2.907246518220091858e+01
3.443386917791239199e+01
2.107477407762329236e+01
2.324109287606489715e+01
1.835185509548397320e+01
2.567360451611821759e+01
2.875583796585575769e+01
1.931461342032469730e+01
3.154059647571244085e+01
2.274473946327051266e+01
2.453952083227597925e+01
2.932924071396445598e+01
2.407218891830455121e+01
2.823472720692218729e+01
3.804771994174356564e+01
2.192815553967425757e+01
2.749776026740054036e+01
2.297136408765715387e+01
2.688478581703894577e+01
2.794502933722302274e+01
2.529828773318588730e+01
2.143713771200690843e+01
2.788557207955106421e+01
2.420486098704742162e+01
2.524640921237150692e+01
2.088482819359370168e+01
2.710660906823725824e+01
2.903624244436876012e+01
2.958864856372245455e+01
2.647690788531194173e+01
2.912111764985109730e+01
2.798024758843232007e+01
1.876632389080264574e+01
2.973388686593150254e+01
2.962650574840429840e+01
3.101181528631659745e+01
2.726033633343460849e+01
2.379096148359134943e+01
3.061106408166816806e+01
1.235590314396816858e+01
2.338611072890329723e+01
1.144523723715346186e+01
2.041557540009804939e+01
2.578359170982340842e+01
3.220616274070901852e+01
2.332725260917338161e+01
3.549300347045998194e+01
2.937242244632078325e+01
3.474927532130220698e+01
2.630744186132786311e+01
2.727074674237530871e+01
1.984164642066888717e+01
3.430919043594656159e+01
2.357628912454863013e+01
3.001372173902132801e+01
2.405957247171227564e+01
2.562639200773030268e+01
2.228307011175112251e+01
4.119522229395000323e+01
2.402232336335196905e+01
3.107164608047713728e+01
3.645256477922484351e+01
2.908591431775121805e+01
2.989371229609286473e+01
4.453905486670092273e+01
2.414148005445052192e+01
4.743038002569846157e+01
2.575872197164600053e+01
2.375385055655170774e+01
5.828180029119992867e+01
2.494142668489828552e+01
3.038362721313115244e+01
2.874439995486493871e+01
2.761849088763474924e+01
2.976088469241761203e+01
3.025999029793771555e+01
2.032555791752522367e+01
2.752357046255512429e+01
2.978838259552459178e+01
2.728590221541301020e+01
2.719601221567326377e+01
2.963657516325563535e+01
1.897505270918263776e+01
2.739722489748237422e+01
2.020071839062961772e+01
2.683670137483624529e+01
2.966989159938786713e+01
3.518938841842644649e+01
3.341352601934823952e+01
3.830058573973737168e+01
2.945366696738263457e+01
3.166669040614156572e+01
3.460100516140455085e+01
2.842183270231924652e+01
2.388555697807579037e+01
2.599854701843949201e+01
3.086105061021120832e+01
9.274390879416216649e+00
2.544938055070247884e+01
3.155351768615760477e+01
4.231719857024181408e+01
2.561365856482515113e+01
2.603697601111974791e+01
2.705883728440699443e+01
1.514185862081489908e+01
2.304957755846190892e+01
2.549501911561447898e+01
2.410404366385854757e+01
3.065707351772676148e+01
2.866630924587137486e+01
1.893670186831705848e+01
3.259627933696407354e+01
1.887968840947719684e+01
3.931408546194984410e+01
2.564991232254540421e+01
2.798592338669375934e+01
1.895501163074856166e+01
3.227313770955731798e+01
2.662302243916439437e+01
3.413973407002718119e+01
2.836299800703231355e+01
2.905987222961965344e+01
3.043867724894993287e+01
2.878123939817901800e+01
2.671624872187125987e+01
3.210789149157499622e+01
2.864948418377970540e+01
3.140998776385869107e+01
3.093925087879010505e+01
1.660057956929943757e+01
3.242974277845082298e+01
3.141082284338457242e+01
2.505529033537395023e+01
2.881973117651453364e+01
2.740508631688977914e+01
2.574731984733565326e+01
3.062247875003865971e+01
2.258390916348556487e+01
2.973471905274832494e+01
3.363365312249082706e+01
2.204342715433108069e+01
2.580944745967486753e+01
3.262093966337465645e+01
2.852758145090474073e+01
3.342895065883705996e+01
2.913127991033409003e+01
1.919567846185323390e+01
2.573124019963881182e+01
3.022580685793840516e+01
2.349372418866258627e+01
2.280579712756491872e+01
1.916764943444610836e+01
1.995388072428160342e+01
2.877470585582404894e+01
2.903203608505192790e+01
2.693325113344088351e+01
3.481531902636682219e+01
2.170331201675267607e+01
9.489656783622788083e+00
2.816672954022576292e+01
2.319863208435083024e+01
3.212022225124551511e+01
1.242020809761567968e+01
1.550762092626446709e+01
3.460691539560999530e+01
2.442205823116147911e+01
2.514204105836827807e+01
3.091048986467364301e+01
2.533914496620430157e+01
2.569362534914096585e+01
2.513398732075372877e+01
2.289733772063600270e+01
3.078981305806307489e+01
1.756498804626595245e+01
2.662338799221556229e+01
1.910214637211801403e+01
1.819324383570862835e+01
2.600631953695494047e+01
3.334320520944658028e+01
2.647663203674751742e+01
2.719316100762388544e+01
2.663091453825053279e+01
2.614090367434672046e+01
2.848588047764299347e+01
3.670812111190174676e+01
2.390636529278901179e+01
2.644367902058200315e+01
3.919448609610273593e+01
9.754554803257299511e+00
2.717801741153774842e+01
2.703695040978532660e+01
3.200473722720822423e+01
2.552580949567050084e+01
1.261850963187912633e+01
2.921940351585658036e+01
3.263999559025127439e+01
3.249801258864820852e+01
3.401263303844744712e+01
2.166587233643631194e+01
2.621927992438115140e+01
1.927218843397202264e+01
2.771347024689896088e+01
2.863117743970380147e+01
2.840380408770384690e+01
2.696880370367873070e+01
2.714543875842908349e+01
2.422311811578636309e+01
1.158628631831665601e+01
2.047944170857401502e+01
2.305638436298572813e+01
2.982263578306665508e+01
1.840786459210518800e+01
2.398229135219862940e+01
2.100759413522111885e+01
2.094115543236465982e+01
1.498795157925740718e+01
2.748656788717315891e+01
3.054183220933243703e+01
2.961415510578403953e+01
2.797186590879000434e+01
2.636337601607788628e+01
3.070506898097333348e+01
2.725050534016178005e+01
2.944144559211608936e+01
3.783529040709865399e+01
3.344871185130003255e+01
3.880477598389826710e+01
4.646796600978905190e+01
2.739854794271013816e+01
2.978940666534406390e+01
2.865787265939879447e+01
2.166781439669172471e+01
2.770950714877711007e+01
2.506189880285543481e+01
2.176764626575306139e+01
2.408040167845506474e+01
2.734855637933218375e+01
2.535823924626521020e+01
2.474403836277762281e+01
3.699018924917037054e+01
2.381426612740229132e+01
2.334052174326998141e+01
2.918911429115152600e+01
2.698010780225370198e+01
3.098518653933298239e+01
2.560163129699471085e+01
3.449390119766181328e+01
2.487880967411857114e+01
8.560084183604299568e+00
2.035785885650427929e+01
2.679708445021315200e+01
2.633749038904699447e+01
2.265274698520973118e+01
2.703454504458858665e+01
3.044968196867182897e+01
1.933682528229772757e+01
2.640608034743526034e+01
2.589808002468620529e+01
3.110720546214157878e+01
2.597775845102005476e+01
2.329977545835275521e+01
2.457824720481535863e+01
2.582875240659246430e+01
2.881332475937184512e+01
2.366421566161233159e+01
2.572250632011883908e+01
1.728930250053831941e+01
2.330914914183980358e+01
3.032465494574866938e+01
2.640295642480786498e+01
3.260843473847756968e+01
3.112888463527802330e+01
2.447704546505277889e+01
2.836101890872641462e+01
2.741027494396228192e+01
3.858669806332678576e+01
1.675344160869694221e+01
3.063936744199989803e+01
2.627510163186705583e+01
2.867151383042731183e+01
3.406041873678550758e+01
3.338960619660632290e+01
2.251251100520374848e+01
2.528119335073036211e+01
2.629056384555916281e+01
4.034360812344804259e+01
3.118350344401428487e+01
2.253217830183188752e+01
2.408303975389097573e+01
2.278249169021177423e+01
2.659368232751550920e+01
9.330977321445192985e+00
2.621473201221346017e+01
2.413446484450788887e+01
1.389656171085711023e+01
2.835482963402808565e+01
2.362256186733188201e+01
2.728572869090844222e+01
3.034039633677220849e+01
2.631514311051777355e+01
2.848789723148232156e+01
2.350976422681826250e+01
2.773538844581426943e+01
2.590543808099491230e+01
2.928688344446140945e+01
3.856140774747886013e+01
1.395677845738517675e+01
2.401899594701809093e+01
2.160454172248920912e+01
2.378863388962786729e+01
2.892397279003524346e+01
2.028855385508684606e+01
2.458884688447868783e+01
2.509152362142236115e+01
1.386877940254178299e+01
3.345387201930399357e+01
1.783584698656618528e+01
2.267325092569399558e+01
2.921187891038387008e+01
2.833861565158446894e+01
1.648712182906035295e+01
2.596362678547552960e+01
2.665282048577142504e+01
2.697794351922136258e+01
2.532490893834552992e+01
2.726580620736021032e+01
3.394642436491879067e+01
2.640242617009453596e+01
2.547145520591303480e+01
3.168219884263733377e+01
2.166775365375409379e+01
2.691262357333326705e+01
2.815531183372893764e+01
1.921839638118162696e+01
2.906087821554386252e+01
1.623480731643058306e+01
2.391500100740043422e+01
2.958927167512251089e+01
2.695510059330607078e+01
2.144172965325956781e+01
2.178519581673854333e+01
2.583700794377709897e+01
2.584964304071950991e+01
1.591199815455654942e+01
2.544179965366899410e+01
3.153987792012008384e+01
2.787485138585447686e+01
2.069711715112809713e+01
1.637441495550577031e+01
2.362894304965516667e+01
2.791805974098187448e+01
3.085518089533752573e+01
3.351542387485722685e+01
2.266089313222716228e+01
2.428182916448265516e+01
2.659201031259049941e+01
2.981287035372158911e+01
2.713029884104248168e+01
2.061456904995955597e+01
2.747037136184611228e+01
2.737154770353166455e+01
3.186757905967898097e+01
4.028972911381346478e+01
2.852539991268215758e+01
3.178095962408885811e+01
2.522889443750740668e+01
2.833608026451272366e+01
2.435827217141151380e+01
2.436244339328997199e+01
2.225895391220935338e+01
2.317549009318239328e+01
2.234274537919583636e+01
2.799759055036246025e+01
2.453713307065977745e+01
3.895754405376034413e+01
2.195662150913550903e+01
2.915686242446712839e+01
2.476280187255201426e+01
2.739318665727617841e+01
1.820563136241262470e+01
3.181127768102338393e+01
2.987230608342876792e+01
2.459401588625546609e+01
2.618943164761456188e+01
2.624584886085096969e+01
2.604220434534057205e+01
2.594974048984762049e+01
3.268442502583872766e+01
1.679580539504877379e+01
1.858622795184898280e+01
2.345230340461515439e+01
2.868182859196280887e+01
2.757112162385981691e+01
2.298864665986167921e+01
2.796153579098205100e+01
2.196120643005566819e+01
1.980878625643843094e+01
2.481634398770637517e+01
3.395840032138753628e+01
2.763039970867681205e+01
2.730425806336360495e+01
2.915239247581270376e+01
2.869333722788721630e+01
2.237901047420774958e+01
1.595929906271894616e+01
1.850204916975283709e+01
2.620930208277155771e+01
2.751762445367096177e+01
4.833586185269471969e+01
2.093481790035814072e+01
3.123796739741057849e+01
3.446989485676366627e+01
3.133231625424897970e+01
2.642530566850718898e+01
2.723303187418231275e+01
3.533881065542852440e+01
3.800248470859192196e+01
2.283359779853771698e+01
2.645253037438949661e+01
2.251457609769684964e+01
3.018317024043744112e+01
2.230735020812817027e+01
3.592298886500353206e+01
2.474426360828166338e+01
2.251969961126113517e+01
3.743809822068168813e+01
3.101252935392627563e+01
2.694091662526831854e+01
3.137576288824513071e+01
2.690839176667547150e+01
2.992545623398342158e+01
1.355981399186794434e+01
2.337204414943571606e+01
2.600968422364152133e+01
2.996825342245435664e+01
2.588520117852397107e+01
2.855670140956296166e+01
2.652647914336756330e+01
2.565392709694505058e+01
2.633613979319357767e+01
1.811721036943117724e+01
2.219474112289104895e+01
4.473752491571261203e+00
2.504081892282799870e+01
2.751518726197890174e+01
2.662212766611761339e+01
2.640844231644352291e+01
3.217937774994777556e+01
2.577430550175130719e+01
3.400325752662048728e+01
2.526130926654700914e+01
2.712897554984561310e+01
2.665410308205583334e+01
2.438639090758865891e+01
2.731233419906398652e+01
2.835235323032539156e+01
3.270308930380709711e+01
2.728823505510510117e+01
1.995579346826195533e+01
3.532587241188932126e+01
2.724716923573783944e+01
3.240862182264892510e+01
2.601497919982185181e+01
2.607643007244011102e+01
2.297897919655583365e+01
2.986456422379561459e+01
3.076330505207717536e+01
2.699946052568749622e+01
2.742991889125455174e+01
2.167821616200835422e+01
2.958476208014866060e+01
3.321805689774733139e+01
2.045286561805761494e+01
3.085094953498006731e+01
2.585151683043091353e+01
2.522430775868840414e+01
2.620891112109249477e+01
2.546040510734052020e+01
4.013312120039518049e+01
2.598978499756237781e+01
3.267219987724126895e+01
2.986639128380428332e+01
2.779779608987027117e+01
2.928886104808529112e+01
3.056634779084384235e+01
2.624492659703732755e+01
2.892748453662208874e+01
3.193898963383573175e+01
3.631800479590148711e+01
2.406738388209666368e+01
3.164815757785206785e+01
1.822699506629912491e+01
2.694799532444414680e+01
2.989105805350057210e+01
2.996949017583277808e+01
3.211463334493788579e+01
1.369736793881519610e+01
2.938588296985443904e+01
2.672590254665285414e+01
2.112004103332953164e+01
1.717122769300245011e+01
2.740503455044049375e+01
3.040167848437964437e+01
1.041539961771065848e+01
3.416355649752443924e+01
3.375828662043133477e+01
2.751391860005199774e+01
3.134880588122532075e+01
3.458674618647233245e+01
2.317543579536118514e+01
2.286289975372767458e+01
1.923112958165852149e+01
1.944130245568364046e+01
2.528575037905341460e+01
3.151395229240100448e+01
2.650918408139204629e+01
3.006508414622241432e+01
3.355113263477404217e+01
2.786647027480497840e+01
3.623445905248757271e+01
2.462740245947654216e+01
2.630706353983752166e+01
3.185305271483640510e+01
3.019102901438895259e+01
2.847896164234348504e+01
3.789158436582308553e+01
1.923307595921725976e+01
2.927558626963067567e+01
2.733919928012872091e+01
2.612406344310898731e+01
3.087877094844169790e+01
2.878993533311762931e+01
1.611201460103498562e+01
2.308900000615845016e+01
3.421592650032053484e+01
3.233006253826713561e+01
4.800497089979710097e+01
2.292530602959037367e+01
2.620402283995116477e+01
1.681956143816087845e+01
1.723149267807353624e+01
3.930379101137937425e+01
1.393037164688609941e+01
2.140254019289501031e+01
2.436442485907374689e+01
2.015144391888397024e+01
3.755139125668483757e+01
2.286268482375817968e+01
2.317590952008297478e+01
2.170035103478475591e+01
3.756577732849342510e+01
2.668616161152100474e+01
2.458251338503984940e+01
3.751613921577428812e+01
2.542726220506396828e+01
2.443970196833632258e+01
3.000217664393168349e+01
2.539521721216004835e+01
2.765012613479852988e+01
2.807154531931517027e+01
2.385167933276317953e+01
3.054124041935695288e+01
1.972621502717017350e+01
3.232059946543500928e+01
2.729433822052986613e+01
2.213163223819727321e+01
2.334107970941915156e+01
2.166823778893195396e+01
2.725830662731757670e+01
3.048430032102878329e+01
3.700484220043680494e+01
3.103989408314551923e+01
3.012497786969010605e+01
3.039483281930945680e+01
2.148341525529260565e+01
3.056732769567537744e+01
3.452238553459824999e+01
2.829211648254179323e+01
2.209650747562454143e+01
2.901485755447207637e+01
3.245292251740114864e+01
2.734759038868515901e+01
2.792562505801886630e+01
2.014908141078929660e+01
3.124146217608494069e+01
3.861553538916759720e+01
2.691373725321292909e+01
2.830303828070837824e+01
2.783163819549622531e+01
2.767843461444534370e+01
2.710411130612908792e+01
2.909938043274590669e+01
2.775221061335261652e+01
2.608155935371796730e+01
2.966058260671765723e+01
2.229881545360378325e+01
2.490251569200658466e+01
2.446907140630525390e+01
2.274636734001309080e+01
2.288374267118570060e+01
2.901637687202489602e+01
3.084846519564556644e+01
3.037466475072102412e+01
4.307672030591066914e+01
2.326986858835964966e+01
3.683985960422119632e+01
2.810255994364394638e+01
2.136411938440126690e+01
4.366686983485018914e+01
4.194891732788246941e+01
1.777758833965179974e+01
2.756569965001805045e+01
3.763524188063982479e+01
2.646861168945238063e+01
1.852351482960940388e+01
2.455824965958263206e+01
2.628524732482890514e+01
2.510089368584994673e+01
2.800381050261736249e+01
2.116436913702428768e+01
2.272841333876475645e+01
1.948691976189642361e+01
3.581749212954911599e+01
3.040482461260116764e+01
2.027453436812280785e+01
2.421882189812483333e+01
2.955630752013508555e+01
2.548193827058828731e+01
3.176644679790647885e+01
2.372034554041770349e+01
2.940039780807263980e+01
2.363136033965956173e+01
3.220377657025322549e+01
3.102089396819475553e+01
3.132913295213748484e+01
2.407474501066195316e+01
3.553295479878587315e+01
2.689991978675616480e+01
1.407908452537765598e+01
2.368508248412570083e+01
2.417793389913661173e+01
5.948464358425468390e+00
2.772955901716355243e+01
3.556877751170758017e+01
1.818462297560196816e+01
1.847467933913407379e+01
2.734751363084723152e+01
3.521869006375508349e+01
2.956261256518296676e+01
3.040459096386346971e+01
2.897046296541200050e+01
2.054447946818674353e+01
3.002894786922869130e+01
2.909875874130869633e+01
3.010244773261548801e+01
2.742869827011673678e+01
3.726995009778617174e+01
2.771972223715897599e+01
2.859443726473681480e+01
2.596098901223626143e+01
2.814556059446977443e+01
1.441004114365573230e+01
2.425352292981470015e+01
2.597451133707730619e+01
2.751645665370152471e+01
2.801740894953048411e+01
2.775339033748009143e+01
2.521600170081119074e+01
2.896008454882136718e+01
1.699905850123124651e+01
3.597298874740687324e+01
2.801328773260824079e+01
2.158898938759588759e+01
3.089407164616507728e+01
2.728341079379053014e+01
2.613185384614120466e+01
2.450275579144971161e+01
2.010741454349092550e+01
2.693046069585105329e+01
2.881669761185045431e+01
3.751834030656956998e+01
2.525088938516967829e+01
1.435244998275317840e+01
2.754381602937704088e+01
2.495357782939300506e+01
3.207323110404379918e+01
2.783278194090528146e+01
3.379601104972054060e+01
2.659697791708516945e+01
1.947161488332464785e+01
2.529320999899136524e+01
1.672283820335095328e+01
3.689986012125977055e+01
2.700085331250700804e+01
2.727417485525658947e+01
2.590522017987900938e+01
3.054208057704638790e+01
2.635197222249826865e+01
1.607617394100104491e+01
2.714078257563747343e+01
1.869017065873885031e+01
4.117573494478520502e+01
3.151323054688316105e+01
2.775256854180403110e+01
2.868032113147628337e+01
2.487440207357014188e+01
2.587133743958152010e+01
2.777368904413258122e+01
1.729402832150375247e+01
2.666827790129631381e+01
2.090508526824257274e+01
2.687454509328254204e+01
2.573798223477795233e+01
2.698730599415039322e+01
2.965997132616175236e+01
2.153776650357484712e+01
3.264210295071772805e+01
3.008224391784274587e+01
2.288150244994657712e+01
2.342448226062307270e+01
2.602707953249585060e+01
2.612801663820167875e+01
2.006477073036878878e+01
3.175302863794964026e+01
2.878969020898123432e+01
2.384670499377515540e+01
2.315453313637468824e+01
2.897851373409437059e+01
2.752071069716484075e+01
2.841531494979311745e+01
2.978978930736215247e+01
2.605665760312793466e+01
2.777907198426541413e+01
2.626342229633698011e+01
2.943142336452266505e+01
2.556389960737763190e+01
2.438071887576657559e+01
2.831817847734032512e+01
2.204349158343287129e+01
2.874102017857639524e+01
2.916136901838082451e+01
2.348219740215650475e+01
2.941175101542762604e+01
2.033140265770580157e+01
2.808406163312296755e+01
2.746749285108332117e+01
2.422516032919464379e+01
3.685715658170209963e+01
6.669881005509498806e+00
2.432254262532106637e+01
3.510428880382691830e+01
3.303233830042852048e+01
3.352144501345320293e+01
2.375488464545520628e+01
2.002806647626617575e+01
3.627669595032413952e+01
1.573027046271448270e+01
2.145393103715864669e+01
2.536413313941373460e+01
2.803942364840183643e+01
2.565918901912100836e+01
2.472308281927548990e+01
2.929365339047188854e+01
2.302849457402879807e+01
2.506048140094455334e+01
2.447961637486884356e+01
3.223538312112929560e+01
1.208923215719231692e+01
8.295356556842499174e+00
2.983228367798021452e+01
3.236871987440172660e+01
2.821485432341508215e+01
2.870743198959572595e+01
2.464801957833029178e+01
2.254975323870565873e+01
2.728551242132797228e+01
1.914330390264746740e+01
2.738873701768424951e+01
2.341256488107473288e+01
2.051433798750363025e+01
2.160880112687944177e+01
1.356285887540209245e+01
1.664347494442642272e+01
2.240527954713699899e+01
2.498374254855031040e+01
2.121663619453740424e+01
3.930960509448372164e+01
2.739285397834077074e+01
2.166556435777101441e+01
2.422207379938339500e+01
2.710509590209865749e+01
2.328931947791229007e+01
3.055227088063466567e+01
2.223054202451127281e+01
3.551399511704534007e+01
3.146218743412032381e+01
2.471585552858910262e+01
3.163937209346075008e+01
2.227269809683306789e+01
1.299981218575783792e+01
2.592933642466468314e+01
3.108873322528686600e+01
2.658758084411546463e+01
3.727507966063117095e+01
2.367199720261584517e+01
2.655587101089420088e+01
9.837912536763049332e+00
2.662894618806399549e+01
2.959394678072610674e+01
2.274396179700747922e+01
2.460769169569695691e+01
2.346497884350212004e+01
2.659797108383212461e+01
1.454585344311263562e+01
3.035217471729469096e+01
1.771068988515971654e+01
1.812649521266769170e+01
2.357382537617350593e+01
2.565285406074411867e+01
2.226908668983207917e+01
2.646219084755660589e+01
2.324811847370053641e+01
3.515153255205510163e+01
3.894922522244750240e+01
2.484938875832619232e+01
2.588907467907286986e+01
2.226906229112596591e+01
3.193488364498042031e+01
2.766254676361369391e+01
2.148179404758528577e+01
2.649773364700786260e+01
2.738263240686379518e+01
2.377966439797852161e+01
2.838708536645509994e+01
2.865264955792440560e+01
2.541732793097616394e+01
3.035262871352270153e+01
2.811587929358538318e+01
1.346848476421610918e+01
1.463247074659103575e+01
4.294117205296154793e+01
1.643394583727494052e+01
2.927868451727266574e+01
2.435576993427741144e+01
2.444555389164193215e+01
2.316581257648478243e+01
2.851677853279775121e+01
2.782420508620355548e+01
2.839535903143938356e+01
2.265455860522754250e+01
2.610213606356378335e+01
2.800521540713308610e+01
3.718616643353354334e+01
2.521803771203176581e+01
3.965585290308133182e+01
2.902819913628383119e+01
3.011707037086350880e+01
2.976556016693392692e+01
3.026639517511067723e+01
2.157037213502358242e+01
2.696503739191981097e+01
2.825883042209950702e+01
3.418339932293814343e+01
1.105764691410002598e+01
2.261169912529103598e+01
2.096069714319762411e+01
2.841463014815050059e+01
2.804378415352515574e+01
2.117299631501580848e+01
4.715570742350600142e+01
2.404936697532860279e+01
4.677239485306743916e+01
2.476018277364505593e+01
2.744770822511317476e+01
2.368272475649264663e+01
2.432712480418094714e+01
3.233158806937530017e+01
2.302681445805633942e+01
2.207803784131588998e+01
2.098298136068009256e+01
3.134645462822518169e+01
2.655833085417675932e+01
1.990992806266129378e+01
4.130277397168594433e+01
2.966486529966086749e+01
3.906980801263803471e+01
2.716082527586951656e+01
2.447500036577122629e+01
2.527024715831118584e+01
2.772152419501641063e+01
3.527012668437629372e+01
2.526451951635652549e+01
1.535127071834725676e+01
2.186460562961271137e+01
3.157406004732827753e+01
2.797266593927625777e+01
3.107797797792408190e+01
2.581675327899093020e+01
2.978242292421883874e+01
2.653335478505220735e+01
2.216731910967473951e+01
2.019402721866376282e+01
2.991503959265612878e+01
1.883435108638764177e+01
3.109320852210299790e+01
2.406601756853581975e+01
3.277782185572195317e+01
3.432163079871219225e+01
2.770428982031359055e+01
3.174676847762627574e+01
2.298822780257568610e+01
2.756540023435130493e+01
2.680412939274560813e+01
2.482196439221080198e+01
3.643334993115055198e+01
2.985890598031460996e+01
3.122678527425189188e+01
3.122920942036950009e+01
2.591746508699219831e+01
2.780686271116780262e+01
4.614807579208436294e+01
1.465470297617310003e+01
2.942287108386233285e+01
4.571396932966276694e+01
3.219528024384424469e+01
3.125771017140969832e+01
2.698799448255554978e+01
3.195335940584783785e+01
4.764748680267305758e+01
3.368216012464291254e+01
3.421058604414356807e+01
3.415203794146508187e+01
3.215564889899279422e+01
1.904701506098008679e+01
2.295325022034098339e+01
2.964865915987526179e+01
3.286840778237707639e+01
3.746306343750774914e+01
5.611087345721732333e+01
3.410036417094831052e+01
3.053311530550490716e+01
2.141483032810761244e+01
4.193126176275119121e+01
1.470285988911895814e+01
3.786464157146193088e+01
3.500765720901138423e+01
3.486987054120749008e+01
4.002597753723249241e+01
2.808858006790359951e+01
3.356162731135697896e+01
3.793863176287307937e+01
3.065884195083956953e+01
3.871550178556257293e+01
3.802722833988962492e+01
2.614977828864423515e+01
2.899800224883066235e+01
4.587609970075560994e+01
1.442802971326013761e+01
3.595374172865655282e+01
1.456298390796043307e+01
4.426114867064985248e+01
3.488026500331312008e+01
2.509887316969400217e+01
3.929519573212974137e+01
4.444832999602812151e+01
2.739723115503489481e+01
3.474063743027199536e+01
2.836685893574757245e+01
4.944465400931608912e+00
3.737234391004565737e+01
2.537325726273250837e+01
4.918670105000037296e+01
3.541164961513021581e+01
3.299938335805723000e+01
3.109796083956846857e+01
3.239017847087202995e+01
3.471518242882053329e+01
7.136449328061555519e+00
4.790930364962083132e+01
3.769507905847356710e+01
3.272896307470723798e+01
3.545392465925392145e+01
2.928447456799259641e+01
3.375845654899691084e+01
4.090877675223617871e+01
2.812381751965787657e+01
3.383783800944112130e+01
3.530318869367855683e+01
2.945449491205159731e+01
3.089472130069791689e+01
3.299961403036343910e+01
3.715670313847864037e+01
2.457365074423864471e+01
3.669516789280845614e+01
3.646219629798616069e+01
3.729227359816277954e+01
4.211202729287405333e+01
3.279558705241906580e+01
3.507195428403674953e+01
3.296690858503436061e+01
3.810105043121313884e+01
4.081325150162945192e+01
4.598452563200423526e+01
3.602957294129350174e+01
1.866252484562553349e+01
3.082011742112053554e+01
3.752431835843166397e+01
3.913938004404386106e+01
6.710220568590126788e+01
7.611969809261104558e+01
6.319174844444072647e+01
5.968987871521484578e+01
4.092903925108708307e+01
2.677579510324412126e+01
2.394020124856670861e+01
3.570933708879204005e+01
3.719228086686138113e+01
2.694496784277379220e+01
2.791313478723541408e+01
3.345246347558322952e+01
4.023291245294201701e+01
6.786161728890893130e+01
4.593084311638556727e+01
7.767880517354413428e+01
6.300276050776818693e+01
5.318671202671745135e+01
3.776288653620752456e+01
3.358164850146581415e+01
4.014020645662269260e+01
3.207950579921800482e+01
2.979362940231357371e+01
2.968324075640762771e+01
4.313836767415671147e+01
3.927142353522985019e+01
3.628667277429169502e+01
4.151023058452705783e+01
2.929937930920129574e+01
3.362936778709952534e+01
3.500373418137007775e+01
3.518108711139148426e+01
3.018511646546052063e+01
2.051330195246531218e+01
3.469904651415734520e+01
4.906488768317987592e+01
3.879343811036962819e+01
3.105239159422957229e+01
2.900834009993920048e+01
1.808030203649803980e+01
3.702170048567085558e+01
3.796564302337012720e+01
3.482277502771212596e+01
2.656501683721124607e+01
3.182536165434431297e+01
3.968558684796229841e+01
3.198250902804160489e+01
2.604524851352760351e+01
3.227909445335533434e+01
2.844253503576920750e+01
4.366317534486231011e+01
3.049453688537253981e+01
3.268980667397214290e+01
3.287715744474604662e+01
3.252317638576241166e+01
3.189998697604489664e+01
3.152083175499869228e+01
2.578547810259798823e+01
3.355234490849938567e+01
2.708231932034722433e+01
5.098268472603405854e+01
2.165560265357763114e+01
3.316680181394378479e+01
2.575659515179565773e+01
3.194063945149562400e+01
2.697685418824926273e+01
2.888628125886552311e+01
3.303322753155900671e+01
2.483174397202921568e+01
1.686148929603149682e+01
4.301904969731348416e+01
1.922634654526870790e+01
3.150995313501895367e+01
2.568135795632052876e+01
2.864037474049053600e+01
3.520296084501915601e+01
2.997827520344030106e+01
3.471180311645957772e+01
3.180421129859680462e+01
3.336013146095031345e+01
2.216058138336999406e+01
2.324807912569317736e+01
3.691277189371292167e+01
4.188151197035522699e+01
2.990330732201278963e+01
2.941728287217835458e+01
1.732527631975034410e+01
3.133101765260166616e+01
3.203002004735700581e+01
2.629188196216356488e+01
3.234819648206568132e+01
2.542081175450713459e+01
2.537710411182124304e+01
3.387067886483484358e+01
3.215214187714330762e+01
2.621732117062323653e+01
3.263065684175834491e+01
4.750863600381643437e+01
1.671559073295931341e+01
2.852048119823597006e+01
2.692598964125036787e+01
2.754352438574339956e+01
4.554997585900496659e+01
2.872108551371232821e+01
3.118303833587400575e+01
2.867087142532954758e+01
2.912821546371650783e+01
2.508848077575806457e+01
2.912161661403870738e+01
3.358599459411500732e+01
2.872331039525738561e+01
2.829866306745131155e+01
2.274073966047577855e+01
2.973270074054962819e+01
2.150853434231532191e+01
2.583733729592763595e+01
2.845626115351934260e+01
2.559680878242577862e+01
2.819804658966331701e+01
2.311236146807381786e+01
2.812046282260805086e+01
2.665929831168124764e+01
2.639810092609058501e+01
3.110936681915307389e+01
2.538069048750182688e+01
3.064364151729063224e+01
3.010430481152869220e+01
4.341696798951694802e+01
2.539840264605377129e+01
3.271883612954211173e+01
9.900966898838461816e+00
2.777792367906045712e+01
2.689137854945695238e+01
2.845133767153931359e+01
3.445686350417424393e+01
3.886554356000975474e+01
3.965116263817305509e+01
2.257293642247450549e+01
3.183163188947502675e+01
2.730586364838360325e+01
2.434780185788155649e+01
1.262557630169534306e+01
1.912342223029638788e+01
1.633949814653790611e+01
2.677329914779868503e+01
2.737257916823867987e+01
2.978857815467605974e+01
3.475129109051974297e+01
2.605314844647806893e+01
4.007079683555220129e+01
2.518523174718676927e+01
2.838609804408627824e+01
2.649526782882973563e+01
2.479709496456224471e+01
3.032014682026794361e+01
5.021340905502478336e+01
2.954337764234572461e+01
3.200352674294382638e+01
1.112935478467797523e+01
2.621378006988571485e+01
2.717721775519678573e+01
3.153780573567645718e+01
4.115941189682287416e+01
2.313541964224421221e+01
1.317619562209470274e+01
2.553053575169176881e+01
2.066148356792803042e+01
2.592751186187607004e+01
2.086126077950951085e+01
6.119841526372417206e+01
3.125821400226638502e+01
2.668290262921651390e+01
1.507284327241207933e+01
2.578619375725931206e+01
1.896348514692581233e+01
1.868147371425514081e+01
2.655295121879573372e+01
1.847127069637810237e+01
2.030732890364913601e+01
3.271250278041301840e+01
2.741606871606555984e+01
1.631154779752743167e+01
3.488000331383533847e+01
2.505622077471146270e+01
2.972986378333174784e+01
3.094091331367294728e+01
2.470641567743865608e+01
1.955963746727555375e+01
1.816765202981433802e+01
2.974387683773412050e+01
3.303865545674197790e+01
2.655243889618505548e+01
2.848506951597228465e+01
2.722378762551989695e+01
2.363440393460150446e+01
2.364203827843580896e+01
4.368206555256345780e+01
1.297960426787962263e+01
3.243211275711633590e+01
2.868499313099454184e+01
2.468400985900743194e+01
1.029132349114701306e+01
3.368764721870408607e+01
2.448457273322502914e+01
2.980035660137712483e+01
2.440329971390542241e+01
2.385515495580814260e+01
3.567041335042275563e+01
2.574255514671186518e+01
2.586718564234649520e+01
2.525438292695368503e+01
2.271561585491859958e+01
2.729387988706897872e+01
1.573614798551472660e+01
2.821634723533429678e+01
2.576962027954181167e+01
3.910243254416915448e+01
2.618577839084504788e+01
2.837909068923853440e+01
2.736445935830901277e+01
2.550964349392773656e+01
2.789642825894173939e+01
2.647323891411877028e+01
3.091592976985643659e+01
2.147726828604649896e+01
2.303315555662742753e+01
2.590630168264754474e+01
2.903837472027257149e+01
1.423489657186566326e+01
2.292846140036989766e+01
2.597485437035074796e+01
2.677787482247368800e+01
2.423627213102257727e+01
2.692750355849910449e+01
2.951154268997234453e+01
2.459198471576904410e+01
2.002445611575271300e+01
3.092546602875529871e+01
2.017798424393544110e+01
2.610062574214986242e+01
2.871326924798441027e+01
2.562191261831652156e+01
2.488463000787059798e+01
2.554975732361754481e+01
2.237564625702361099e+01
2.373348952141040513e+01
2.062707084199159979e+01
3.970204682450626876e+01
2.460583222526790692e+01
2.889263408733319949e+01
1.334352229061110329e+01
2.763483371370146102e+01
2.747447357412802305e+01
1.397116294844607864e+01
2.824244599489527729e+01
2.293228372329332387e+01
2.298610827374024623e+01
2.937844980871948763e+01
2.465975645936642024e+01
2.721660585090979367e+01
2.884657754841693134e+01
3.320949216479883859e+01
3.308322335890238719e+01
3.817568095206002710e+00
2.665924128765691137e+01
1.796540805037608379e+01
1.456612613817695490e+01
2.761813792822308855e+01
2.724720552707698218e+01
1.671946708478986210e+01
3.050240694576547540e+01
2.255607050102311462e+01
4.204364348321939815e+01
2.447163483803245398e+01
1.802506471921489961e+01
2.514174154871398059e+01
2.346204412147798024e+01
2.483969938102290342e+01
4.322074744637770038e+01
1.386981938770479417e+01
1.612811860557519594e+01
2.728053708779112441e+01
2.941005222306326772e+01
3.391398757758788207e+01
2.536051120288743022e+01
2.852857831521180643e+01
2.009980008089426917e+01
3.524261120954983539e+01
2.065611695569942086e+01
3.590920701534120951e+01
3.121780635163939621e+01
2.694496790071149661e+01
1.493689102790389001e+01
2.502254892032371458e+01
5.596172553273913053e+00
2.553815191416701680e+01
2.921383001752131747e+01
2.320191710385811135e+01
1.627906733684121576e+01
2.154329434483893024e+01
2.770147261214718526e+01
3.097821261469715992e+01
2.446458758908146081e+01
2.561340208068789792e+01
1.686753151542295370e+01
2.878761668693049813e+01
2.921380652649403231e+01
2.931305128245571368e+01
4.547354239224974037e+01
2.965614129828055923e+01
2.459378830988911346e+01
3.835520479601009214e+01
3.128502896875280470e+01
3.488930434495593147e+01
1.940158714945260243e+01
2.895773552921762573e+01
2.729335993091923740e+01
2.280753309284527575e+01
2.981773032945244495e+01
2.389455518060060157e+01
2.066594506779166807e+01
2.504116091313876069e+01
4.189791005018128800e+01
8.500132830845430476e-02
1.616581386967854428e+01
1.978094886423194509e+01
3.675119388244735319e+01
2.454548399976149398e+01
3.277920659859807984e+01
2.282455322928667130e+01
3.565712599925930704e+01
2.723393638174457720e+01
2.434928153601510203e+01
2.342847758718504636e+01
1.621796618478254004e+01
2.807909702775073768e+01
1.112469984025560343e+01
2.243564517295236271e+01
2.383928439594962967e+01
2.580239398901695225e+01
4.047101200733450810e+01
2.628937503931920361e+01
9.988663571621662740e+00
2.535620128572348975e+01
2.718151142734567927e+01
2.937352834951184377e+01
2.478623705054797455e+01
2.287653283035506746e+01
4.435321207818815026e+01
2.725980933047948440e+01
3.599814147893994232e+01
2.257762174228189878e+01
1.744367734311085272e+01
1.635493753428438168e+01
1.678239671646480602e+01
2.987357724637362466e+01
2.538125980883641120e+01
7.192424374280175670e+00
2.242802071153638366e+01
2.822982791942075664e+01
2.281222699772798634e+01
2.187401874160211079e+01
2.258317928362557581e+01
2.255445939331234939e+01
3.420630907061163128e+01
2.591834202173900081e+01
2.479925331027376245e+01
2.718897658201313305e+01
2.230366041093082075e+01
3.889879153716962179e+01
1.947049544116438824e+01
1.797519991298278441e+01
1.465013424688136467e+01
2.393400199910879067e+01
2.440319524251136940e+01
2.461090997914111611e+01
4.506327192114700608e+01
4.284651375880225999e+01
2.866086047096766976e+01
2.316864000316169481e+01
2.314853561859500530e+01
2.239406819999355847e+01
2.806724129799814449e+01
3.941433475022252253e+01
2.763178350838062869e+01
9.147244290855439885e+00
2.604598192388707645e+01
3.473872594630948640e+01
3.583470078275934867e+01
3.221372612846833761e+01
2.087791706575781703e+01
2.279955580325616182e+01
2.315472269474483724e+01
3.351898084587478621e+01
2.068218303420017889e+01
2.578758031600547085e+01
2.236199931689579401e+01
2.602471047662838544e+01
3.118698201151379124e+01
2.518060164708595394e+01
3.280721044809898501e+01
3.271020768012155600e+01
4.907783641271237229e+01
2.392671105823314903e+01
2.292399788135689676e+01
2.434571361211193974e+01
2.401611640674428116e+01
3.184798197605960723e+01
2.565581987553803955e+01
2.713124535025438888e+01
2.944162648664588389e+01
3.139698659371848777e+01
2.962051341880894029e+01
1.824463073479657282e+01
9.077687097749858935e+00
1.997183805434354298e+01
2.683480122382019673e+01
2.705049690055939848e+01
1.589537740080999129e+01
3.349850626024704781e+01
2.753402623122839543e+01
2.375958785701369180e+01
1.292171018085195655e+01
2.329577651694954810e+01
2.539461339532871520e+01
3.057928520559175922e+01
2.852112324408617638e+01
1.713263099821836732e+01
2.935130640266887880e+01
2.389564939086217521e+01
3.811896779523106460e+01
2.905577924523325706e+01
3.383729306155629502e+01
3.321651913395866984e+01
3.455340819743980063e+01
2.809568662189389698e+01
2.461098759912677991e+01
2.000734202518869509e+01
3.081669419555094080e+01
2.248089619590231791e+00
2.486118756236981397e+01
3.630897348016450366e+01
2.840871920428505248e+01
2.983462617222227919e+01
3.128835007563104043e+01
3.132888066829355012e+01
2.300700904369952937e+01
2.380373860162629285e+01
3.435610444053755685e+01
2.273078372709019490e+01
2.271635127970980861e+01
3.118751241960364951e+01
2.571399853865836604e+01
2.404466369445001206e+01
2.250613212446393874e+01
1.364180069800822892e+01
2.480366385522509987e+01
2.447491186793387996e+01
2.659691302061546736e+01
1.654618775930776309e+01
3.521657466649421764e+01
2.386475879080111540e+01
1.283535658145389746e+01
4.345801704798010690e+01
2.533547029519778349e+01
3.364938804793481353e+01
2.498288711935635931e+01
2.780057193448038433e+01
2.749939931916678404e+01
1.923317784610703640e+01
2.342294369198711124e+01
9.595336633469690568e+00
3.266846067994266889e+01
1.939400835215332819e+01
1.519055648117329760e+01
2.233245678426324332e+01
2.621578828353652568e+01
2.420762442902972822e+01
3.347956492218352054e+01
2.509910496024394888e+01
2.585772209251382137e+01
3.059072970390568358e+01
1.645444008573277017e+01
2.239796537026075285e+01
2.322881694871589886e+01
3.420325032070426374e+01
2.850738278993636143e+01
3.230543979440786728e+01
3.225246983938339440e+01
2.181308943286357405e+01
2.571312518960853311e+01
3.043126444638177475e+01
3.521057823199824099e+01
2.281954446464794728e+01
1.318475239228202511e+01
-3.266901242437821651e+00
3.377413205797677165e+01
5.510161434567606875e+00
3.061311354312508826e+01
2.628782506632089166e+01
5.235739866429612732e+01
1.337849978993271272e+01
2.363712305964525484e+01
2.046965265162452141e+01
2.093504433461190928e+01
3.882882569672440098e+01
2.810836670539923787e+01
3.241993026642074938e+01
4.053309268704735757e+01
2.455348555000405852e+01
4.012937424869951997e+01
3.440328458156113811e+01
1.716255834572277195e+01
3.572208095459179589e+01
2.985172571862655744e+01
2.568241105213130382e+01
2.928116244096758436e+01
2.281027773142176329e+01
1.712418177280743947e+01
2.848275750564213027e+01
3.324596403860353888e+01
2.549603840405258737e+01
2.129169885154074038e+01
4.593969124491815137e+01
8.251908084401488708e+00
2.420971003091533191e+01
2.555986343283004203e+01
1.951210724458055878e+01
3.100757491079426842e+01
2.545552577723069376e+01
1.423785679742333876e+01
1.747541668951587468e+01
2.467952641927676183e+01
3.971488423549092062e+01
2.628789128411116494e+01
2.692279376940631153e+01
2.635266376417358458e+01
2.012608330154998981e+01
3.008178080276625366e+01
2.509834419226909574e+01
2.902918002506915229e+01
2.791870368637830069e+01
2.205498746991611725e+01
2.659815414940022293e+01
2.163108445432403215e+01
3.006781423613075077e+01
2.662679645561325259e+01
3.044630141514080179e+01
3.107765225428551048e+01
4.212148057376526822e+01
1.765633191892234066e+01
2.455068913360997485e+01
3.366933713596000644e+01
4.742188863569181478e+01
1.835013467139162202e+01
3.098355078932686979e+01
3.014041947300142965e+01
2.540386444785559661e+01
2.610817809157247993e+01
1.129336483360683552e+01
1.649884814857476201e+01
2.839794141192129118e+01
2.043781514085823758e+01
4.343835038676962057e+01
4.536328172283181459e+01
2.006101409985796025e+01
4.216509601963836928e+01
3.892110143649816933e+01
3.889133183278414663e+01
1.761450784530034142e+01
3.611290792391182691e+01
1.537537243760876571e+01
9.229802250998885071e+00
2.069467123413041421e+01
3.296887000175024696e+01
3.188977093307839539e+01
-9.770036048504948667e+00
3.181189565447693468e+01
2.097821711227376795e+01
2.473878282272766782e+01
6.098854748440185602e+00
2.683095801695167282e+01
1.459098290257778174e+01
4.320247834743726401e+01
3.824410252085272788e+01
3.211494082024415064e+01
3.743484423931121796e+01
1.175709281874067536e+01
2.613354541049594104e+01
1.803787506978871136e+01
2.933673322303293318e+01
3.118111494177214027e+01
2.975205659001499470e+01
2.866949759092307559e+01
2.579679514943842733e+01
2.225757301894294926e+01
2.513996207399350169e+01
2.378301338477483995e+01
5.732330317901794103e+01
3.434733502966163599e+01
4.166823109854062324e+01
3.381220862455879228e+01
2.390394115466241942e+01
2.369891464213803189e+01
2.722547416004119825e+01
2.363335174041868214e+01
2.099041872788777141e+01
1.560192423689800201e+01
3.182908957791240567e+01
2.663772202307963965e+01
2.281268323894022743e+01
3.468326091232264474e+01
2.616069997104320777e+01
2.851987950338538269e+01
2.318076239771446367e+01
2.386090120641460999e+01
2.864853734429208032e+01
3.821852027833372745e+01
2.527467598265787174e+01
2.665201594370578064e+01
2.941907437281666660e+01
3.944040347360527221e+01
2.083961630549368849e+01
3.317321624909813238e+01
3.257884247309687709e+01
4.079997834062729112e+01
2.838304187671800349e+01
2.991849331683462765e+01
4.530235857754323092e+01
3.969161353484547305e+01
2.405773303106715488e+01
1.627948515221314807e+01
2.848924320910549568e+01
1.990936030184449379e+01
3.424637263490193817e+01
1.852249463206213420e+01
1.811898318499456551e+01
3.765358838958872667e+01
3.628496467420717408e+01
2.128822711454661842e+01
3.184562952914847145e+01
2.551588857052219339e+01
2.129906274860556792e+01
3.023885996732179748e+01
2.576240496668689772e+01
-3.680780086808169926e+00
3.587020616453152400e+01
2.565455486881489122e+01
3.058817438379301024e+01
1.806844076232427199e+01
3.495200255718327043e+01
1.459955148411395598e+01
4.048937879855814259e+01
2.248236087086462476e+01
3.291197828128820646e+01
2.589512253332893721e+01
4.016450186093462094e+01
2.350859530706441092e+01
1.688681768199349520e+01
2.376510180447231946e+01
2.806878063952716573e+01
2.382183954331652842e+01
3.011392476289985964e+01
3.721202664263564941e+01
2.307815508055162468e+01
1.655120909629150461e+01
2.000630183350322611e+01
3.467185891571497081e+01
1.309035346738959404e+01
1.969169278708316639e+01
2.308445427880743495e+01
3.013011160990245685e+01
2.810409702591332248e+01
1.777649615666124205e+01
2.463801863031219241e+01
5.358683700083835788e+01
2.560991389821441189e+01
3.013437898433599571e+01
3.152677030498553634e+01
1.758750879935563205e+01
3.759585096118816949e+01
3.427460077827523577e+01
2.331451266601242622e+01
9.897611496120156005e+00
3.153055206945483135e+01
3.245429069634445085e+01
2.457653294694185320e+01
2.639043824098641977e+01
1.710766617510923027e+01
3.342497354236674312e+01
3.916491177031957704e+01
3.118130108247732579e+01
1.770452873945324868e+01
1.001762464063461699e+01
2.176259129378189883e+01
4.443491744701681512e+01
3.060636232287553682e+01
2.366682688977127924e+01
2.930579725006764846e+01
3.166019654416396634e+01
2.999350800529752803e+01
2.396698032218825958e+01
2.370005151546461875e+01
2.308269298712310658e+01
1.854312246908578032e+01
2.741270688632174668e+01
3.012243304468379534e+01
2.950176989193499821e+01
4.164857522071270068e+01
2.623494499646375999e+01
2.221980175101717236e+01
2.956022512733056828e+01
2.274739882543291003e+01
9.196850805525055961e+00
2.337064415766139902e+01
2.745869891350418257e+01
4.564130268311093630e+01
1.378076640238606210e+01
3.191133794404669999e+01
5.226869767514426002e+00
1.473706193187895508e+01
2.526290542973598008e+01
1.500324890182678317e+01
2.973945992802321570e+01
2.178226563106882452e+01
2.059907454913913938e+01
7.372400920298559868e+00
4.471384221667926795e+01
2.329333635342976905e+01
1.930315775290631564e+01
2.443308617805980987e+01
2.717127366581038217e+01
2.384579849630793547e+01
1.925946276701933613e+01
4.771377496242259042e+01
3.327450442519246110e+01
2.338794174327835051e+01
1.594901000135348035e+01
2.700833424957332696e+01
2.135175970235384924e+01
2.382217002387515237e+01
2.302221501019313976e+01
4.813521627087040144e+01
4.062759173141513713e+01
2.501020518766844702e+01
2.366039195805758411e+01
2.107483420763142234e+01
3.204161930952356840e+01
1.402328956247444047e+01
1.733855824471675788e+01
3.615823809183505944e+01
4.033952322365594512e+01
3.415443752227515262e+01
2.709515776856639491e+01
2.799662208283768905e+01
2.593899494767751079e+01
3.305743945080855895e+01
2.503543801295410987e+01
2.606161779029041980e+01
-1.099718224622099427e+01
5.399671636264001506e+01
5.692553939012708497e+01
4.961287742804773160e+01
3.685173214403171471e+01
2.200232735989379762e+01
3.773266053019679589e+01
1.710098985252076886e+01
4.016252412047104059e+01
2.970137891771791772e+01
5.006142353345893525e+00
5.301464398464094074e+01
1.954717909139801435e+01
3.512185646704903519e+01
3.186392783036487941e+01
2.943068970818453778e+01
2.490718782769405593e+01
3.938490935900279766e+01
1.114843373910633950e+01
2.677348453663841710e+01
2.928113376515680955e+01
3.707394651681153164e+01
2.492767894724672217e+01
2.505982517312286006e+01
2.531036692219563378e+01
3.018048550594823709e+01
