6.360978721785915724e+00
-inf
3.215170201271604355e+01
1.663348291013919322e+01
-1.766768390800868360e+01
1.892457108129592669e+01
9.112896862766928052e+01
2.126690198288561717e+01
1.546271499629282964e+01
3.850482655269890131e+01
2.475623654639176507e+01
1.892291653029758791e+01
1.713627854003955164e+01
3.917251775887616816e+01
3.917365535206687355e+01
3.315197675194596627e+01
2.813496934023380192e+01
1.079938050015815421e+01
9.096270840815346048e+01
4.022214631459192447e+01
2.363651848919665710e+01
4.332905410712010763e+01
2.827359103757091674e+01
1.556063565219463740e+01
-2.778380319541941645e+00
2.081433723048141005e+01
3.774661094812297790e+01
3.799012302200446811e+01
2.332289536883458325e+01
1.496740439564623415e+01
-5.986288560196069142e+00
1.850843974107633727e+01
2.787030311343736955e+01
3.054094171268215518e+01
4.296609631509505789e+01
6.915687675968356096e+00
-5.243415719826636234e-01
3.446871737331716190e+01
1.354066193018078579e+01
1.803011905900369527e+01
9.021904556245260665e+00
1.467851919801845995e+01
1.646188744898707768e+01
4.346816900764004288e+01
1.705701094018903063e+01
1.208141924840715831e+01
5.011236909823827190e+00
-6.547467042926413683e-02
1.522617438805061596e+01
2.086751185595798219e+01
1.834205987086168221e+01
3.018539954946828985e+01
7.249381875021283506e+00
1.848720073572067335e+01
-3.592005896742261939e+01
1.896798495959372488e+01
-3.408428178240513517e+01
1.254451481397975954e+01
2.499682645422177174e+01
1.208318747760949918e+01
-1.055765365526355382e+01
6.806485486556089981e+00
2.639705746146542609e+01
3.589485647186929640e-01
1.704543252061941416e+01
1.818191117018223579e+01
1.299524378698262517e+01
1.829410978754072659e+01
9.868408772712532695e+00
2.397107703299009884e+01
1.901356606980086994e+01
1.060129572523980102e+00
1.638310104066512451e+01
-1.106188955796401530e+01
2.528558932773436041e+01
1.615899438326946935e+01
1.105932178067434357e+01
1.015133454680457703e+01
5.275870766815719648e+00
2.550904032179006009e+01
4.442869377793157781e+01
2.241514721173285807e+01
1.778256693114886389e+01
3.578077564853373360e+01
1.785844837312772526e+01
2.848028398722001953e+01
3.915991772070427857e+01
1.858174770325008041e+01
1.905111341541733339e+01
1.454875642565845340e+01
1.940947695587644972e+01
1.707720832402344868e+01
1.780048895899080108e+01
3.868919996612071088e+01
1.959484160631486915e+01
2.574038221248067515e+01
1.732713986573793719e+01
2.247972081988425330e+01
1.030663176763828659e+01
2.730856921044435737e+01
3.438660731537549964e+01
1.273975453490712084e+01
2.991053064608590617e+01
2.635948789641384593e+01
3.145785945094460345e+01
7.104670275922556399e+00
4.227838335934666958e+00
3.105603098209573432e+01
8.215599511744589023e+00
-2.220704112225971727e+01
3.340381183487781414e+01
3.488849832537560047e+01
5.569746011147382347e+01
9.362176864261206433e+00
3.431057040360451538e+01
2.702257649125520800e+01
-9.466841477609332145e+00
2.735574086690012052e+01
-9.131850528145122325e-01
4.983235152596844131e+00
2.246222071385048480e+01
2.912478800307849980e+01
7.395734182953214386e+00
1.302010610184925454e+01
9.048943679316245436e+00
2.671681698548277240e+01
2.148867714162015119e+01
1.195089859831345080e+01
2.107598992932576465e+01
2.168621560199275322e+00
3.007624565938056449e+01
-1.414787137782427351e+01
1.139352119800903118e+01
-3.677234568474172960e+01
2.278130131843112949e+01
3.187140000729208111e+01
1.782524915691081091e+01
3.304928279058808727e+01
1.817170354695752366e+01
1.361171845074500553e+01
4.843914035758583481e+00
1.822909002969603875e+01
1.412452246120681032e+01
1.237347943751437640e+01
1.050132163021166321e+01
9.450466635455494924e+00
4.496669839207054764e+00
2.255876879887689412e+01
3.975574781896737875e+01
2.788870980477805261e+01
2.610683249008165774e+01
1.929077499453991251e+01
2.056889989925047146e+01
2.885020462552932941e+01
8.432245716241313360e+00
2.641073699183809964e+01
2.093756598002037705e+01
1.404093714580049834e+00
1.834868137418572687e+01
2.666066688703180887e+01
3.646434335846488040e+01
1.566136561632308677e+01
2.555891540707970933e+01
4.549815016991263406e+01
2.235670453573502314e+01
1.420438679907359614e+00
3.524677787667596363e+01
5.675968067664063810e+00
2.171943823028825094e+01
1.882267565933014453e+01
-8.430198706463205127e+00
2.111998702819580132e+01
1.887372856315462499e+01
2.262015351631850990e+01
1.666436370251436472e+01
2.170383717835876780e+01
1.178934990477210754e+01
7.154311523596019740e+00
2.455107871222654481e+01
1.683091007767805891e+01
8.855287379779447576e+00
9.981479700592082338e+00
2.129766361897651805e+01
2.625565053605011556e+01
1.183906284767939887e+01
1.872438572686081315e+01
2.647453403226565882e+01
2.340643753098420632e+01
1.713624533444250631e+01
5.336197414335627442e+00
1.148747431836248367e+01
2.419727704934621570e+01
1.927199300144587824e+01
2.107733930551893309e+01
2.985886776932795073e+01
-6.507776915981171584e-01
1.790515778325214313e+01
-1.365121675500471099e+01
1.560229696066626381e+01
-9.411822961419080258e+00
1.835888517796666619e+01
4.858417150710249643e+01
2.447923218840598381e+00
1.317692824061662016e+01
3.736218988066627844e+01
1.825081191983898066e+01
2.068294537189051496e+01
3.042807539801420091e+01
2.972190683799041011e+01
1.523440931703916235e+01
-1.038927724973379441e+01
8.127555929113514210e+00
1.427036484846274078e+01
1.318095774059767322e+01
3.820143342401132713e+01
1.776052637002207035e+01
1.764325405724629547e+01
2.463780106673826609e+01
3.027406955718151238e+01
1.033945536039638746e+01
1.967457838565708528e+01
1.587097588131332948e+01
1.151664273015718365e+01
1.631186741704589593e+01
4.347269837788079627e+00
4.312806883862184293e+01
6.242230537930494094e+00
5.185411880761012071e+01
1.086775956089386064e+01
-6.457487835666142928e+00
1.892760224378804068e+01
2.429995113259123940e+01
1.012861691587053414e+01
1.805088415993956374e+01
2.350865877509866664e+01
1.166673569329612903e+01
1.937396540100673903e+01
2.008373071449919323e+01
1.379049067833540221e+01
2.397690279579188299e+01
-1.959962401137347854e+01
2.342458255249698951e+01
1.521485710903306554e+01
2.568946305278028319e+01
-5.900484557348839587e+00
2.172226831978776218e+01
-1.213185845282324138e+01
2.301512482187976261e+01
1.823195194675799513e+01
7.661980096296250764e+00
3.583792391449563297e+00
1.340824299296797939e+01
1.311386100921613007e+00
1.254319277653970488e+01
5.162808750379058864e+01
1.593708516849492618e+01
3.238083471027870530e+00
1.254871375276347045e+01
2.163302746196174198e+01
2.694271963290073302e+01
9.162291820743334370e+00
9.790157270866622241e+00
-1.811895882789219314e+01
1.862460603982555440e+01
5.264662066648372019e+01
1.699715513143523538e+01
7.477342734730964224e+00
4.799468600685287356e+00
1.293632297348760929e+01
1.295440396931247484e+01
1.559576513578526225e+01
-7.414574263065549786e+00
8.647440277865680258e+00
1.892079853204884898e+01
1.002772533841717717e+00
1.999202199607779207e+01
1.498293648420743196e+01
2.209617431193414916e+01
2.237124075723258798e+01
3.184684209560827739e+01
2.290129036410409213e+01
1.668287216823688723e+01
3.090149206348054278e+01
1.975910519661451659e+01
1.830940170501781949e+01
2.607009247661200391e+01
8.296009023101605706e+00
3.593989832819978147e+01
1.851129400144456127e+01
1.350598917594106751e+01
6.196586403800962373e+00
2.500001813078202062e+01
1.935762214408961057e+01
1.008674457459460250e+01
1.064165036502088135e+01
1.325840699253838295e+01
-1.063391505532635506e+01
1.961243500776857829e+01
6.882211295022200304e+00
2.329915032015116338e+01
3.342737623263758451e-02
2.330152115087203768e+01
3.155293105507443840e+01
1.785028973938579355e+01
2.156257264151940589e+01
1.297769269287540084e+01
1.304555158315530150e+00
3.801239177585242146e+01
2.093732396253338024e+01
2.087629957671157754e+01
3.330086456288638885e+01
1.060934908335209315e+00
1.831806923517063623e+01
3.741420146839936933e+01
3.501610186357999055e+01
6.708766219005323705e+01
2.723988665230671558e+01
-3.087955059829567972e-01
2.383156815113894567e+01
2.138554294071211359e+01
1.678219670418591036e+01
1.312209323513253878e+01
3.594471928233794245e+01
2.481862745487884325e+01
2.546117546778536322e+01
2.882250036042649910e+01
2.180078406074857256e+01
2.089479419515826919e+01
2.353735123267882301e+01
2.036460176063391714e+01
1.904847393740502781e+01
1.907752014094202053e+01
1.494752911220468583e+01
1.361465586165025954e+01
3.527445079844268605e+01
-1.145855879534810029e+01
3.999894489000471509e+00
1.755407264402222722e+01
2.224708778662609632e+01
5.369781889131656882e+00
1.881834682391948022e+01
2.707627037919359125e+01
2.457156313077238963e+01
2.274582622488206596e+01
1.567879069172830775e+01
1.098366616579389543e+01
4.281273086197030509e+00
2.029208025834407891e+01
2.286012589400876749e+01
1.852569942190170948e+01
8.083005509490075013e+00
3.696291535442748355e+00
2.354095746671196920e+01
1.626557881765218383e+01
4.006166633906834562e+01
3.111814423310941891e+01
-1.392166943808756940e+00
-5.034918144065123613e+00
2.613931166484395163e+01
1.747313158033387381e+01
2.466555282644021574e+01
1.436547207632360212e+01
1.697634061503052294e+01
1.766974145276689256e+01
1.362417684443389021e+01
6.991300854512179086e+00
4.479608837329563187e+01
2.155617932627225741e+01
1.619640135888987231e+01
4.460418254046989261e+01
1.769642744999934791e+01
4.283778984041191507e+01
2.281935585848415826e+01
2.818078066761414036e+00
2.995926616626711336e+01
1.052204935898967619e+01
3.466960834569418637e+01
8.671328728863121782e+00
1.581864835646426215e+01
2.736725433872178570e+01
3.506003571299547161e+01
4.215936650392099949e+01
7.441422406429754233e+01
4.066570292079451576e+01
6.385382686589255030e+01
7.182330645269755109e+01
6.000284370480217433e+01
5.309106007177226871e+01
3.627637045008749084e+01
3.655153507776226718e+01
2.069270659326958750e+01
1.874490757514876194e+01
3.057760598334093771e+01
2.349427362414025566e+01
2.045159824643946322e+01
2.404591026673625365e+01
2.141788456075716596e+01
2.144649756335230251e+01
1.688898008291900865e+01
3.339672259296540346e+01
1.343120103868085025e+01
2.147541214785686492e+01
2.101930970017292921e+01
1.578695418197998457e+01
1.441906812125022341e+01
2.131402539195466161e+01
1.758025133579191035e+01
-8.424789437480274756e+00
3.522077281183277364e+01
2.859422107826029702e+01
1.153060564452331604e+01
2.550413312594933046e+01
1.574208635318361615e+01
8.737957282260211400e-01
2.753726219528094887e+01
1.823389166565354813e+01
3.638920765036375826e+01
3.676452962894217080e+00
2.194638681011557679e+01
1.230801312867516728e+01
1.457735546022637152e+01
1.859958473757141206e+01
1.755814885477984788e+01
2.938384518141302593e+01
2.964240575042006753e+01
2.990203773361697870e+01
5.881991296740562092e+00
1.615028436988277605e+01
3.015105918758960968e+01
4.030670374232013842e+01
1.466507355596977114e+01
1.919830634089771948e+01
8.439505658830025681e+00
3.599019975631250645e+01
2.193073133150208065e+01
2.709139462265255105e+01
2.018584785625989397e+01
1.679934955667053487e+01
1.737849532584380086e+01
1.897265478251305737e+01
2.332683878133582311e+01
2.525671451681164115e+01
1.500088496115665748e+01
1.172494542493505243e+01
2.482937122471779645e+01
1.666607289694773897e+01
1.848569191530355837e+01
2.655263304634169685e+01
2.417330543638632534e+01
2.189667840973938695e+01
2.785379680537020519e+01
3.538025262996454501e+01
2.703302906324919874e+01
2.030615523832767977e+01
2.259769778915791250e+01
2.089666303408912285e+01
-4.049606156887580966e+00
1.777198982936260307e+01
1.070165684097097802e+01
2.842387174419938134e+01
4.721567762074965202e+00
1.964110500129153536e+01
2.441779614801376042e+01
1.178634844224800737e+01
3.010091037819562843e+01
1.571792992461300464e+01
2.583385550288634747e+01
2.342279682319397693e+01
2.060145805470770597e+01
1.844805507714351833e+01
2.502657672877440831e+01
2.817105716555555617e+01
2.336602748688504860e+01
2.315437278077800798e+01
3.258862187733615201e+01
2.215458226853915846e+01
3.578760847561751035e+01
2.266207137684506279e+01
2.370225657287328147e+01
2.578492158725504879e+01
4.353830368025697339e+01
2.758110423987384507e+01
2.815327370088018810e+01
1.425879667348910829e+01
2.439767672884380545e+01
2.068425228733859100e+01
3.757679901965051528e+01
2.131907562025363845e+01
3.148883296551894517e+01
1.614579408872168997e+01
1.490519777447213556e+01
2.495313704334411042e+01
2.664461481144944699e+01
2.067717931930186026e+01
1.181130635612418800e+01
3.731297374722380766e+01
1.227067856891100206e+01
1.943355354957941472e+01
3.434554068950377825e+01
4.220301463558894284e+01
-2.872375836909153435e+00
1.976038933156582544e+01
1.175705717455844379e+01
2.282226203972699707e+01
2.730399768909680347e+01
2.398909175358179979e+01
1.094826222255774617e+01
1.609225209697052961e+01
9.612797208549896055e+00
2.092732825291684762e+01
1.400624057852137838e+01
1.428062009625813822e+01
2.912379422212562119e+01
2.024531890457777905e+01
3.206393584295940258e+01
1.447183008505547264e+00
2.633356191373572486e+01
1.913097402318502205e+01
1.845517012767961162e+01
2.786557051472527746e+01
2.569094220664240424e+01
2.075208563390230765e+01
4.632772912386241160e+01
2.609188266775858622e+01
1.883234847239810605e+01
1.559436131059081276e+01
2.462885247406245171e+01
2.360147214564663187e+01
3.215206519753779446e+01
2.291009808668706782e+01
2.703341115223807378e+01
2.756102524903054274e+01
2.361677123182361981e+01
3.983660574300220958e+01
3.355173725700206688e+01
2.202852708527403891e+01
2.742238465623402277e+01
3.017756805211875815e+01
2.581634496750298879e+01
2.292714883021537986e+01
2.114834501282817314e+01
3.497804981531943014e+01
1.705287486746068026e+01
4.823764114760511035e+01
3.958664693841124915e+01
5.153411036112643728e+01
4.252708375377901007e+01
4.341385516418115742e+01
3.830306408135286489e+01
4.603180319833217027e+01
2.469648044752546312e+01
2.045245812063034663e+01
1.509404119471200012e+01
2.324650561985302488e+01
2.214012833988349982e+01
4.777659221832888647e+01
1.885117531327820473e+01
1.781818242305446631e+01
3.506826333608440649e+00
2.321655775037660163e+01
2.626565222342807004e+01
2.282250058468379450e+01
1.328887339697258696e+01
2.127647698542098098e+01
2.519343608085230102e+01
2.521106647322804051e+01
2.254737823373530503e+01
2.979970229868028753e+01
2.921925389353430091e+01
2.456780287762710557e+01
2.597522692760837160e+01
2.359445896603699211e+01
2.833435527207786464e+00
2.480624610300265331e+01
2.639142778144093526e+01
3.727816831098007810e+01
3.633364177520380878e+01
2.097914351286500789e+01
1.424652988850004398e+01
2.603561905863490722e+01
3.575270981085806454e+01
1.928105698586160699e+01
1.488384208489779503e+01
2.465558779210523710e+01
3.349110853491490047e+01
7.609205429900381290e+00
3.416859150314477489e+01
2.087521354249568617e+01
1.723342005427561574e+01
2.921306153770473202e+01
2.107944936107030287e+01
3.034778132202708889e+01
6.457633315397639251e+01
1.891498514028090483e+01
2.885759081457435826e+01
1.949865172835445293e+01
1.106411642622704150e+01
2.781147260439834312e+01
2.419452782297377169e+01
2.829552444872823713e+01
3.005321168857874881e+01
1.474580791434015659e+01
2.808694438202827115e+01
1.860019518474586420e+01
2.886238033416815441e+01
3.731104938521615821e+01
2.913710788583349753e+01
1.721608282988681893e+01
3.608129132190968136e+01
2.964055892209444920e+01
1.970115323270056606e+01
2.365945621902880447e+01
4.381264343121470972e+01
2.125668708534030316e+01
1.633586272817869656e+01
1.462424968807904513e+01
1.404627765474092627e+01
1.374319048985264402e+01
-9.729678936953551016e+00
1.858552106534957460e+01
3.559910167581291773e+01
1.490609774916988428e+01
2.166082124351551386e+01
1.740400225241741694e+01
1.828920032019852826e+01
1.980754650493437197e+01
3.164666135875583919e+01
1.912213200726957751e+01
2.365938284052030838e+01
3.741234846056936902e+01
1.069688085400353472e+01
2.456259091889935320e+01
2.490759743397218173e+01
1.795292697921587077e+01
3.866650774426007331e+01
2.999300840353862085e+01
2.535966210461251080e+01
1.157135552483693353e+01
1.886665602324441338e+01
2.391024597869650137e+01
2.637712474317361711e+01
9.115559297940539096e+00
2.375738880902835248e+01
1.910352479391207581e+01
2.508156696757012227e+01
2.066722836934081542e+01
2.535314974926401277e+01
1.466786996408007226e+01
1.709692831020175774e+01
3.536647175713920177e+01
2.434902012312478092e+01
2.645155782956152990e+01
-1.966506953324064000e+00
2.091786921565347157e+01
2.882259734876283375e+01
1.316536412532661338e+01
4.375375284956687949e+01
-6.144376810107036846e+00
2.155368867058295024e+01
1.875195436555577189e+01
2.348224296826227686e+01
2.964194932067343302e-02
1.802235623938578257e+01
1.886306609825731329e+01
2.098280785465119536e+01
1.780648795727356415e+01
2.068869514037440283e+01
2.384472819630108376e+01
2.796004430578775768e+01
2.708955930690727243e+01
2.534822335139017824e+01
1.143041492574799989e+01
1.713241429488719803e+01
2.380490474594181549e+01
3.526975106975100971e+01
1.573841685302172877e+01
2.859977121761160035e+01
3.616492040017779175e+01
2.477200138901153537e+01
2.617982913042771287e+01
3.498630227431266349e+01
2.756878967252242774e+01
2.735941101573550327e+01
2.184158936842108290e+01
2.796563336121311494e+01
2.784187983443749914e+01
3.590938103971374318e+01
2.227993853854995621e+01
1.697858536391330730e+01
2.436347236890130930e+01
2.592761179995031284e+01
2.974099880855190747e+01
3.227878111978343867e+01
2.014137055620732042e+01
1.325608050571302421e+01
2.575798298780927809e+01
2.137141188527140656e+01
2.924492835775555477e+01
3.059150828749986317e+01
3.242747165863777070e+01
3.139330136041650476e+01
1.322746542523506008e+01
2.273835015517792257e+01
3.014790512095629893e+01
3.889809682185124728e+01
1.997913310825521194e+01
5.113252917985307278e+01
2.890216923443401598e+01
5.317516021190125741e+01
2.878578144521563331e+01
3.757176189814639145e+01
3.457688180733308769e+01
-1.425752121822774399e+01
3.279714089188598791e+01
3.455288693424934365e+01
2.833897586412563996e+01
2.577438674117856721e+01
2.577130940428059702e+01
2.162404074617152361e+01
3.159113397135557122e+01
3.910375842091734455e+01
3.549143208504633407e+01
2.069661711261302983e+01
9.002191266388386737e+00
2.561000092129994243e+01
2.150559874365265500e+01
2.441316018905856922e+01
4.054537405428872887e+01
3.300816484660713712e+01
2.508415095422177643e+01
4.875911386636377642e+01
2.798134069945484015e+01
2.607245540967774744e+01
4.165039249125512555e+01
4.516804487980421356e+01
4.066006592350080240e+01
2.334288858459584404e+01
3.383693150026932983e+01
2.736956683915635935e+01
4.638215244550101346e+01
2.070421946235464716e+01
3.142987818312154502e+01
3.082856981093685178e+01
2.830992982855957507e+01
7.276416912541648685e+00
3.023363009339383822e+01
2.967625098303897957e+01
3.257448734255931555e+01
1.568616231482266166e+01
4.136295692998612594e+01
2.861528795125353852e+01
3.346037594863960152e+01
2.009402078144585602e+01
1.644397949700277550e+01
2.554188396115684512e+01
2.731366181980761709e+01
7.980980087454700111e+00
4.118118352345658195e+01
2.224678508751399164e+01
2.528731567485241172e+01
3.320120841483803531e+01
2.894328891882411980e+01
3.806258910129653827e+01
3.334009377324595391e+01
2.712519184173735809e+01
1.330829742874479038e+01
4.213079182733751082e+01
2.515190168444480179e+01
2.480446825306812642e+01
3.857852546307322683e+01
2.809436685575413151e+01
2.464759212610824690e+01
5.980684032979945641e+01
2.507044577597754298e+01
4.105573723762074678e+01
2.717340476732127996e+01
2.756605504754902825e+01
3.086231030238296924e+01
4.071090432811851656e+01
2.192688581598940445e+01
1.971608408383613664e+01
1.940066535137928838e+01
2.431531051269844212e+01
4.322023455687089921e+01
1.814850361527834366e+01
3.359545040698890972e+01
2.319115852307579928e+01
2.213630191443249728e+01
3.992632248710881981e+01
2.746258331427809196e+01
3.823326709245834110e+01
2.293102020597892121e+01
2.831515040868171340e+01
2.038547065298853056e+01
4.208247967260901135e+01
3.459377289049383108e+01
2.442895617400689190e+01
5.012604507575925794e+01
1.762955726848057481e+01
4.067932438944737328e+01
2.039156331604965189e+01
3.083956748266729520e+01
2.653003565374101314e+01
1.661943562122007023e+01
2.569323815022295676e+01
2.569748218234959225e+01
2.482204697086775980e+01
1.160096873263415063e+01
3.558015556833881021e+01
2.376173466773922271e+01
3.694280941853050138e+01
4.172350505156956046e+01
2.771182287260764809e+01
2.566485125198614980e+01
2.727037030680467922e+01
2.297663202994406362e+01
2.655788512236954091e+01
3.511663727430907045e+01
2.305335722827497236e+01
2.716643258042790876e+01
1.063517405134725635e+01
2.116786268930102111e+01
1.724635141143993877e+01
1.442840279127175585e+01
2.714728374288858248e+01
3.613587419837080716e+01
2.635609513312294183e+01
3.053082613690592240e+01
2.515977839864715548e+01
2.446908874355408159e+01
2.031776350330352443e+01
3.217678282957908209e+01
3.478127787550545236e+01
4.807386691570639670e+01
1.910362576064865436e+01
2.821881235326837967e+01
2.013043221109302294e+01
3.170110189463873240e+01
2.712251539856907456e+01
1.199879838289638201e+01
2.562922038151381088e+01
2.896603093510021765e+01
3.385993910600648604e+01
1.450100063756453217e+01
2.794731714572111869e+01
2.382226162825814697e+01
2.699849024869807579e+01
1.967717202572845991e+01
1.622616036121682725e+01
2.736876914947372086e+01
2.328047755193782109e+01
2.233239761552970393e+01
2.967972620716798815e+01
2.732811568835143134e+01
3.203601542872088714e+01
1.928257755849664079e+00
1.811510128155043731e+01
1.022199357400772257e+01
1.474681740337014446e+01
2.262484334934539376e+01
4.983592655483003853e+01
1.506917892889048183e+01
3.811390277197754273e+01
2.816522364416686486e+01
4.699645532387926039e+01
2.229433654198383152e+01
2.709231941653842668e+01
2.799666415418396070e+01
2.788667903754605959e+01
2.002907058008534591e+01
2.892249318848898909e+01
2.254050964022204795e+01
2.403288880482186585e+01
8.994368223329754386e+00
3.794431403227849131e+01
1.984649168817717424e+01
2.186170368798276797e+01
1.109142061767229670e+01
2.457505179714828714e+01
2.733465934083429261e+01
1.839726313469412844e+01
2.218894716598167349e+01
2.165178625170603866e+01
3.147022938261255121e+01
2.101188964343132426e+01
3.813972454009936541e+01
2.070957700861163886e+01
2.069851240209963450e+01
2.584984853339772570e+01
2.929710661419345641e+01
3.091980580744331064e+01
3.038346180435882360e+01
3.078315403074656942e+01
2.392063591980282311e+01
1.585112298181702606e+01
3.872591176322185191e+00
3.696659500794270059e+01
3.898287243851218875e+01
1.227862200302844542e+01
2.514135858233496634e+01
1.281411637158652184e+01
2.614532037963499533e+01
2.615651004843124028e+01
2.254641974208693611e+01
2.829244713670565758e+01
5.475275820133820304e+00
1.829124057671286607e+00
1.203525052488535785e+01
1.423723631105948328e+01
3.537974495397213559e+01
2.441664209440656208e+01
-3.708031112448058053e+00
2.800578582756009993e+01
2.710413372505405505e+01
2.586514751974208437e+01
2.733371219727338897e+01
2.549765802147063809e+01
3.542522886201714982e+01
1.576566041992765399e+01
2.891565673968838723e+01
2.745139583104976921e+01
2.318141438999775517e+01
2.137087708220085602e+01
1.008609947545989272e+01
3.060915565504202362e+01
2.394335572663894141e+01
2.099454917601750026e+01
2.794783893525115559e+01
2.998624832179125121e+01
2.720847790715826520e+01
2.643802161715308685e+01
2.711399161548299475e+01
4.683713281218925317e+01
3.780834648722332503e+01
2.905775076285338088e+01
2.482833400632369347e+01
2.286442612171177302e+01
3.614586410298523589e+01
2.704013506332066186e+01
2.942728576787356332e+01
1.941287388988642704e+01
2.488712426742617723e+01
2.955512338110881387e+01
3.044080007438028446e+01
2.944532631432268488e+01
3.748927889826246940e+01
2.839572832156787996e+01
2.937881045443660000e+01
2.991226616903176350e+01
3.010504702538076316e+01
2.325363132343900929e+01
2.603406812060558195e+01
2.297375405629170331e+01
2.870823359278357856e+01
1.813458613351808424e+01
2.767809992983931622e+01
4.876423169090585930e+01
2.838363719903934879e+01
3.134643943666894117e+01
2.578441091811663810e+01
3.576788721201074139e+01
2.844017078177457947e+01
2.345362856752559111e+01
2.994834714818681221e+01
2.641766356364187374e+01
2.797013817550919157e+01
2.318502557461614089e+01
2.826769640174484266e+01
2.619883790608861673e+01
2.703268460349235625e+01
3.592670126499816519e+01
2.166201623339551929e+01
3.148255160812522391e+01
3.222407404807064069e+01
3.928282736370212547e+01
3.324107541821867073e+01
2.975134641004159519e+01
2.198820917955753629e+01
5.075360708362218531e+01
2.805510548158297723e+01
2.585122266673437252e+01
3.526834628566452778e+01
3.169519897793109209e+01
2.439552773733826285e+01
2.673865483262231990e+01
2.035008638570898398e+01
2.800346066655847466e+01
3.281580631630989586e+01
3.685747364180035390e+01
3.060580110732064441e+01
5.610868162171534834e+01
2.804112641966833053e+01
3.449429567121659801e+01
2.843153471983305991e+01
3.003902304622192787e+01
2.128743329519400618e+01
2.384123984066697233e+01
2.626672958543102609e+01
3.178950954358300862e+01
2.334241430024703590e+01
2.897084675514745911e+01
1.162633317980908032e+01
3.394619589637264312e+01
2.826320918413982497e+01
2.574748506087494704e+01
2.795212031059424618e+01
2.068239557096448777e+01
2.853751335599297789e+01
2.356943904706119852e+01
2.314322256860479854e+01
2.176221203817114258e+01
3.740556286493527693e+01
2.033137678322808028e+01
1.909850648162490927e+01
2.441053482324226920e+01
2.618148786103267156e+01
1.890919804877628252e+01
2.598925594637918124e+01
9.264229999736762977e+00
3.081473832357658793e+01
3.130310410504695184e+01
3.203502274688101892e+01
2.759691734969626964e+01
8.039845717683068216e+00
2.865153694369220005e+01
5.107427931462063242e+01
2.938531291782359389e+01
1.585784634925759562e+01
2.412302212319340100e+01
2.473692460469003152e+01
3.244553263699503276e+01
3.054278980219807593e+01
2.908088983044206444e+01
3.316096386641098093e+01
3.124761660817488362e+01
3.392025058379552149e+01
2.105324925747029496e+01
2.918477217549528291e+01
2.618059568359656808e+01
3.576653909860993963e+00
3.443050036329049135e+01
2.223308793604467937e+01
3.555941757496736955e+01
2.778506903789891780e+01
3.585892352343972789e+01
3.751318395343904655e+01
3.246659907718251503e+01
2.471536828302082611e+01
3.606588255741119298e+01
2.346105762374615011e+01
1.516400596661223155e+01
3.022199557589509311e+01
1.930847036243962123e+01
1.950792324225776042e+01
1.953674250487128461e+01
3.565559582013518991e+01
2.482073601393840079e+01
2.625076755487855351e+01
2.805195525152047864e+01
2.023516628559325170e+01
2.924922284965198926e+01
2.544748476570462259e+01
4.315505969357766958e+01
5.178683512311992132e+01
2.176419063129423392e+01
3.032778274735711577e+01
3.162454320927221474e+01
3.236133383764970972e+01
3.337939458585312735e+01
3.652549703536504211e+01
2.913969808847481957e+01
3.471060826706936098e+01
4.218581277427223597e+01
3.001799098246988606e+01
3.058032932436218232e+01
1.777569981044103642e+01
2.848977295342504590e+01
1.593186602657291928e+01
2.852603696713148906e+01
3.970467701196745480e+01
2.062047794975651627e+01
4.850716918762321228e+01
2.787629288359233115e+01
3.201893853570634718e+01
4.431025492985216374e+01
3.811573930330439453e+01
2.936210316505872342e+01
2.554596113980744576e+01
2.887974370934578516e+01
5.588242834956879790e+00
2.937053003264642825e+01
3.187122805741354270e+01
3.039807167148912725e+01
2.561057657496186479e+01
3.070412097776378602e+01
2.979961123371567666e+01
2.622694964278417729e+01
2.470380345008565115e+01
2.741067313775364767e+01
4.994970606404275770e+01
2.901821361414028999e+01
1.304915755485723139e+01
3.639031443880230654e+01
3.286084542832569610e+01
2.831454290982058453e+01
2.946514518493517443e+01
3.121861640058160248e+01
3.726241691125927957e+01
1.349429032325371480e+00
2.135759768192134089e+01
2.785757759243344012e+01
3.499464102198511739e+01
2.985232038021578305e+01
3.789114233276893628e+01
3.547946962497768197e+01
3.536901569574291671e+01
3.557948350862091047e+01
2.036307742191985426e+01
3.059508348368918718e+01
2.443268699490593576e+01
2.511123900342265713e+01
1.477261882362790679e+01
2.616275712237477435e+01
2.753792358144475827e+01
2.525755523415642756e+01
3.063972465892338448e+01
3.011039698667297415e+01
3.004690447195254777e+01
3.676818934948481399e+01
4.828855168665806730e+01
2.455750168623911023e+01
3.788564009322595183e+01
3.001386447661970891e+01
2.929408933376264201e+01
2.548181405726485593e+01
1.942163516123214251e+01
2.911845193962276923e+01
3.018537357748886052e+01
-2.013236734736331357e+00
1.848138878363703697e+01
1.518051883069844443e+01
3.860017092013548279e+01
2.960525938187152306e+01
2.813779683649542562e+01
3.854839445533495024e+01
2.189223166914372598e+01
3.146096190815904947e+01
2.658448179383426435e+01
3.142371657057693213e+01
2.752125740001250165e+01
2.757058062568398782e+01
2.800752148752291859e+01
4.277920368665413520e+01
1.213937131861095864e+01
2.686206438740671487e+01
2.965224294263555294e+01
9.922321610244175361e+00
2.814825165547393837e+01
2.559796502154925690e+01
2.986015708045849237e+01
2.548073300139978414e+01
2.127108915880424789e+01
3.802061025589908638e+01
2.759276294965385290e+01
2.908186661885740421e+01
3.368996875226444843e+01
3.259780784346680349e+01
4.228088701821286577e+01
2.537507034657837224e+01
2.787132204154128701e+01
2.078025566208042108e+01
2.160168596954449782e+01
2.372748330422378515e+01
3.017731346220459443e+01
4.561917063223364721e+01
5.445185509445783367e+01
2.309621073142540482e+01
2.854188124991966546e+01
2.540205008160807409e+01
3.791799733747694745e+01
1.763738597402629438e+01
3.340641132314482320e+01
2.901160756026762400e+01
1.800818814576696525e+01
3.145919994772257411e+01
2.441712976469953844e+01
2.824193718534830921e+01
3.117817310265621344e+01
3.185169780544577733e+01
2.981673866330798006e+01
2.344729273164386996e+01
3.049987824948937742e+01
3.349650007497570670e+01
3.187150729966929319e+01
3.987885532423980806e+01
3.201413646188817097e+01
3.172339008673096572e+01
2.639443801577616711e+01
3.739250564618245676e+01
3.161354760201215797e+01
3.147530563922468971e+01
2.559467000964447081e+01
3.054457481507703065e+01
1.750059190968718781e+01
2.906641755726069576e+01
2.587130155568580392e+01
2.390868497689988459e+01
3.007864806741540065e+01
3.035043828347225769e+01
3.837590684678200148e+01
3.179507049371777327e+01
1.485317370593577024e+01
4.849758524593691789e+01
2.951144539292696933e+01
2.332704443272174544e+01
3.098954070837136143e+01
2.452211916843772244e+01
3.683488865528168787e+01
3.769397178886930533e+01
2.333851594453817313e+01
2.772082030726273771e+01
3.028511589183402108e+01
3.002888739048611200e+01
2.722227383361155617e+01
2.814246484970512086e+01
3.370998020747254742e+01
2.929895871126691986e+01
3.264850285193375612e+01
2.604880656430622921e+01
2.804091478899790957e+01
2.556339714728712309e+01
2.134377214640073461e+01
2.519698024253852608e+01
2.785612355312862931e+01
3.745895627479541190e+01
2.658695974161925690e+01
2.643526958309898944e+01
2.926242679538108860e+01
1.339462018958278477e+01
2.570037291882592001e+01
2.215690173660773254e+01
3.039396105138977688e+01
3.479385774241050910e+01
4.217655639275239565e+01
3.563035250915984165e+01
2.271623146027884843e+01
5.045715149913708331e+01
3.703909990850053902e+01
3.302365934539552939e+01
3.012082351407280356e+01
3.036428362062008546e+01
2.752868043645264962e+01
2.728931847380721720e+01
1.281586278552894242e+01
1.515070861490449161e+01
3.073350257659497586e+01
2.519430119646964528e+01
3.482576362142184223e+01
4.138056051520255352e+01
1.725227331394495778e+01
3.169103900788183736e+01
3.321825742927549641e+01
3.221062168759461031e+01
3.293249913609184176e+01
3.642342143317949876e+01
3.037588423658297998e+01
3.315675806633195322e+01
2.259823357398120436e+01
2.910951702212982539e+01
2.066228667495504112e+01
4.567285758054526923e+01
2.876966264809208340e+01
3.126642322787554562e+01
3.816117880312245347e+01
2.905708260865828407e+01
4.327652915954605817e+01
3.059533185179060766e+01
2.466967791873192795e+01
3.955728474042623333e+01
3.520817340725473343e+01
2.243995851310005563e+01
2.937863376252105851e+01
2.898529253781723014e+01
3.221059389159925246e+01
2.245652998420386837e+01
2.503226675708812365e+01
3.062327277205771026e+01
3.241610362991561800e+01
1.077715953510264413e+01
2.151442649146320107e+01
2.511101995470003700e+01
3.856738024165008483e+01
2.171425793848335672e+01
3.008551020573999324e+01
3.977928814764350562e+01
2.100845582953503765e+01
3.355594713817676222e+01
2.159960463163488953e+01
2.571549368798894974e+01
3.173630106485380509e+01
2.621115062979205490e+01
3.281054558017862632e+01
2.508494220179520795e+01
2.867806331056978308e+01
2.937758179370266731e+01
3.291267841708069852e+01
2.802178318200983043e+01
3.432754039348915853e+01
2.484429270363034448e+01
1.911029278082969540e+01
1.991983610104959013e+01
2.359964293758034160e+01
3.329181662222017479e+01
2.920937530151900674e+01
2.619994029745751973e+01
3.213085230529033254e+01
2.757170801441496266e+01
3.666373298710784212e+01
2.133015875851847198e+01
2.908787822945324208e+01
2.958572001008569785e+01
3.754447153520832359e+01
2.189489378954873899e+01
2.703889797393824779e+01
3.111152407958924471e+01
3.290162738413735610e+01
2.410491327138696249e+01
2.899454620296528162e+01
2.416354040090755717e+01
3.380983719589652026e+01
2.756158041087589794e+01
2.375518563555724327e+01
2.580507822274848806e+01
3.285944808404164519e+01
2.501009528275917759e+01
3.327351752411794195e+01
8.086095109276691062e+00
3.027042909504598001e+01
2.434241389772751774e+01
2.332430313584875492e+01
2.932637982123385356e+01
2.477671099284932410e+01
3.930064341971067421e+01
2.948446552080243066e+01
2.671099270209822407e+01
2.256639050106789313e+01
3.681115563209549180e+01
3.171700962154072201e+01
3.274316740512208668e+01
4.194596426444385884e+01
4.858623183306567483e+01
3.344182357169385966e+01
4.017574265892049823e+01
3.464622398672029391e+01
3.791840061166780629e+01
2.606883409544192887e+01
1.773992072241349049e+01
3.044507815812248808e+01
2.830051206039965805e+01
3.629814695934868496e+01
2.624239184782410206e+01
1.536450146764627611e+01
2.699069275707253013e+01
2.948705043297771766e+01
2.410955677202110081e+01
3.020994470164354340e+01
3.142196871232960831e+01
3.384068868896567039e+01
3.161789255647506280e+01
2.704342506372174881e+01
2.386517066325413694e+01
2.958043980434612408e+01
2.242294711832178677e+01
3.120643005675144011e+01
2.966057755890018299e+01
3.583632318012217866e+01
1.480923111854901109e+01
3.428070973888056017e+01
3.383359799268512802e+01
3.043680436592903149e+01
3.116186755955074972e+01
3.091232693855130975e+01
3.855492854921104140e+01
2.639105228602531383e+01
2.297979422587718545e+01
2.947077386910736507e+01
3.616812391964845119e+01
2.346103944742350578e+01
5.918345963517495534e+00
2.797841058270454795e+01
3.879924179764199721e+01
2.486614044588503702e+01
3.222468811674168876e+01
3.078373519447787032e+01
4.328484977406354517e+01
1.667355181740326842e+01
3.200823496827702286e+01
3.123168672251884459e+01
2.778435871833965365e+01
2.432137449546378960e+01
2.698833833533188908e+01
3.204508197776611667e+01
3.988512451406768378e+01
2.122078552060377632e+01
2.871109776842452277e+01
3.718221072778418090e+01
3.368903872050192660e+01
2.662191924272255150e+01
3.234451630252368659e+01
2.693419329375880622e+01
3.267274915273593194e+01
3.087809051063563004e+01
1.556442364403456580e+01
4.233354007537654695e+01
3.394003913571205544e+01
3.381069248639881408e+01
2.193113427928680892e+01
3.722760762685031466e+01
5.015922950834217886e+01
2.917986938954788556e+01
1.918398991756400207e+01
3.654568480944818987e+01
3.694152602755686843e+01
1.732153917715501024e+01
4.035611808966552161e+01
2.807257102851026076e+01
3.909063906118092291e+01
1.976573178993944779e+01
1.304801813456304771e+01
1.691168697696240031e+01
3.363368072398827024e+01
3.010251317945540350e+01
3.108775315918251891e+01
3.113187945307094395e+01
1.883615303659232865e+01
2.530843769910249463e+01
3.153609251736840591e+01
3.065051026804831835e+01
2.473260461856227366e+01
3.298030121234254608e+01
3.464736514431413639e+01
2.633985484308032099e+01
4.120348929844037400e+01
2.901912695107771256e+01
3.313006361497608765e+01
2.562766945953889319e+01
3.982835809352049239e+01
3.858572209960383503e+01
3.178461692436526320e+01
2.842214376772086126e+01
2.595784445461269740e+01
3.167413768599736557e+01
3.464791812621005818e+01
3.280588164569638820e+01
3.161051124702061443e+01
2.977218795338605162e+01
3.133557470553136781e+01
2.368733875299096425e+01
4.175102466309169813e+01
4.885516105923130681e+01
3.330762811475769070e+01
3.524943485918201702e+01
2.793580535191721026e+01
4.738541395977502901e+01
2.094369391028836702e+01
3.384819549161780117e+01
1.398773052718966525e+01
3.261673559187266846e+01
3.377215257184820274e+01
2.860164976904644263e+01
2.730099061372380476e+01
2.381708795086549202e+01
1.977041397457858807e+01
4.672228151365732884e+01
3.791565914646120916e+01
3.736942251648129343e+01
2.736008422126853645e+01
3.438571939786794474e+01
3.059659855248911953e+01
3.371503989443635163e+01
5.051557161391499307e+01
3.891085514348108632e+01
3.262186560265492119e+01
3.009428154608433559e+01
2.750564677314786621e+01
2.222157240472159856e+01
2.004535107351475176e+01
3.741706940790491842e+01
4.944256346398169910e+01
3.143508433937586233e+01
3.617352518442838516e+01
3.030660312848830884e+01
3.728691428316598433e+01
3.115483754426087870e+01
2.880239210069002453e+01
3.027199736426761234e+01
3.297118231864718041e+01
3.468622020513910797e+01
3.376432543458753344e+01
2.861168201466923122e+01
2.848012583413022014e+01
2.463485077775847998e+01
3.317621559935408015e+01
2.954524891966242706e+01
3.820246955645301767e+01
2.925135912468427790e+01
2.555906478260408932e+01
4.074638397589080796e+01
3.925373762244390008e+01
3.219209434893478772e+01
4.545920641686429065e+01
2.548338867810394959e+01
1.938114334015278217e+01
5.438782969964424296e+01
3.252747190931562216e+01
3.209462967098206576e+01
5.131537320401086788e+01
4.327722408848776325e+01
3.453257495543184774e+01
2.856049400051957221e+01
3.987215048517870031e+01
4.047508945669600422e+01
2.897965515025797245e+01
2.847770550288268865e+01
2.332440130070740736e+01
4.044808831189467213e+01
2.863304694190972199e+01
4.229802287229306756e+01
2.277099921352555967e+01
3.799399949381096064e+01
3.401138647698163453e+01
3.870001222671544383e+01
2.048603674148514386e+01
3.871505686054815243e+01
3.941830074434922437e+01
4.496377499522766641e+01
5.792256971720348702e+01
4.132420412814028055e+01
6.508784190885798182e+01
7.513914315343807004e+01
4.367180732709513791e+01
3.496115061532906765e+01
3.352402163329281848e+01
3.304411103653623627e+01
3.034880777951627806e+01
1.006227399696478386e+01
4.388888014039422103e+01
2.169782451545259505e+01
3.126812183869441952e+01
2.749815310245045197e+01
2.643085299266427057e+01
4.259601774842774091e+01
2.860618146345080604e+01
2.742686888588112382e+01
3.746769762410661997e+01
3.629457749737350269e+01
2.548869027521323716e+01
2.469011215768842149e+01
3.709597449832659777e+01
2.339479519926535289e+01
2.000611916730715478e+01
2.668477570690432543e+01
3.202252670561265546e+01
2.841886326128028628e+01
1.668848945741689249e+01
2.873513597693344579e+01
3.010046941784152708e+01
3.085431945885721916e+01
3.469737679004803965e+01
2.766201680046490097e+01
3.117501358775473363e+01
3.998438165903785091e+01
3.141930438545941939e+01
3.854319379393158584e+01
3.943602615470202011e+01
2.922831578139019726e+01
3.405665127502758338e+01
3.600119771446134109e+01
2.351902457990927786e+01
3.126208357355622880e+01
3.798085942742737586e+01
3.998066519032114741e+01
2.792630195986502883e+01
3.022753206185884522e+01
2.915944859512768517e+01
2.322559856317877447e+01
3.377833995150935920e+01
2.541949335674788557e+01
2.802994831288942379e+01
2.901970826518145330e+01
2.834309452085372527e+01
3.164381152883387571e+01
2.968569547180939239e+01
2.961980410218976090e+01
2.178107693352369267e+01
2.559018652142560413e+01
2.855034661215889358e+01
-4.850978420765180488e+00
2.661403115700924005e+01
3.125714504007254035e+01
4.521755398520772218e+01
4.035944280229168868e+01
3.713425347413984667e+01
2.396080103248927884e+01
2.849434634187466031e+01
3.178204727062776058e+01
2.610434763904891753e+01
5.118548345790901521e+01
2.205168836919632369e+01
2.905147536948533471e+01
4.363317775909745677e+01
1.970450236757449147e+01
3.018876086235983891e+01
3.342504765508135023e+01
3.272286426311611507e+01
2.760333727434288420e+01
3.628656801927872522e+01
3.629043780713404033e+01
5.830000434345106441e+01
3.181893772781156926e+01
4.149277696152287120e+01
3.830416926233035468e+01
7.682525147162090207e+01
9.083540987184950666e+01
6.527069786150131847e+01
7.058889477832487103e+01
6.849375099386891463e+01
5.556513778818506921e+01
4.150051411829900161e+01
3.873454106746022063e+01
3.374934700914604946e+01
3.450884830543871828e+01
2.613347357883084143e+01
3.081539879769848511e+01
2.872144433791253704e+01
2.945187379763121882e+01
3.107784111585440456e+01
3.656582047137761293e+01
3.352871322289833245e+01
3.461440005687869359e+01
3.394283081650080192e+01
3.513416817614198351e+01
3.243397916778734213e+01
3.296324425004406322e+01
2.337446674777319799e+01
2.480989084004087886e+01
3.611923235184480774e+01
2.724113526455858647e+01
2.926870485386494636e+01
3.335209795669414490e+01
3.037022600136297967e+01
5.009798010503402566e+01
3.783820005801988628e+01
3.673078416123023970e+01
3.722305846729564394e+01
3.475699245411622940e+01
4.329508951052728349e+01
3.676217186850780649e+01
2.153745268807922741e+01
1.387528336360487557e+01
2.779508091733797315e+01
4.240443326663515933e+01
7.239377681906493933e+01
1.044336634411013733e+02
1.723087655367727109e+02
1.481084626488815275e+02
1.651173414324432258e+02
1.576142339230607092e+02
9.564213826701815435e+01
8.872027354571270052e+01
3.247339680679263552e+01
5.608780809880461504e+01
2.477106816301414938e+01
2.514930160396164283e+01
3.237899564036575129e+01
3.317147025451122744e+01
3.281950861879730752e+01
2.289190300350348650e+01
3.292370985355935176e+01
2.999474932091472823e+01
2.777991443499811197e+01
3.218879498775973502e+01
3.656955255133076577e+01
3.154096404485811078e+01
3.532262525581642620e+01
2.913401513029177536e+01
4.259283961008480901e+01
3.273824455352605156e+01
3.318849183005514902e+00
3.161386834076333585e+01
2.787992267632778010e+01
2.637606433856549515e+01
3.031476874079069717e+01
2.323614922812096850e+01
4.288502552430516346e+01
3.654859116122027984e+01
3.366956599604424838e+01
3.744410631155250968e+01
3.598635947267403878e+01
2.904313009325509753e+01
3.161936124241244528e+01
2.572772610151066530e+01
2.188779902059112459e+01
2.754926186104152208e+01
3.331408769365139477e+01
2.781362734646211976e+01
1.718638196743603430e+01
3.022402427891634602e+01
3.025309827140524987e+01
1.980280075787569061e+01
2.790930724209069780e+01
3.999529252308819594e+01
3.398568329241932418e+01
2.765268260122353539e+01
3.083702569557798867e+01
2.402279336452721381e+01
3.960718356401636697e+01
2.548513658443787833e+01
3.200645469258982700e+01
2.150225690619647878e+01
3.019799303312195349e+01
2.796216544612321186e+01
2.415862094479384581e+01
3.067354877590428330e+01
4.376412771378713273e+01
3.016777026319108401e+01
4.458841131527853463e+01
4.010613922256924013e+01
3.072492461236310746e+01
2.702056442796738622e+01
2.494936375572833498e+01
1.911587891950241058e+01
4.236232428882955503e+01
3.094158107855845330e+01
3.523204842725732533e+01
2.372950375361034858e+01
2.759130553801696095e+01
1.508531320953188803e+01
3.219656975041853286e+01
3.386876340867553381e+01
2.353149472538278886e+01
3.021811541247820898e+01
3.084026904621043030e+01
2.270520067768421413e+01
7.039654359635255787e+01
2.924288877631274275e+01
1.704891097168863467e+01
2.063520417993033007e+01
3.211631774456735400e+01
4.309014403884544464e+01
2.205116910743392822e+01
2.957982414922116376e+01
2.760317504764622498e+01
2.563401567787992974e+01
2.961369012831902836e+01
2.803182880053362780e+01
3.847317059112621962e+01
4.405290377215168007e+01
3.046757892357899777e+01
2.255220588703452833e+01
4.335535646603634774e+01
2.983026839405691888e+01
3.367405391560475891e+01
3.471659794720647341e+01
3.859106900864063050e+01
3.312317512774376382e+01
2.498224874963903019e+01
3.217297387117257301e+01
2.874778921963146772e+01
4.043689513914434031e+01
2.230146715780698941e+01
2.757796374115492455e+01
3.319092215199047757e+01
3.410615553125924038e+01
2.751730793614477832e+01
2.220500007174408807e+01
3.577520284293967023e+01
3.161797258222283702e+01
2.862581829027578451e+01
2.909772183272587398e+01
2.838769124568845825e+01
1.785545283783315895e+01
3.201071370049921683e+01
2.277165862514102912e+01
2.165967431738483029e+01
3.959705326161285655e+01
2.572155959286521210e+01
2.048694032038945778e+01
2.729933365203887163e+01
2.813225081708002762e+01
1.867752884211019193e+01
2.552475271292416181e+01
2.652412020075653842e+01
2.369115245314298335e+01
2.602094415572925357e+01
1.611106820787327365e+01
2.760744201926635100e+01
3.020559978521105293e+01
3.148580921853654857e+01
3.565550643067866332e+01
4.020575569070486210e+01
4.117069765802494885e+01
2.465173373040060412e+01
3.299920383667294033e+01
2.398091586011555520e+01
2.740620624189301680e+01
1.583293396503497874e+01
2.782777306665091999e+01
2.641238451660378672e+01
2.499098709185071598e+01
3.634809370944348217e+01
3.245375840633499820e+01
3.008432406023881711e+01
2.066528672136852407e+01
2.059971475520650586e+01
2.714405733637190110e+01
2.517809280940069883e+01
1.366578778712582576e+01
2.725862638346983857e+01
3.383305799529092894e+01
2.414325234647273888e+01
2.600451696571127513e+01
2.830140346938441809e+01
3.595859057198841668e+01
2.980342086910549781e+01
3.141642006069112369e+01
2.997219869226179156e+01
4.689111841420904625e+01
3.632356884197753999e+01
3.109707715103591497e+01
3.052029063661765207e+01
5.791058283747713631e+01
2.954240303717616811e+01
3.293044495566230268e+01
2.571043693435792576e+01
1.683468488222057857e+01
2.824176435361220427e+01
4.344598471383397253e+01
3.130364593622507385e+01
1.081749233303800750e+01
2.750106176725631002e+01
3.319379717798330631e+01
2.930120445109586669e+01
2.240259512446777634e+01
2.661646326999261092e+01
2.887544472910549231e+01
2.990281026419922483e+01
3.156040321671754967e+01
3.954333518730689434e+01
2.930192993259577250e+01
2.905849324916290044e+01
1.926484625157502251e+01
2.502958061291635872e+01
3.316090235191720126e+01
2.785164047485764982e+01
2.832949557773149252e+01
2.720701001035162747e+01
1.705612337493512598e+01
2.630053321761991469e+01
1.781199884291063640e+01
2.624121198586281878e+01
3.998107192309550584e+01
4.006280679781487919e+01
3.558200787332572901e+01
2.230843273573749386e+01
3.958256515343398263e+01
3.322994129653343975e+01
3.239523676747494818e+01
2.233359801920504850e+01
2.035289280903435838e+01
3.747877394538704010e+01
3.152754570634582265e+01
3.065817663760894973e+01
3.041372616253339700e+01
3.028660005605316385e+01
4.077017575800393701e+01
4.826839408547387222e+01
2.838055192621290601e+01
1.936953520160762565e+01
3.741574918297811791e+01
4.472559113715199430e+01
2.059317879121337924e+01
4.531323024252819920e+01
2.462177925208295193e+01
3.322854366559911909e+01
2.801996996695117659e+01
3.094197670946789813e+01
2.000956182522900306e+01
1.988853532341795471e+01
2.927046307605186826e+01
2.402365360803672090e+01
3.252919281489169379e+01
2.601056976092650075e+01
2.746022526593602109e+01
6.198492061382712137e+00
3.035777310109299165e+01
1.500220003486434805e+01
2.692787229143247885e+01
2.784614396245673973e+01
3.993021002009983533e+01
5.654184593056031360e+01
2.685962956305720795e+01
2.161852303581099477e+00
2.892191324708084821e+01
1.464209851857271261e+01
1.534683032765095767e+01
3.627496269772930049e+01
3.404599603682198250e+01
2.802269230580716197e+01
3.172279888484796118e+01
2.912020484638670581e+01
4.658671907552775338e+01
5.719441227063409627e+00
3.571314719049966868e+01
2.949467248286413934e+01
2.715613446140077158e+01
3.218829393161812646e+01
3.583674426435950267e+01
3.157841246141616764e+01
2.989297308587256197e+01
2.938064010827894990e+01
3.446477795414301681e+01
3.852670823415910206e+01
5.298251196462867085e+01
3.082945408520787467e+01
5.533537714929693152e+01
2.641202410152299151e+01
1.141358431070118229e+01
1.447123583955551318e+01
2.856253879137510765e+01
3.800468286362720960e+01
3.837218337451184880e+01
3.697112481015186347e+01
3.147375509753256750e+01
2.363659530125482178e+01
2.156607460997924974e+01
4.016536494869023244e+01
3.567877757642114034e+01
2.949541356584864005e+01
4.270619477683130327e+01
2.423730066621455848e+01
1.929630496430254993e+01
3.479805524579833786e+01
4.456833999313741401e+01
3.361645392116761144e+01
2.634897204107404889e+01
3.021487307722717830e+01
3.020734412997707352e+01
3.013409746948332568e+01
3.110200637076214036e+01
3.655518206356429545e+01
2.734497194096755379e+01
3.465376574715607916e+01
2.680777664473136923e+01
3.277815978363531713e+01
3.530642974775577159e+01
2.949484268272653154e+01
4.349785294905547062e+01
3.352587832860559303e+01
3.042721903859948540e+01
2.827454994864952198e+01
8.995045607742142124e+00
4.928754157253272439e+01
3.489551100504814940e+01
3.230424677013472490e+01
3.065566544822979367e+01
8.045917647986520649e+00
2.634359268644050189e+01
4.695115826392024871e+01
2.734487344722961666e+01
2.717576259277291939e+01
3.018745008605181468e+01
1.961467753243432455e+01
2.743152408217081017e+01
2.532648296148873612e+01
2.425414630342824296e+01
2.950736218954910228e+01
3.527440938409876736e+01
2.192765839226083813e+01
3.014690067059565237e+01
2.467232908502755251e+01
3.401409701842851518e+01
3.312114187221014561e+01
3.888455881377467449e+01
3.111661027706845672e+01
3.232397122252667288e+01
2.497428341688019771e+01
3.453312997840461662e+01
3.034637048313355834e+01
2.829950823987596564e+01
2.611862912324525254e+01
2.433806893116295811e+01
1.936281949271930358e+01
2.750208935169055025e+01
2.718669869811470008e+01
3.403099890453541576e+01
2.580110441781243935e+01
4.682371124990787337e+01
3.419786954276622737e+01
2.902871450569168843e+01
2.880270378465888825e+01
1.908297973422563132e+01
2.763578111799470705e+01
3.105315203540103397e+01
2.988447898815053705e+01
2.683845745512260095e+01
3.229898013102921794e+01
3.702771935038196460e+01
3.876521616917592183e+01
3.403217591794869179e+01
1.814956413477846553e+01
3.861539684664039385e+01
1.571941381200144683e+01
2.854025734599168374e+01
3.308906941108578792e+01
3.298501467039729818e+01
4.130558330452653593e+01
2.938404584101807870e+01
3.065992073225064374e+01
3.015353535437547094e+01
2.715686810706719001e+01
2.898539324863258670e+01
2.212417181199243998e+01
2.597846585389145702e+01
2.851118804076343594e+01
2.929539643385524172e+01
3.303012596439904769e+01
2.392222153831631459e+01
2.540131448695037975e+01
5.739437560536513416e+01
2.939602717208862259e+01
2.764012313749414673e+01
3.551538552927828363e+01
1.465100466793032474e+01
2.372900203304167022e+01
3.994320849774172189e+01
3.180682703144433532e+01
3.059705128168048560e+01
3.835842688377438492e+01
1.814708340708741474e+01
3.105553360714892364e+01
2.693586892176268677e+01
3.711596683071692127e+01
3.881879237964800922e+01
2.762073271601886049e+01
3.152320060308338867e+01
4.090851196736561235e+01
3.142341462343691205e+01
4.663298027587901373e+01
3.573425058975372792e+01
4.273813853655892814e+01
2.831887570792198972e+01
3.451099649687230198e+01
2.442049630778787872e+01
2.449884347081384917e+01
3.056699153581173078e+01
3.394166512185176998e+01
2.226043904619042380e+01
3.012009116632632200e+01
8.998015220492273869e+00
3.070872453641350219e+01
2.896625230068984180e+01
3.414746602441403667e+01
2.566110371083638597e+01
3.418387016293980452e+01
2.842853417394018933e+01
2.658556629316001363e+01
4.083972114075358917e+01
2.916219989167832338e+01
3.894598099329955687e+01
2.947472467378668171e+01
2.527733542532034861e+01
3.297413879654170188e+01
2.870269287955942161e+01
2.858242993915368402e+01
2.913967201466743617e+01
2.890137021056291289e+01
3.246218495578727925e+01
2.650216207217658848e+01
3.109997705941241719e+01
2.900445321719811176e+01
3.969300550432637920e+01
3.268492678435550403e+01
2.740427308027378217e+01
2.858758560099168733e+01
2.759512082792675258e+01
3.199430965766342538e+01
3.337038363672288455e+01
2.954566008592544435e+01
2.665909094657663303e+01
2.954616656119691953e+01
3.017958875400870866e+01
2.306735700350830598e+01
3.163004233886182348e+01
1.842148187212549360e+01
2.359827803535995372e+01
2.551078337938533735e+01
2.846463223769800521e+01
3.093682193570240813e+01
2.960063551413474059e+01
3.308227893671927689e+01
2.917240043937790261e+01
2.963967602081516972e+01
2.309722610027698408e+01
5.257388652857741818e+01
3.387674238750631162e+01
2.980597249734496046e+01
3.669332416994910062e+01
3.372680844650124499e+01
3.485676688259639633e+01
2.660287573931223903e+01
2.728833565410178963e+01
3.171950389919378921e+01
2.367522567636611797e+01
3.440155908853387245e+01
3.012723465481657570e+01
3.121899454342070968e+01
2.359016844108709421e+01
3.806873580649318711e+01
3.177653753747981114e+01
3.101501896081359533e+01
2.483306097353544573e+01
4.004185236434155826e+01
2.466352144612484665e+01
3.399256366069301549e+01
3.616851429580009381e+01
2.747143817613272176e+01
3.880189750000252502e+01
3.133691043959834133e+01
3.328821600398866565e+01
2.590125340359213268e+01
3.871187494358628101e+01
3.334686266982645719e+01
2.729634291193478646e+01
2.079062568107007536e+01
3.826797850027963932e+01
3.046518755016285951e+01
2.954447938949212116e+01
3.730491830717642898e+01
2.437172889928890385e+01
2.643056069764494254e+01
2.773767638881842501e+01
3.352485037162202985e+01
3.297026933190121412e+01
3.733602061631217595e+01
2.760484030730400562e+01
2.741839760605835608e+01
2.805579518840844955e+01
2.428609749739585766e+01
2.506685582747980590e+01
1.637136900276475160e+01
3.043121355756520785e+01
2.882457595437338682e+01
3.680612481407881376e+01
2.892531176941642457e+01
3.250796687958736442e+01
2.956867132606368287e+01
2.985413032412762746e+01
3.345937146810519636e+01
3.011614877382435651e+01
3.047213681484753778e+01
3.751163420356984091e+01
3.504001234762121442e+01
2.087083388095268432e+01
3.394571077739078646e+01
2.929376563249819299e+01
2.490504546318944890e+01
2.944466595515795859e+01
3.278429090258384093e+01
2.342090848345787180e+01
2.629781725598323305e+01
2.783866067195268101e+01
3.473483961718918067e+01
3.387374369423211817e+01
3.540437489894912915e+01
3.049295432946184192e+01
3.089063220962719569e+01
4.260965040412235538e+01
3.203796698283505151e+01
3.716984954011061859e+01
2.879800781890047645e+01
2.671433131650747583e+01
2.973574984870981908e+01
2.797444248146698698e+01
3.700280218787623454e+01
3.221973214266986929e+01
2.484382852041879985e+01
2.907072767272098801e+01
2.327132250071936070e+01
3.563377745529719931e+01
3.129677683928646914e+01
2.969654974659537672e+01
3.897176505843727767e+01
2.794799037825741550e+01
4.056948895434946678e+01
3.066643833045870693e+01
2.583548928962730429e+01
3.457223344921199981e+01
3.153398386828617106e+01
2.557538244382065784e+01
3.152556757890407013e+01
2.923545504905580117e+01
3.430757442877292362e+01
2.578808970210078755e+01
3.270706922615582357e+01
2.321311332774049774e+01
2.600482296754612577e+01
3.351993479962587230e+01
3.267334621773993319e+01
2.798597799241660056e+01
3.055063684343069141e+01
2.849838305792225768e+01
2.714320756963235581e+01
3.450420038820512048e+01
3.649106426049789320e+01
2.544925783336604752e+01
4.060995223058255732e+01
3.450225297162008786e+01
3.193461418619605041e+01
3.300519883565605994e+01
3.896124372804526104e+01
2.276091019928032821e+01
2.785516741503089122e+01
2.669760478915403112e+01
3.492112659782436168e+01
2.751520623621371087e+01
2.779321306885384502e+01
4.252066723128664449e+01
3.250891885325233233e+01
3.225007192194799188e+01
2.954964095596287166e+01
4.320305772662827337e+01
2.649405713861485268e+01
3.260782846251851197e+01
4.928669571741193067e+01
3.299730647872779343e+01
3.564443085248154830e+01
2.677305274375908795e+01
3.366931430926042168e+01
3.134130152145304749e+01
2.515264667149447320e+01
3.150327505136895923e+01
2.775506905428446558e+01
5.130707199251263262e+01
2.765281102788840428e+01
3.343761379917642529e+01
3.836941769023249549e+01
2.577984128199666003e+01
3.217624805991561487e+01
2.995370858731235586e+01
2.764131927266833344e+01
3.180761568185602783e+01
3.471054647281301442e+01
2.758392559464479987e+01
3.161247315089747545e+01
4.769940752506154524e+01
3.154418008882642610e+01
1.756765417968156839e+01
3.086902312810856941e+01
3.437443555082338520e+01
3.225950608366610339e+01
2.706652535281868310e+01
4.416235001937613447e+01
4.273736886012567027e+01
3.093304608296726244e+01
2.690264253617631951e+01
2.906574398992592734e+01
2.299442615326618977e+01
3.285984561808766102e+01
3.732972191196935796e+01
3.672113217853625855e+01
2.698838224169239908e+01
3.271237943459654929e+01
3.236454732796010347e+01
4.377005998913133311e+01
2.403233181702783128e+01
2.844037714615342693e+01
2.829051642224613516e+01
2.338121408581469041e+01
3.180564435122398592e+01
3.603605467856892375e+01
3.110205684882667043e+01
3.515080683286209506e+01
2.695831449242926325e+01
1.549691836793784461e+01
2.922308670720913781e+01
2.365369712605147612e+01
2.529189638540179175e+01
2.699034775386363805e+01
3.466931013773051262e+01
2.743629515209057246e+01
3.826908403438342532e+01
2.505568435929787441e+01
2.629652698115655340e+01
3.341973417359808707e+01
1.984370437543351073e+01
2.981091064595826268e+01
4.311139194210747405e+01
3.701397416098285476e+01
3.585245165903744891e+01
3.209644615924044331e+01
3.200609984273131658e+01
2.951559257908045453e+01
3.533315906204152412e+01
2.937753405456366806e+01
4.278390274932316117e+01
3.386193098412141467e+01
3.046344517062235369e+01
4.035382432384901108e+01
2.600785367096119316e+01
2.769827321291246136e+01
3.251260140810032340e+01
3.135637832751134013e+01
2.875695700811697364e+01
2.111926230934508908e+01
3.710685023849855924e+01
2.718875666946480507e+01
2.849560402905421341e+01
3.008051057397753780e+01
3.323118060592493350e+01
3.314484188045766899e+01
3.699690205064089810e+01
3.382965003117298863e+01
3.436356507393467297e+01
2.847428549932731201e+01
3.821171870656252878e+01
4.452885781169708679e+01
3.445076922661814223e+01
3.416664953959743656e+01
3.295789315175539258e+01
3.580249031867796816e+01
2.823332596664506511e+01
2.418340378497301657e+01
3.528711533879050677e+01
2.946705379566671468e+01
3.823400617498172949e+01
2.993188236041511274e+01
4.337840665129004947e+01
3.071499302286222388e+01
4.547707466717122315e+01
3.490663730502188855e+01
3.383100260400217962e+01
3.814421848740607857e+01
3.045129466529422757e+01
2.268833361870682097e+01
2.722471090016139428e+01
3.031541258827029139e+01
3.394497470881986345e+01
3.594122795662534031e+01
3.034441690528458935e+01
2.861975266097141457e+01
3.354037310903194680e+01
2.259214186212145847e+01
2.258728972641382526e+01
3.381987184452635375e+01
2.512786443176365481e+01
3.437702375800645171e+01
5.231791801783832341e+01
2.310159569843825977e+01
3.523461287728678570e+01
3.358761287303594401e+01
3.776717123647448204e+01
3.184372215781559134e+01
2.223524684927850004e+01
3.597844717226762157e+01
2.276913559054146674e+01
3.180420619704839780e+01
3.111140678285890715e+01
3.193942943917965849e+01
2.380197865921646638e+01
2.109570239446903628e+01
2.852460476003707157e+01
2.643001797892472382e+01
2.456856799733687069e+01
2.968082639639912657e+01
2.465387225725817899e+01
2.962080736104000422e+01
3.039000500667291149e+01
3.164251280646293907e+01
3.329221395932332683e+01
4.548742240098889056e+01
3.136185570944017442e+01
2.905355655320786923e+01
4.168376364829143910e+01
3.353891208976697413e+01
2.955997204531525924e+01
2.823490729867876325e+01
2.989570760484091494e+01
3.290724041963188284e+01
3.254655933308083604e+01
3.029605988567691099e+01
1.234101384390719858e+01
2.316486872325299373e+01
2.936326423930875862e+01
3.597930328596618921e+01
3.020087903482495406e+01
3.720074347783847912e+01
2.822834835504057338e+01
3.863997203138014669e+01
3.088252606745360040e+01
3.270032086768856772e+01
2.875132037943377838e+01
3.053586856419884299e+01
2.446226691104967799e+01
3.243026148533306241e+01
2.500215169139343629e+01
2.877330685538261079e+01
3.075763104066243869e+01
2.453307021922672604e+01
2.919300498352214035e+01
3.861039481290816155e+01
2.955957957881762255e+01
3.296382726539025754e+01
3.504930934180371338e+01
3.746571042343832403e+01
1.966805538285494137e+01
2.026299200068690709e+01
3.076863912006047030e+01
3.199069550758231983e+01
2.968455602969077844e+01
2.716534548745740807e+01
3.525979640994968634e+01
3.265113025375595157e+01
3.132871752880837590e+01
2.121037886649502724e+01
2.192226470304010988e+01
4.496833051492315292e+01
2.269948217769632492e+01
3.554780847742645733e+01
3.383504801479619317e+01
2.782351032237792410e+01
2.444123940751510560e+01
3.518379769983057059e+01
2.709681042306904430e+01
3.284310203794198202e+01
3.270360317024785957e+01
2.741282200870937302e+01
1.798812883466391455e+01
2.839120575588688311e+01
3.735056448332984047e+01
3.211804311956611713e+01
5.096961360704708000e+01
3.011040490592336383e+01
4.072961906968763657e+01
3.481179154257758768e+01
2.951109256385559476e+01
2.668188179491749068e+01
4.185640078700406264e+01
3.107280676816731102e+01
2.889937320512553498e+01
2.609496219683834539e+01
3.433633003312591114e+01
3.064915189555708608e+01
3.012559739685037741e+01
3.492428014154034344e+01
3.548715598878809629e+01
2.956415418735860356e+01
2.906474830971868784e+01
3.407185337999913344e+01
2.881701056873128763e+01
2.896515792291684832e+01
2.876369187468622357e+01
2.841404176642985036e+01
3.026978632816798154e+01
2.868599629826409370e+01
2.730617364532611546e+01
3.327505762201966633e+01
3.741047905580206390e+01
5.313810736682795266e+01
3.769709011444751923e+01
3.021979039940871203e+01
2.992120633292378429e+01
3.026025046883421155e+01
2.392445612055109194e+01
3.148212682460177092e+01
3.171502404810751585e+01
3.084619554380700279e+01
3.259273574884129232e+01
3.313541763587425493e+01
3.572719663179055516e+01
3.189756143877878358e+01
2.710830162332575810e+01
3.154986132967451340e+01
2.913614073311402208e+01
2.381422120031402656e+01
4.655377890649783268e+01
3.094967660255689879e+01
3.744150149793857452e+01
2.599237538819190263e+01
3.687921928028971763e+01
2.718148668144843327e+01
2.976567679444818637e+01
3.504280797332069852e+01
3.231220830553135670e+01
2.955838247823493248e+01
3.062434862507038957e+01
3.147107242054633147e+01
2.862959028030779862e+01
3.469916599348562158e+01
2.699233610621348234e+01
2.503407791847892128e+01
4.012143746376016651e+01
3.413612580179567146e+01
3.490057395122147454e+01
3.409865837580651515e+01
3.080392609755813282e+01
2.877550782754974890e+01
2.839262535742608051e+01
3.926218548937534081e+01
3.542681085295459553e+01
3.183986602946941602e+01
3.460803202655940680e+01
3.535427908460685131e+01
2.814190487321374334e+01
2.588515127586101272e+01
2.812372360513766267e+01
3.124285931769197688e+01
2.530600483671284096e+01
4.779430702020318478e+01
2.705235709842016689e+01
3.537138174687017056e+01
2.972802492121330431e+01
3.191873697288232137e+01
3.406038730893373412e+01
3.249004226977146459e+01
3.192104174654081916e+01
1.955107446755192058e+01
3.216053620024441528e+01
2.911455678639814337e+01
5.087460237458245160e+01
3.343626948405804455e+01
3.982397186203321837e+01
2.588426067632295258e+01
3.264837110206342174e+01
3.452519124297462128e+01
3.125350273736941631e+01
2.909598461336070940e+01
2.797684120691389253e+01
2.028384548404287457e+01
2.252761299626147107e+01
3.246115171785131537e+01
3.063530913165199010e+01
2.991964937398011770e+01
2.792559807837902497e+01
3.042692676313771472e+01
3.452417604265923501e+01
3.204668570059410371e+01
3.202348805995480774e+01
2.932827764236211721e+01
2.948007051148700342e+01
3.415775383631775242e+01
3.197324668475043907e+01
3.672994498946435726e+01
2.927584291742394740e+01
2.398453882162487361e+01
2.772874296364834024e+01
3.355407838989343361e+01
1.859490587093618075e+01
3.290484283576882518e+01
2.980775781897438392e+01
3.362471098832519800e+01
3.871247742747278409e+01
3.067018200673524575e+01
3.673193456371092225e+01
3.014296350605442143e+01
3.351647065120418745e+01
2.778478655440999390e+01
2.045775298660187858e+01
2.805993182447913981e+01
2.177690459232108822e+01
3.205072192737300441e+01
2.824213850756320454e+01
3.032827614220679635e+01
3.377762940460618779e+01
2.566218081461988021e+01
2.801736108671738634e+01
2.596187400304129866e+01
2.766528175814834611e+01
3.184488899115409311e+01
2.952363628689540320e+01
3.099098183341410362e+01
3.644178400972701581e+01
3.108683413359851144e+01
3.212593134979159970e+01
2.321908458379001772e+01
2.888722466936061295e+01
2.816526761277083324e+01
2.951283716615277442e+01
2.704454604132230244e+01
2.107643951609897215e+01
1.322889758136440008e+01
2.968799462927018951e+01
2.670932451574806166e+01
2.685898351669699835e+01
2.857641968103574115e+01
2.905391525077140713e+01
2.750935829071591243e+01
3.018387018864974536e+01
2.799292993377223127e+01
3.585158423305416164e+01
4.214386725071674533e+01
2.883205749645838623e+01
5.499924408849406632e+01
2.980613384732087212e+01
2.834462481811082668e+01
2.743366685987581022e+01
2.643296096504549908e+01
2.263842478130411706e+01
2.805992465266908198e+01
3.059356171192911944e+01
2.190760534630513234e+01
2.658662580798140951e+01
3.106931948057511406e+01
2.643728555398863023e+01
1.956611112325927593e+01
3.056549760328278964e+01
2.775825589457485165e+01
3.372124585941837438e+01
3.389987023270322197e+01
3.517090071021683428e+01
2.911355196505238752e+01
2.804509461772293832e+01
3.232516530828328882e+01
inf
inf
inf
-inf
inf
inf
inf
inf
-inf
inf
-inf
inf
inf
-inf
inf
-inf
inf
inf
inf
-inf
-inf
-inf
inf
inf
-inf
inf
inf
inf
-inf
inf
-inf
inf
inf
inf
inf
-inf
-inf
-inf
-inf
-inf
inf
inf
-inf
-inf
inf
inf
-inf
inf
-inf
-inf
-inf
-inf
-inf
-inf
inf
-inf
-inf
inf
inf
inf
inf
inf
inf
-inf
inf
inf
-inf
-inf
-inf
inf
-inf
inf
-inf
-inf
inf
-inf
inf
inf
-inf
inf
-inf
-inf
inf
-inf
inf
-inf
inf
-inf
inf
inf
inf
-inf
-inf
2.958689826973922621e+01
3.095670787961291737e+01
2.608870793310496339e+01
3.009401831881400113e+01
2.900900280687069710e+01
2.556933845393963622e+01
3.239394466015951934e+01
2.918162665902785591e+01
3.693287525346723044e+01
2.884251737696002849e+01
3.753757361606213294e+01
2.500899352380570662e+01
2.532923869992266930e+01
2.654407668312394364e+01
3.177097662124677413e+01
2.316658964710907398e+01
3.307710194023643169e+01
2.873495888790503372e+01
4.469404777861076639e+01
2.744065185102475368e+01
2.107940243891930265e+01
2.714054454550567641e+01
3.120354864684669494e+01
3.464128789034478473e+01
2.732695077469107048e+01
2.723450190947345817e+01
2.859276326206917673e+01
2.549891862525173281e+01
3.052922640827152279e+01
3.797097751920488662e+01
3.431371416433889721e+01
2.085342323674417031e+01
3.314789108685258867e+01
3.402478716575755158e+01
3.176917175576531349e+01
3.125842564810455926e+01
3.151279432578940742e+01
2.859187408216508075e+01
2.836136580371950799e+01
3.247972432577550705e+01
1.682536034779207768e+01
1.591038785053351390e+01
3.300351812749497071e+01
3.414768106826253558e+01
4.071650561663722812e+01
3.354111199964587087e+01
3.512866616591705338e+01
3.455771311582851979e+01
3.310514972167312919e+01
3.363689133348786697e+01
4.019521702523474715e+01
3.254089446937280883e+01
3.345689820235315182e+01
4.069559993226254591e+01
3.302407974835087145e+01
3.606424838208069161e+01
3.923003747538363939e+01
3.532421012369388080e+01
3.205187670480589901e+01
3.798759425203490991e+01
3.040535255762529232e+01
3.409352658451361151e+01
3.479837630727674735e+01
3.597095790129628767e+01
4.610750561758014499e+01
4.985234052155689710e+01
4.168301159589185545e+01
3.955074987416933396e+01
2.160183174684754448e+01
3.937095927949299323e+01
3.005962892725766977e+01
3.820382076138042748e+01
3.713210610825884572e+01
4.191387090119584258e+01
3.579161862110887427e+01
4.132900960473092766e+01
3.395306922149142537e+01
5.055024337753906138e+01
4.099364426372609671e+01
4.094060668061013075e+01
3.799478896810597206e+01
3.255290277476534300e+01
3.113209994979187201e+01
3.507143387873512808e+01
3.758326112200487756e+01
2.889951900327480416e+01
3.753455217440232161e+01
3.241259589865899926e+01
4.031226692444999316e+01
4.014452110791952322e+01
4.585277220246890550e+01
4.520629061742929622e+01
4.081644713696427829e+01
4.256652246740949863e+01
3.517672378054672322e+01
3.659308891859215862e+01
6.368308851317597430e+01
4.204265616180074971e+01
2.892083756433424924e+01
2.891867563914719597e+01
4.508876143015795890e+01
4.114530479198180757e+01
3.416455380060528313e+01
2.941294161088761427e+01
4.140107503343632800e+01
3.309306770904490236e+01
5.714151027195490684e+01
3.398960722234043885e+01
4.633425726676516376e+01
4.047144844624787652e+01
4.145584377864576453e+01
3.776105876884899715e+01
3.967878470284354364e+01
5.523304118942316165e+01
7.679766522354690039e+01
4.666170316128493312e+01
4.894091519237603194e+01
5.009539585013319396e+01
6.460526155182914465e+01
4.146244446513663462e+01
4.255054663116212765e+01
6.955051249541040193e+01
8.773138957297300067e+01
1.144991004202465064e+02
1.326842111754843074e+02
1.670727689003157082e+02
1.415038955229546218e+02
1.429744368392362901e+02
1.170992644483159353e+02
5.546324439889181690e+01
4.770466579547860420e+01
4.120084644338506052e+01
5.576377209375851862e+01
2.697357352341072101e+01
4.805198502865904686e+01
6.583660118618884383e+01
8.716043596236735880e+01
1.062702293916559739e+02
9.659237843218797082e+01
1.137532900447556869e+02
1.038751300235076798e+02
1.051343135112772416e+02
7.079359765888537481e+01
3.034390400979317803e+01
4.734589853069809351e+01
3.858126617058392327e+01
3.438201852063070163e+01
3.733588445944303658e+01
3.455851869441897861e+01
4.055688840405741047e+01
3.603863729609705757e+01
3.833924054577551033e+01
2.976665645066702837e+01
3.406501425418104390e+01
3.344828995398283666e+01
3.300560730727071501e+01
3.600901757140994874e+01
3.927098934264999741e+01
3.244318323200396748e+01
3.560196018315089361e+01
3.522899166340302202e+01
3.569762254542749957e+01
3.198794711660117684e+01
3.453010112515935504e+01
3.982367051500071398e+01
3.522942572214966361e+01
3.421058182344790310e+01
3.183253046879341497e+01
1.947067773995449969e+01
3.645555610316538520e+01
2.594280714243350872e+01
3.049481979186496261e+01
2.333172503029354772e+01
2.995087648053397444e+01
3.145401640995029879e+01
3.424385339295654518e+01
3.248249344100594982e+01
3.866003591931828964e+01
4.480932917284631145e+01
3.450574750243607980e+01
3.424813897959907649e+01
3.395281275945290389e+01
3.247572881151285173e+01
3.363032242937885741e+01
3.325692383801252561e+01
3.315130421661579163e+01
3.542356450694488501e+01
3.475966772660967763e+01
4.810793414148456293e+01
1.689021434243863951e+01
3.430492196934504534e+01
3.306972460635132904e+01
3.170540902190365529e+01
2.253944902246533388e+01
3.629735756047706730e+01
3.459305703863508796e+01
3.498327858817521729e+01
2.895583189961519466e+01
3.081259002890532983e+01
2.411080997059970343e+01
2.886966510003581021e+01
4.090321183150904005e+01
4.051397281649104087e+01
4.237533444981001196e+01
3.454619369353514458e+01
3.021326805777925273e+01
3.573361272409660927e+01
2.399236697101952132e+01
3.064778276954339020e+01
3.087371510978508482e+01
3.589044901908399510e+01
2.025624901710401105e+01
2.952979963563373289e+01
4.086504723705306930e+01
3.735922078969738891e+01
3.335670598438940004e+01
2.749671662086304735e+01
3.695873112519888082e+01
2.530066397563411229e+01
3.697237333355911915e+01
3.494813672490388967e+01
2.515941302366738697e+01
4.311064846144438434e+01
3.738604849732015367e+01
3.366078585453109184e+01
4.316851085930558440e+01
3.509163460425316572e+01
6.512730798602640903e+01
4.663931314202374523e+01
3.528975044743162215e+01
4.000762679551387180e+01
3.275005213369254875e+01
4.190388804313990789e+01
4.398663073457429107e+01
4.218095914192163320e+01
3.196379453647977797e+01
5.850128307580114750e+01
2.909054200686406233e+01
4.253474521239516548e+01
3.766188219868095644e+01
1.302675326135493705e+01
3.619305015139086379e+01
3.405722273283369361e+01
3.482424383992074013e+01
3.109038212400061596e+01
3.245390815295595388e+01
3.294614611872504639e+01
3.146017879729146216e+01
2.562616403443912816e+01
3.137078938034569831e+01
3.075603925833229724e+01
2.303967406092037606e+01
3.122741382264300825e+01
1.694013939435882676e+01
4.260670999410019988e+01
3.151686231462859311e+01
3.144607121813988826e+01
3.440457431863157467e+01
3.164831732339543535e+01
2.671120642171885606e+01
3.321333246838516118e+01
2.842761024045193707e+01
3.934765329595284555e+01
3.296082914787998419e+01
3.780907601009823082e+01
3.114433104219987314e+01
2.451038510804588100e+01
2.981827538965903557e+01
2.316945954088471638e+01
2.146512642955934069e+01
4.126600880774577718e+01
3.082039328442814963e+01
2.618717540918926545e+01
2.948301231189297411e+01
3.091600012346640014e+01
3.229781114061362501e+01
3.109804591959702691e+01
3.354547344127741582e+01
2.719836615988387507e+01
2.391845285208732719e+01
3.747302310123158264e+01
2.809267240556532741e+01
2.940773486196278341e+01
2.982159702411557589e+01
3.675292778295298746e+01
1.166764146678699632e+01
3.116525939854970062e+01
2.838005343162382488e+01
3.057018764209931305e+01
3.147007224018388527e+01
2.782912495479300219e+01
3.113084973154457202e+01
2.989536724544370472e+01
2.396151512209676326e+01
3.300406088244588432e+01
2.673305600174794350e+01
2.923696454184938531e+01
4.038819343957356267e+01
4.400272677805408961e+01
2.194071254433690044e+01
3.015744880660352578e+01
2.621621409478785480e+01
3.184995324078739998e+01
2.136697647275372347e+01
4.703194060298996249e+01
2.860783727558453648e+01
1.706668747005293341e+01
3.102351650631390712e+01
2.315414845459312687e+01
2.377191240110591153e+01
2.981360589072930267e+01
3.032882182469716170e+01
2.505464694521403146e+01
2.746217361088392295e+01
3.018394119189032665e+01
3.748795419502749837e+01
3.794522989050763329e+01
2.960870372326672850e+01
3.502034200395620189e+01
2.262291711836091679e+01
2.370224842373060881e+01
2.897413280366885147e+01
2.158425262083966345e+01
1.890872226579497806e+01
4.355841753048469656e+01
2.860366294043742741e+01
3.029721901558352215e+01
3.073068824345930850e+01
1.376127670122733448e+01
2.833566965855118625e+01
3.908234458458261429e+01
3.021040034269246988e+01
2.612750717480559004e+01
2.946484096727578716e+01
3.003291108752462790e+01
3.199736485852473677e+01
1.295276486950534078e+01
2.725729042302313587e+01
2.958189147532563723e+01
2.939032429121145640e+01
3.131784776770858514e+01
3.326129384942205292e+01
3.143998521069138263e+01
3.466279682846582944e+01
2.942518387128388824e+01
2.871973700049498746e+01
2.572838818996378052e+01
2.963082945838892357e+01
2.867795162686001120e+01
2.162405554139781572e+01
3.090610301545045147e+01
1.707420262283723389e+01
3.215587730235943553e+01
2.756788223539968641e+01
2.791928334021180191e+01
2.924613522177974545e+01
2.641530608481573239e+01
2.896354522216605787e+01
3.224896032008955871e+01
2.994517310500460994e+01
2.816646673185714889e+01
3.051452391141285503e+01
2.757745589499632644e+01
2.586474030192519180e+01
3.199292129856218025e+01
2.327203701355782783e+01
2.439679885258273728e+01
3.111070664892632465e+01
3.070221760048475801e+01
3.560305955157991775e+01
3.518379950210426443e+01
2.756445833322083772e+01
1.882928135118591939e+01
3.769352353020086355e+01
2.528868981482004585e+01
3.371172569463919899e+01
3.454399061913553481e+01
3.978240202473013198e+01
3.059280542545605641e+01
2.291270993897644104e+01
3.279046567803992218e+01
2.892856625423785033e+01
2.581371783420133070e+01
2.086453481545768085e+01
3.060499825712425803e+01
2.792921835306233902e+01
3.137503385988286198e+01
2.507271972174644503e+01
2.994026223076657445e+01
2.142314423235823995e+01
1.632741084004296539e+01
3.019267263367115461e+01
2.674450782529676829e+01
3.656927701570435119e+01
3.889618260749232093e+01
2.654005073141217252e+01
2.986330224312701631e+01
3.382888009020823006e+01
3.383222778927844843e+01
3.419330199774572776e+01
4.476620914321794942e+01
1.297498399060387086e+01
3.626033266923393228e+01
2.729989122148337444e+01
3.200451977007571713e+01
2.458220650656582862e+01
3.278477721465559114e+01
3.097186373698282935e+01
3.796909480121470182e+01
2.639666693796284491e+01
3.275773058396138993e+01
3.063578286830567166e+01
3.105539086852885333e+01
2.881163661480621485e+01
2.534763235428632910e+01
2.233301680004736767e+01
2.248784852172594029e+01
2.600856195593633657e+01
2.530742173775062298e+01
3.038684753709097919e+01
3.350352917006457432e+01
3.816811231685679218e+01
3.709228898641237038e+01
2.817060931347777597e+01
2.487422595614240350e+01
3.412525336739088999e+01
2.786835981272739104e+01
2.678768171978463286e+01
4.682331523385744276e+01
2.705941090305143248e+01
3.765464242457232302e+01
2.873797173960732820e+01
3.140326202834360458e+01
2.202135305966782397e+01
2.212212804372025943e+01
3.012853286020442667e+01
3.134040034349946069e+01
3.085827461905887148e+01
2.821912143694445874e+01
2.845087706072526856e+01
3.802711285074515501e+01
2.222433088116917332e+01
2.730410841412073708e+01
3.068412174527934511e+01
2.364707717317780222e+01
3.721091298736569541e+01
2.899957455820819163e+01
2.543107044898720304e+01
2.974786731903108716e+01
2.757997377455188115e+01
1.147694146712978736e+01
3.032077935052309314e+01
2.896578285318831547e+01
2.581578468480195809e+01
2.562414481812544764e+01
3.706211248882961229e+01
2.849916545797550782e+01
3.197964096837447912e+01
2.989152094855980835e+01
3.588307600265399344e+01
2.734081504783352301e+01
3.112233284141071366e+01
2.785930421212995256e+01
2.255592382265124485e+01
3.973672156958642177e+01
1.061999250287069785e+01
2.639992574184845608e+01
3.243448495180766145e+01
3.303109055735391308e+01
1.716142761778337444e+01
2.297803076758704321e+01
2.163986075406026544e+01
1.824328946822882713e+01
2.547136891955369720e+01
2.919443176310551280e+01
2.739198713575003552e+01
2.661710364636103066e+01
2.997330202677743571e+01
3.132810186984443135e+01
2.797443070129363107e+01
2.939587841860415907e+01
2.882735965811049894e+01
2.870312102325111425e+01
2.850799252863444622e+01
2.754799796739935402e+01
2.921478836928875467e+01
2.988024164495411839e+01
2.624026875988541008e+01
3.543373371351609080e+01
3.077876699362354174e+01
2.922462302571690884e+01
2.864206148533698837e+01
2.643774759940609442e+01
2.887107899568107428e+01
2.795534631867599984e+01
3.253257298991182012e+01
2.814083490424356526e+01
2.753013620193743805e+01
2.402596008184776721e+01
1.290869632729157601e+01
2.577971345095438949e+01
2.937824011703514415e+01
2.632945993957881115e+01
3.225757240447070018e+01
3.033347606362412563e+01
3.210205193309222693e+01
2.199318807262941178e+01
3.560981166852040047e+01
2.808153474771788183e+01
3.205897557201666359e+01
2.615800224948954522e+01
2.863057523916139857e+01
2.847650201159513728e+01
2.562818558077935549e+01
2.881639075261522365e+01
2.705847360881576691e+01
3.039424389425951034e+01
2.975575382883926423e+01
2.607050562823334516e+01
2.334742382551827333e+01
2.797537121675867411e+01
3.150998367635553876e+01
2.737409362884283937e+01
2.665365103616892739e+01
3.303694573765241671e+01
1.689360758781199223e+01
2.568989609621794301e+01
2.782868489501818132e+01
2.673392519414382207e+01
2.833788446577100828e+01
2.842247226528606063e+01
2.648535629034419259e+01
2.048137454039412830e+01
2.968145981802849676e+01
2.365798498059183075e+01
2.436686816600495575e+01
2.682759103190958783e+01
3.059682173079071887e+01
2.893926926906657471e+01
3.501999055546304618e+01
2.959377116800555285e+01
2.819201036153927475e+01
2.374669898272663104e+01
2.600937263015972079e+01
2.679837848037221804e+01
3.250163092242378582e+01
2.274813564828318491e+01
2.939548461541607338e+01
4.300139769720564686e+01
2.025782308963935208e+01
1.996932499951802242e+01
3.042100625089300081e+01
3.121555672863754083e+01
3.270936257454662410e+01
3.066946982099115004e+01
2.874312662128619777e+01
2.164864831643257759e+01
2.841652640608585401e+01
2.720493756482342107e+01
2.931846290288101287e+01
2.945054222186359283e+01
2.589482936285968506e+01
4.134570891007548710e+01
3.100114944575062381e+01
3.098206712351115755e+01
2.294430855801523350e+01
2.473240195342583547e+01
3.297139595453115390e+01
2.059380137770678942e+01
3.094083241336712931e+01
2.788312487583889521e+01
3.067449682258819976e+01
2.865487656967752272e+01
2.718625459660930233e+01
2.759593732758357021e+01
2.765213836528363700e+01
2.932093893476440627e+01
2.888560926639387461e+01
2.724279552841944607e+01
2.661459306014972626e+01
1.819437221081548728e+01
2.866792085390116185e+01
3.101844034410681417e+01
3.005340611962378716e+01
2.366357532094183469e+01
3.169758345805557553e+01
2.961286619015953292e+01
3.387342582317504025e+01
2.435861870377934935e+01
2.615890486482585331e+01
1.157072452445274635e+01
3.221295494061269693e+01
2.887981688692591220e+01
2.638412285538665714e+01
3.821822613836199878e+01
2.903441938871640815e+01
2.980071544722628474e+01
3.045477142445919583e+01
3.050469371270757435e+01
2.804145157280176193e+01
2.076717052862671409e+01
3.177939087129387730e+01
2.888854568358000918e+01
3.764079815020846098e+01
2.921000561310046706e+01
3.014268605793309419e+01
2.821472259672136218e+01
3.108650283130439007e+01
3.277563560008352539e+01
2.898806201140660477e+01
2.768532299535229768e+01
3.029881284684116594e+01
2.802891166827813052e+01
2.426233740101544711e+01
3.357844684389483803e+01
3.481948139919344953e+01
3.220826108605145777e+01
2.876530475485339977e+01
2.299299135480029221e+01
3.055726237972350390e+01
3.218207776167102452e+01
3.490310839106710716e+01
2.740199596038234731e+01
3.997944256804888141e+01
3.622249723375199437e+01
2.504590736886187585e+01
4.370905875280990927e+01
2.961719834732596723e+01
1.982254952998749076e+01
2.949697334986962716e+01
3.798588603738831182e+01
3.297472242908704487e+01
2.587289166136377006e+01
3.576021970397199112e+01
2.787195177900709808e+01
3.073532759015522231e+01
3.080270236315836740e+01
2.681472665568918146e+01
1.980340020749595453e+01
3.546405456897041830e+01
2.714791171907030076e+01
2.693141977047639912e+01
2.439309056758027694e+01
3.081396285808800073e+01
2.615200730445815225e+01
2.617622825369528172e+01
3.336455010818794875e+01
2.927969846655028974e+01
3.222459378958318155e+01
2.367307446990371034e+01
3.205061965305937832e+01
2.606552431830984062e+01
3.565431383441369206e+01
3.208176307523192605e+01
3.233772453716058237e+01
2.867370648511705156e+01
2.973705881332718803e+01
2.375891741142834945e+01
2.897037999459448798e+01
3.161370772407252261e+01
3.702061205309036040e+01
2.615112643903780665e+01
4.272261577485328132e+01
1.883577267432126234e+01
3.258549570420191088e+01
3.878908871329861086e+01
5.379477007692558743e+01
2.983570020280612312e+01
3.835058753236720008e+01
2.596367246251429250e+01
3.877116375638657075e+01
2.814720170711636626e+01
2.997822041453382269e+01
3.917993539977884154e+01
2.957817941648816529e+01
2.858854945540949544e+01
2.213603462469869498e+01
4.717015492752918249e+01
3.160442550669494111e+01
1.468152199904579369e+01
3.721647157124187544e+01
3.046147367569210829e+01
2.617068786404032465e+01
3.065109467880639826e+01
2.668374143655945829e+01
2.351865873284690167e+01
2.878883865179687618e+01
3.174288206065701345e+01
2.843555626710870143e+01
2.601947419940922401e+01
3.639268856035918986e+01
1.748304985629570041e+01
2.412247103898742040e+01
3.213434944906452984e+01
2.927872181440003985e+01
2.640351300308044813e+01
2.961156103632510295e+01
3.224626875125404268e+01
2.509451180228037970e+01
2.263873760610223229e+01
3.432282450404685648e+01
2.878314138706785030e+01
3.303414489863189374e+01
4.481029751959401608e+01
1.661042583668647765e+01
2.372855486745243780e+01
3.273092718049863237e+01
2.977144069800076664e+01
1.579259990800791158e+01
4.698711939866196019e+01
4.163843383229379214e+01
2.826805887783174143e+01
3.820659191431324331e+01
8.209079229787800358e+00
2.859846659205534181e+01
2.748935888645079473e+01
3.119191513465750987e+01
3.387654827218980813e+01
1.534067979286654015e+01
3.053870079105322333e+01
3.110980975687306227e+01
2.264724719041531742e+01
2.943404379834763063e+01
3.733354157559818276e+01
2.889835422327691816e+01
3.097008337414374779e+01
2.941449291458944160e+01
2.845681992420109552e+01
3.088555732839293100e+01
2.025250309908408752e+01
2.266612304634360697e+01
2.930267293873950152e+01
3.397826927695010113e+01
2.295034470414887195e+01
2.670385446765621396e+01
2.898361306571552731e+01
1.387939085994247890e+01
2.693932569844938030e+01
3.443994760586750203e+01
5.217670212048579970e+01
1.189643042285251795e+01
1.826616960952044622e+01
3.239165303007369090e+01
3.153537316459787831e+01
1.968560293517868232e+01
2.717098899485917229e+01
2.632103168169654239e+01
2.879126845320053718e+01
2.923665250752202027e+01
3.511677631581995485e+01
3.519553864143556865e+01
2.605407050001803881e+01
3.880505293804869638e+01
2.878099709310583521e+01
3.506429710380080422e+01
2.873798640180692843e+01
1.152110247640105989e+01
2.741081653419835362e+01
2.679874898530958305e+01
2.955439808892865727e+01
2.911861888408558841e+01
4.543796272649507273e+01
2.733282091421137139e+01
3.067824103128520719e+01
3.147344073029218237e+01
2.948028529741214498e+01
3.338413172146310615e+01
2.364556151379746041e+01
3.982580879588545031e+01
2.833841088255976715e+01
2.434072581827410175e+01
2.284658521378647578e+01
2.487472408820712744e+01
3.074497132181178571e+01
3.185168730354429556e+01
2.924876913754311403e+01
2.195843367079747921e+01
2.733394281122237146e+01
1.927946432509339303e+01
3.273965690046283328e+01
3.195575095154160294e+01
2.641930259581636875e+01
3.220166110302412221e+01
2.809810175203098126e+01
2.932831073092923191e+01
2.919641652635903739e+01
3.009644059048655151e+01
3.644445924002066306e+01
2.754390787730419987e+01
3.513053321737535839e+01
2.889218636405197671e+01
2.847832481673528804e+01
3.517310235128558560e+01
3.743613137082520836e+01
4.202776868909809593e+01
2.782384536360963878e+01
3.178248701394903009e+01
2.625013810752903254e+01
2.697288867643248622e+01
3.052380817660946022e+01
1.976937293287980424e+01
3.242352451160684979e+01
2.603365358451848977e+01
4.071705549493646004e+01
1.917217761108394924e+01
2.298202887470402800e+01
2.579232683584661601e+01
1.402367733770508629e+01
2.657260881798468688e+01
2.718383359692161960e+01
2.819456339321741822e+01
2.560582893756252787e+01
2.995083711557854755e+01
2.824114586255364046e+01
2.510809015102596931e+01
2.521203803748410621e+01
3.283282843120154837e+01
4.204902651957232962e+01
2.846221521043344538e+01
2.220198454363637453e+01
2.832784658073826378e+01
1.882953384131738517e+01
3.048683291405555806e+01
2.934652475407463612e+01
2.673255988410634743e+01
2.832281435457620233e+01
3.399467167672727896e+01
3.041462339757437405e+01
2.721374779758971130e+01
2.945878815424593711e+01
2.737529986578134711e+01
2.683803523705899252e+01
2.732803314970007946e+01
2.980333710433795602e+01
1.517490821457083960e+01
2.116210874771734396e+01
3.497784979059628796e+01
4.010980147136574914e+01
2.536038241919661473e+01
2.870595857818468488e+01
2.702374686397185855e+01
2.580366358142946126e+01
3.336294864906445667e+01
2.246803410314615590e+01
3.594917449241174978e+01
4.382308510297888660e+01
2.750836770430135658e+01
2.835668232304221092e+01
2.650365233134949605e+01
2.060912062999330274e+01
3.043319410535174541e+01
2.574563981415485259e+01
2.893164310694592345e+01
2.734919032039416464e+01
2.100041458075455836e+01
3.023779789792119388e+01
2.409308598754221364e+01
3.327992792649154552e+01
3.252804007046712087e+01
4.804636131193095139e+01
3.057733910943863975e+01
3.244242028022312496e+01
3.221797307046750802e+01
3.002277934392217773e+01
1.648550237807059915e+01
2.653897018213885772e+01
3.363764993070728337e+01
2.435045830290719948e+01
3.897823798035990706e+01
3.874860029743115319e+01
3.015342742763967365e+01
4.696765710459720822e+01
3.872607866405715527e+01
2.975518847145099954e+01
2.818264426857604477e+01
3.055554450592893545e+01
2.645690031417952781e+01
3.131829096137632007e+01
4.136662725607902047e+01
2.668221744681788721e+01
2.224768381807317041e+01
2.895759078796659836e+01
2.834392504549919067e+01
3.128380206196905178e+01
2.813208748689314120e+01
3.519171392840061685e+01
3.359658818380015788e+01
3.475379579225531756e+01
2.835074519376055235e+01
2.228553151647035691e+01
2.895588989368344457e+01
3.201468257243297444e+01
2.423072350400617836e+01
2.064291292511731513e+01
3.216717699424695098e+01
2.074452447310839887e+01
2.982728856856163802e+01
2.919677477570794366e+01
3.069598767580475496e+01
3.525417172882807648e+01
3.263263025794832828e+01
2.213213548876366232e+01
3.240321589207306374e+01
2.138260412658257792e+01
2.236455835522791702e+01
2.752105746557368704e+01
3.265751232104770452e+01
1.579361702320897543e+01
2.430601916046893862e+01
3.252333651979500218e+01
2.695195595327240312e+01
2.616212076945886622e+01
2.672072223698796378e+01
2.833165365511157319e+01
3.057154452229908159e+01
2.349306693970274296e+01
2.499380392910554605e+01
1.909107910313317902e+01
4.425578596069559012e+01
2.796468486592585379e+01
2.659800672114139530e+01
2.499399389080249634e+01
2.178189844475276260e+01
2.172958311074238935e+01
3.291169004121921660e+01
2.910113507048337311e+01
2.763818861471422039e+01
1.897813163787278157e+01
3.127246126970572604e+01
3.223698486553202258e+01
3.456123252452152173e+01
1.244898076584701663e+01
3.302121631726530637e+01
3.421699486715364458e+01
2.758200994046269017e+01
2.726547964674476532e+01
2.400379530990973365e+01
6.181495775261286241e+00
4.313594246623274131e+01
3.207486052703255552e+01
2.607539042096735216e+01
1.483903108006080984e+01
1.113476541248990515e+01
3.442927118105379236e+01
3.006104093167866509e+01
2.421750260635905150e+01
2.536499265492891197e+01
1.959977022062994578e+01
1.918737327493425227e+01
2.696730159619960432e+01
2.317818022129830524e+01
3.108643172268076427e+01
2.733501410542163157e+01
2.527232945992713553e+01
2.309232998998069775e+01
2.214111159003543250e+01
2.432491095627047528e+01
2.210311943696623160e+01
3.509730040031904252e+01
1.835071548089224436e+01
4.074410372798750046e+01
2.564177054148272816e+01
3.940253978128617263e+01
2.471416395889245265e+01
4.440469768374511972e+01
3.139711045193846672e+01
4.424037057004189677e+01
2.536304785825466013e+01
1.809475097351822015e+01
2.853491791394081289e+01
2.210304558368994421e+01
2.951852995669807811e+01
4.084322445661821632e+01
2.612681753605865609e+01
2.598887296534112679e+01
-9.988583207246108486e+00
5.556727619382697014e+01
2.801136567475654005e+01
3.827451358596717057e+01
3.310181783969178326e+01
3.135575949468572432e+01
2.291673961271978044e+01
2.458207934885420798e+01
3.786264720115075022e+01
1.860897771190819938e+01
1.622247809707023691e+01
2.044090958817240633e+01
2.820456323740763338e+01
2.002046019609327843e+01
3.052934931836503907e+01
2.998397095417662328e+01
4.529811578911785830e+01
4.835752484321136535e+01
3.116070083400565238e+01
1.850776715563579700e+01
1.793408109928199323e+01
2.746516156130663688e+01
2.912002710178849796e+01
3.447637181985988519e+01
3.010506296547356797e+01
1.544524028958810824e+01
3.373000943373977378e+01
5.598021484520181446e+00
3.136755302368267806e+01
2.594766022829957208e+01
2.705805775261726254e+01
3.057295044880504165e+01
2.811626691558863556e+01
3.107726158863907884e+01
2.731389039748642844e+01
3.223756755789661810e+01
2.360639542190377327e+01
2.529659890914554055e+01
1.992643927264350623e+01
2.821599119775396503e+01
3.235987041472841952e+01
2.403230560265530968e+01
1.312857311345973521e+01
4.421362609500072693e+01
1.931130451157056171e+01
2.335613879071829402e+01
2.486129536259195660e+01
4.362838033339063770e+01
1.451265320809201498e+01
2.483897476753338296e+01
1.214190457373933540e+01
2.473392010439621913e+01
2.888979785997564420e+01
2.304136397848236228e+01
2.598541728087475278e+01
2.648139436192959550e+01
2.409042421984524651e+01
2.369538659941788694e+01
3.470495518282812242e+01
2.844807209994222319e+01
2.417831336995571689e+01
3.217607516078942353e+01
2.642626288354866659e+01
3.187590462450045692e+01
5.068812127235729292e+01
2.668904569791006409e+01
4.522441811110537202e+01
3.452062219818384392e+01
2.618657272741940290e+01
2.790041376677562113e+01
3.013469468641780225e+01
2.691336101696524352e+01
2.866957116470420530e+01
1.279776036875921541e+01
2.557373190071196234e+01
4.471181793450483610e+01
2.530533427022050574e+01
2.775999661509921168e+01
2.641535583662019704e+01
2.489744415701587243e+01
1.599719411443557426e+01
2.474254828359200076e+01
3.413001145153280191e+01
2.661085959270909740e+01
2.432932853073786461e+01
3.410088340460446688e+01
2.765405906685432313e+01
2.381078198678201829e+01
2.182099503582075428e+01
5.135788520283867342e+01
2.722540478969250088e+01
5.100487772581860213e+01
2.939439485360979631e+01
3.021637869010223554e+01
2.414963802752902922e+01
1.222162257889746506e+01
2.776292506145512107e+01
1.957483318088149105e+01
2.717287034476440155e+01
3.175120560945112658e+01
2.487725592058911772e+01
4.039644054035528598e+01
2.928573480139412410e+01
4.315598844648975074e+01
2.014007537719633945e+01
2.808704068141296162e+01
2.876084702658106451e+01
1.789102415378504674e+01
2.627884228577489267e+01
2.449463430833755240e+01
2.005658603394640593e+01
2.525871934185783374e+01
2.734417599589519199e+01
2.681114622664009417e+01
1.602224876811216703e+01
3.017924554965647488e+01
2.946409927608845081e+01
3.350227010601407329e+01
2.422403954527739245e+01
2.327623493129234689e+01
2.021151555271571709e+01
2.187315576499468861e+01
3.197814120503287683e+01
2.830869808741723048e+01
3.271163520645455947e+01
3.194545843858363909e+01
3.372219491680489512e+01
3.285708723933804976e+01
3.105505501845848215e+01
4.199544629970073117e+01
1.963167100280884370e+01
2.937336128185890871e+01
2.749749183991503187e+01
2.699063528866489747e+01
3.285767043339634341e+01
1.937190684073319957e+01
2.903586891489264588e+01
1.631051437156612138e+01
4.194651595538171307e+01
3.058095438065860705e+01
