3.399520373352942926e+01
3.152237847188392195e+01
2.466181216758094763e+01
2.632654025423197197e+01
2.670919745753723618e+01
2.087831445859496071e+01
2.371428688689398712e+01
2.929296907848433307e+01
1.641848767810124343e+01
1.518462596507612972e+01
1.987365897499760692e+01
2.010114345701146021e+01
2.922229958374158798e+01
1.721541264984930919e+01
2.273115967983930474e+01
1.623998155931362675e+01
1.725042345243369368e+01
2.423086693211164189e+01
2.040182012181259807e+01
1.995437642774777132e+01
2.491214129302554880e+01
1.725070944094783343e+01
1.973337001509073474e+01
2.123693228549668532e+01
3.087056887185417509e+01
2.759441558071211631e+01
2.830997937118574015e+01
2.774597786221816520e+01
2.024310273381759373e+01
1.688962849592118687e+01
2.235381723111920138e+01
1.981167712799784653e+01
2.307856347382500317e+01
1.758786359992087611e+01
1.833103314195317779e+01
2.278457525158797381e+01
1.930962016216312094e+01
1.922713518701096902e+01
2.038971762949669042e+01
2.512795895004928326e+01
2.079723357197342182e+01
2.856451059872800613e+01
2.077239445222095782e+01
2.251780619576208409e+01
1.690439451460736109e+01
1.926001713277050698e+01
2.691273298133814151e+01
2.613872076031002578e+01
3.038050829762087091e+01
2.605917052708635140e+01
2.232982443672419137e+01
2.286925073163286726e+01
2.140862834185895380e+01
1.626538561836359165e+01
2.250134884879471642e+01
2.427795424089551801e+01
1.650023674006806473e+01
2.144055233441522290e+01
2.459439288875131169e+01
2.080926384849365718e+01
1.807176583862700880e+01
3.237972164070284009e+01
3.371909653294799369e+01
2.554329645370301805e+01
2.530998053743732612e+01
1.999464801999202379e+01
2.532159035406884584e+01
2.256978131238430052e+01
2.334202699956601279e+01
2.190481590403504342e+01
1.938086404247231798e+01
2.295128517062354945e+01
1.971897507463667409e+01
2.465192263546518348e+01
2.532620371389608849e+01
1.778899464194971358e+01
2.488607889113791671e+01
2.656804340553211929e+01
2.591021281610566263e+01
2.285447139012168805e+01
1.720795153204175065e+01
1.988566024655651532e+01
2.482606735035100343e+01
2.282434860415578726e+01
2.213181614654347129e+01
1.765166007260717862e+01
1.868303449623972412e+01
2.140180807527933382e+01
2.459974278680563486e+01
2.035054725714546819e+01
2.178990454855373571e+01
1.975546119058959249e+01
2.006059727840534279e+01
2.285869631093955334e+01
2.345659119456620090e+01
1.689803016644716394e+01
2.690941043196466254e+01
2.098824750145789508e+01
2.049572254706478702e+01
2.243382378989410597e+01
2.608742492141420399e+01
2.217545031539022915e+01
1.558604639491997190e+01
1.636722022618332772e+01
2.073331094710285782e+01
2.829836040025663380e+01
2.491248674243747274e+01
2.265394053668567409e+01
1.505838467448563733e+01
2.475800714361799848e+01
1.861802406979600732e+01
1.941922821057750070e+01
3.033574437361518861e+01
2.830212025364801676e+01
2.124116057366088484e+01
1.870840534868165861e+01
2.481329285397447393e+01
2.194339535565219990e+01
1.708313970388689285e+01
2.684755257224589542e+01
2.638453904663093041e+01
1.853994412469469566e+01
2.345790858119617894e+01
2.658301266854865830e+01
2.563527320289345113e+01
2.189798049419725956e+01
1.291168743711310540e+01
1.989325453983053649e+01
2.267765852633268153e+01
2.368212741866161153e+01
1.911874894401728753e+01
1.992390575588360235e+01
2.255559424603291774e+01
1.937492850765693220e+01
2.182167669032335766e+01
2.249235025514581210e+01
2.372395628285934066e+01
3.242037426440263204e+01
2.493911032210614920e+01
2.401666813777039522e+01
2.351655540113379317e+01
2.384911684260425346e+01
2.333425289106696709e+01
2.336414606900937585e+01
1.899706765949743215e+01
2.565118292730019789e+01
2.627319558945022138e+01
2.067599852903166635e+01
2.514673787145315487e+01
1.950683108733819893e+01
2.108279225446714378e+01
2.446725338028930707e+01
2.424103929596146045e+01
2.190596678060307312e+01
2.108519513522296762e+01
2.159521641912210654e+01
2.071284062187144670e+01
2.503060273599773566e+01
2.282598590961131890e+01
1.765059940111040149e+01
1.843866285929711424e+01
2.309158506188102322e+01
1.926358967800932476e+01
2.163696126967795053e+01
2.544611431838309201e+01
2.080366353020479409e+01
2.365540273745063260e+01
1.983112252253706487e+01
2.338544731923504827e+01
2.053166090892738183e+01
2.092153262141109948e+01
1.824342281064257776e+01
2.790467423330823493e+01
2.367142339959493214e+01
2.562011481818847969e+01
1.988213078222521091e+01
1.673766244687254456e+01
2.598505237707187376e+01
2.355685203065521804e+01
2.203765847659142807e+01
1.771624116731725351e+01
2.378005513685166505e+01
2.109615908590789957e+01
2.096506898395167795e+01
2.416429593447731605e+01
1.889314196722144601e+01
1.911430262142829406e+01
1.851106931152599344e+01
2.157645985757553930e+01
1.885803800641605932e+01
2.305541538009111946e+01
1.779427777876122363e+01
2.026154991697066876e+01
1.943012542492240158e+01
1.391722185806290923e+01
1.990252867964340311e+01
1.842056577819776564e+01
2.206237158577955526e+01
2.187859085827208361e+01
1.719496942734103229e+01
2.246143681102920908e+01
2.107303314997436416e+01
2.046020163439209227e+01
2.117039200130480481e+01
2.092879395596522585e+01
2.329240430724509991e+01
2.514724495267884663e+01
2.322348581091997488e+01
1.576619666100581441e+01
1.958899654757376041e+01
2.331899863763243985e+01
1.727704504179410705e+01
1.730914343241543918e+01
1.863254357071987499e+01
1.917622093484134993e+01
1.910186360545689155e+01
2.207137435454723828e+01
2.292795661918298578e+01
2.193639377363208709e+01
2.271284541957953351e+01
1.643491576620904837e+01
1.779622646234131622e+01
1.181590598969040684e+01
1.771943741413007345e+01
2.341153509114215225e+01
2.213686695569350960e+01
2.172170592267282885e+01
2.282778879227967295e+01
2.130360593225155696e+01
2.390346180626058370e+01
2.293470826020031339e+01
2.606349751758300926e+01
2.322939919283364674e+01
1.939857806668038975e+01
1.909933690118677418e+01
2.068341137588642553e+01
2.346600731116461347e+01
1.890072463724602869e+01
1.808957969389566500e+01
1.982478592302602394e+01
2.268891464537486513e+01
1.932352876269839825e+01
1.414242190060721427e+01
1.732199013378244601e+01
1.562154835393638486e+01
2.169119670460411697e+01
1.980709801162368322e+01
2.081854934099301602e+01
1.952828019169834661e+01
1.812216008747781970e+01
1.733764234838459117e+01
2.040415139546307799e+01
2.119335291948961242e+01
1.800459569624480238e+01
1.786620966340230154e+01
1.899031637792525729e+01
1.964407516557601951e+01
1.985242617173170387e+01
2.035967127989691505e+01
1.701238317523739951e+01
2.201463054222548266e+01
2.117755207285365415e+01
1.942716028791507199e+01
2.182153612203799042e+01
1.999906082684193720e+01
1.750167871684521970e+01
2.193282121548520180e+01
2.025915259191742024e+01
2.226247823466251674e+01
1.857024933161687485e+01
1.863489518525583222e+01
2.094791274601070086e+01
2.082033812224434044e+01
1.818101960698887609e+01
1.974150563699313210e+01
2.094480463977062001e+01
1.979819582081486473e+01
1.967905491732566148e+01
2.105914483421345196e+01
2.349509990497683987e+01
1.856316277060971487e+01
2.001370339925997044e+01
2.016554139110242616e+01
1.878869367112837807e+01
2.060855221161608952e+01
1.700015841878068912e+01
1.600920696820693934e+01
1.819745488561570568e+01
1.976063177644190816e+01
1.722772815979404015e+01
2.509073018126123600e+01
2.276363554307756232e+01
1.980407785071549398e+01
2.050198744561620501e+01
1.798845849800840568e+01
2.095489127384342254e+01
2.274438390838334101e+01
2.272035234683236382e+01
1.570578938724644047e+01
1.860451957425215497e+01
1.739547646657293711e+01
2.255493201773456846e+01
1.808059776703048271e+01
2.295670020425605173e+01
2.292457182997604903e+01
1.826182054017306911e+01
1.639119058855691691e+01
2.317472609778946335e+01
1.851586569727926346e+01
1.997977170742374398e+01
1.589802561871962183e+01
1.976620191431000961e+01
2.459835164255345319e+01
2.099102819038083467e+01
1.611212797248926165e+01
1.993035347841034977e+01
1.783442671348829833e+01
1.900482630552111019e+01
2.026522521100978125e+01
2.092901779762659231e+01
2.238913993264326763e+01
2.032639370077749774e+01
1.866947995532152760e+01
2.230402933510959684e+01
2.197994461239579067e+01
1.979399401855399532e+01
1.944153392655034196e+01
1.709433711730331140e+01
2.056033544644685662e+01
1.883704682263408614e+01
1.995151369920816364e+01
2.019277013393841358e+01
2.153106062514872932e+01
2.269777587872937374e+01
2.074339094254253268e+01
2.471628170841487560e+01
2.259669358438025455e+01
2.447289703872742095e+01
1.989508719503738376e+01
2.132361059452768615e+01
2.189680926739814382e+01
1.983009988044401339e+01
1.992591133095464428e+01
2.217487675691741700e+01
2.281225272102801327e+01
2.391640648236937494e+01
2.232399267629315176e+01
2.465394732900858799e+01
2.215815958622502535e+01
2.126174378506639684e+01
2.205417442390906757e+01
2.313843299178964585e+01
2.281785044788862749e+01
2.394234526451329259e+01
2.061841853800236279e+01
2.021745049953721107e+01
2.147817306704545359e+01
2.638790854348427573e+01
2.173171409971433476e+01
2.061264112163534534e+01
2.155309421675548975e+01
1.694956670496672402e+01
2.213750897554470853e+01
2.115574367255297972e+01
1.635597435580705650e+01
1.766858077591711051e+01
1.989875920513393481e+01
2.105906669086610705e+01
1.710933175148680974e+01
1.984994282507746988e+01
1.955658152492197388e+01
2.070250414781205706e+01
2.323332826412919516e+01
2.225739063116158789e+01
2.055042089314671827e+01
1.916513755363387972e+01
1.624772799505946352e+01
2.254568724845604066e+01
2.585104970702714056e+01
2.049530863546713988e+01
1.448112873515085575e+01
1.922359018451182777e+01
1.869517461254800139e+01
2.478918142808349856e+01
1.883946003261818092e+01
2.135036496126601335e+01
2.355193357318906067e+01
2.317029922854228374e+01
2.689497069061099666e+01
2.220526437681234455e+01
1.951097356584248033e+01
1.774762137404535878e+01
1.711734584286407568e+01
2.150607891506933100e+01
2.049047788559935412e+01
1.716302386838609451e+01
2.017065374117197507e+01
2.136679415439743579e+01
1.950028590277112883e+01
1.791637292892256994e+01
2.065248178130485357e+01
2.178481446737198368e+01
2.017565331693618091e+01
2.119880570760411942e+01
1.886205789258884735e+01
1.681180505171377249e+01
2.116179887685411742e+01
2.260487682889627337e+01
2.203883787924118209e+01
1.771140693998268745e+01
1.658272080573617302e+01
1.739792407848527134e+01
1.879185462272280915e+01
1.950852502636917762e+01
1.662148775033157477e+01
1.897787582753717217e+01
1.905371632006356819e+01
2.378212187935615063e+01
2.190163036070684299e+01
2.334599766633411022e+01
2.257395187508957335e+01
1.939596924453314131e+01
2.017890328410704726e+01
2.183260411642157095e+01
1.824830987050761522e+01
2.304075951869674554e+01
2.197294997291738383e+01
2.160717944332471419e+01
2.258453891107745548e+01
1.879882805289913961e+01
2.275176834152937388e+01
2.343152844474943919e+01
2.334685842785321697e+01
2.394649008296310555e+01
2.082595807130875443e+01
2.180359100952004070e+01
2.412265519475803188e+01
2.194479976392539200e+01
2.074866292503213216e+01
1.865949420337865661e+01
1.944339023721813930e+01
1.911838918042396784e+01
2.600573777893807303e+01
2.258154722125992109e+01
1.936508082560071031e+01
2.149228151310800072e+01
2.098958888739741724e+01
2.155996346742579561e+01
1.722140275352903771e+01
1.822935121724694341e+01
2.339692916244109711e+01
2.289264650632947351e+01
2.606579451393630720e+01
2.307801211506113148e+01
2.090799557146161902e+01
1.877213246032208360e+01
2.268059509526930029e+01
2.441179180353110212e+01
2.539373806265113132e+01
2.129566350512751072e+01
1.573658294492063625e+01
1.723291607721292706e+01
2.150274375427368767e+01
2.206570112892185520e+01
2.177639282612964067e+01
2.296278103232071288e+01
1.971295071713144154e+01
2.314989372579520222e+01
2.220213042221487498e+01
2.154979513769086452e+01
2.136521179565423978e+01
2.275003779939038395e+01
2.326860882715414647e+01
1.998743041026609291e+01
1.963859385364312971e+01
1.805106390478019662e+01
1.973944824070975557e+01
2.027234145932103004e+01
2.206362413124771393e+01
2.099312366786035966e+01
2.279017002119941537e+01
1.984237340709789166e+01
1.657808389178725150e+01
2.022810313384064429e+01
1.572916592944773484e+01
1.574197351667837630e+01
2.040745872486163037e+01
2.046058216225186044e+01
1.836545766131079205e+01
2.025255830364572418e+01
2.344299025855039531e+01
1.893022369730226728e+01
1.933401532811968693e+01
2.073737482487181438e+01
1.661118474958836089e+01
2.093979478778557990e+01
2.241716931708545246e+01
1.732546854799461400e+01
1.880330238312103575e+01
1.898261326777194924e+01
2.073723009845036813e+01
1.568825142579048126e+01
1.866122209182095659e+01
2.013737583034240686e+01
1.905362549204208733e+01
2.022207245519378915e+01
1.804391236002460985e+01
2.550903819287475827e+01
1.980133279016450842e+01
2.027694644582216910e+01
1.944258722820636720e+01
1.900220433968595657e+01
2.077589860722623172e+01
2.350623501398837689e+01
1.835016912159258595e+01
1.718307682100672196e+01
2.284571501890915357e+01
1.831909280389708528e+01
1.890917579659192072e+01
1.889677536355383225e+01
1.893320091296413210e+01
2.304466649154020530e+01
2.120892634433596413e+01
2.195229356280520250e+01
1.848204942398874095e+01
1.618936200286999494e+01
2.076852114401795291e+01
1.869912635644131882e+01
1.796276637665751608e+01
2.343535376651528779e+01
1.977887669173869156e+01
2.067904783136965463e+01
2.120882764791382513e+01
1.746041326018152873e+01
1.831061167875296292e+01
1.784610366981666374e+01
1.937639613517318082e+01
1.899117236947002496e+01
1.855408077529839161e+01
1.693859600475585125e+01
2.048004816565653385e+01
1.942153124235899142e+01
1.926702810084662687e+01
2.259071823616355346e+01
1.696114437096959193e+01
2.040121099382999503e+01
1.992418239824207049e+01
2.021119357499128810e+01
2.185658907285353436e+01
2.168277022862490000e+01
1.617185440745168279e+01
1.591352274291308788e+01
2.087248515313502395e+01
1.987119970430738647e+01
1.885667441332315164e+01
2.131183645614887823e+01
2.096296836792919294e+01
1.810753623380886523e+01
1.789605954217305950e+01
2.025915838333048313e+01
1.840010300910167018e+01
1.893103027125069460e+01
1.620731506967621272e+01
1.402356205616209550e+01
1.882864784611371434e+01
2.066925317079963875e+01
1.805266591167070800e+01
2.118926307370453088e+01
1.864196002668362340e+01
1.850245585942253257e+01
2.006700782828854912e+01
1.715012351032320481e+01
1.680671947759446994e+01
1.956898090238852461e+01
1.930279771792053367e+01
2.174069761906275033e+01
2.177207059884528206e+01
1.870714128692818434e+01
1.875529255262472361e+01
2.078202105939503852e+01
2.036287871472979560e+01
2.214081654067878802e+01
1.870103482152149255e+01
1.649936148834650140e+01
1.850091119147407781e+01
1.713701117083303416e+01
1.714987299243762564e+01
1.803306109419784775e+01
1.613287912347150055e+01
1.982631592301618539e+01
2.402905989706627921e+01
1.965618075584249169e+01
1.870898769325151889e+01
2.271630495749682765e+01
1.888763121663588151e+01
1.684825602341588180e+01
2.080635852830446453e+01
1.706356052474440332e+01
2.086279413782714087e+01
1.622133187567638046e+01
1.894209271552782781e+01
1.770426105477813294e+01
1.794630187201708793e+01
1.871217296663189344e+01
1.586099883111690367e+01
1.659813503945471425e+01
1.690245199162412604e+01
1.750917123901056627e+01
1.734097859268783282e+01
1.911171159808555231e+01
1.794633029953691761e+01
1.917178620775507270e+01
2.011654267765116089e+01
2.176090931909003245e+01
1.848225109219935547e+01
1.689626115282125340e+01
2.083290414053895034e+01
1.536440661254695250e+01
1.637343760423903305e+01
1.560881139761032443e+01
1.595283381377834786e+01
1.964878433586428486e+01
1.675278406976389789e+01
1.892288465600656977e+01
1.943874302761453166e+01
1.676794750138943968e+01
1.919670497068915793e+01
2.100047602215169107e+01
1.603662733872960899e+01
1.762724024235073728e+01
2.039184806536232131e+01
1.982261666832701508e+01
2.220085259215445106e+01
2.159029875824867162e+01
2.079061449199572209e+01
2.013465214041182705e+01
2.017898299192286160e+01
1.967198604808938001e+01
1.969408130961463854e+01
2.148631298394688471e+01
1.973953305072650366e+01
1.996095193845581406e+01
2.253678635159755572e+01
1.930139826075748033e+01
1.936115054270957359e+01
2.207972009217996145e+01
1.855859419277132005e+01
1.762550641784809358e+01
1.960121616157476154e+01
2.104639480559129794e+01
1.813422179534433099e+01
1.849919925548316613e+01
1.807608866389110247e+01
1.760038774472364054e+01
1.723044169458680130e+01
2.115166139469756601e+01
1.841590348139952127e+01
1.762756877679746026e+01
1.830765803648697698e+01
2.024209721433748754e+01
1.864482860776847772e+01
2.034225347610131607e+01
1.988842666470686993e+01
2.087833309611977839e+01
1.948311710486461479e+01
1.931222788617552411e+01
1.664403294120271681e+01
1.833606215442219778e+01
1.965420790071727808e+01
1.757238393669019061e+01
1.970001706167538913e+01
1.736449975050442518e+01
2.005311331275571263e+01
2.063741926705852592e+01
2.055131359711212014e+01
1.681348301358487873e+01
1.970969063540634281e+01
1.871690969187688580e+01
1.744771785704294231e+01
1.874660661654212390e+01
2.100749365887552855e+01
2.060247420580980915e+01
1.801542701861281515e+01
1.647385095071300753e+01
1.888480096982122802e+01
1.713329128831933446e+01
1.390147607810186869e+01
1.636802580395283968e+01
1.908753422579165715e+01
1.592622426114829892e+01
1.662887141991376438e+01
1.808790026281808139e+01
1.916322758131331838e+01
1.570090675516664014e+01
1.773404737942480480e+01
1.870300339975567283e+01
1.791342807136086179e+01
1.796686098565945855e+01
1.961739940819017392e+01
1.995136624339456333e+01
1.933488235676277256e+01
1.800447095086067151e+01
1.705533304214046098e+01
2.146510955569745605e+01
1.674458727040779848e+01
2.074578870737566305e+01
1.743618562002230021e+01
1.852509266384792852e+01
1.659819161429079415e+01
1.857492461300102349e+01
1.773699036031440812e+01
1.728605734498875890e+01
1.869001770643667015e+01
2.076490339512366390e+01
1.803829650933290196e+01
1.974577343070887636e+01
1.878623724755960467e+01
1.834819890959053978e+01
1.972100486973403122e+01
1.421405750253125966e+01
1.577982086300615094e+01
1.813477982552084100e+01
1.789294925991597651e+01
1.859487528438953063e+01
1.658592362134860565e+01
1.856502606713012682e+01
1.870487438059704388e+01
1.316922986961889208e+01
2.044307365664642617e+01
2.034920864086639369e+01
2.024843707984361174e+01
2.000068823104768967e+01
1.844553432824314498e+01
2.038035937480249160e+01
2.027477724699286910e+01
2.333899028574511547e+01
2.134793734975631097e+01
2.120130206657057315e+01
1.802229237938598061e+01
2.105467893681610647e+01
2.221726561404393152e+01
2.267304968103940155e+01
2.306420763848816335e+01
2.421618100808149165e+01
2.465047720921385022e+01
2.088569958798168003e+01
2.290210218957157906e+01
1.952019460687497698e+01
1.761251032662599414e+01
2.127535508143277099e+01
1.731275290391695876e+01
1.952877840467563431e+01
2.135096817720531348e+01
2.025831643858165876e+01
1.846657112786597921e+01
2.089334445623099512e+01
1.962029469863906073e+01
1.689984663276617027e+01
1.956884205552698930e+01
1.438740409961159727e+01
1.603583153185896037e+01
1.778293003075670242e+01
1.906143481239957893e+01
1.629781340219916075e+01
1.611894158962205026e+01
2.058363250907840936e+01
1.874717786521997098e+01
1.666628647079381409e+01
1.882594350813008077e+01
2.051349293702903864e+01
2.081363353069458810e+01
1.418845473334905272e+01
1.679260475099965078e+01
1.824233045121883379e+01
1.711871686831917927e+01
1.812463173634208147e+01
1.956416500519152635e+01
2.009779681325372991e+01
1.588015482770308040e+01
1.561988254045174429e+01
1.700469724898707824e+01
2.195003494494208240e+01
1.552163593257429497e+01
1.530756607702523020e+01
1.859721005262776572e+01
1.797580800748456298e+01
1.819000489702493439e+01
2.167427598803212518e+01
1.796364269688834980e+01
1.951637514424661290e+01
1.523314786162394441e+01
1.941877444970520727e+01
1.686908038188796510e+01
2.155484769147076207e+01
1.964740594983909716e+01
1.579562899496240291e+01
1.797455146498794676e+01
1.881095825061881044e+01
1.764938755681801652e+01
1.675418143810584226e+01
1.746410555308526469e+01
2.113458567380421016e+01
1.784815650582632074e+01
1.645011331734668403e+01
1.792020176775707796e+01
1.714702069620577873e+01
1.902885484056666243e+01
1.858761180662658319e+01
1.796835675284998501e+01
1.766896834798876270e+01
1.910080366521736650e+01
2.044970920965726080e+01
1.836765562116352513e+01
1.612567980065060524e+01
1.790958205166443307e+01
1.399376596805154094e+01
1.952442664744311429e+01
1.889044686853951660e+01
1.906028193648870328e+01
1.792639627390302692e+01
1.458150894078384496e+01
1.789691835631941785e+01
1.926464906571148816e+01
1.868857937018281490e+01
1.886444920887021937e+01
1.950831510957283399e+01
1.681177797744599189e+01
1.999015382956210374e+01
1.759243416113859126e+01
1.739716537988919143e+01
1.924583468018546739e+01
1.770842930719731001e+01
1.881969116304065892e+01
1.761349303158819168e+01
1.699611622421666723e+01
1.855422552265218528e+01
1.910338312274927119e+01
1.664093678705818391e+01
1.873147963051474818e+01
1.743675786946153750e+01
1.912438973236022477e+01
2.097405244530689217e+01
1.715704968193961477e+01
1.778426789552977993e+01
2.074917053831211433e+01
2.024404314802723093e+01
1.918490299873389660e+01
1.540610096348856572e+01
2.007569605925128542e+01
1.762836834435885436e+01
1.861896972316408849e+01
1.638780346010619482e+01
2.002172086415333041e+01
1.849792992935249103e+01
1.849039485524334836e+01
1.717424643998895561e+01
1.803619510605843956e+01
1.886899577293715069e+01
1.855512676859766330e+01
1.987801975014815525e+01
2.060144061259750714e+01
1.750247538042796691e+01
1.770230186714116627e+01
2.140255360886488489e+01
1.717569404785994536e+01
1.967304168339666859e+01
1.523591714598570412e+01
1.631633027421522542e+01
1.688392248006789842e+01
1.865484377927290538e+01
1.801652292632677899e+01
1.675017494650853322e+01
1.590208421184069110e+01
1.815879861696832265e+01
1.589510966532066760e+01
1.715323247627666703e+01
1.830881223500172439e+01
1.735339590578492874e+01
1.625965836542653520e+01
1.548845070212606423e+01
1.543995064905124082e+01
1.958285779732764453e+01
1.890902046556630367e+01
1.572946910493416617e+01
1.770593805169593082e+01
1.731766808784258060e+01
1.779445747468010097e+01
1.826289146854632506e+01
1.388841051121855230e+01
1.728361056698845388e+01
1.648426002341133412e+01
1.599591871890459416e+01
1.673635697953273294e+01
1.386182115053808417e+01
1.676495343827723161e+01
1.596597817231310756e+01
1.627809110188958996e+01
1.677698111120881563e+01
1.868125443329428137e+01
1.715316001264582724e+01
1.671649998603790266e+01
1.496644070215464062e+01
1.656796437162702063e+01
1.783044886721221545e+01
1.471666220017952931e+01
1.622397101623220550e+01
1.615712551712005052e+01
1.734592299550075367e+01
1.477829611092379558e+01
1.855021942918765987e+01
1.818588061903260922e+01
1.624890620522682383e+01
1.591041335537360091e+01
1.846451549372745049e+01
1.606767266350551537e+01
1.547244936451233421e+01
1.775206640981391004e+01
1.612236145009822152e+01
1.563990128880419661e+01
1.701970480852735790e+01
1.800974020449966062e+01
1.816422879743716834e+01
1.538374947890390665e+01
1.472313390883135931e+01
1.702596772783553192e+01
1.903140595397400148e+01
1.887062049564402599e+01
1.754386993409353224e+01
1.757192175451056571e+01
1.440050872362675882e+01
1.635040744758451936e+01
1.446528836947310914e+01
1.906472699996124831e+01
1.510752728868022388e+01
1.702125751138606446e+01
1.645318511164936481e+01
1.558930340530890568e+01
1.560802887759745516e+01
1.731320074648557039e+01
1.687743230008631201e+01
1.843446673745396680e+01
1.860983533757359609e+01
1.939547340711058609e+01
1.780510376726356370e+01
1.725552415954790675e+01
1.745569900746185965e+01
1.768741880686066281e+01
1.798676733245030945e+01
1.755154901694261937e+01
1.711475344378917285e+01
1.774882724551930480e+01
1.564313684451175135e+01
1.800197969238131179e+01
1.565665882076257986e+01
1.680703060520835734e+01
1.633826565922651142e+01
1.584060292556112870e+01
1.790508544720359296e+01
1.673157589356605612e+01
1.998999460173331144e+01
1.908627704655901169e+01
1.812560338275023142e+01
1.745841013848337653e+01
1.332650147293224663e+01
1.591781920175904652e+01
1.785984551875623794e+01
1.919343590484150752e+01
1.654519036317888592e+01
1.824279352804834886e+01
1.660691087922030817e+01
1.627309895999142242e+01
1.754415620810630472e+01
1.813821733116260049e+01
1.633187778817378089e+01
1.590378573761003445e+01
1.829696173784165225e+01
1.572530450052464346e+01
2.041001432153243300e+01
1.869307223917236982e+01
1.512019600933207286e+01
1.516399168090349647e+01
1.733585762838400512e+01
1.634450554786592846e+01
1.570122389837427157e+01
1.558610105360981635e+01
1.658519034820908189e+01
1.685020823215900876e+01
1.721033495235782240e+01
2.077430340606151660e+01
2.117076705689267158e+01
1.840877524524234943e+01
1.794456740738738176e+01
1.594248354396538048e+01
1.765685563820822424e+01
1.680991315631204941e+01
1.844785825697394799e+01
2.075912603313231131e+01
1.734219825691258876e+01
1.732082017086688808e+01
1.592058680018199546e+01
1.808356397033841034e+01
1.719538411823019430e+01
1.817751090775684375e+01
1.358568837871776580e+01
1.690675573157585632e+01
1.533147677628217309e+01
1.738864738286696365e+01
1.716881121341591765e+01
1.767911407849827299e+01
1.843042306919637241e+01
1.488139493060997509e+01
1.617960427099679777e+01
1.605399807525388312e+01
1.661116218828775004e+01
1.806447351337812535e+01
1.735060211465668800e+01
1.789846778223279955e+01
1.584766276627218673e+01
1.722270640039976186e+01
1.631189382910104158e+01
1.575940102818890054e+01
1.619772551002354177e+01
1.455739629076022013e+01
1.620048374334861307e+01
1.615821566250350827e+01
1.613150327747831270e+01
1.706445775613476101e+01
1.462609001912206352e+01
1.856626820995759175e+01
1.840410511786388170e+01
1.996671972433700049e+01
1.778122117735939867e+01
1.442137072666650432e+01
1.608407112280184847e+01
1.782640196276129529e+01
1.744331856047529072e+01
1.665718299331525643e+01
1.892088620461074910e+01
1.857929414534894619e+01
1.551837906880595597e+01
1.719319944795968169e+01
1.563087566954463270e+01
1.717409070907809365e+01
1.605304954447738908e+01
1.598699392488872206e+01
1.872405048308628395e+01
1.369386446941213364e+01
1.532298259151523112e+01
1.870250760831988046e+01
1.813357604842146031e+01
1.661680805818899742e+01
1.516625266402867744e+01
1.604506832322503129e+01
1.861236549026596876e+01
1.493923888501000619e+01
1.677595619150601181e+01
1.816636303072823466e+01
1.701290284059886915e+01
1.423709518918344585e+01
1.660711103180792136e+01
1.580159419965200662e+01
1.496656258686013352e+01
1.673399758975775242e+01
1.585251569489279966e+01
1.726768769809775605e+01
1.776169000281092636e+01
1.626931056258187169e+01
1.649956619901294275e+01
1.474312096624371549e+01
1.615517899547128522e+01
1.467390073232533787e+01
1.586047250969599531e+01
1.564947555858297790e+01
1.783064964319482115e+01
1.479397393986700493e+01
1.704965554653688997e+01
1.635063293094705728e+01
1.659744665013550957e+01
1.635938616077509522e+01
1.686701954289957328e+01
1.689340885100206791e+01
1.797401877433963335e+01
1.659297897910079556e+01
1.878704695298748817e+01
1.640107198856928150e+01
1.761359609955917449e+01
1.723164182828445234e+01
1.492925041384664020e+01
1.605782364235771098e+01
1.440557131837399929e+01
1.396796101939215440e+01
1.555997207302621810e+01
1.769792673950791340e+01
1.646118415529561929e+01
1.760403499825636331e+01
1.599145976599556640e+01
1.359781603503886771e+01
1.434985449723111550e+01
1.421940856225469929e+01
1.848497070319839253e+01
1.746526937483372421e+01
1.345523606651432580e+01
1.476179984077554685e+01
1.578387192219626201e+01
1.704667318361640582e+01
1.718899180166678775e+01
1.576417913037457907e+01
1.799934177608281516e+01
1.611400850246672434e+01
1.939837995479534527e+01
2.041194492006640715e+01
1.784120126179206522e+01
1.964820135424178815e+01
1.883209096931122772e+01
1.887529683640657652e+01
1.681970266143273207e+01
1.831495849808955256e+01
1.528242697702373754e+01
1.927511479193442767e+01
1.612380846897999831e+01
1.395761397358520561e+01
1.485417148978859636e+01
1.642178896710810676e+01
1.615479452032678154e+01
1.500398210997131088e+01
1.566851214782443158e+01
1.497573142245735056e+01
1.604705973866698798e+01
1.703756334297380448e+01
1.525383163655017960e+01
1.641493120745935030e+01
1.802615532270056420e+01
1.413678785285458162e+01
1.662083115459919469e+01
1.552839089682285589e+01
1.509323788446588033e+01
1.788632122561360660e+01
1.637674085552834313e+01
1.711901448534070624e+01
1.448856231780852610e+01
1.680204474483675625e+01
1.577451636017223180e+01
1.807244665767592551e+01
1.570434356429762168e+01
1.192601048355485105e+01
1.882482209064184175e+01
1.438430044741383362e+01
1.743111327193700433e+01
1.778897719853696557e+01
1.408017150361281900e+01
1.694188192128789794e+01
1.422314786392299091e+01
1.293244715684897805e+01
1.276751476411113018e+01
1.291581265984621574e+01
1.413834998848549063e+01
1.724882191668144671e+01
1.489149319157549733e+01
1.388268380528178625e+01
1.653679757775107717e+01
1.461092972349836927e+01
1.665662584717468775e+01
1.672730961650075798e+01
1.398737621326819891e+01
1.568544748818706758e+01
1.483798245506354618e+01
1.302603649543209663e+01
1.448405976905686465e+01
1.646473656286647724e+01
1.765144611738065805e+01
1.654845809233185960e+01
1.756569876336714131e+01
1.438683565270380882e+01
1.557368054006016145e+01
1.381902326883690790e+01
1.656711445949426675e+01
1.735983958421827467e+01
1.539404026899211253e+01
1.345225784631105270e+01
1.415930898909724434e+01
1.425623248104588470e+01
1.474360046129305246e+01
1.555644308458691327e+01
1.234509148982565208e+01
1.522928309630151311e+01
1.236849821313239772e+01
1.485871551851310635e+01
1.670381219791869754e+01
1.444225017149429213e+01
1.198886975618541229e+01
1.548925087021913782e+01
1.570538163943233911e+01
1.507762054008197694e+01
1.517436556063596065e+01
1.469980240828464524e+01
1.533940833072105114e+01
1.423277868190324114e+01
1.586439034970984174e+01
1.295256721782643261e+01
1.335241412619716250e+01
1.370118991013162280e+01
1.587372171313074887e+01
1.739072356067824998e+01
1.641399812328381813e+01
1.721982382332928196e+01
1.211105564149988467e+01
1.501317828614160454e+01
1.572388375390828230e+01
1.419323417031938916e+01
1.299732694714781367e+01
1.621643259790599600e+01
1.479803381242083837e+01
1.362896611403454550e+01
1.483928225921911270e+01
1.462288326783007975e+01
1.614773385086725099e+01
1.552031938595268556e+01
1.625629396646288427e+01
1.684705214033987275e+01
1.418136409668402642e+01
1.501459448284591858e+01
1.526677681890477345e+01
1.770825349576265850e+01
1.577809197924793772e+01
1.229118853406577827e+01
1.497403360233675329e+01
1.382999899390657106e+01
1.329929985062551800e+01
1.327564567929241157e+01
1.301105837297744472e+01
1.377682689190318754e+01
1.565302443648435293e+01
1.685966705538929489e+01
1.481762331850907444e+01
1.184455365302662067e+01
1.313802055482172371e+01
1.334525465094305652e+01
1.472299885387205620e+01
1.643905290395808905e+01
1.576416349164444952e+01
1.681214353072031287e+01
1.300307762248114685e+01
1.470434039531660630e+01
1.294953070375718163e+01
1.180038806421057274e+01
1.429971427407513573e+01
1.382946410037553697e+01
1.527227059123828390e+01
1.566668360165255081e+01
1.842355038039519144e+01
1.341999454415583948e+01
1.025890677787449690e+01
1.519426270221929443e+01
1.329835749098720754e+01
1.524083992183726188e+01
1.620950520370638515e+01
1.620696735948847689e+01
1.494495757555288939e+01
1.659194347265291825e+01
1.696815039776948097e+01
1.303986314844660299e+01
1.401109384204474928e+01
1.471577652391659008e+01
1.557410326295541658e+01
1.544587780306810387e+01
1.465265442028495357e+01
1.584771316097252125e+01
1.568364037685586432e+01
1.426972704833135808e+01
1.611910486356798344e+01
1.716072650934958688e+01
1.405936842107008822e+01
1.342320250578399055e+01
1.299964346525806036e+01
1.484246073593130966e+01
1.395318181077155373e+01
1.274742888736919610e+01
1.117359195808398908e+01
1.402468713832906388e+01
1.439657348779088863e+01
1.286591362565805774e+01
1.254634349304098606e+01
1.654456447746323988e+01
1.506165590872037008e+01
1.443579131568319340e+01
1.413974671433921770e+01
1.540285246759471782e+01
1.446551365695028579e+01
1.636165605471261131e+01
1.444076903517858312e+01
1.485836309826623669e+01
1.509306850930276234e+01
1.464907864683773298e+01
1.508384655923724260e+01
1.666889805274574954e+01
1.355691343145627847e+01
1.562452303754984051e+01
1.428945151011216907e+01
1.473869046473403621e+01
1.580325592555560377e+01
1.355435207582989854e+01
1.429328170664157760e+01
1.344312516840006744e+01
1.386390518757554169e+01
1.410977236730743734e+01
1.516831482273493670e+01
1.402049082563330806e+01
1.360996985433324902e+01
1.571627260421215055e+01
1.566913748751114888e+01
1.611709674494830935e+01
1.441714312612395510e+01
1.419707032316290629e+01
1.355997842774718443e+01
1.662279342065868804e+01
1.699379727702127951e+01
1.645864148331598642e+01
1.375652201731796964e+01
1.245540597869154809e+01
1.410117491221851083e+01
1.177135412998146080e+01
1.372812437485524484e+01
1.580816885374058955e+01
1.448590012460957865e+01
1.201785752170974320e+01
1.696636799332215872e+01
1.508335724063332073e+01
1.570478021798827228e+01
1.427866738098726529e+01
1.258677204747157496e+01
1.428286888529151355e+01
1.156601927634492810e+01
1.257666238720320351e+01
1.305126474072116771e+01
1.243881084922746894e+01
1.406880163120681360e+01
1.270670560727448972e+01
1.446487480342384302e+01
1.564909202921682052e+01
1.525887649472830887e+01
1.215757384300432875e+01
1.304107688462770653e+01
1.254484185352012204e+01
1.251161509677841899e+01
1.292149000690264415e+01
1.354835613172452113e+01
1.295125924093304803e+01
1.282234876837383375e+01
1.181929328569252569e+01
1.188804607863023044e+01
1.375535145980739671e+01
1.336134026525678564e+01
1.294808135835839025e+01
1.346947164285819909e+01
1.498182058486227852e+01
1.490138366455240160e+01
1.494476546162599107e+01
1.413670679251890228e+01
1.130597658367323000e+01
1.151759338953864464e+01
1.341253284358351294e+01
1.447256453174700574e+01
1.444667083956787401e+01
1.352280229710469861e+01
1.212086580022157101e+01
1.260415537778314565e+01
1.221473427125559930e+01
1.324142674197646308e+01
1.537204688028150557e+01
1.413609034867821990e+01
1.380763710126410970e+01
1.346933797167022817e+01
1.403039614491584430e+01
1.261448978342215455e+01
1.322163133207545904e+01
1.389876669327472669e+01
1.286931086563733651e+01
1.492171334498587676e+01
1.203026641518523476e+01
1.353409281916032469e+01
1.266401169076549849e+01
1.706171090303867999e+01
1.262139685095023722e+01
1.372125905614908170e+01
1.524246834941908268e+01
1.295028076590560495e+01
1.235711306669114151e+01
1.330929554441023122e+01
1.191504799020642302e+01
1.255425880891501045e+01
1.468132083601213722e+01
1.327639213434043164e+01
8.597546452653586968e+00
1.498175459688452449e+01
1.367951562580648073e+01
1.277943930601640155e+01
1.352781375091463545e+01
1.285956050878707302e+01
1.347261262988254771e+01
1.314801004973210574e+01
1.522315910320308419e+01
1.356078853727510847e+01
1.400682459735332763e+01
1.319385319767146569e+01
1.334250129223525150e+01
1.431740158651341588e+01
1.421964136653055277e+01
1.496170152544831389e+01
1.636039723999566320e+01
1.365770282794277612e+01
1.411507030195124734e+01
1.315441475113333425e+01
1.625898116992780373e+01
1.510952829841587963e+01
1.592549209575152069e+01
1.334549319577539706e+01
1.283328658561272206e+01
1.411472224390908714e+01
1.237037828646278115e+01
1.384239114557128048e+01
1.485776429736101889e+01
1.235005557833430956e+01
1.240340811871575966e+01
1.215574663777722897e+01
1.069650538974108223e+01
1.235616976659994393e+01
1.322075261025043069e+01
1.368131784286154762e+01
1.203617561751979359e+01
1.303572008771539714e+01
1.314270265309912311e+01
1.169763114704578832e+01
1.212179921695744689e+01
1.446327678908184566e+01
1.459969737337346274e+01
1.382768721943856427e+01
1.250715288450369655e+01
1.055699202547678262e+01
1.452646086732135977e+01
1.301144120341552046e+01
1.502106497196823298e+01
1.354277784294943743e+01
1.130118884241591815e+01
1.331280154601990162e+01
1.088848347835381780e+01
1.170834793996337986e+01
1.067534309537898629e+01
1.504484829523114442e+01
1.103086506483787410e+01
1.483878501910763070e+01
1.297570019375407036e+01
1.220077338800702016e+01
1.328619139513750724e+01
1.006213243796338652e+01
1.147387058285096373e+01
1.202303540903031198e+01
1.181229848406171357e+01
1.186147975872520455e+01
1.225933860449483426e+01
1.321330706196862614e+01
1.473901908091612967e+01
1.617094678949877462e+01
1.372990298978433188e+01
1.346145796985612897e+01
1.270570714911622012e+01
1.200359778386433973e+01
1.113333282692250670e+01
1.489751045370875282e+01
1.480708864617780307e+01
1.336906431384939076e+01
1.197224637082342724e+01
1.134429739334019160e+01
1.185674471037924960e+01
1.109244148462464352e+01
1.120369639434369979e+01
1.131592319446158612e+01
1.126266053551653812e+01
9.806175675587493146e+00
1.060384672210139101e+01
1.062867477901116331e+01
1.272787204440149011e+01
1.148591938648990585e+01
1.190491715536414929e+01
1.352793217628021694e+01
1.340918850210025681e+01
1.193461926205768719e+01
1.350495005977680130e+01
1.270303412664455855e+01
1.396446180840449180e+01
1.179542330852380161e+01
1.261399556551292989e+01
1.167902750056029504e+01
1.232000328592826399e+01
1.436539219605149675e+01
1.537593200178828035e+01
1.129610658077792706e+01
1.529780118267172639e+01
1.374702330671415673e+01
1.219391644382001694e+01
1.328755587164703833e+01
1.373677332404668228e+01
1.122102952678910270e+01
1.275238294309929188e+01
1.465646824883102894e+01
1.305600032247227738e+01
1.080852796744981958e+01
1.215975273579245730e+01
1.422070616958773925e+01
1.322109044845446668e+01
1.279439693298467517e+01
1.201798348136663819e+01
1.421640659692000597e+01
1.523036628467312781e+01
1.393565244590353025e+01
1.502258923150434100e+01
1.518160342836904064e+01
1.466713802506252584e+01
1.215613456022338923e+01
1.387084775708141571e+01
1.115333078967273117e+01
1.130326202286062554e+01
1.382942935063841894e+01
1.550052820830886802e+01
1.348433758719563613e+01
1.428248049974445699e+01
1.644853752081451148e+01
1.357976603102774504e+01
1.213232770154868767e+01
1.270053472955669527e+01
1.194622683040138433e+01
1.361779777708839667e+01
1.225591247665213501e+01
1.318374390282374087e+01
1.322398642781107903e+01
1.286990123870193869e+01
1.313997593651168927e+01
1.505895495316524269e+01
1.401610926828557169e+01
1.133955297297790032e+01
1.366100567014330736e+01
1.392998050827565137e+01
1.451738751933201677e+01
1.282379211355235604e+01
1.630694565554923869e+01
1.209625167354039732e+01
1.840485595673669650e+01
1.125272452491450181e+01
1.193009033980147926e+01
9.982903184949817543e+00
1.172830848873267762e+01
1.110522984073320885e+01
1.282177680151494670e+01
1.282334010311292083e+01
1.436783347267439659e+01
1.283967964506531345e+01
1.570196801847901114e+01
1.321510874968993932e+01
1.320798799471112872e+01
1.275254636803993691e+01
1.132659440376452409e+01
1.309942686806216550e+01
1.379693017346701289e+01
1.258430628860894629e+01
1.219700403683666856e+01
1.361969556331984244e+01
1.377568319308487155e+01
1.257000344094461575e+01
1.344965010382199111e+01
1.173588803683158766e+01
1.372500141467544488e+01
1.344746310519012766e+01
1.168207748959591896e+01
1.336795780223455132e+01
1.209183063336932307e+01
1.341137548399886725e+01
1.323487367376828772e+01
1.348311943786904443e+01
1.241511296094206251e+01
1.278085292733421774e+01
1.314109313256517986e+01
1.252798758214310482e+01
1.031175115305896917e+01
1.136960630682153806e+01
1.292926034017176207e+01
1.073659442432068012e+01
1.143343267909050986e+01
1.368686694579146845e+01
1.199712941195119775e+01
1.176634896412419096e+01
1.289635512620561464e+01
1.303141772604842608e+01
1.112446422251647249e+01
1.457601932109353449e+01
8.966159066906541852e+00
1.117745742245702800e+01
9.272607134911385884e+00
1.424767336844308474e+01
1.070628541189406668e+01
1.375304711455957118e+01
1.077040206194256378e+01
1.232345683804619085e+01
1.164162452901733857e+01
1.339190979660557801e+01
1.050230919813086850e+01
1.181836209879497090e+01
1.332201566777731827e+01
1.386736947964505973e+01
1.067269764020684164e+01
1.122472502988906484e+01
1.045042711546296488e+01
1.026539644770393700e+01
1.300008415151086183e+01
1.099416564427620102e+01
1.071668695357063328e+01
1.111202360663578759e+01
9.727357974709539334e+00
1.122371694452353275e+01
1.230584568745621610e+01
1.164883946835723449e+01
1.361279709436301566e+01
1.189205634252228982e+01
1.089275134914040599e+01
1.305520533271113237e+01
1.484104905010419806e+01
1.256607468885684931e+01
1.555805051731656619e+01
1.360978617582297190e+01
1.191633824426981114e+01
1.179225355826986998e+01
1.178281695144458574e+01
1.187655004197106479e+01
8.704825793073489137e+00
1.150603666295140037e+01
1.245559393988213692e+01
1.188728273245179423e+01
-2.814950445293894710e+00
6.309675912941731468e+01
2.292089603762526906e+01
-1.738783776018761884e+01
-6.448323903030836135e+00
1.433358483244757053e+01
1.140646047972778199e+01
1.244840811163964567e+01
1.188615608223986619e+01
1.281779449258250381e+01
1.118754897260012982e+01
1.182506584390323212e+01
1.310063749367095376e+01
1.197762653596999449e+01
1.397662601924058734e+01
1.185711325954985185e+01
1.038426656945716786e+01
1.070591784470409458e+01
1.216162940521757285e+01
1.204154273881813531e+01
1.001260474718236360e+01
1.286989171975985791e+01
9.405800764109608636e+00
1.146410785560034995e+01
1.192863891282526012e+01
1.125352495261457442e+01
1.357135789839615825e+01
1.285538921616824659e+01
1.091277482777955576e+01
1.241010951285122310e+01
1.378706684516401104e+01
1.330842242960011035e+01
1.165391871541730318e+01
1.129102128855267217e+01
1.255694102781051846e+01
1.407735907534373254e+01
1.084128964621660351e+01
1.110065592775356613e+01
1.087507110625051077e+01
1.211804803044663359e+01
1.057101277086064428e+01
9.943449697662705589e+00
1.126375214469818431e+01
1.058768892768624426e+01
1.281966343599460778e+01
1.022747349624751045e+01
1.315956988790252069e+01
1.370059997772593086e+01
1.186416527084885075e+01
1.267448984584964222e+01
1.456154449191455491e+01
1.385982140747867852e+01
1.056071626231851646e+01
1.126659022186120929e+01
1.114811763648989817e+01
1.144348302629577496e+01
1.233392951950249561e+01
1.298908480386900877e+01
1.239967298036373222e+01
1.279657658539997556e+01
1.259746365439997540e+01
1.044099553954898063e+01
1.219986948693055240e+01
1.201281176077890400e+01
1.147398290664279230e+01
1.219831148576367497e+01
1.241801703726931727e+01
1.179743434484114495e+01
1.230426699065626828e+01
1.119118597291722317e+01
1.278027560289817899e+01
1.079256161462079078e+01
1.232983060634627570e+01
1.048980930524198563e+01
1.477868155868794986e+01
1.352150731825579122e+01
1.084524438526190515e+01
1.190511997822084211e+01
1.312647514770083212e+01
1.086867445446170066e+01
1.287895340182663872e+01
1.215598004066971605e+01
1.181329240126687807e+01
1.219109115844470992e+01
1.159648016940261428e+01
1.523317695920482784e+01
1.044235050275011290e+01
1.219842758274635131e+01
1.514859940425887075e+01
1.144747890785092892e+01
1.099469330551363377e+01
9.218329344499746725e+00
1.396057744855537663e+01
1.256640260769661310e+01
1.188943640272927205e+01
1.267945986683987059e+01
1.185210428233588154e+01
1.265667188276724353e+01
1.404871065976805689e+01
1.170927547060892415e+01
1.370627980090994491e+01
1.450493189021501372e+01
1.168951058844850621e+01
1.426146575090024626e+01
1.260971326694889783e+01
1.416255330935572410e+01
1.327490286446819745e+01
1.519012896072390184e+01
1.296666399155485472e+01
1.239078905963221722e+01
1.292097466048567789e+01
1.350417317197891798e+01
1.325415959031495738e+01
1.777932880084314604e+01
1.704315215985157295e+01
1.482498434330229919e+01
1.382688403655947518e+01
1.561604201161678063e+01
1.484972535204983402e+01
1.396803490953022475e+01
1.727658385061264568e+01
1.730860006226338044e+01
1.394487981244646591e+01
1.473286046198881039e+01
1.772807692496012777e+01
1.609711672341238398e+01
1.732308278192684270e+01
1.637748673101473074e+01
1.303971950528733359e+01
1.694692330714516615e+01
1.548706617451811240e+01
1.682528247347611128e+01
1.277455866110592098e+01
1.644301452302437383e+01
1.909543914018647470e+01
1.490057914386785676e+01
1.772180100214262310e+01
1.524722290668583469e+01
1.550412277776551129e+01
1.648997396403739302e+01
1.719004402128921427e+01
1.958381141134186976e+01
1.661875125749741500e+01
1.561596744845134666e+01
1.536976113053019688e+01
1.339799252026008780e+01
1.569951258994375998e+01
1.247687993112195670e+01
1.499082221813533344e+01
1.399515640146942275e+01
1.459364117381016612e+01
1.556088574966701188e+01
1.643853233983258377e+01
1.407667990942001346e+01
1.839208273091332657e+01
1.695548374113699808e+01
1.747273442515220054e+01
1.460105457622608327e+01
1.774710347179597392e+01
1.325887010555716117e+01
1.616732451867579812e+01
1.456642317157751165e+01
1.550934545396276221e+01
1.750759069839249094e+01
1.359781490524741088e+01
1.659384495591906727e+01
1.452124303472424671e+01
1.506555138432558749e+01
1.758567605094071240e+01
1.117813623760144814e+01
1.654406300329650392e+01
1.520770527417499807e+01
1.431126813247217733e+01
1.482329463552883020e+01
1.472042049025798782e+01
1.321694727725682839e+01
1.505206400162589375e+01
1.453954692132213822e+01
1.640852815846128365e+01
1.408685069465011352e+01
1.165348477197570176e+01
1.258311435836933612e+01
1.638716006971009520e+01
1.255108538878014990e+01
1.484478086955903642e+01
1.253662901369708926e+01
1.299311019702561509e+01
1.387973485171680643e+01
1.342371663939625570e+01
1.330297574686303008e+01
1.322338376596198906e+01
1.403602915371201831e+01
1.021449795360109647e+01
1.107049426709130202e+01
1.157779684798313369e+01
1.108005396515303609e+01
1.521808807278127418e+01
1.116891004017295685e+01
1.293843378898976759e+01
1.483500328102928556e+01
1.371967637636974047e+01
1.422062857835040894e+01
1.281094283642809373e+01
1.107675541822077570e+01
1.068084678999758275e+01
1.555480141475068301e+01
1.181633984363833356e+01
1.096585743417930203e+01
1.242726907565530681e+01
1.055953633819635940e+01
1.080472496246493108e+01
1.047837778577196133e+01
9.247005325742804871e+00
1.179012282735654793e+01
8.813959392325811493e+00
1.146456684417231209e+01
7.514720819060341839e+00
1.125960663559853892e+01
1.132823575802410687e+01
1.228485684179025128e+01
1.327749549812697616e+01
1.238204251271968737e+01
1.016064335657602768e+01
1.141174609666101780e+01
1.244942334662511385e+01
1.147554755275800709e+01
9.923918831797182705e+00
1.165777913187957893e+01
1.161815580158724970e+01
1.018715312278925822e+01
9.698264870190929088e+00
1.169083120660921971e+01
1.178555566016371792e+01
1.003047793559461276e+01
1.241431120133127131e+01
9.706106922762973710e+00
9.879504546471023829e+00
7.699146868260756449e+00
4.429506014247891699e+00
8.982670753469868430e+00
9.424140259504870443e+00
8.978354874300238819e+00
6.620441661325930482e+00
1.427042690144492632e+01
9.966560540464074691e+00
7.008914657836213813e+00
1.195276009601454525e+01
9.697301020899171675e+00
1.005501364723832580e+01
1.256494282912538729e+01
8.093198259811176243e+00
1.088503839367898252e+01
1.226743079806057679e+01
1.358941609420260477e+01
1.057488841417150027e+01
1.054083126807117488e+01
9.939319971870231640e+00
8.814203034153019090e+00
1.255186438317056385e+01
1.154771201629936961e+01
1.121377292168879336e+01
8.972717965628078218e+00
1.032593672955876052e+01
9.924760075768189083e+00
1.046132513528602637e+01
1.175313091195493342e+01
1.136618370455439653e+01
1.188282696442312769e+01
1.168740001844923881e+01
1.186604999855712350e+01
1.068407719182163618e+01
1.185292117244013888e+01
1.353050006297947583e+01
9.355735194886978690e+00
9.506032417120501066e+00
9.550743452725260596e+00
1.103268828280642389e+01
1.009453731886133809e+01
1.212917449385526858e+01
1.097733026505321519e+01
1.037116124927704774e+01
1.231036277908085452e+01
1.294158191362401134e+01
1.132219713008571915e+01
1.039076322612886116e+01
1.037927173688706439e+01
9.627896226093076493e+00
1.063108924800226696e+01
1.019098935860928279e+01
1.010988392450652995e+01
1.295693668795976095e+01
1.027853179603195244e+01
1.026146426515242993e+01
9.442431392641813304e+00
1.016938648276661539e+01
1.097833673636962182e+01
1.182202645170134936e+01
1.128351551948062514e+01
1.099393078803148427e+01
9.477971534441369528e+00
1.363741509464805191e+01
1.261786742491814550e+01
1.137034546309281957e+01
1.064898426527640218e+01
9.856427848211685827e+00
1.259788475709223299e+01
1.153341857723474106e+01
9.678515785063142474e+00
1.097614302283179200e+01
1.116278828938968282e+01
1.295106246653949356e+01
1.218808060360233370e+01
1.089796657864958007e+01
1.238914298794429669e+01
1.075381635530030877e+01
1.273123934766657683e+01
1.125291483224733824e+01
1.265199277215123708e+01
1.346337453728953015e+01
9.933682585583291313e+00
1.344894197216336984e+01
1.182507037278121409e+01
1.057136208040768821e+01
1.033103366631022624e+01
9.933916467493849822e+00
8.944064871865203159e+00
1.031941094074783294e+01
1.317535781858564370e+01
1.200284622449603233e+01
1.111758612359203369e+01
1.166998525747764326e+01
1.006185713738297949e+01
1.296499914928813268e+01
1.135870960057639856e+01
1.211178903594261413e+01
1.268490666837520742e+01
9.024741607962276646e+00
1.224861030027878073e+01
1.239272317466743623e+01
1.152935319582051754e+01
1.072376777454772068e+01
1.181250756076804720e+01
1.102766860511248836e+01
1.197019285457582782e+01
1.186159635051792804e+01
9.405934112755788945e+00
1.321400042772984129e+01
1.054630485167691845e+01
1.263723202499231668e+01
1.210316025656648797e+01
1.262598924659781119e+01
1.308743087781413905e+01
1.048820968006939580e+01
1.070274883972958690e+01
1.333489996729532834e+01
1.229399012404874902e+01
1.170558801387656089e+01
1.268346682690337168e+01
1.223376308613232410e+01
1.217898534521288312e+01
1.299690021588120104e+01
1.276998999585431882e+01
1.168298762595422602e+01
9.949140657855069847e+00
1.210392369692769421e+01
1.048280412572684561e+01
1.058658273047100629e+01
1.175794242771866571e+01
1.255363271475688869e+01
1.310483448201971157e+01
1.313200440420215642e+01
1.106133016532227664e+01
1.230541792473952789e+01
1.177753708866296556e+01
1.156919381784232037e+01
1.017135815863686510e+01
1.227563961165269468e+01
1.261296483083346409e+01
1.262323951548509982e+01
1.154295053417983574e+01
1.208132323358756111e+01
1.119686655261476460e+01
1.186815653353553124e+01
1.186220440112035490e+01
1.208794538181215650e+01
1.242446342785027547e+01
1.286369585592149356e+01
1.185915914449188513e+01
1.222814501187514047e+01
1.120597623852414948e+01
1.183914087352014199e+01
1.167626444924535889e+01
1.232951305803849351e+01
1.224423212011855178e+01
1.097506228153423535e+01
1.263020009182484316e+01
1.265192961752308776e+01
1.199720199876908922e+01
1.196895965076745760e+01
1.201495683817497273e+01
1.207362116849530942e+01
1.142725498022097774e+01
1.169602851957336753e+01
1.116698056494399260e+01
1.162146688802265970e+01
1.127891814945650850e+01
1.111457390902095455e+01
1.141614955887565230e+01
1.285641515058508411e+01
1.326554975047983476e+01
1.060276662455171603e+01
1.274895257729689035e+01
1.214950524610448213e+01
1.284095119065398549e+01
1.206186646727858225e+01
1.067426555431605806e+01
1.211546649042772295e+01
1.245920323657583495e+01
1.411026062790423730e+01
1.157396662908291241e+01
1.162435104616891479e+01
1.139427027384479629e+01
1.255762262618341829e+01
1.106956097111595660e+01
9.824242071724984982e+00
1.147109208813420267e+01
1.218403454081951942e+01
1.277411466761961734e+01
1.191266646060732626e+01
1.294328638560446265e+01
1.180238216431348341e+01
1.167609087290353465e+01
1.088769602404603098e+01
1.333423783665087470e+01
1.176871195087020716e+01
1.070610034947251599e+01
1.259543129240188541e+01
1.046289968216631472e+01
1.034360860522079761e+01
1.188062916883043840e+01
1.032118595610789669e+01
8.855759767419222328e+00
1.079991196816548893e+01
1.195113675970487144e+01
1.402949130373620790e+01
1.244774351934007584e+01
1.100858627825026481e+01
1.344534296320864897e+01
1.059910758360565453e+01
1.225044074907455993e+01
1.336876291608214018e+01
1.279218637989000129e+01
1.314980930385250346e+01
1.204954265993632490e+01
1.229030901936648412e+01
1.258108409351727808e+01
1.087605348271148564e+01
1.379387192001151163e+01
1.220347551210146264e+01
1.179857859360040884e+01
1.059221024403314182e+01
1.224621119457526142e+01
1.339021912430123429e+01
1.196197406057200396e+01
1.306990406073706268e+01
1.270520202993934866e+01
1.269916645605305838e+01
1.325878779376219008e+01
1.349751802169594939e+01
1.159819400854929938e+01
1.237222630202209928e+01
1.214295518055554446e+01
1.222501233996110770e+01
1.261270288244148752e+01
1.035856592144945587e+01
1.138151438922104219e+01
1.168692854931708780e+01
1.189700040170211359e+01
1.122643259156921580e+01
1.132760134928494899e+01
1.162893509709997986e+01
1.215226605901337287e+01
1.186322662313095400e+01
1.233390652401501875e+01
1.149268173957875661e+01
1.105561154761050346e+01
1.022428868065025043e+01
1.113048055700308581e+01
1.194988817286767357e+01
1.121514574834265865e+01
1.075718164540986699e+01
1.123614686464403256e+01
1.115548805493563478e+01
1.209980015500681105e+01
8.630091528186094152e+00
1.276869223982057022e+01
1.200933923666578096e+01
1.321180302818479824e+01
1.252274020559906376e+01
1.078609949883903241e+01
9.900388919514540476e+00
9.722699686251088380e+00
1.199162187005814140e+01
1.203625442233548881e+01
1.156796417426720680e+01
1.293116784668590036e+01
1.200584012745144413e+01
1.217195429070627988e+01
1.129241869654981834e+01
1.315155611310327188e+01
1.246385632159435808e+01
9.829308674618223662e+00
1.168774788349949389e+01
1.360184695896506213e+01
1.152396533864562045e+01
9.494306499101767827e+00
1.248668378354434516e+01
1.153833011471417613e+01
1.077637309541989197e+01
1.202797877448795738e+01
1.138112697429703779e+01
1.254766248799415962e+01
1.060254617809209066e+01
1.032515716400647143e+01
1.124704094040122193e+01
1.112139640912502259e+01
1.180827606440139554e+01
1.113071270118809331e+01
1.241015730720743804e+01
1.466035780662531884e+01
-4.278208535142914215e+00
-3.609077135518052870e+01
1.771842312436941924e+01
5.116448985377809677e+00
-2.934054088678251571e+00
9.477692650455891155e+00
1.342959988042971453e+01
1.336879001155255153e+01
1.053638860968809077e+01
1.272064751558363582e+01
1.261082385068174183e+01
1.280680863969648087e+01
1.346778146004798238e+01
1.253385839946155045e+01
1.165913561883500371e+01
1.220865296249613330e+01
1.254280288483220041e+01
1.051349777962495224e+01
1.186372591264384546e+01
1.041618634343898897e+01
1.389684517191443192e+01
1.171547103078831675e+01
1.336946341528478577e+01
1.157669594138835834e+01
1.148282601150715188e+01
1.177953553945189924e+01
1.245218096366412652e+01
1.264016968715941758e+01
1.217911594113867757e+01
1.294067068069901083e+01
1.342396315149506414e+01
1.359978644568113992e+01
1.202120030160642727e+01
1.265823359888163147e+01
1.181407434339526752e+01
1.166364620201848012e+01
1.299433893034746745e+01
1.289159241199486949e+01
1.282000201377217685e+01
1.260758319119257109e+01
1.288849450610706349e+01
1.435042152363706691e+01
1.110861910831597577e+01
1.527955511750430340e+01
1.013656577810470516e+01
1.600546055673604329e+01
1.564371137373133180e+01
1.297802268844706930e+01
1.532912789820551858e+01
1.344314771942270959e+01
1.456526552065819402e+01
1.274004522523270388e+01
1.250289456821628953e+01
1.537848679842721467e+01
1.441060162978810411e+01
1.556443403298094452e+01
1.561017225477817938e+01
1.535800379394457060e+01
1.562261618786957484e+01
1.486426103845730573e+01
1.609525659999903624e+01
1.472510149364396170e+01
1.575247634487831405e+01
1.721979855081255906e+01
1.538782921561054096e+01
1.829985702056216468e+01
1.629778863797930200e+01
1.592210846528630519e+01
1.791762734848501282e+01
1.829492000205877034e+01
1.772532572664097117e+01
1.755750767075980434e+01
1.862514581019859961e+01
1.738571733747530601e+01
1.684619877676124133e+01
1.921300767971852252e+01
1.921858427987955054e+01
1.823175007346762655e+01
1.828914564683305244e+01
1.920073933798355270e+01
1.944355075068548899e+01
1.744740350134128803e+01
1.741516119761000780e+01
1.922309487234344871e+01
1.797743212068953156e+01
1.803542176270837771e+01
1.760771296602603186e+01
2.118261139243430691e+01
1.769178068621180344e+01
2.008475072339621192e+01
1.889055751552997364e+01
1.986016943177529015e+01
2.019366805211546279e+01
2.026033385682116972e+01
2.038111040041577482e+01
2.181524738413522968e+01
1.992453427646344011e+01
2.081047913263060067e+01
2.242267342883101833e+01
2.204663788423785320e+01
2.092260101471902090e+01
1.882639842661000174e+01
1.870686690368761163e+01
1.916500050776167541e+01
1.878292762538784189e+01
1.947641802322917215e+01
1.870593843670695477e+01
1.874490224719805198e+01
2.003326198790810508e+01
1.943590321077422445e+01
1.827269713030655396e+01
1.998290994699679146e+01
2.006029798870046932e+01
2.011826533750508261e+01
1.830057472126910056e+01
1.913467369108204608e+01
2.021436530954300181e+01
2.026520885257803428e+01
2.036541040284958726e+01
1.893892588582685121e+01
2.008924837122674489e+01
1.998238074408146758e+01
1.995670850892649639e+01
1.961895355188640266e+01
1.989435933143855451e+01
1.964923997787819943e+01
1.788231678626094734e+01
1.997600240788702664e+01
2.018610980460701043e+01
2.021532339871138717e+01
1.859863795435466116e+01
2.222890062186983684e+01
2.012504681952503560e+01
2.071139184947534062e+01
1.922175158094512781e+01
1.839813812420137396e+01
1.763626884765487546e+01
1.910000435276151265e+01
1.948446145918395089e+01
1.882036380096003825e+01
1.887960790266544819e+01
1.821472511910157976e+01
1.639084014925260391e+01
1.751409557398621075e+01
1.762972470658023028e+01
1.749585681665520553e+01
1.634160125458926771e+01
1.572512470822900887e+01
1.479108955056669927e+01
1.713371088468932157e+01
1.416552015344298532e+01
1.505205054581685076e+01
1.469611099897037931e+01
1.472214379544891472e+01
1.271995854879340371e+01
1.361550100062141944e+01
1.320273432793447022e+01
1.357770586649465550e+01
1.305848874518748204e+01
1.220375344642528326e+01
1.289632987943917009e+01
1.302582066738003697e+01
1.347712505955135853e+01
1.233299759489150205e+01
1.256775530765869675e+01
1.298796611169147930e+01
1.339781912784317619e+01
1.294562613776154159e+01
1.302623343833714920e+01
1.314016490496547895e+01
1.258049539848226139e+01
1.299789596014916526e+01
1.398307441983874000e+01
1.438882715574489524e+01
1.377895159282235404e+01
1.431067357071894186e+01
1.362150006231100008e+01
1.314044541115536191e+01
1.362097155105064417e+01
1.541394668320710259e+01
1.461291450318614871e+01
1.530347207542556021e+01
1.790237881617826332e+01
1.677016584272362820e+01
1.669678465923988853e+01
1.939746981648580260e+01
1.798861127380214597e+01
1.800161919619083051e+01
1.700197381119169648e+01
1.369485760165186150e+01
1.346493715172473138e+01
1.237271234833166211e+01
1.337313535115853291e+01
1.348391655155752922e+01
1.303466891619782864e+01
1.398975725072251741e+01
1.278519576246810097e+01
1.352751291874641026e+01
1.281628546125286050e+01
1.320441755510001691e+01
1.243632399688480739e+01
1.276432472686165553e+01
1.180780631178154039e+01
1.350823934042788110e+01
1.284236200315124776e+01
1.327182141566155060e+01
1.280281735116153996e+01
1.164080103354000073e+01
1.187091169482366482e+01
1.277962756304495784e+01
1.413398139951600108e+01
1.304585726365854192e+01
1.282555794072644950e+01
1.374283777337690715e+01
1.341558642305971105e+01
1.323888826499092986e+01
1.581961543919544866e+01
1.455319433263503370e+01
1.508945997367687042e+01
1.571808028526937662e+01
1.640666282170045065e+01
1.703929746619722962e+01
1.869586810653628461e+01
2.098349017952943285e+01
2.312857215963634872e+01
2.679166832409672594e+01
2.991280415257838854e+01
2.937376849035249649e+01
2.959789803853892209e+01
2.618498830485101436e+01
2.203432526360922594e+01
1.921368137668914500e+01
1.614898496506849668e+01
1.504862208172774274e+01
1.451344156222205761e+01
1.325083206190290497e+01
1.344745900473428435e+01
1.177369761801653958e+01
1.216189971708433504e+01
1.219424857359752679e+01
1.120398883147703728e+01
1.329720052567023281e+01
1.197721104230015676e+01
1.086489078009347331e+01
1.261967120961582900e+01
1.189187607917894240e+01
1.213487207984209881e+01
1.277437633039474107e+01
1.240971423588741196e+01
1.219212077976454012e+01
1.121669874332907213e+01
1.108912866697670729e+01
1.082691427379207028e+01
1.158876380676179885e+01
1.097300563858683908e+01
1.088967687114506866e+01
1.302886127715646580e+01
1.156786373700978565e+01
1.151646260713459746e+01
1.231515604322055246e+01
1.254342823124946982e+01
1.316267651951973150e+01
1.091811121616968450e+01
1.099255891599481672e+01
1.262967970034565823e+01
1.125289389810560792e+01
1.139207395679128609e+01
1.271724180368294199e+01
1.245817423445600802e+01
1.133592987936461505e+01
1.245269383195694779e+01
1.073191093957297682e+01
1.190904111637229512e+01
1.223482171513376038e+01
1.020534814620457098e+01
1.174851028764849126e+01
1.179977233934237901e+01
1.146157013002393121e+01
1.118824767021130029e+01
1.113337170655901609e+01
1.110163611429522845e+01
1.136431222784002415e+01
1.122951283182812787e+01
1.205817074034058223e+01
1.001797160104376161e+01
1.045859256179785213e+01
9.724773312781694656e+00
9.416050926185210557e+00
8.377640855671058873e+00
1.046131603312881708e+01
9.882627615072568261e+00
1.108661916409348258e+01
1.106917249214496657e+01
1.179260592645095684e+01
1.085034742514381811e+01
1.026734625966667558e+01
1.047010704207087528e+01
1.031091095230498667e+01
1.033968161695270283e+01
1.119747392700212885e+01
9.984196168123521176e+00
1.009342202999254212e+01
9.767994696910017538e+00
1.084204794967677543e+01
1.165825706100397419e+01
1.161859246207700380e+01
1.113467890683300610e+01
1.105585890346210398e+01
1.052090295724384816e+01
1.011120134277749116e+01
9.871988412165855209e+00
1.073459703632766349e+01
9.915684304376508607e+00
1.047658421766659664e+01
1.047790047499085553e+01
1.079947481588878766e+01
1.126140600622456134e+01
1.065731648184734048e+01
9.793297342660391536e+00
1.107150425112906866e+01
1.025368001423637487e+01
1.051875603147586880e+01
1.102016067037951075e+01
1.164749333174417423e+01
1.117647295783000772e+01
9.669797663783290531e+00
9.133421093811389113e+00
1.113308509753130515e+01
1.180756702553414250e+01
9.950365974359657528e+00
9.926705964948947525e+00
1.096038326910262839e+01
1.039364615444130635e+01
9.496608725388215433e+00
9.400285194655230825e+00
9.618123555063878172e+00
9.990533135995834257e+00
1.025865393854715357e+01
1.049188581217158323e+01
1.164534550810590297e+01
1.094529826577090681e+01
1.042573598684655956e+01
1.031106478020052108e+01
1.065624385992620304e+01
1.094120239886922796e+01
1.141023192084359827e+01
1.175927576745090875e+01
1.133086357782156739e+01
1.173295359696656170e+01
1.114486991181375153e+01
1.068479721151281936e+01
1.239726936267056701e+01
1.344547815690136972e+01
1.076392445825018029e+01
1.163523104347827797e+01
1.002759023943622729e+01
8.558988186560906541e+00
1.044930670853110222e+01
1.013738799067550822e+01
9.923610186350380502e+00
1.097930628542868980e+01
1.100197663533758963e+01
1.102248164911398121e+01
1.109743344432435919e+01
9.578432393109947540e+00
1.058063547471524757e+01
1.016140274930561382e+01
9.782496680529140676e+00
1.039813162678795777e+01
1.027178846546843793e+01
1.065389829389707010e+01
1.047627782372036442e+01
1.129284826161534028e+01
1.006204632558679002e+01
1.034365067021002460e+01
1.105091888273449463e+01
9.559967726339227312e+00
9.812934040587089513e+00
9.814961461644694296e+00
1.095046386132106342e+01
1.063085567895980965e+01
1.092456786678320668e+01
1.202091809701442493e+01
1.138030766587170639e+01
1.114162017038283636e+01
1.098115885342454590e+01
9.823229773211084037e+00
9.466283099337843510e+00
9.991354415531882083e+00
9.324915993440292539e+00
1.062070176225721063e+01
1.061610446752941783e+01
1.010793219482638605e+01
1.304353205747330158e+01
1.125485230120450630e+01
1.175745453911970806e+01
1.089972644209203345e+01
1.023317949409163319e+01
9.631147310658569438e+00
1.192174466530979515e+01
1.102329909899982141e+01
1.218260819561921160e+01
1.227455077170449194e+01
1.066431154376305557e+01
1.232516251123505846e+01
1.165624086219923861e+01
9.787469072698646855e+00
1.209666947477555254e+01
1.141838565635275948e+01
1.024136400755812559e+01
1.085484530445208406e+01
1.253474725408893597e+01
1.089800162466947775e+01
1.044214406433812670e+01
1.257980317738232934e+01
1.131453930455390378e+01
1.154900504150690033e+01
1.143895224526190724e+01
1.078543441015253279e+01
1.140825319894514855e+01
1.046703981917245940e+01
1.014138919364732594e+01
9.192113020272870472e+00
8.485359454368724741e+00
1.105407455959618446e+01
1.200355238862047180e+01
1.063910409750936203e+01
1.060284484101429214e+01
1.102409750388360266e+01
1.064286683231715003e+01
1.031556622042502269e+01
1.204489392802740788e+01
1.046306995486871649e+01
1.113286897095477634e+01
1.135803888110756787e+01
1.034176103235297717e+01
1.155143984469670926e+01
1.080917210003518569e+01
1.060955958407448740e+01
9.395160861498210281e+00
1.068611911103754508e+01
1.118479360609225282e+01
1.041244177200859333e+01
1.159329145727796195e+01
1.070475986753560882e+01
1.089871300584484715e+01
1.261266473055015602e+01
1.053750558304152385e+01
1.064901908421942700e+01
1.146412436863855611e+01
1.022724308062259446e+01
1.052477679191212800e+01
1.028705205298822456e+01
1.143023833224675911e+01
1.192897790906896027e+01
9.864799903132103864e+00
1.120748716522168920e+01
1.187607475161316195e+01
1.043764843645492846e+01
1.212122754343219100e+01
1.072259613427724290e+01
1.070946706023600470e+01
1.024419849114268821e+01
1.073891149325312888e+01
1.111728354483111758e+01
1.071061475200843205e+01
1.048064605555131124e+01
1.039931695512562193e+01
1.007876766069232843e+01
1.124966749879720496e+01
1.096211830159541734e+01
1.064737408564450938e+01
1.127031057694920868e+01
1.163306538988353012e+01
1.110142220241125166e+01
1.054682997225592089e+01
1.061241193273938066e+01
1.068701791454579109e+01
1.138569769950870025e+01
1.056817288578597314e+01
1.062114740499954735e+01
1.159435263017979345e+01
1.208686795139693793e+01
1.148112961316258307e+01
1.031989591670044959e+01
1.027258428318126171e+01
1.076889880977362601e+01
1.006280255660503364e+01
1.009479075058283470e+01
1.005148449441642811e+01
1.148636442439538463e+01
1.082704325251716959e+01
1.005777310518009493e+01
1.145175027991285255e+01
1.080837347983653807e+01
1.109160858072472600e+01
1.134768259879641406e+01
9.989204622060858796e+00
1.033059436800477293e+01
1.053059897256190425e+01
1.138211896249536537e+01
1.021270618850796907e+01
1.041208057907550355e+01
1.034186868365197931e+01
1.126187058267353613e+01
1.033957268015119979e+01
1.026871529004953132e+01
1.082963764891798952e+01
9.013138379888692597e+00
1.066026028489994459e+01
1.030282484253371322e+01
1.130154286349626780e+01
1.087610030366526459e+01
8.682497521978360666e+00
1.072908002297339181e+01
1.074813457748721213e+01
1.166674715269345519e+01
1.100016138672095067e+01
1.115514244521930109e+01
1.000725902057066641e+01
9.474000548023258972e+00
1.210410950281862164e+01
1.142463205299879547e+01
1.134159999251114925e+01
1.243531167963387674e+01
1.033844535165356859e+01
1.064921777482204845e+01
1.185566331069316170e+01
1.100585928007499348e+01
9.940127831993269325e+00
1.095211684877985547e+01
1.001639913919291125e+01
1.026841807385192773e+01
1.102128298336540801e+01
9.159743900032177422e+00
1.068143869742168839e+01
9.676866028816496268e+00
1.106398291493446706e+01
1.027380728532059706e+01
1.075213318740445878e+01
1.074482727348593514e+01
9.437231663479320076e+00
8.917730487597854250e+00
9.715076108118902098e+00
9.883008932679828717e+00
9.956051491992489844e+00
1.085655160590090773e+01
9.477768937179613218e+00
9.502312371727375861e+00
1.103164969783512639e+01
9.487835134872817378e+00
8.937811658149493965e+00
1.011135155299722221e+01
1.024959900362013876e+01
9.777059574515849505e+00
1.068941659930015753e+01
1.000326418409702534e+01
1.072522255642707911e+01
9.644516497807723354e+00
9.326117765593979314e+00
9.437169788150677974e+00
9.852310709297704250e+00
1.058679080275253881e+01
9.864831953261196773e+00
8.531375131590978711e+00
9.759164693356257914e+00
9.332498067753716597e+00
9.698952326696382187e+00
9.589800158754741233e+00
1.063245318610703372e+01
1.052201787980234471e+01
9.691277373034022702e+00
9.696783610302460943e+00
8.955446383425725188e+00
1.028238173382206710e+01
9.818008113460919617e+00
8.710808185077357990e+00
9.321033965166698465e+00
9.478071743764081347e+00
8.693737528635775647e+00
9.974528954341336018e+00
9.395866472965785476e+00
1.035083696626348271e+01
9.808067429351376987e+00
1.032966532139350768e+01
9.873957009238674587e+00
9.777085181654260992e+00
1.123568781075815970e+01
1.088649755085091897e+01
9.555543231998752773e+00
9.900743704260639433e+00
1.080531608819502054e+01
9.295619650242452181e+00
9.331918886143467873e+00
1.014473532729051009e+01
1.077206168712947587e+01
9.779667598872174850e+00
1.120223199877222164e+01
1.045555275728976774e+01
9.731137985339247010e+00
1.022733736298686935e+01
1.057962370619329917e+01
9.822227466796682904e+00
1.185306570441342089e+01
1.305066914884562301e+01
9.957293974836847639e+00
9.402835922025337467e+00
1.027144393598499228e+01
7.164138101567213646e+00
7.725324502781767855e+00
9.374455872989647887e+00
9.500902529878464620e+00
9.412913601105227457e+00
1.019580528672166508e+01
1.097877024884064134e+01
1.001992803654048103e+01
8.087069529920420052e+00
9.357038787772365751e+00
1.035193476075930086e+01
9.416899576056936283e+00
1.076196514303799923e+01
9.554229875706841568e+00
1.046166386343459287e+01
9.908563064500837569e+00
9.243655217262110924e+00
1.156876374794641116e+01
8.257713644405036746e+00
8.690438978479241072e+00
1.041784443818989025e+01
5.845881117396950266e+00
9.040777376501610618e+00
1.114650447035870151e+01
9.090740360881643056e+00
7.697457825362015171e+00
8.520453775020508047e+00
9.514914932666659553e+00
1.061566969433580532e+01
1.032939698523562555e+01
8.228867918441611806e+00
1.048003092083512300e+01
1.002236139244229918e+01
9.135476841459405861e+00
1.077073065472895586e+01
9.865890172203663155e+00
8.998631096306786148e+00
9.306999484570026127e+00
1.102606892964057472e+01
7.981208464289043292e+00
1.011768050817083164e+01
8.961668535424838211e+00
6.691836583523730120e+00
8.611670543078812301e+00
8.141876344378021102e+00
8.879618711299618994e+00
9.154789097111532215e+00
9.670701254688777837e+00
1.076892154465068607e+01
1.202406458058901251e+01
1.004959527726014024e+01
1.033206157045722762e+01
9.975223297131693201e+00
1.033723166194777043e+01
8.956573800254213680e+00
9.842799023151691529e+00
1.030498418614186029e+01
8.176313911248939803e+00
7.487285351246060650e+00
7.921428208517216518e+00
8.315415876129096162e+00
1.080693144226639824e+01
1.080809872904852753e+01
1.010989512165720150e+01
9.299024450505415373e+00
1.119417687963398755e+01
9.745409938167766128e+00
8.881763667620811376e+00
1.146395595796206734e+01
9.592977445893627220e+00
9.260558483770449101e+00
9.452558447804673136e+00
1.051788493265350688e+01
9.495554127212276541e+00
1.139765297057122595e+01
9.694240934192821513e+00
8.533856923463561728e+00
1.026959025652300461e+01
9.069543307207593941e+00
1.066770843385626222e+01
9.877144730456116406e+00
9.791937260035329160e+00
1.086565751117971068e+01
9.635593953397055600e+00
8.933267054603376778e+00
8.929713808469093905e+00
1.073861112374765447e+01
8.858827023469288520e+00
9.186490942717945529e+00
8.910840386723752005e+00
1.091058456285029621e+01
9.007075409885111128e+00
8.849923810011654624e+00
9.723992733468261207e+00
9.351451106584363515e+00
8.234799365149495287e+00
9.203631558641134802e+00
9.196595392777769717e+00
8.775469430118347347e+00
8.535032216247412151e+00
9.479753282718260010e+00
9.829660202596375740e+00
1.008612098394119450e+01
9.577934267374720534e+00
8.856720920846115064e+00
1.190866965337272276e+01
1.052999256759598090e+01
8.753418443980960362e+00
1.065301095383953367e+01
1.064937749612508000e+01
1.076204294024860708e+01
1.024780941024697967e+01
1.098814964057778454e+01
9.145262789595435038e+00
1.055222927718283543e+01
9.888465519465519549e+00
9.178607756302215037e+00
9.344123890693699863e+00
1.013494149596461114e+01
9.371720928417955676e+00
1.060880236097813878e+01
9.807449799946427405e+00
8.197572084167383366e+00
1.041165776297800605e+01
9.245982039052458745e+00
9.006304260431964082e+00
9.812025311997494725e+00
8.667957426722898262e+00
9.518918993622984104e+00
1.156530646758004011e+01
1.122260742201885542e+01
8.491849765079699353e+00
9.045153948296881907e+00
1.103061299059915967e+01
1.040425370139712768e+01
9.254872999206162021e+00
9.550146993905608284e+00
9.421418238693084035e+00
9.307946526089864392e+00
8.966278636029917593e+00
9.365740134139254991e+00
9.534133953873864087e+00
8.374857844271460294e+00
8.642092531307792314e+00
9.347886931681497202e+00
1.030696507879144264e+01
9.052309646381806019e+00
1.085624832830801267e+01
1.000873432387253459e+01
9.827186994186501323e+00
8.092652106488063879e+00
1.045245349182599703e+01
9.801793581247988385e+00
8.926698070375229221e+00
1.036606198580544458e+01
8.842864068515099873e+00
8.952350500785266618e+00
8.944540637748193745e+00
8.774254748699682693e+00
9.543494094346819168e+00
1.091420939884439179e+01
1.052312765938939165e+01
1.054659329976803406e+01
8.774830372799039324e+00
8.413713879997848366e+00
9.670932538058456984e+00
8.774231054922623230e+00
1.091853426285334905e+01
8.991042267207342675e+00
9.213001491304069646e+00
1.028947524309094774e+01
9.418167337810684714e+00
1.007048395960772247e+01
9.929211450253001559e+00
1.048467600672389111e+01
8.973705494611303735e+00
9.861706131344087467e+00
1.056287783687146486e+01
1.110060101515478337e+01
9.671721163226887796e+00
9.880625670036321750e+00
1.066983267916393530e+01
8.523423464547231987e+00
1.096448207820672138e+01
8.870509133090262566e+00
8.640395880652807392e+00
9.729935246314058261e+00
1.095983412507813171e+01
1.162396387671861397e+01
9.323352014799452192e+00
8.861262883784833733e+00
9.158192626942183168e+00
1.007973593924615230e+01
1.005902547619085929e+01
1.146200796737503502e+01
9.319688134170041494e+00
1.067641475930439121e+01
1.127207908534409952e+01
1.077941513681611951e+01
1.030194198630534785e+01
9.343082580587037000e+00
8.512542555126373145e+00
1.042816835284602917e+01
7.796967238255110288e+00
8.542224090701465045e+00
9.687608448507511127e+00
9.554383071577715825e+00
8.767709362068005774e+00
7.485071583237975723e+00
7.421754318977616727e+00
1.128488614438841076e+01
8.849722043498619684e+00
9.972773947324441224e+00
1.025234713071045434e+01
9.928480080019493670e+00
1.041990142344518944e+01
9.493732647796642610e+00
1.270229442846961021e+01
8.714505694419536042e+00
1.087531640659199361e+01
9.308936019918377269e+00
1.050209426594758177e+01
9.919251836227145347e+00
1.129811191240647972e+01
1.235798171420092295e+01
1.069881868078672049e+01
1.086494217096683279e+01
9.990777670894425810e+00
9.222816770356043747e+00
1.065319462572545817e+01
9.535192383011620976e+00
9.283605546804627906e+00
9.145415372778249008e+00
1.092812829240810224e+01
1.023334903705437071e+01
9.672440035738505415e+00
1.081093728421478239e+01
8.904106440096624553e+00
9.502698510933363707e+00
1.174217066371009288e+01
8.937042148091315141e+00
1.044077644571245678e+01
1.064545330979071736e+01
9.683495263771309425e+00
1.146615069831881328e+01
1.013139354510383150e+01
1.084903346733654850e+01
1.086895847569234874e+01
9.923012371062082337e+00
1.048995561157418344e+01
9.516141031159595087e+00
8.621450007214917832e+00
9.414657618027552743e+00
1.051223831813078569e+01
8.516451702794281431e+00
9.014726025100138429e+00
1.043581917813906657e+01
1.043537963363707100e+01
8.907263516284782412e+00
1.121314369715119952e+01
1.088644499891741724e+01
1.051880288899440785e+01
8.896447016718470380e+00
1.058535093801594051e+01
1.000163439050172975e+01
9.579925509905182324e+00
9.906354140580253542e+00
7.960299102230866453e+00
9.751348898066597215e+00
9.474306598126341683e+00
1.003958038098380179e+01
1.198849309276598518e+01
1.294862792103555904e+01
1.099277659875503588e+01
8.282148260899614201e+00
1.010064339021933755e+01
1.004819911221586715e+01
8.599675176953025968e+00
9.383568882809150580e+00
1.077186543248638628e+01
1.003097036140024123e+01
1.060709257689606133e+01
8.141853590305229815e+00
1.005322592162172235e+01
1.125811499646351699e+01
1.127483441822279886e+01
1.028542375829631617e+01
1.174217224265636972e+01
1.206875382546342834e+01
1.039615938862251454e+01
1.126503846532681763e+01
1.032532561919257041e+01
9.054525218122897456e+00
1.200072251405338619e+01
6.853168693016563395e+00
1.230668977068448378e+01
1.127123472809493343e+01
1.070644968417945542e+01
1.127220724698406684e+01
1.075683783020651063e+01
1.046158291867925350e+01
9.951177826870006626e+00
1.075753898214330917e+01
1.033401540638722338e+01
1.028811692740314143e+01
1.132400329658332971e+01
1.104219422582391630e+01
1.095376689810078297e+01
1.250582914172926507e+01
9.536300821341663791e+00
9.818129841030769356e+00
1.191108904947797598e+01
1.007102731614364188e+01
1.140917621016304295e+01
1.206670141583334654e+01
1.031121893184615246e+01
1.106862596146795141e+01
1.147302507256427972e+01
6.795284720790693456e+00
1.053495242570348900e+01
1.160368931418465266e+01
9.960832965540603823e+00
1.034860272686595728e+01
8.524106325066293621e+00
1.257442321180695899e+01
9.455956057169551343e+00
1.144116120618161681e+01
1.071132632592628831e+01
1.126843370290283453e+01
1.111321130400807178e+01
1.087799561232319334e+01
1.095631536737729839e+01
1.774400313307324595e+01
8.369420839377530896e+00
1.335886922400638177e+01
8.826626154744799280e+00
1.028048396505911199e+01
1.116696196184610379e+01
1.018990079789125858e+01
1.040172588790577457e+01
1.134925774063871629e+01
1.169048588535860667e+01
1.057506453820299264e+01
1.004340171912912894e+01
9.487510475406054411e+00
1.099226073074102494e+01
9.750906787425964950e+00
9.011727317538849036e+00
1.050169409127145848e+01
1.211584230716993460e+01
1.469274300260346777e+01
1.125396120950448520e+01
7.677344325808789449e+00
1.040517575375921666e+01
1.084819531292441397e+01
9.390917826581745231e+00
9.166785115154251429e+00
9.164562907749667531e+00
9.882594078883803590e+00
9.147952983245247083e+00
9.007584384502623109e+00
1.388537670871303575e+01
8.973061200821872418e+00
1.136554010020016747e+01
1.011023242923454468e+01
1.180715281656257787e+01
1.272657173705081490e+01
1.028267563936393181e+01
6.987640720867905664e+00
1.013490802119966716e+01
1.145155475594689953e+01
1.134789699282789854e+01
1.118599714077189411e+01
9.190733612577631106e+00
9.383241250440057968e+00
9.769925480199757928e+00
1.153047203512345398e+01
9.712733017482923614e+00
1.084978546713512948e+01
1.005835029873950504e+01
1.087569515938881892e+01
9.699667837754125443e+00
8.143522161422321659e+00
7.581335026553150058e+00
8.453532268459298393e+00
7.627816097219926483e+00
7.139623672126814036e+00
9.217882556306623343e+00
8.140233185224213130e+00
1.129940218304172284e+01
1.030948670281717305e+01
9.561519591122857875e+00
8.698933911710938105e+00
8.879230567635731930e+00
1.019195426169037333e+01
1.035505567058492460e+01
1.073551335147971209e+01
1.037113373263376204e+01
1.008966005237784103e+01
9.266068524954079066e+00
1.032400598368714206e+01
9.768603900379156713e+00
8.444682341411002824e+00
9.763609109996814084e+00
1.058846995387970225e+01
8.971032138382538434e+00
9.515738278896147762e+00
1.113613930248859774e+01
1.002426790361840325e+01
1.061456847829593109e+01
1.086656444330189153e+01
8.082980847747961661e+00
8.524096665848258425e+00
1.105800025868283498e+01
1.005001180822400997e+01
1.069785562736382900e+01
9.966212878965407640e+00
8.499532897185465785e+00
9.649409961859300111e+00
8.528202473809285422e+00
1.065019911047864021e+01
1.079460739955992032e+01
1.085497939284203106e+01
9.799822049634920873e+00
1.052177293348959886e+01
8.338713313309479958e+00
9.406809295145819760e+00
5.144043038553727243e+00
1.364610970382987709e+01
9.544461547346278607e+00
9.854567645863298253e+00
9.503922790321812641e+00
9.391856365343604907e+00
8.790175150554537353e+00
1.066701332959761928e+01
1.036009751157303960e+01
9.268023061696652576e+00
1.120112610263828223e+01
6.919290067978071335e+00
9.232232339754165906e+00
1.146547670511303529e+01
1.032656653131621205e+01
9.712338803788240327e+00
1.185077181190256823e+01
8.724914894364896867e+00
9.578030287771841955e+00
1.032892829398599588e+01
1.109588504676079701e+01
1.028465526473055114e+01
1.026357683067318405e+01
8.629171785053964427e+00
1.054210927745592841e+01
9.664096268972466319e+00
9.682864468508784128e+00
9.650954554421042886e+00
1.116079178363638746e+01
9.832836661548679302e+00
9.941628374731735107e+00
1.058631618811201136e+01
1.108785484177446357e+01
1.191361925139145583e+01
1.040947780775367448e+01
9.618051705767291182e+00
1.108467041755657334e+01
1.052341743369948013e+01
1.000868439275645727e+01
1.032922167348640130e+01
9.672411784733620621e+00
1.262207074068849089e+01
9.578127371196401896e+00
1.195142641773241010e+01
8.072319767968515691e+00
9.793488736989178989e+00
9.362721884312483311e+00
9.709950383783693795e+00
9.531279396808971072e+00
1.085838945835020297e+01
9.304876287947751123e+00
9.720495356260334674e+00
9.573034302407762652e+00
8.045572519920607846e+00
9.687009498965529986e+00
1.102665416226689210e+01
1.012754612096277285e+01
9.220786798254778205e+00
8.535315119794898209e+00
1.256170580966563577e+01
1.205755377653607496e+01
8.414445693279663629e+00
1.081299897992344050e+01
1.071916038015760719e+01
1.148651518663658067e+01
9.919066931973059553e+00
1.012147190904977201e+01
9.733765303989731166e+00
8.836878154630559479e+00
9.042026942204360651e+00
1.011762792834530167e+01
1.009524019836285014e+01
1.070599147073433421e+01
1.065589466783147188e+01
8.433330364141038871e+00
1.160988947028285168e+01
9.742730930664798450e+00
8.515505390995471657e+00
9.449385859889581241e+00
9.409912190912583796e+00
8.675189951081511808e+00
1.024690375408352416e+01
8.584654910227227376e+00
9.739218339242743383e+00
1.096807640666398953e+01
1.089269728637907519e+01
1.010633337983289692e+01
9.693338333296265930e+00
9.396376282142028913e+00
1.099629702265686859e+01
8.849966518347040179e+00
9.318473002949497541e+00
1.017812209511765431e+01
9.962684165547443627e+00
8.116878994798247149e+00
9.004091239878817987e+00
8.078430129900000978e+00
8.807863239784754938e+00
8.219217645585837673e+00
8.394941038652330434e+00
8.002720116694858277e+00
8.281603462781157887e+00
1.102196564846479099e+01
9.446608060383084648e+00
1.142944369560859386e+01
8.945090934342859512e+00
1.048726506362139688e+01
9.066490278026673622e+00
9.990932868312770054e+00
1.162072984291570776e+01
8.733770474952203600e+00
8.818656112254357637e+00
8.505090313144254566e+00
8.428586686144480922e+00
9.623284214069228071e+00
9.485726562892374147e+00
8.418368116884066055e+00
1.024432878295099947e+01
1.006141910610448420e+01
1.061095852684215224e+01
1.144946498746446117e+01
9.654763501551054006e+00
1.091795148410137273e+01
8.701950685140181108e+00
9.994017409376889205e+00
9.369329759956864123e+00
8.390910915588998265e+00
9.490046846332340635e+00
9.823671214282027719e+00
1.141184855866644021e+01
8.869557959846018136e+00
1.011706918329535299e+01
1.077461930757271880e+01
9.209564020182577693e+00
8.853536056316304581e+00
1.095059405995203861e+01
9.801525320155629828e+00
8.384140986102600834e+00
8.656205356749794078e+00
1.093475589202419762e+01
1.021107586078242413e+01
8.609893416603229710e+00
9.056746438323715509e+00
8.680826773657470241e+00
9.410450018162741515e+00
1.081686837063520024e+01
9.870904890979016244e+00
9.089511067672280120e+00
8.916639763354565318e+00
8.951354003039616813e+00
1.178836392250405218e+01
9.320148410115274729e+00
1.011887722488740593e+01
9.008110700209980948e+00
5.234586434297730406e+00
7.708340161161348014e+00
9.758697255307636098e+00
1.105912046113651392e+01
9.233228276163664816e+00
1.111467808025764192e+01
9.727689501147288809e+00
6.998782244933387631e+00
7.566756467145813403e+00
1.073703378692112054e+01
9.254464012252748617e+00
1.245551365528265819e+01
9.007653144720867644e+00
1.046983850569052521e+01
7.101982050379064937e+00
1.137290368868225876e+01
9.998235227318007290e+00
1.121289491688329321e+01
8.659316722243227460e+00
8.784517482405393096e+00
1.019253149091093924e+01
1.098527634477336079e+01
7.936967814801769272e+00
1.175032303764049679e+01
9.408204745320199791e+00
9.027466001891037095e+00
1.172336003882984734e+01
8.774608002474133528e+00
9.354288040433379692e+00
1.135485437805194842e+01
1.081571458897006721e+01
1.394638275288725993e+01
7.352423871612087325e+00
4.754783777683367241e+00
7.466227423410783715e+00
8.645234703146002175e+00
1.401029327310014594e+01
7.146294848215314133e+00
9.705543635765694788e+00
1.246051996695833353e+01
1.089311656311208765e+01
8.917291178930094375e+00
9.426293863332769973e+00
1.039970859773974610e+01
1.003129410740903005e+01
1.021165594299341528e+01
1.074564918200149854e+01
1.101976499400041298e+01
9.299681948080396054e+00
9.658632106444034804e+00
1.059547612406590389e+01
1.002332910167307212e+01
1.217101753673357045e+01
1.153024751446250740e+01
9.958368129733139895e+00
1.029301410294091923e+01
1.016467437274839369e+01
9.957458396537257173e+00
9.111286623753006353e+00
8.390342017241509964e+00
1.232135358072418541e+01
8.413940190382851014e+00
3.754762254399929500e+00
1.124591196056719333e+01
1.051124445157162590e+01
1.093158508033545573e+01
8.704903726237555261e+00
1.002219333284938152e+01
1.190195017680352585e+01
1.280324234692109542e+01
9.799855703225601289e+00
1.227743073494116466e+01
8.409564264643858422e+00
9.989531412080653539e+00
8.935790610325849315e+00
1.319304109643349676e+01
1.123415530658546402e+01
8.513773514286050670e+00
2.371825852709017912e+00
1.535741669731871895e+01
7.380410552319441209e+00
1.299219342243525332e+01
1.075734855870233631e+01
1.232083224896353357e+01
1.187971478427079752e+01
1.102704962595634441e+01
1.127579663325521153e+01
1.202448833931283723e+01
7.479207017376911182e+00
1.216094913023332147e+01
1.483190302178516440e+01
1.055688527985835634e+01
1.100918667656546646e+01
9.824460644029318956e+00
1.032004082048773341e+01
6.625611415104554425e+00
1.037192843969843636e+01
1.399097224077161528e+01
1.074607566472502995e+01
1.120800169009562985e+01
1.114852735589008503e+01
1.116673343456713496e+01
1.110790137156395652e+01
1.038223751173012666e+01
1.128844059564726621e+01
1.040198262374980231e+01
1.085403361668580757e+01
1.124039969182613063e+01
1.121059368671062728e+01
1.219536251733008747e+01
9.726013853672503373e+00
1.108789610540614312e+01
8.571307636064961599e+00
1.408778592704820376e+01
1.164082292582081024e+01
1.200163567267401987e+01
7.860763631127499096e+00
1.242022392351451821e+01
1.043229854412971669e+01
1.238292450760867780e+01
1.030486687973510840e+01
1.166920144237702495e+01
1.146233065739711954e+01
1.263577612845026188e+01
1.239635847283996206e+01
1.393268796381740238e+01
1.199174797782754709e+01
1.202108367690493829e+01
1.288918049905778851e+01
1.256769425512217353e+01
1.294537751599459341e+01
1.307223135767699596e+01
1.325428074987130422e+01
1.309703911932010456e+01
1.119779492534931542e+01
1.466619636875310029e+01
1.221834405564176151e+01
1.205268528080269697e+01
1.418239581278667139e+01
1.024569235676643686e+01
1.232505139103304259e+01
1.268149551490847315e+01
1.279757534228921756e+01
1.468693607570398818e+01
1.497320797347129684e+01
1.555074880472692023e+01
1.329932429352535372e+01
1.302610889903397684e+01
1.617253833853197875e+01
1.530110694866642440e+01
1.626868345126966986e+01
1.510836366484084614e+01
1.603132647445232095e+01
1.709221532465349469e+01
1.438970341217519078e+01
1.963534250395288439e+01
1.652020405870294084e+01
1.615619749355829171e+01
1.324729588358183285e+01
1.886286753522688286e+01
1.670498767368323101e+01
2.011664488029187936e+01
1.738273723268532578e+01
1.716107295330125737e+01
2.086898479487463476e+01
2.207720933579244971e+01
2.072221465605106161e+01
2.086795769627342523e+01
2.195290279052596460e+01
1.945797361461464803e+01
1.709261650472069505e+01
2.305381844525327395e+01
1.774095468374985884e+01
2.236704467176632249e+01
2.305625548046356599e+01
2.296074394917763684e+01
2.467111195230831555e+01
2.504137233222168746e+01
2.737350289288749750e+01
2.859240647637178157e+01
2.546832591173909677e+01
2.773138467660100304e+01
2.371127207869441733e+01
2.756744555990247747e+01
2.805738186006384538e+01
3.073999052266244902e+01
2.842711544549820246e+01
2.874767472605796570e+01
2.906746827913254094e+01
3.066039302366393215e+01
3.389442396254920453e+01
3.375900077598966220e+01
3.216788833741718179e+01
3.163291615417347558e+01
3.083759781432295100e+01
3.288349411160552194e+01
3.161033211445240809e+01
3.725567947948017178e+01
3.873388912607816081e+01
3.722911179917070257e+01
3.379302136581615912e+01
3.706362125970491661e+01
3.754559057139310596e+01
4.115167842563057832e+01
3.939569630104377040e+01
4.017542155681121585e+01
3.780177412210541377e+01
3.873013207581706041e+01
3.610031962790313997e+01
3.864698540014130401e+01
4.350685129277220398e+01
4.462457815177175746e+01
4.521015403394316934e+01
4.198012660790813300e+01
4.253360715809342452e+01
4.185243175949617012e+01
3.994228381585695331e+01
3.996138209669567232e+01
3.869503994243677880e+01
3.663939487370487313e+01
4.032737198308227278e+01
3.895251416474592077e+01
4.212856854090580327e+01
4.040373436506078519e+01
3.698551919875430372e+01
4.013754780546638301e+01
4.031170848039841559e+01
4.135405712092882169e+01
4.358091493325910193e+01
4.169318660609791749e+01
4.433326469740912046e+01
3.981201361335120481e+01
4.137227386960379505e+01
3.870710362441139551e+01
4.099047020325313895e+01
4.121038388624176463e+01
3.983676091531000907e+01
4.162186084307517575e+01
3.918970238569888664e+01
4.029784782613487693e+01
3.929645275700121232e+01
3.912581002652146367e+01
3.869976608070401625e+01
4.238748031020215024e+01
3.701343757552815816e+01
4.231934383004274736e+01
3.498950848122334634e+01
3.172311883774406027e+01
3.741306542053254702e+01
3.874495943794738650e+01
3.532319406098671521e+01
3.473198681613627059e+01
3.136840747301113197e+01
2.737337186760989383e+01
3.177806129026838633e+01
3.020218267568391113e+01
2.743137701384111438e+01
2.670007076176605665e+01
3.469464661272134975e+01
2.707787820314990057e+01
2.458639203432379006e+01
2.590192984308201574e+01
2.627504990437804722e+01
2.243607156132012292e+01
2.232000060202284430e+01
1.991337405425938201e+01
2.175987809266132444e+01
1.922060258241601716e+01
1.994041387593056314e+01
1.919667148830649239e+01
2.137926530373166045e+01
1.797390233614370203e+01
1.879674073508653009e+01
1.947533352044191091e+01
1.922345594146712244e+01
2.198887309157663594e+01
1.080741355545244886e+01
1.030319010989928152e+01
1.800721037255722834e+01
1.813358441103564900e+01
1.324860391677616889e+01
1.173591619623591598e+01
1.154222134688721191e+01
1.539464281795177669e+01
1.255527107401920617e+01
1.180198778601900500e+01
1.380209635051967609e+01
1.218901916776628802e+01
1.634284675700660827e+01
1.716038484007327369e+01
1.165944220234299245e+01
1.365359986517615276e+01
1.395612478774710219e+01
1.642205054008569576e+01
1.341256828746775653e+01
1.703805279138208562e+01
1.579104153201110883e+01
9.996900378292449929e+00
9.422265653579891875e+00
1.537924621188725993e+01
1.038532991252895776e+01
1.184703678885875533e+01
1.431131127041298079e+01
1.465485436165152500e+01
1.045038422640124942e+01
1.589738832348797182e+01
4.165259584812086580e+00
1.429606591310304253e+01
1.474470103833283652e+01
1.377478427392326132e+01
1.368765202851554719e+01
1.233983608667106324e+01
1.452995720040344807e+01
1.689259880372819111e+01
1.110722904941045641e+01
9.040440767833008096e+00
9.242215007318799636e+00
1.120842039245025745e+01
1.104004348026770188e+01
1.247933079773769549e+01
1.486751536758187164e+01
2.166503529085814250e+01
5.699527800174353231e+00
3.184803830566266036e+00
1.651220913134702428e+01
1.511876616657471928e+01
1.288782631515934973e+01
1.107800365871828241e+01
1.140410988468275733e+01
9.572152854380172826e+00
1.275153620776620222e+01
1.071213117693381101e+01
1.350703789206678351e+01
1.186072240677588674e+01
6.747695590104100027e+00
7.519311460543450565e+00
1.463643641063048406e+01
1.147009733462914305e+01
9.800353645133396796e+00
1.435454755798518889e+01
6.642491544671152326e+00
2.106817162172621938e+00
1.663160030901014608e+01
8.900728089281770394e+00
8.913001165867830977e+00
9.155512214081298339e+00
1.192299892586678212e+01
1.292168279155942834e+01
9.189191421772726187e+00
1.286185594745774985e+01
1.161020885211024556e+01
9.968479287424866442e+00
1.154768892734304586e+01
1.270256277964250913e+01
1.237212043544157858e+01
1.178357076104233059e+01
3.960843494223357908e+00
8.998527381999947394e+00
1.083471557406946317e+01
9.166613526597391370e+00
9.452212549828448829e+00
1.176258128707522665e+01
4.231626360477795501e+00
1.384119940267765259e+01
9.666725251453421208e+00
7.628444174682986301e+00
1.001516615537265409e+01
9.979554222915853146e+00
1.136967101607265107e+01
9.374755752940075126e+00
1.021467271207170491e+01
8.953524360232162138e+00
9.754812907266551036e+00
8.298006375438225390e+00
1.119837329168098883e+01
9.754373806483938480e+00
7.623499045263134377e+00
1.136414184046909703e+01
1.200411472202638308e+01
8.593189137812876410e+00
1.234368061779214187e+01
9.798261097002413322e+00
8.406739181540098471e+00
1.112357376698636990e+01
1.022709875246843048e+01
1.273222727557767087e+01
8.205809755972989450e+00
8.703266716407487280e+00
9.951062410827438143e+00
1.232124656323535739e+01
9.810257839729320750e+00
9.500027365563505910e+00
1.026470042734623078e+01
1.044778876479295349e+01
1.033782940713245857e+01
9.480647228843682939e+00
7.980459978358910078e+00
1.207887615791070424e+01
8.173887344258668364e+00
1.060353469204735255e+01
1.055898309349637998e+01
7.880368297350113238e+00
8.734524365844800187e+00
9.039487411025753261e+00
7.375848023674033804e+00
7.850618183529786798e+00
9.225296771305455223e+00
7.048669841010002379e+00
1.075395001439482279e+01
1.216075427200283521e+01
1.212395086529465260e+01
8.401773134717236857e+00
5.327342367912830667e+00
8.230239746182702376e+00
9.713299823250482135e+00
8.489488846956350088e+00
1.131681797661300770e+01
1.024542183473300483e+01
1.138811949304617599e+01
1.007674806103113951e+01
8.620668786079873414e+00
8.430999607189278322e+00
7.789878731655938360e+00
8.924120409038167168e+00
8.128500542085157932e+00
9.471347620310298865e+00
8.980755018658561184e+00
1.046123966924797166e+01
8.518601393868669547e+00
1.035477985456241434e+01
8.199800361099924828e+00
1.133202517233784334e+01
9.548510157683852029e+00
9.559038857406251921e+00
1.209967904181955056e+01
8.302062047212638518e+00
7.794246890178179399e+00
7.191834536345658613e+00
9.645091014246082395e+00
9.761583899203571946e+00
9.776486338447025304e+00
1.080338193264437052e+01
1.004111529155462712e+01
7.499776385626262254e+00
7.162403859056131417e+00
1.067409013771938397e+01
9.756475080863316052e+00
6.460510229454148323e+00
9.052632353835846857e+00
1.156969157679845850e+01
1.077488900096938806e+01
9.451990469311819965e+00
7.383039408433258011e+00
9.622185159456277503e+00
7.341374659005424519e+00
9.582824136374693325e+00
9.775753704429552826e+00
