-4.030729511969950352e+01
-1.238038634062382215e+01
1.023692190299314575e+01
-1.805807800204950553e+01
7.115937295568821241e+01
-9.429341043689042579e+00
-2.680931152667638884e+01
-5.898039827674669766e+01
-7.399072294280892415e+00
3.370140035959575897e+01
3.104057859523861040e+01
1.776553567182413573e+01
-1.500566930135073918e+01
4.456707102673454557e+01
1.787866189354378577e+01
-5.636791417185911968e+01
3.429274406836556466e+01
4.426798634541415112e+01
-5.008261454055167761e+00
3.801408032290923700e+01
-2.129008301173463025e+01
-7.063756037812927957e+01
-6.831199067317653473e+00
-6.878001413559627508e+01
-2.307279281096328560e+01
1.634098879138005778e+00
-3.591693218435369772e+01
3.309528006325039229e+01
3.614065914460700668e+01
-3.070103846168491657e+01
1.552513004380320005e+01
-5.191463286532547627e+00
2.122713087883848004e+01
-4.040715973426815566e+01
2.179868455940014371e+01
2.081336228747417394e+01
-6.022651168313563375e+01
-9.529511119464734392e+00
4.424272236012711801e+01
2.071365331556141598e+01
-9.702573826642533206e+00
3.198619531947286276e+01
-2.635596318287933215e+01
3.512733786674285597e+01
4.642825124609078102e+01
2.322319661743926389e+01
3.421839653944131499e+01
-3.785559001370168630e+01
-2.179403308586164201e+01
2.529849024128661839e+01
3.411878610049682692e+01
1.893126705452340630e+01
1.472511862146803097e+01
1.619061981927242932e+00
1.257133890904510842e+01
4.431616635457619680e+01
2.064940942516919975e+01
-5.405731557530113918e+00
-3.968600716690464481e+01
-4.672522664023455974e+01
-3.260124550478174399e+00
-8.673400890469395108e+00
-4.902283634787976752e+01
1.136592826482054619e+01
-1.867256889247271445e+01
1.437847148761783345e+01
-4.141855363643360732e+01
-1.940371766381509033e+01
-5.206548595010108471e+00
-2.639750625853596944e+01
-1.853384134414092799e+01
8.456054613946717424e+00
-5.807070778308446535e+00
-2.072774855730354204e+01
8.609259945756519983e-02
4.338644819953483989e+01
2.396091988266682193e+01
1.748947940157502501e+01
2.894345078502856694e+01
1.122259540917165310e+01
-1.161864859539272743e+01
-2.075026220764884854e+01
-5.827946960266482179e+00
-6.900851978632715600e+00
7.594577865292283292e+00
2.735711044010590598e+01
4.738499387034588750e+01
-1.751414499433380101e+01
1.482941586641673126e+01
-6.767488066535735314e+00
7.123623611924875476e+00
-6.403467422798879483e+00
2.456839781557154723e+01
1.571931411609577367e+01
6.320834070659320680e+00
3.837507730293932440e+01
1.860316584897769410e+00
2.011798581011367304e+01
3.380303754276019390e+01
4.809586222481916451e+01
5.013554960042583275e-01
1.637226762089419907e+01
3.599901727535454654e+01
-4.798918013604197341e+00
4.044651546564301015e+01
-2.021140819623866491e+01
-3.108596425535922236e+01
-1.706682720074722681e+01
3.481236486404085895e+01
-1.382256563147590711e+00
3.090483542622628121e+01
5.215360649761028355e+01
-2.873621330911591087e+01
2.523906903301946869e+01
-2.320737147348645379e+01
-5.804914229555677707e-01
2.601699067016520761e+00
-5.078327011108322075e+00
-9.036797997279801820e+00
7.200254765478828922e+00
-7.897788018450381031e+00
-1.758410616821492312e+01
1.367092494133568614e+01
3.793736653338633857e+00
-7.795065538199214217e+00
-2.016302784105349488e+01
-1.250633897872706157e+01
-7.569341595447102833e+00
5.865751577416895124e+00
5.092419029596854330e+01
-1.968337524057929500e+01
-1.780094044752230431e+00
-3.033254919701685282e+01
8.012525944341408746e+00
-1.146173063663940894e+01
-9.189816217398545817e+00
-6.424328270064769697e+00
6.235864045016808355e+00
-1.361164410615770137e+01
-4.471779300162433302e+00
-5.084393050373376965e+00
1.900802006505481145e+01
9.236952402949247798e+00
1.315836666600456972e+01
-2.260185715349782143e+01
-1.730026211905731692e+00
-1.344257913816656469e+01
7.135132115727463642e+00
-2.528603037454069380e+01
-1.362306951805598842e+01
1.546777188173131279e+01
2.494526985085637705e+01
2.061823956963535664e+01
3.968632810556159995e+01
3.873846865005630491e+01
-7.839905566131992742e+00
4.197284147092742224e+00
-1.811297228258910508e+01
-5.810961899285899790e+00
-2.195730286815044607e+01
-8.507673447905395037e-01
2.957280905044844133e+01
-1.095241285428873823e+01
1.616971133349489520e+01
9.508447950310374708e+00
2.061315554889898749e+01
-2.714885629411280021e+01
3.924283974247984474e+01
3.354772112827063069e+01
4.303504185464758436e+00
-2.128140167486420609e+01
-6.807710940643863395e+00
-1.445452069229397907e+01
-1.285677134537354505e+01
-3.096435064847238294e-01
-4.793049356722371357e+01
2.503736133920313023e+01
2.268960622408784289e+01
4.869036967822060191e-01
5.277296120704856719e+01
1.018736599749022531e+01
2.314196170389417162e+01
9.266346796635650307e+00
-1.560150998071607731e+01
1.757739601600508195e+01
3.087943318585351804e+01
-6.839386961898661355e-01
-1.950465753546482972e+01
-3.007865119612626614e+01
5.332253403219194610e+00
-3.257646926373438134e+01
-9.561844440228718156e+00
1.395191979414428296e+01
1.032645750022344266e+01
1.526449101941615005e+01
-7.281954074488187878e+00
3.561710267159234178e+01
7.640929642202780592e+00
9.843111750622320244e+00
-1.192216026936509188e+01
-1.287035962315831839e+01
-5.587925735904923030e+00
-4.698331969115215401e+01
-1.455470715720951347e+01
-1.523154098386390132e+01
3.775786095000910336e-02
-6.552188527037088761e+00
2.836623734817412767e+01
-2.838463136587187741e+00
4.889223401122890778e+01
1.472458473406373258e+01
2.006815778360474312e+01
-2.145857580299289324e+01
1.150018503815061877e+01
1.525848151070911030e+01
8.823530395602361409e+00
4.454691110118780983e+01
3.529201578717544407e+01
-7.235060915083909805e+00
-5.399500924403022140e+01
6.894206906175973870e+01
-6.839254899695488277e-01
7.876638715966313598e+00
-1.849799965007221658e+01
-1.141236476843550918e+01
-2.130749569396400034e+00
4.968333171142819538e+01
-4.864412862064948939e+00
1.019384299502059221e+01
-3.321944738192243562e+00
-3.953612039895200780e+01
1.095561721758895501e+01
4.236633317127751042e+00
7.128996014646403978e+00
1.622612027748827757e+01
-2.440958769177416343e+01
6.259482831297852101e+00
2.021866834956833614e+00
-7.607811697136446227e+00
3.001743509562875545e+01
1.333792166193407525e+01
1.509188100925239695e+00
-1.447051330792556456e+01
2.369618625683951052e+01
-6.096763922547982162e+00
-7.485575291713308488e+00
1.531387045629668364e+01
2.719231462913283792e+01
-4.247938323651926851e+01
-1.607465547068480305e+01
1.273819993837085818e+01
1.054537421098741845e+01
8.701857743144186585e+00
-1.001356596675985067e+01
-3.896377927901257365e+00
-2.775770325140871364e+01
-1.482175235588062989e+01
2.606907030428098793e+00
1.653253419901172805e+01
3.527299948063770074e+01
1.963507220828941513e+01
-2.477692812813774736e+01
2.353459694157485771e+01
-1.376039364343587579e+01
1.259252207302509241e+01
-7.152135671151675922e-01
-1.968857353594278692e+01
9.810079702159237414e+00
-1.394909856534184556e+01
2.548277571634092808e+01
1.282810305885863933e+01
-2.551029341517728355e+01
1.918509432725591779e+01
2.422749907760449517e+01
5.813140235139516498e+00
2.597716745299862495e+01
1.648189985432272664e+01
-1.869147057124511591e+01
-2.974984144145199849e+00
1.413019277795935658e+01
-3.738316787217019765e+00
-2.692884191470501420e+01
8.916536198668767454e-01
3.346367508371406529e+01
-8.634455007159354878e+00
-7.245697550932403530e+00
-5.358117971964884418e+01
8.228229068710856353e+00
-1.791325535821939496e+01
-1.275912254254436462e+01
1.369885513385653830e+01
-9.292069449468980835e+00
8.034081161480006728e+00
2.733192361990802510e+00
1.217953384825151453e+01
1.962310577696522174e+01
-7.266874439112763540e+00
-2.229348688136090573e+01
-6.096820919455941734e+00
-6.147922778075150418e+00
-2.061319332628646528e+00
-2.281940988944215931e+01
2.559844570136997888e+01
-1.322737620449675688e+01
-2.423904847086020453e+01
-1.779732766425492940e+00
1.429982501183186017e+01
-2.471070946460429951e+01
2.364410185246816098e+01
1.024894653372777853e+01
1.477220834428699092e+01
3.202475295569939817e+01
1.086052938038031535e+01
1.956807041891875798e+01
1.775586729616603066e+01
3.556539357725097261e+01
8.915254873579023354e+00
-1.234146634278349097e+01
2.442168668281921384e+01
1.630274450552956367e+01
-4.335204533144523253e-01
-5.644242102762019542e+00
-1.442497704649590062e+01
2.286931616606773332e+01
3.195685365233372366e+01
2.126318326711533757e+01
-2.653701257108428990e+01
1.724241307772230414e+01
1.479331036510846431e+01
-9.041382919391997675e+00
-1.113898380026693680e+01
-1.440886861053160217e+00
2.293762057269503885e+01
2.159779415161345284e+01
1.262764240256865378e+01
4.383118490406941703e+01
1.335195364392737538e+01
-5.840106505296892436e+01
1.907738545087151749e+01
3.761780348721827316e+00
-2.016922567605325156e+01
-8.862474124839613054e+00
-3.850797384016701130e+00
6.415783959021405636e+00
-2.964922200744890546e+01
-1.077629347903857315e+01
1.179436498315626913e+01
5.180692160402493585e+01
-1.883773412523057189e+01
2.939497694041495635e+01
7.788238598057750650e+00
3.281239385239341289e+01
7.866822859479598584e+00
-1.700415286522117242e+01
-9.427786015040584999e+00
2.257224891338402628e+01
2.975930869725596040e+01
-2.298049154456262855e+01
2.671644018629667983e+01
1.802741718763174905e+00
-2.341276487411149176e+01
4.306831562866116236e+00
1.732672179300709914e+01
-2.617404494592378228e+01
4.440639671887787188e-01
3.179412709816073601e+01
-1.243846133774628981e+01
-1.156328948163244164e+00
5.434549109783619159e+00
9.471395161521892092e+00
-1.132925989767981179e+01
1.170817176214911370e+01
1.332895956860009967e+01
7.953726259209729754e+00
2.639087321922427787e+00
1.128025320901748607e+01
-7.480037497467442620e+00
1.516289997279980284e+01
-1.196786889326318004e+01
7.896290556525050519e+00
-3.926408685201676718e+01
-7.128205071887407485e+00
1.498410521571890008e+01
1.893294490547422271e+01
-2.529409245237663306e+00
4.564534560332117508e+01
8.338275665382919755e+00
2.788719700029319526e+01
1.393255464968518709e+01
-1.105356203311881913e+01
7.752994731520043814e+00
3.934467052897993256e+00
-9.341732177212550781e+00
-1.002490152791808953e+01
9.526575825069720338e+00
2.344315440817329943e+01
-2.312492163485645236e+00
-1.414776480450522556e+01
1.023151050328966960e+01
-4.655662554108412010e+00
-3.181155137015355194e+01
-2.232566608097464211e+01
2.639810315602557012e+01
-2.888138403174840718e+00
1.250878211186352118e+01
-7.839616349673480755e+00
3.567128922555113490e+01
1.151388771516280940e+01
1.942717966644548433e+00
3.041135262884550272e+00
1.414192330426285338e+00
3.279842747479488452e+01
8.490425258199854497e+00
2.717086411112967781e+00
3.288786578083032452e+01
9.357662539071643693e+00
8.182025981985937335e+00
-1.084301141733388363e+01
-2.211593814142942094e+01
-7.908283041563745286e+00
-9.874666184237124611e+00
4.155842400007778537e+01
1.497060320054563576e+01
1.063362224287275737e+01
-9.722277610752845689e+00
-3.861829468277941935e+00
1.695132663005491125e+01
1.017233328555154159e+01
2.259050130255610966e+00
3.683606220598400682e+01
-1.091767840328768102e+01
-2.375081786782457627e+01
9.986789918854203307e+00
2.832285202909854860e+01
1.323905625801682717e+01
-1.965486842751086982e+00
8.242283504649963177e+00
-2.019992346494028013e+01
1.000242190459609226e+01
-5.742661793266863768e+00
-6.019226252548843803e-01
9.296608478300418810e-01
2.846938628945844840e+01
-5.145235794487959424e+00
-1.319735707347795639e+01
5.487825337933072589e+00
5.572219060348732711e+00
2.259113845941985055e+00
7.203589450709202424e+00
7.546457616361780474e+00
-6.026261934338505100e+00
-4.643535714675474324e+00
-4.645959546174399435e+00
-1.498476208385159936e+00
1.163658130473264229e+01
3.373956732564121097e+00
2.971647292872793056e+00
-3.637006662133474677e+00
1.764342111964904802e+01
-2.480206227752696435e+01
1.802049524064928576e+01
7.802410285635645870e-01
8.537349453801768462e+00
1.127810639563838535e+01
-4.114053442180636289e-01
1.108500442332645974e+01
-2.879892172396503724e+01
1.108844550199014911e+01
3.590802970128338245e+01
-2.749137449292918944e+01
2.790803659053385388e+01
1.523053697376529847e+01
6.119535390710768574e+00
2.583662645672440306e+00
-1.436906177020549080e+01
2.268513835417167002e+01
1.731726517602363291e+00
-1.548697074642682026e-01
3.020038857316962932e+01
3.426461379644828753e+01
3.151008986400560374e+00
1.934371912590993858e+01
2.825039076834629626e+01
-2.584932373370174119e+01
-1.114563896885485406e+01
4.906819114532858350e+01
1.551048804716172747e+01
2.738365616103983768e+00
-1.268774302391736697e+01
2.003226270657918207e+01
1.126760220497888376e+00
-1.723922778861290794e+01
-1.726179891996929427e+01
6.831874232357150412e+00
-4.284465571677518625e+00
-4.378634174482504804e+00
9.251659402818088296e+00
2.179156940957171784e+01
-1.570907415675372576e+01
3.016740760769296159e+01
-5.752751051369012103e+00
5.750721334459491629e+00
5.664466480845344876e+00
2.638775815020209237e+01
4.043466573490313465e+00
9.286754709781067874e+00
3.742472308202053455e+00
5.294241929813351177e+00
-6.546952018071271695e+00
-9.036528302886708275e-01
2.679667083535011685e+01
3.814880893068344392e+01
2.526631239181019239e+01
5.815049958736003610e+00
-2.196480757258587602e+00
2.561490952078715466e+00
1.910563860962226101e+01
-4.454216995573334614e+00
-2.594735420565690731e+01
9.161342099341402090e+00
-3.875876970439839475e+00
1.851846877618562814e+00
3.637583387182619532e+01
1.016210534721301784e+01
3.539965454865710370e+01
2.765161756750447708e+01
2.167007815274646632e+01
2.162952577980897573e+00
-1.617784867989247388e+01
3.090515836449115739e+01
4.629614294425475229e+00
2.602818430465018551e+01
1.215167875680997867e+01
1.213602381785383599e+01
4.825014400321148145e-01
-6.696914642172846044e+00
-6.876014949873470172e+00
9.474985188355026011e+00
8.654650600287533635e+00
1.512669842379846585e+00
2.428915856846911936e+01
-2.279974325836812454e+01
3.087823420446528022e+00
-3.033707316855988978e+01
1.782302316153155886e+01
1.144251835505502157e+01
1.180903906189170627e+01
8.901949353346939375e+00
1.863934609302582590e+00
-4.702978074648775930e-01
4.781289822917265120e-01
-2.256744598066006091e+01
6.530460321759640863e+00
-1.887294609402143308e+01
-1.975943958019995783e+00
-3.525359812375009838e+00
2.636676773214397684e+01
-9.298252508597293797e+00
-4.291304194552544971e+00
-1.381381332611960033e+01
2.800430449277060418e+00
2.180358395443629860e+01
-1.652574172236382033e+00
-5.014739676381658740e-01
1.288432789060401262e+00
2.579578213918579621e+01
-3.396542742861091924e+00
-1.546032299828243239e+01
3.843717641726497902e+01
2.873926152745290707e+01
3.030411360272404409e+01
-2.037448892402556666e+01
-2.661271734395362643e+01
-2.007422961431356612e+01
-1.340935154878748392e+01
2.882387500058397389e+00
-1.034710352466884942e+01
3.645230193180147182e+00
-3.373533499664835844e+00
-9.265957327479712902e+00
1.300474810835205730e+01
-3.806217103230957122e+01
1.029968777731078688e+01
-1.499648852578415159e+01
-7.566863107903341046e+00
1.909360122243792546e+01
-2.069462400315142858e+01
1.242249949466300940e+01
-4.605713009026842109e+00
9.773349125831487072e+00
-1.655431309334029422e+01
1.323101759121091447e+01
-2.938590300755430462e+01
2.401298908427212453e+01
-2.566785094347558527e+00
8.228071409363582944e+00
8.360855720529393409e+00
9.005527676111947599e+00
1.159849302021755690e+01
-4.050722788514340422e+00
9.048990450307540456e+00
7.739435621453610636e+00
1.608657496600143944e+01
1.328404998665556214e+01
1.414680990088906398e+01
2.482031600273411698e+01
-3.265079341058202189e+00
2.412641348538767971e+01
2.078286759763016533e+01
2.431941704427368478e+01
1.369236086965483778e+01
4.494094548374048870e+00
-6.436532516387607927e+00
1.112702817504645658e+01
-1.384139151671611501e+00
1.118548447764198706e+01
-1.572307967867925171e+01
-7.064765180828651125e+00
1.931468086255350514e+01
5.387802567194786008e+01
-8.076471484717941962e-01
1.623006016797821971e+01
3.137799295241829967e+01
1.704988283362196455e+01
-4.708605486196530521e+00
2.129473181122060765e+01
2.788427935033991645e+01
2.042570964814884249e+01
6.535761735076230039e+00
-6.985842656315412569e+00
1.273414416232860447e+00
-3.280104515966252166e+01
-2.587482396393230744e+00
-7.536216503625059460e+00
2.381473123731231212e+01
1.111781427079366580e+01
3.409686396161842659e+00
1.675997986413651830e+00
-6.039836453264513239e-02
-1.071330217658529804e+01
-8.510552460500477423e+00
5.673696479461344921e+00
6.967530017797223252e+00
3.384903256593435117e+01
4.043933713110310357e+00
3.369290047460468429e+01
-2.866779806827860000e+01
1.278318651825589569e+00
1.626463464179489904e+01
3.068606757942335506e+00
7.065258877861814391e+00
-1.650378069528297686e+00
9.749744184076897469e+00
-6.327662313682505868e+00
2.965672223932676843e+01
1.081714980380421842e+01
2.874336023632904968e+01
4.115461448483906715e+00
4.472108621331705791e+01
-1.911065809914311941e+01
1.380577143626228676e+01
2.320611532912559838e-01
-3.873017202999818664e+00
1.079949354429417063e+01
1.946418935816406304e+01
-2.401354595869920061e+00
2.960451631232614389e+01
1.017719684819719639e+01
7.206985075082972259e-02
8.432113384639288611e+00
2.662037955202498196e+01
-6.588382927118813015e+00
6.982528520372014214e+00
1.134512481474592605e+01
-1.724639500802823022e+00
2.904900978352146623e+01
1.409953923817959520e+01
6.377658419552261648e+00
2.096387691528915553e+01
6.204619569024612424e+00
-3.681778193828513679e+00
1.457189549573582887e+01
-1.254808551558425123e+01
1.593717670615526316e+01
3.414031250475630053e+00
-4.181872273084741920e+01
-1.022608966029342170e+01
2.599296554961119554e+00
1.499146548295652437e+01
2.019179684883447123e+01
-1.269633019029994969e+01
-4.139386073551154510e+00
8.156315806570287208e+00
3.475718914713714192e+00
3.280312079751681154e+01
8.316075795125668080e-01
8.403048336972016585e+00
8.001124168101977574e+00
1.553174304340268996e+01
1.947558260131695107e+01
1.692523812461681132e+01
1.278904198172657658e+01
-1.076247246838804017e-01
-5.704785727076671975e+00
1.336866436781608591e+01
-6.250639198716511302e+00
6.208212325968237799e+00
1.110965703213368627e+01
1.219135338959698345e+01
-3.602892656111693626e+00
1.158442682644931843e+01
6.384562251746919159e+00
-9.315814423522322585e+00
1.413001453305528088e+01
5.110885232477320628e+00
1.627352150127020280e+00
1.325460448203861930e+01
-2.611522646330669062e+01
2.153821168662744157e+01
1.377754475645589949e+01
-2.245396259354933477e+00
3.624827302419116393e+01
8.588472705056156897e+00
9.374197479072227779e+00
4.522171044195457235e+00
1.384783307901472327e+01
2.514090153627451585e+01
-8.700919026896773545e+00
2.390089618499116852e+01
6.591025213823810347e+00
9.076595691735199978e+00
3.345142524798754380e+01
-1.107532395296928485e+00
-1.414345638921696846e-01
1.986383775996617373e+01
-7.818936645562825305e+00
1.041519898924594578e+01
1.013274399858453378e+01
2.436338611122079811e+01
-2.279424006021137927e+00
9.049670182935425800e+00
-3.280176517369176281e+01
1.572278755953696283e+01
-3.469448460801915601e+00
1.561501090162543015e+00
-1.866068139321813746e+01
5.094297512748107160e+00
-9.741105895482782273e-01
-8.550721429880663749e+00
-1.786279321318261282e+01
1.152411912651700732e+01
2.321996585991119844e+01
-2.208404210128432865e+01
-1.978709140943355749e+01
7.873495442343053874e+00
-2.661411869670118335e-01
-1.218450898448890030e+01
1.026057960658750545e+00
2.225955263788480920e+01
1.875045930943107209e+01
6.760516889836141630e+00
1.926638431747417002e+01
3.245891840048096100e+01
1.451913409192180460e+01
2.108412882780505271e+01
-8.453672127148596616e+00
-6.604827924599813826e+00
1.347153654824451863e+01
2.643086564568152852e+01
1.936429781994975485e+01
1.557527012444983328e+01
2.597621049814827643e+01
-9.659097681499890342e+00
2.284152591419460521e+01
-1.155412938859801031e+01
-1.308965459035842827e+01
2.571392163721351665e+01
3.058497632581746473e+01
2.176497232289451844e+01
2.130236428197930110e+01
-7.233403642257099975e+00
-2.252367536770638523e+01
6.104096352811533066e+00
-9.549244716034582581e+00
-4.392060396073155459e+00
-9.952627001207154933e+00
-1.902845346577974794e+01
1.423601545041489302e+01
-1.448783937004006717e+01
3.786282821418390121e+00
2.642923457122634190e+01
1.214503428951074326e+00
-2.111022281238377118e+01
2.064430535485490736e+01
1.333332317164526160e+01
6.243326217304499437e+00
1.319246041459544827e+01
3.536019407152934946e+00
-1.087147418598724968e+01
-7.713188258289967791e+00
7.274840389836432664e+00
-1.777152900758263243e+01
-2.078946821889752883e+00
1.611135243565202302e+01
2.962783346059775624e+01
2.596234902423178781e+01
2.065139749738298036e+01
1.167155457032409416e-01
1.372890503745856527e+00
-6.451697340206301590e+00
-3.054895914842791882e+00
8.311007448891274407e+00
2.510544435536689178e+01
3.295186287095983602e+00
-2.229872181253078267e+01
-8.184814722070628434e+00
-1.044226214975943279e+01
2.116301111353921982e+01
-6.856661585810245541e+00
-2.788065823493920448e+01
1.544525352668403961e+00
-7.957254992412604366e+00
-8.959605760447256984e+00
-6.191036795051109820e+00
7.384199775608023764e+00
-1.247719684916248539e+01
2.142291266969139940e+01
2.445925868225886646e+00
2.285141749461611482e+01
6.704434331389856006e+00
-5.334862679178403511e+00
4.471170817147955390e+00
9.585694194475602004e+00
8.298926316847770934e+00
2.789454638007363485e+01
-2.228158662487619068e+01
1.176489149042580529e+01
6.627682452462206442e+00
3.885553414340392209e+01
2.069736675782337443e+00
1.888250175871011294e+00
3.938924692663722027e+00
-2.104762047670973857e+00
2.404102437150887539e+01
3.372400108874821001e+01
9.667472504356684482e-01
4.152341087775330841e+00
1.638643302351672659e+01
7.934404477836459968e+00
1.185082506628557830e+01
1.570172769508682897e+01
-1.278021146141693976e+01
1.272681194109721403e+01
2.474274550397418082e+01
-1.082073496204289498e+01
2.103793010379536810e+01
7.333593096752802687e+00
-1.089770707837452335e+01
-1.267958788679420579e+00
-3.323887491018258089e+00
5.116313955551076731e+01
1.382122877207586953e+01
1.977236134185386618e+01
1.864331799607500884e+01
1.287708124973459078e+01
2.836458049811502136e+01
3.756559914951595580e+00
2.334553729441541137e+01
4.114394171183098337e+01
3.910861708395184166e+01
1.960787513173334062e+01
1.459005854310306383e+00
2.481384985797346943e+01
5.490831223544884843e+00
4.084909069308611862e+00
-1.188110597427605342e+01
3.186151998492631421e+00
3.527908725193817929e-01
1.112637846725708002e+01
5.239582214164522078e+00
2.767480762247528148e+01
1.424751152374812690e+01
1.769153980767925916e+01
2.959096465193423953e+01
-2.677439730163965947e+01
-1.782305056297122547e+00
2.067154346261885323e+01
2.173959748444566031e+01
1.837973009224398879e+01
6.858568255403216796e+00
4.290428216710915166e+01
1.827468897993578167e+01
-9.214508850468234868e+00
-6.319311237612446064e-02
5.462209581721559459e+00
-4.103779952548357812e+01
9.002564680142915776e+00
8.844292846110704431e+00
7.973280249953258902e+00
5.261027522026073910e+01
3.351251623660082402e+01
3.280726199292853806e+00
1.127293082101198074e+01
-3.274752997622121242e+00
1.718938918975146279e+01
1.792497300920677716e+01
1.931195447401360177e+00
3.084637381409256918e+01
-7.457824121408698659e+00
2.199041821610523328e+01
9.130308477705577630e-01
1.954683698983991746e+00
-1.171924708592992914e-01
6.339245796474930472e+00
2.181005075092352996e+01
1.008004603392941689e+01
2.463857958088923539e+01
2.010759726847919637e+01
-4.101560251213779651e+00
1.683569857905781930e+01
-1.381879568185317808e+01
-1.327901509205507580e+01
1.489826386579409245e-01
1.916107730287056654e+01
8.708228898860433276e+00
-1.131680409569444024e+01
3.672739786849854582e+00
2.607171964310541767e+01
2.115310514853246815e+01
-4.088612213499688508e+00
1.174060826555434112e+01
1.896018711107044652e+01
2.560903079365348844e+01
-2.361689410953488277e+00
1.488881311422182208e+01
2.016969693723387280e+01
-2.920670700956045351e+01
9.773419009333911944e+00
1.144158213004633318e+01
2.638350247852739727e+01
-7.800031577147619188e-01
1.071251158214416499e+01
-1.610275467041035924e+01
5.939164286004239734e+00
9.455579390662457229e+00
1.419352956998804594e+01
2.763304662546444135e+00
7.401662060016018785e-01
5.695744554800940662e+00
-4.953919995530290166e+00
1.648119674304825821e+01
-1.629844938041784985e+00
2.936416962728755209e+01
9.531106299267946724e+00
3.156444550472210864e+01
9.696705862631063155e-01
1.737873731257776555e+01
-1.040515104383652911e+01
1.181645396254143421e+01
7.849300667277926635e+00
-9.261477809644446779e+00
1.331550521732535231e+01
-1.841743649910679181e+01
-2.216122858414360408e+01
3.766871695168036105e+00
1.921962800212311606e+01
-1.062840229922114332e+01
-1.316454001167791787e+01
5.608828565678964928e+00
3.615646788131104472e+01
-1.104618513372148314e+01
-6.069156372007000755e-01
7.509719608180773776e-01
1.514360500222466221e+01
3.018275879585583610e+01
-6.902127901983506675e+00
-7.866025245821255396e+00
-6.475428121849814644e+00
1.865259240371354466e+01
2.043936035962660824e+00
2.518529752724250770e+01
1.441303954818801358e+01
2.587688556237733195e+00
1.650896851595573622e+01
1.677501886558157551e+01
3.654606340502292028e+01
-1.739034746068465864e+00
1.141254650434631479e+01
8.415779514635364222e+00
4.138559458534885493e+00
4.409521887663294670e+00
-1.157400796964322964e+01
-1.263130817265269812e+01
2.083394925118627228e+00
2.959641877402349763e+01
1.535487605743978889e+01
6.132500477343053369e+00
1.063579517987852263e+01
3.762395494034491605e+01
7.725973678829572755e+00
1.142432849415419227e+01
1.267379213566602836e+01
-2.219420969746551009e+01
-1.451565656054732401e+01
1.798894737676692657e+01
1.048810141862075085e+01
1.105851805592460479e+01
1.008761853442531553e+01
1.352104184724005975e+01
-4.407055441923972694e+00
6.924638016772910909e+00
1.827465257978342095e+01
9.363833376816664611e+00
-1.245983831300009115e+00
-1.354731559917089356e+01
5.347581496728258443e+00
9.136001206464143820e+00
6.764876866638200426e+00
4.805838373454902168e+00
1.407805203003838557e+01
-7.258417657477860274e-01
2.389300692472476584e+01
2.128623282466920941e+01
2.948762648932288499e+01
4.710370880327087661e+01
1.492369973701521246e+01
1.607955025786494829e+01
1.813158069658597782e+01
8.927326107371563069e+00
-9.135642824366133397e+00
1.670400694121162033e+01
5.802737668683926486e+00
7.457549163402879877e+00
1.004144353737308215e+01
1.196242444679692696e+01
2.084530392044259628e+01
6.284390480249901323e+00
2.600772408057787999e+01
5.595436352724493467e+00
1.856792559866852699e+01
-4.407715362154043248e+00
1.558521537617573038e+01
2.081746537439999045e+00
2.411739533674222002e+01
1.766933811878143246e+01
8.334799887851918498e+00
1.224052626960954093e+01
1.643677817008106246e+01
-2.840453327159181640e+00
-5.534150506682088633e+00
-1.109666483436760132e+01
1.446702878909514212e+00
1.152177637587471359e+01
1.131263564174523673e+01
1.025290818720477404e+01
1.318415185638742848e+01
4.650606210134294116e+01
4.083848976385937135e+00
2.986627623195788672e+00
2.103634267949465908e+01
2.133103970309457509e+01
-9.697408874199528128e+00
8.578322693210070682e+00
-3.453230725166474002e-01
2.454353259955865596e+01
3.798363927331971013e+01
-8.667693205806482837e+00
1.455821708468956999e+01
1.349282464449201235e+01
1.978180589162301573e+01
1.342561823668118137e+01
3.846288350286546809e+00
2.597514426209255234e+01
-1.163024873427008998e+00
2.280754921696402704e+01
2.904754852267925713e+01
2.509426348168251053e+00
2.064409120390610042e+01
-1.580395260324118212e+01
1.453132272562644900e+01
2.394150092779304018e+01
1.267357642196691714e+01
-8.766153147557343317e+00
1.450133524352186676e+01
5.785068440357560959e+00
2.222824931430401207e+01
1.135917903678786622e+01
8.780686815961011860e+00
-1.469588420096929937e+01
4.133640102214210188e+00
4.374758569811619147e+00
4.278407988240516602e+00
9.265094484242567319e+00
1.819117419304572891e+01
2.312470019085160544e+01
3.183069918967005663e+01
-1.867821601731748871e+01
7.426641542582553157e+00
-1.485301922647416006e+01
1.986984063118442023e+01
1.121371780853625211e+00
3.518368107175257364e+01
1.942851468747691968e+01
1.561467120595598779e+01
1.612432652440750758e+01
2.280196531157180928e+01
8.603115408806326414e+00
9.881792553259208134e+00
1.441065588056833491e+01
2.978293617947491256e+01
1.482158181590651935e+01
1.684990509753553667e+01
-3.515018591337593534e+00
1.081991168194875463e+01
7.540894374604169670e+00
2.215438630072373272e+01
1.731871771004240657e+01
-1.326762149264370549e+01
1.706737608846371046e+01
1.262431268131828155e+01
1.109411924158431262e+00
7.707472943356763473e+00
2.090776713521729846e+01
-1.889155326366027055e+01
3.875861194082719408e+01
1.902498156160346099e+01
1.725410761276538807e+01
4.984641419566592901e+00
3.156139413181171705e+01
1.508846447954455883e+01
9.368410874989249848e+00
7.385638562994707002e+00
2.087646221831354509e+00
-2.082304136803402983e+00
3.930154334393822779e+00
5.714199381656577259e-01
3.321899215058877530e+01
4.337088362083586901e+01
4.183857450861177085e+01
4.107113820823970229e+01
4.534482146550827508e+01
3.196746501685761999e+01
-6.375566549170297748e+00
3.559496093354849222e+01
-2.929738035693446818e+00
2.079246284599467742e+01
2.934790890937967234e+01
9.031603753342668739e+00
3.146689368562931577e+01
3.516453346936018676e+01
3.328866215949274121e+00
1.093318737546473685e+01
2.272637232726021139e+00
1.971191098549824616e+01
2.100972893217478799e+01
1.656227673783126875e+01
3.749636897066091379e+00
2.869443286908555635e+01
-2.169718254815764524e+00
2.387498730699968519e+01
6.564447013792022112e+00
2.604674685573928627e+01
2.828037219482514075e+01
-3.773052233144312595e+00
1.722232259076739780e+01
3.050033164387032159e+01
2.331525612902915157e+01
1.319500948839848853e+01
-2.877058083678985412e+00
5.538931027362072967e+01
1.291483101796231026e+01
6.776761337086917081e+00
5.326387253217104600e+00
8.933768329807620034e+00
4.770431089853607531e+00
3.463423547081455922e+01
5.574395070660946416e+00
2.261750921943356119e+01
1.757089652407360347e+01
1.803273222970011247e+01
-3.262340029163137700e+00
2.331918820826328442e+01
1.404732190202223663e+01
3.965865768532128754e+01
1.521401088045396222e+01
3.164234597676598781e+01
2.839471525553439335e+01
2.898317149607252219e+01
1.119545251596853497e+01
-9.056146440583852097e+00
-5.716052018576114335e+00
8.695128875153461223e+00
2.891418616734424774e+01
5.022694850009342460e+00
3.791198429214894361e+00
1.391414414854332371e+01
4.543694609525804395e+00
1.718596838626829637e+01
4.584678293259898396e+01
2.085470909706280551e+01
2.869766827793396757e+00
2.500263468452801874e+01
1.595856219390302577e+01
-1.119489288532479065e+01
3.235832448894153401e+01
9.930712133134115049e+00
1.479539328452510816e+01
3.947916219824850259e+01
-1.232829376760746598e+01
-3.865300061771119289e+00
3.804918846345316297e+00
2.011256211013372308e+01
3.037517402521042698e+01
1.410904315794350516e+01
9.297113544906068228e+00
2.602505799348640991e+01
3.516396322715618084e+01
1.378592336591382761e+01
8.530341792151904912e+00
-6.474294103474047546e-01
4.563305787422268445e+00
1.072444376210385464e+01
2.219075985192500156e+01
4.999125936822297334e+00
2.344216924777713018e+01
1.773289094260179155e+01
3.177234910044489169e+01
-1.678952009520811472e+00
6.558032111503267814e+00
-1.846838304167016886e+00
2.614024268514840443e+01
-7.219671819162698512e+00
9.083749918221528219e+00
3.154728118961128658e+01
1.381024691226103762e+01
2.333331035726273228e+01
1.279712628108078398e+01
2.022219617651268919e+01
3.307924472144418360e+01
6.945908055917628054e+00
4.381035677775571457e+00
1.354337373495570596e+01
5.170692519116193608e+01
1.952918652775816710e+01
-1.426777833523296835e+01
4.582807721753953345e+00
1.217132948889029009e+00
4.472328636264899515e+00
3.392632401664356223e+01
1.755098591118424878e+01
-1.067677638213119806e+01
2.192051454803025834e+01
5.195025917969537943e-01
5.670668631690674033e+00
6.100929723625526435e+00
5.019853168179898972e+01
1.793239399121987176e+01
3.534545051080707267e+00
1.231843841082830338e+01
2.116244228355900958e+01
2.221973716119458686e+01
1.127249433111349219e+01
3.972633916272474153e+01
2.989306718101894944e+01
3.074294689647186019e+01
2.043271015605080621e+01
1.103065906097250171e+01
1.591562968605455453e+01
4.656025021762463467e+00
1.402848488535054550e+01
1.265817344684642975e+01
1.335243990492563881e+01
3.396085249848093213e+01
6.830444785835129373e+00
5.259494568508623402e+00
1.680600954886728005e+00
1.269106825254126747e+01
2.582603730757145399e+01
3.763616630173051192e+01
1.199852838927772858e+01
1.747120033769182967e+01
1.768122363341205983e+01
5.113748791665830851e-01
1.210153607507141338e+01
-1.379493326005432507e+00
1.641416741935466916e+01
-3.020085336341225002e+00
1.211827425864898089e+01
1.381125847774833204e+01
2.824382871288383257e+01
3.220284511222838830e+01
1.891542857659026922e+01
9.659257035383799206e-01
1.873457184857765867e+01
3.219128905533568563e+00
2.022495890868441393e+00
1.963256802418609581e+01
7.724282357165094481e+00
2.786753042892895493e+01
3.808139599308842094e+01
2.912986105386936941e+01
2.162584336624643555e+01
9.802720860662008207e+00
3.922053177616208330e+01
1.988303521779441496e+01
6.579944030114513787e+00
1.110773331874612246e+01
-1.123177693070021377e+01
-3.056893692649699901e+00
1.728947302296622723e+01
4.751310238202769654e+00
2.877457359516880331e+01
7.377642441085463965e+00
1.565259317651801929e+01
-1.111691618063838760e+01
7.845276765458324419e+00
2.002606570366006977e+00
6.900651730083188440e+00
2.754963446011563732e+00
7.332018268256406124e+00
3.238820504545157064e+01
2.398819993650926108e+01
3.516967094931271021e+01
3.388676810014436569e+01
9.907873876898777965e+00
1.313708764333164147e+01
1.728113861037835264e+01
-1.570257022351481169e+01
9.821646160711978268e+00
3.542542857778508747e+00
1.235190144409125601e+01
2.755955888881185345e+01
1.216718599126538081e+01
3.041423762728440749e+01
1.364207906293071382e+01
1.666791191076183054e+01
-1.875810170162981905e+01
1.559093767842618306e+01
-7.634578773339271152e-01
2.844584689509768793e+01
2.045737901244805457e+01
2.281383397444121997e+01
1.001210073350340934e+01
3.016622887955605492e+01
2.218393277157374044e+01
1.737635647044310971e+01
-1.536050916559658930e+01
1.374933108692875905e+01
-9.062885542283378726e-01
1.907840324242237173e+01
8.589058125486150885e+00
2.388392841476390771e+01
1.595744239922332319e+01
1.735055540627774207e+01
-3.820336846484408966e-01
-4.016240780877797789e+00
1.590691832167213704e+01
1.205573823064047190e+01
-5.541865004270331241e+00
2.140625810549390806e+01
3.088730924052023497e+01
-6.083351300507583659e+00
5.825852871167164437e+00
1.632635451013442207e-03
1.581758211282675575e+01
1.954923221456932936e+01
2.439540688284152381e+01
2.213140615396869748e+01
3.053282193465469518e+01
2.212125799597743736e+01
1.053101120346852326e+01
2.037928770946436430e+00
2.215544504884435284e+01
4.485058941192034965e+00
2.237328134967510351e+01
1.563663845589385737e+01
9.300393468605768987e+00
2.106904520837573003e+01
3.962596561694653019e+01
8.918376693412604084e+00
1.897273872134449135e+01
6.853199587933975323e+00
5.522255417962279367e+00
1.614964118442182084e+01
1.170847856816573085e+01
7.814024368415337207e+00
9.855262838061968012e+00
3.761968065180461451e+01
-3.284688527186769846e-01
-3.991687728726198259e+00
1.421898925770877575e+01
1.003417975196854073e+01
9.527981248796521641e+00
1.010652306274954526e+01
1.634522831423329947e+01
3.386591843215969533e+01
-2.166346432340429118e+00
3.033119033746979909e+01
4.624546143045473201e+01
4.628762452260025029e+00
8.472258392491287537e-01
1.618899810332003497e+01
-5.218249265567258988e+00
5.959290166575147651e+00
2.948512728748255896e+01
9.401221572045521668e+00
3.522049837241411296e+01
-8.858785460148837387e+00
1.151942823940668426e+01
1.160970627629025387e+01
4.458877103485037452e+01
1.178512552775464073e+01
2.112612009199254359e+01
-7.838610005282493631e+00
2.946320481847686068e+01
1.476431841252021648e+01
1.235045750226269412e+01
2.000997653959716871e+01
3.623228290153919318e+01
2.615441104899417368e+01
4.641235241156807945e+01
3.702651882653889004e-01
1.428521039406351889e-01
3.277243833330339839e+01
2.986159600686417548e+01
2.873292488490242391e+01
1.673924577034764383e+01
1.812935312122168341e+01
-8.059671167132730574e+00
1.563423195485033190e+01
-2.827244881945460975e+00
8.861982038813822626e+00
8.889965159322773758e+00
-1.469838737317669342e+00
2.955012595383886520e+01
-1.759877142356438640e+01
1.400666323155119386e+01
-7.744012968274763153e+00
2.566217501319746219e+01
-1.103478494871055204e+00
2.470168035248959626e+01
1.960012931536947178e+01
1.891956829038107912e+01
1.004588566172609987e+01
1.561664433449985090e+01
2.888630211777023504e-01
2.369495911556095180e+00
-4.236869223323857625e+00
3.646351855922494778e+00
1.059632988160029399e+01
-1.203796258496993232e+00
9.514900270986725417e+00
7.779127555847843212e+00
1.683554384431399598e+00
1.855174001718804533e+01
2.447437674726142376e+01
1.012271707027577961e+00
1.336117392116512548e+01
4.360354892870057952e+00
1.767278193591413071e+01
-2.926332350072041066e+00
8.408367191159662468e+00
2.377634920468777580e+01
2.383985192760683702e+01
2.121486892158398518e+01
3.105999329519857710e+01
2.867146206704101985e+01
-1.119909467358446165e+01
1.955137782843048200e+01
9.177613973141598436e+00
3.654399932376560400e+01
2.546551961846405732e+01
2.340096617431521508e+01
8.481800234191936738e+00
1.445134244036512072e+01
1.598346744313966639e+01
1.419216700836333089e+01
1.142588494607310956e+01
2.208439425033994041e+01
-9.832086489396498763e+00
1.311213377204454034e+01
2.580341076134885014e+01
9.908008652317819909e+00
2.160875930963877778e+01
8.950136851421099493e+00
2.080129530121516623e+01
-1.313619477816313008e+01
1.122699800965267869e+01
3.999008937715968415e+01
-1.302673671984122805e+01
-8.269555722837584000e+00
4.336294154543368506e+01
1.140783731641832688e+01
1.452137834843856545e+01
1.596455361055991240e+01
2.448370150226789121e+01
1.422040583396293201e+01
3.399621116346807526e+01
1.040304664231258513e+01
1.242216391355836436e+01
6.536038015799668699e+00
2.792258682387532076e+01
1.052545488629458958e+01
4.662110330117583601e+01
8.177825990062908446e+00
1.410055205782257559e+01
1.573737761218172793e+01
4.567677622178450747e+01
5.666830209562359499e+01
2.115000824472238961e+01
2.422488373805747131e+01
1.253846717111654030e+01
1.014707955692510843e+01
4.129134271589636285e+01
1.000695305687222714e+01
2.010443729442567218e+01
2.261725982619659447e+01
2.025905749345002249e+01
1.832833625379982578e+01
1.048108890990491204e-01
1.809774580123502119e+01
3.751491705080010775e+01
2.641992571684311031e+01
2.550657479929262195e+01
4.098709752133198236e+01
2.502920778239496968e+01
1.238929603031092341e+01
1.440254381707929809e+01
1.709288197673978260e+01
1.855626671465069322e+01
6.705248803939122482e+00
1.429747313224081395e+01
-6.036857152433437790e+00
1.409349810118670554e+01
2.979839768803459776e+01
6.771135065808360665e+00
1.459659663673772911e+01
-1.543687658687133535e+00
2.053115862951029769e+00
2.858715717376783516e+01
7.077889657365545872e-01
5.938236885288196376e+00
2.507773386862216825e+01
2.834597592185580339e+01
-1.168091049131960801e+01
1.072657989858917738e+01
1.395281900258614982e+00
2.772603811977353416e+01
1.495249877762738322e+01
6.911629093429855430e+00
1.215416668450257731e+01
-8.477229625215016995e-01
3.958199551041043662e+01
2.193774250375476242e+01
1.869356566942455444e+01
1.626900345968600092e+01
1.409726462993006280e+01
2.518454331627881615e+01
2.260559367654033380e+01
3.657374294136885595e+01
-2.726293011212684547e+01
1.565994550104015381e+01
2.722689282349399065e+01
3.425282545364675002e+01
1.698364864413772679e+01
1.629150370080604304e+01
4.384565754944876659e+00
1.950307499588641846e+01
-8.290390118028234667e-01
2.976094937503858162e+01
-4.528666952658859657e-01
2.365210522985568886e+01
1.096162586650445903e+01
-5.727608771790595910e+00
1.829111278042984878e+01
1.325018384994419662e+01
-9.021558712992103324e+00
1.347030392283220124e+01
1.243418263060536333e+01
4.663380668474243151e+00
1.603873998648600363e+00
4.316687788000072601e+01
-5.435307423379924785e+00
3.856384480193155184e+01
-2.397471180389466383e+00
3.513657196385594261e+00
1.525839006824384469e+01
2.485050862434068719e+01
1.969420064155946193e+01
-1.417296603510112618e+01
-3.724015515976418556e+00
3.190600698713562267e+01
2.722220213516994392e+01
4.155014247887027778e+00
3.364121444374619330e+01
-4.302652878238426126e+00
2.351849504736633278e+01
1.612497436833814035e+01
1.324764794621063047e+01
2.452083754823221184e+01
1.486524396120778313e+01
7.105324800905792770e+00
-8.431312843051220085e+00
3.873764521680642758e+01
1.965186142091688026e+01
2.661806943691221505e+01
1.522567523205026419e+01
-1.591525646941315131e+01
7.612427328519122405e+00
1.274267730874105453e+01
2.616880690991069258e+01
2.660369224804171040e+01
1.806796952809312629e+01
2.228422136810315379e+01
3.589201205105295855e+01
7.036352285297180487e+00
7.149623920051855208e-01
2.084777513701133955e+01
2.223891478098311225e+01
4.430610050303498326e+01
1.575125220149465655e+01
-5.006512828659548831e+00
3.174815922552440384e+00
1.887225327763142246e+01
3.012883929942523764e+01
2.636325348630855814e+01
9.355149936052274739e+00
2.465788874246381468e+01
3.566683107752322712e+01
2.703413046841741618e+01
1.228844675794505292e+01
1.430548682092624801e+01
8.528998878194684607e-01
6.784911315636694695e-01
1.349255349001221305e+01
1.803029686674365450e+01
6.620673536294519934e+00
2.277017868312000104e+01
2.538603142781437683e+01
3.840665611988436012e+01
4.983591265140908178e+01
2.858905111351751316e+01
3.115759795601976379e+01
-9.575866688229517365e-01
3.281642615889881398e+01
1.724409940062766822e+00
1.352713822260013998e+01
2.279259503273349807e+01
3.298524032604078116e+01
-2.069294207295460097e+00
5.787194567075032658e+00
5.133663593608255127e+01
-1.192877845154515057e+02
7.197225701011927868e+01
6.741722022737718589e+01
-2.607325138388986119e+01
1.890045960082739995e+01
1.059902012636884550e+01
1.783324296856373437e+01
1.475232905265802508e+01
3.556166050166166315e+01
6.932133404421973566e+00
9.884354531369018204e+00
2.510535610049138455e+01
2.211709112412766842e+01
3.187248744771959963e-01
-2.077672548279527831e+01
1.838791987367431346e+01
1.226830354119200095e+01
-7.989192515136107176e+00
-1.754610563661753986e+01
7.107422033530196970e+00
2.989261688609949275e+01
-1.681194595101430878e+00
3.567515310303217291e+01
3.849406515495826397e+01
1.289310337794626804e+01
1.233477266631005875e+01
-1.050782184431018607e+01
1.784292827514999402e+00
3.360552777416677017e+00
2.160479543160917615e+01
3.583502193967524363e+01
1.174636805290673358e+01
6.604617013043460716e+00
2.349458609388114638e+01
3.701188478908126456e+01
-2.427304146505506566e+01
3.909365680661359477e+00
5.243692400771509554e+00
1.497122931628959108e+01
-7.622121349302055648e-01
1.861406462057351519e+01
2.510999394660923301e+01
-5.711019815325915516e+00
8.652894834455249651e+00
4.572110493978389201e+00
3.478800069534221961e+01
1.945414433569369805e+01
1.727347293958048269e+01
3.537962955028466183e+01
3.906851681222967443e+01
1.119383751102414948e+01
1.101435056715752125e+01
1.341785471195511903e+01
3.111578012907508040e+01
1.544056753154835349e+01
3.952658443234787455e+01
2.954778899827487848e+01
1.196195822026848887e+01
1.928697942186764180e+01
1.748379901907817668e+00
1.478869737414879104e+01
5.225195244579859732e+00
1.285358320744424176e+01
1.814330468093233861e+01
-5.830414522276935685e+00
1.354170226902927965e+01
-2.035417378263857557e+01
1.580615388865044402e+01
2.544263287408802654e+01
1.075562902955701539e+01
-3.970723436634067127e+00
3.756722519525222737e+00
1.397784985352705434e+01
2.271728276956076797e+01
-2.207494830922198048e+01
2.218070439080798195e+01
2.782783053766662817e+01
1.925495177394132185e+01
5.821407312563961511e+01
2.283537848676724380e+01
6.267990875581820376e+01
-1.020802861088156988e+01
2.216276397971424217e+01
1.170722247360948209e+01
-2.878618649643687633e+00
-1.334785403425874861e+01
-7.693381249535669042e+00
1.870993996538483017e+01
-1.517338682815161732e+01
1.043637804573610417e+01
3.142438923954543739e+01
1.177591933724847806e+01
1.672142589103784260e+01
-1.092295892866505724e+01
1.203942497279017054e+01
1.710610515387236319e+01
1.640644239847904018e+01
-8.291155725936274479e+00
-1.253484110875326962e-01
1.959952732467122871e+00
1.294631450635531777e+01
1.030011749290408218e+01
-8.761264807736374394e+00
-4.074254490414254803e+00
2.050514304762767992e+01
7.394936997861442762e+00
7.701847407659366596e+00
3.814347626818650383e+01
5.543532057918662304e+01
3.729665075842518718e+01
-7.218023501929845764e+00
1.994118336635248667e+01
1.123734554538850361e+01
2.050480750373564121e+01
1.245367085417851882e+01
8.635700098121413149e+00
3.118170234835769605e+01
1.452496249797631656e+01
6.663590355290921252e+00
-3.185877075893266408e+00
-1.241323346606021261e+01
2.971023833250269064e+01
2.204689242301497032e+01
1.680199693470532907e+01
1.198024736579634464e+01
1.722570009556348225e+01
2.874760842043842146e+01
2.071547971156011414e+01
2.379346747756239822e+01
3.875757376462283332e+01
1.961170846146520930e+01
1.335701518679093702e+01
1.881013209822876320e+01
-3.819935203934711865e+00
9.150930282261615645e+00
9.371397968476273377e+00
-1.054715915805201831e+01
1.206325595478799606e+01
2.842635821073945834e+01
1.550139599722637485e+01
7.346940962226193861e+00
2.852217759989706636e+01
2.052111447740972494e+01
3.192251257254569907e+01
-1.533105118121043375e+01
2.443009234414590836e+00
1.581418132170304069e+01
4.567788803225880656e-01
2.506443353705793697e+01
-1.040241801280474476e+01
1.052140611454881736e+01
1.782368876431266358e+01
7.477215247925256492e+00
3.282233008942336738e+01
1.932276106297589280e+01
-5.011977667080579124e+00
-8.891058646123081388e+00
2.797332803831658055e+01
8.733113270380087556e+00
2.418612691799055625e+01
1.358715032001448719e+01
5.557885054597212715e+00
1.240903516872037038e+01
1.987089939604101119e+01
4.112164917954193299e+01
-1.549176356011197697e+01
-9.995676777415365422e+00
1.376298406419829234e+01
5.657333808507395645e+00
-9.199077464799433557e+00
3.050879784738082634e+00
2.391083766407044919e+01
-5.127138638619911148e+00
1.078665594307482856e+01
3.218841626583752458e+01
2.359582799491069594e+01
1.317924058554357458e+00
1.129418114987975486e+01
1.260662479767680111e+01
3.672295120962397164e+01
3.873617679051804430e+01
2.417365601191998081e+01
-1.308186535043077114e+01
1.379568646732291626e+00
2.457417778340982295e+01
2.476026649830839332e+01
4.532051911561010371e+01
3.143130661663979808e+00
6.295205201015176755e+01
3.585731237217264322e+01
5.176881302251114647e+00
1.069766886230128300e+01
4.339181367287773128e+01
9.163043354289978737e+00
4.016630487901750257e+01
1.824783107923700243e+01
1.646568770609668420e+01
8.742159173338244216e+00
2.404709806870922151e+01
1.520308970430578199e+01
-2.184957793992754915e+01
2.460888000536277076e+01
-9.549749418010186730e+00
2.817062487491866918e+01
2.543396157240501054e+01
1.094596432302676092e+01
1.056548050211369372e+01
3.388243790868691718e+01
4.608369453905496016e+01
1.100574089879174622e+01
3.453697719265474575e+01
2.991214944636736917e+01
2.621121730362204971e+01
-1.122910608117719633e+01
2.695112882603691062e+01
3.026546053122513769e+01
-7.598815618790087711e+00
1.606470511412855018e+01
1.055759567548664180e+01
1.823522237296568349e+01
-3.672778024661038643e+01
1.062713400411536924e+01
-1.342524011446647947e+01
3.049044168795038701e+01
1.435761602978975660e+01
-1.945232332206089154e+00
9.890448960901377262e+00
3.131879284235547800e+01
2.332836293293245689e+01
1.122098427521418884e+01
5.796234015707579346e+01
1.055117645458432207e+01
2.082729674880457793e+01
1.057930312713578580e+01
-2.441200573100985594e-01
8.190830226954466298e+01
-3.328227239506608726e+01
6.854304515373240747e+01
4.228203290241894763e+01
2.484311323583442643e+01
3.843746286351831998e+01
1.415642046404077448e+01
2.446421514176943290e+01
3.465118680713652566e+01
1.878794784702028053e+01
1.588063363020530971e-01
3.472709843815470876e+00
1.483384778446480645e+01
2.232745420834178418e+01
8.698618305580911425e+00
2.857401275273895180e+01
3.867636905984730333e+01
2.589751043057067292e+01
3.709600991959074179e+01
1.737656276194680771e+00
1.795813312283969410e+01
2.127286817340564795e+01
-1.979606440513745014e+00
2.862773077386042431e+01
3.114975270749400593e+01
1.802727259501131485e+01
3.300985802208026598e+01
1.349103171796186018e+01
4.143872083804822637e+01
1.412576741998087471e+01
3.467372626461909135e+01
-3.163872637559190792e+00
1.060409190036509486e+01
1.689347833968742663e+01
-5.670899929494137126e+00
-3.659472728339885350e+00
2.416693755071146654e+01
1.013216689191541064e+01
-1.369673823302715476e+00
1.060485180288881857e+01
2.242123786969937527e+01
2.063429086401040635e+01
2.849637865939129711e+00
7.696379346920632969e+00
-8.851791301602332851e+00
4.201631302048703276e+01
1.049677432091068141e+01
2.807849181166087860e+01
1.587845009214153258e+01
2.588884731535186745e+01
3.483977946056711517e+01
3.288114852895276385e+01
2.069457155346946919e+01
3.025168184290462392e+01
2.521864718342495237e+01
7.902212309985046090e+00
1.737888786945539010e+01
3.054201423009395810e+01
3.148104199780510726e+01
2.841265662915093770e+01
2.137926632317221376e+01
3.976070319892722438e+01
2.182547305587561581e+01
1.750669109162581449e+01
1.271388183664139149e+01
8.854945273803183525e+00
-1.829268912306904582e+00
2.288783223334018047e+01
1.548277680796515909e+01
-5.019837891672146668e+00
5.625442535594746118e+01
1.755750817768389638e+01
2.842208568583431472e+01
1.726527651800907392e+01
2.062616051868750944e+01
2.029712450102059762e+01
9.095419871653275479e+00
2.548381819093150114e+01
1.672577186186229881e+01
2.104980292872139813e+01
2.614366520832383145e+01
-3.831845090045398194e-01
1.100031682174932790e+01
1.450008378665475384e+01
1.715986109512346403e+01
1.140913115726034022e+01
5.462589913933378227e+00
4.698020690143561495e+01
3.084196524323013122e+01
6.136573776248624768e+00
-6.079531155812389898e-02
1.472887267473531026e+01
4.143091343211491306e+00
1.348930215490799256e+01
4.483979718541797865e+01
8.497871620081475896e+00
3.568648119550223896e+01
3.280809253850465979e+01
1.734461596950371387e+00
8.231086546522428549e+00
2.065731117094387059e+01
9.033536456385387936e+00
1.453606485212912247e+01
1.594444805944492849e+01
2.064734203112512034e+01
6.952518116668883863e+00
2.618827030324644767e+01
2.584471038596214498e+01
4.035091050559669412e+01
4.061018767474300972e+01
3.824787403024841126e+01
-1.395870956145689235e+01
2.199002065846611487e+01
3.602751938525809550e+01
3.366260010942644954e+01
5.918771175405209561e+01
3.087729232585987660e+01
2.881008933342768330e+01
-3.561011069170920251e+00
1.818816998838263999e+01
2.264894599229947403e+01
1.149827874845253461e+01
1.516265749487748238e+01
1.104098352789083570e+01
9.595304023912747837e+00
2.567202777686325987e-01
1.539953554537837555e+01
2.189758771698729589e+01
1.164706142943316358e+01
1.564846553087613401e+01
1.904666517422661798e-01
-4.071663981736271865e+00
2.845813672780065318e+01
8.812390771933849010e+00
3.668035588452632823e+01
1.748382959013978422e+01
9.108208624724689173e+00
5.183768616274089425e+01
9.787112886882640694e+00
1.803485912182795303e+01
9.942382381223021426e+00
4.415333581875355407e+01
1.124709038065929079e+01
1.711870477162890936e+01
1.016904038079796280e+01
1.911114050742626347e+01
7.424388179317793046e+00
1.323976271942721006e+01
2.532327605691177297e+01
2.818677921573738843e+01
4.749314727212679443e+00
-4.433809821015191943e+00
3.164340826998807188e+01
2.923371117822118848e+01
2.572560465974790844e+01
-8.662669388730428466e+00
-1.128717502912196124e+01
3.020346264272519221e+01
1.827758701103689631e+01
-9.491203629262162877e+00
5.890215042271261581e+00
3.328765074797395584e+00
1.973152980405280132e+01
3.464608695708638209e+01
2.897281115765935056e-01
-6.177704403259507870e+00
2.297905593360067655e+01
4.405287579343867321e+01
1.960678697104039259e+01
1.305529947306897398e+01
9.151849383589773623e+00
2.313952537186197134e+01
1.529097569485988828e+01
1.775299333683801706e+01
1.718395661603364744e+01
1.145187355119307426e+01
3.049855775627382215e+01
9.107768872456798448e+00
9.400847971974227946e+00
1.690476773465294613e+01
3.231811291412339671e+01
3.526370155973826570e+01
5.952528782967736021e+00
6.964615123028380594e+00
4.107267107791956917e+00
3.378440121558486453e+01
3.700315211172599206e+00
1.576914773750885068e+01
3.498543439998677229e+01
2.047818269941857494e+01
1.999703329530492724e+01
2.671858814060988507e+01
9.888339042249761235e+00
-9.481979626598985078e+00
4.678296736925710775e+01
3.407114291493032709e+01
4.143738675412109274e+01
2.774738404440056172e+01
2.339479860665180766e+00
2.932306061826907495e+01
1.423808083374913380e+01
2.307492905387463367e+01
-1.920048647185272017e+00
1.722925387756829707e+01
2.060855579469070165e+00
2.723024915321348161e+01
3.206576626634242899e+01
3.781221272641268882e+01
5.172532635455114658e+00
2.370905389300716237e+01
7.083203804172557128e+00
3.112227200825206808e+01
2.385046475038531710e+01
1.914241952231687094e+01
2.924087785976411169e+00
2.337204516869838855e+01
2.512623202545606205e+01
2.073553739748751212e+01
1.835779223169375385e+01
3.125152392216223518e+01
6.064948646867009074e+00
-3.249914191198026714e+00
1.589795672444975949e+01
8.109223815263822743e+00
1.626047144605230699e+01
1.140109125486421071e+01
1.251032167302698639e+01
2.945311020888718900e+01
3.562356827729189490e+01
2.274958375012949219e+01
-2.996822837398340766e-01
1.697141241001852308e+01
1.739871596792217545e+01
2.562536435137418778e+01
4.565599464806796348e+00
5.514903186852532002e+00
1.095434292244397767e+01
3.655086301260382697e+01
2.211482832198489845e+01
9.977602116179605574e+00
5.711077654768601519e+00
4.103934885701001178e+00
2.296020857063524545e+01
8.686357358100256221e+00
3.490520204924965242e+01
1.059918824632917911e+01
1.710197714495152255e+01
1.900026340296050975e+01
7.321748365878196552e+00
3.672433986429884101e+01
9.995236820187042071e+00
2.443495074732265948e+01
1.442729669810182713e+01
1.190136954663626589e+01
1.696197628961596493e+01
2.760895284278065276e+01
1.072739363984478445e+01
1.884264639425671106e+01
2.070599492802396924e+01
2.544501722680457689e+01
4.095305552488326839e+01
1.143369486522983713e+01
1.997714191211704460e+01
1.194236188501465890e+01
2.724376611253336478e+01
-2.143298363639969040e+01
3.814791491381180677e+00
2.335932796376592435e+01
4.016068200453347004e+00
2.072269137678343753e+01
-2.068391187083207683e+01
1.568219180154104109e+01
2.484211598478484007e+01
1.202275704936414513e+01
1.670348995840193851e+01
1.318514459061086974e+01
1.076062336851881795e+01
9.164044458266335624e+00
7.546188832722874551e+00
7.420865813906807773e+00
2.548695664975545583e+01
1.270322025000065480e+01
1.312315304500494761e+01
3.010071153513641207e+01
1.126768163984840321e+01
3.343820446569949212e+01
3.088660684310068660e+01
4.930271641242352842e+01
3.917536685381134021e+01
8.740056751998803719e+00
3.555033709648263596e+01
2.099400791132182320e+01
-1.792433296872932402e+00
5.473923481916987299e+01
3.559523149720975965e+01
-1.628343274337089497e+01
1.865542008870434643e+01
5.789609766520736223e+00
2.230787487387232915e+01
1.419569919272337089e+01
3.553242395870099557e+01
1.687453989954533995e+01
1.266393539102910459e+01
4.297773767948802970e+01
1.730404602262457914e+01
5.119439217248510232e+01
2.582764709186624330e+01
3.656861263473314239e+01
1.351090513161063811e+01
1.346292357459018696e+01
7.798747196801105019e+01
2.420529164247965781e+01
1.530768709752516443e+01
1.809082344346236226e+01
1.652315028226810512e+01
2.612830183621831637e+01
2.693632719874045023e+01
3.854335297648516701e+01
3.136268512786846685e+01
7.155092960117890755e+00
3.984487930669546785e+01
1.388960175504919370e+01
1.275525420967840340e+01
3.049388433083952066e+01
1.697291716721919386e+01
8.146864407499965210e+00
1.461185614830842106e+01
2.387894230546191920e+01
3.297212789109192954e+01
2.162573187083111748e+01
2.309302636922951280e+01
1.583090810610005406e+01
1.864718728869639364e+01
3.704764479212641248e+01
1.971387400379942534e+00
4.494763396783834963e+00
1.721880178980215703e+01
4.325668870015661582e+01
9.654742395517603271e+00
4.134914646103932512e+01
1.363833617350047156e+01
3.766161322004509771e+01
2.516815731751304241e+01
2.819241827261948430e+01
2.112419982929234408e+01
1.943028530831855250e+01
1.259869859471452003e+01
2.346824603064221648e+01
6.952145847967459602e+00
1.829908165363713479e+01
2.239234785477356482e+01
2.519498322661213763e+01
5.864037078070079900e+00
2.650810513876791674e+01
1.658242735877623275e+01
3.211532799176372066e+01
1.836797270122740500e+01
8.728174149490648404e+00
1.617104873902271223e+01
1.119201082703288286e+01
2.745845852744270488e+01
6.582318046638453879e+00
2.091212840656575267e+01
3.035653983231714292e+01
1.669192574313834854e+01
2.339055837755472567e+01
1.935663734074003273e+01
1.934700514725246734e+01
1.608705195045476444e+01
7.493124081976430872e+00
2.156442674373639790e+01
2.765845480955306712e+01
2.153872481142244411e+01
1.406403137874064946e+01
6.668884603479721562e+00
8.201966768080446002e+00
3.038734930479618868e+01
2.359084350214739345e+01
2.031923242186050160e+01
2.065062251927619030e+01
7.416805620406307753e+00
2.878051527112504715e+01
2.141159098044069253e+01
1.207832857652418923e+01
2.843054495859604458e+00
1.854467698050794411e+01
3.159635119976758943e+01
6.537994907172196335e+00
6.150750383391073939e+00
1.958742128487443779e+01
3.803011126127516661e+01
1.515499288989040849e+01
2.833932396497938555e+01
3.268647889042019017e+01
2.487940987374715718e+01
2.328870107412388890e+01
1.479068934449234796e+01
3.185664307207520096e+01
1.949170574598073813e+01
2.590633863055439434e+01
2.223856111624915144e+01
2.304570615302788639e+01
6.705376034732479340e+00
2.549760958792195709e+01
2.011207744693518151e+01
6.113099797654477641e-01
1.743655875309757164e+01
2.080993952831612148e+01
1.771897353834132716e+01
2.711015481369857127e+01
2.666960684669956549e+01
4.205104465811564296e+01
2.415211354555228951e+01
1.418276285374178869e+01
2.421038812079274294e+01
7.930566167296669633e+00
2.199541082983076379e+01
7.883620917146275886e+00
5.313837879735952008e+00
1.225108837843104403e+01
1.518009892228141311e+00
1.590463543888666820e+01
1.214992082815857266e+01
2.675127470058794898e+01
1.924912080001663739e+01
2.452496232642473117e+01
-8.864169780740418503e+00
-1.035861304964348406e+01
1.292210683233199120e+01
5.682431274864237380e+00
2.205007866718990073e+01
1.694153019156804518e+01
1.323340898801297882e+01
2.663426245328880171e+01
1.896336131057419649e+01
4.411276089314013049e+00
1.592193541032271575e+01
1.090739555869574495e+01
2.068872074524360727e+01
1.652850083585033403e+01
4.525567150809362005e+00
3.147523110763320986e+01
1.640471365505420209e+01
1.212344708516414471e+01
1.210146936749396218e+01
6.675609615944463826e+01
1.211586597475859506e+01
1.489195326282787946e+01
1.081895469694705447e+01
1.201154102162496429e+01
3.943178862871499746e+01
2.296086001233889107e+01
1.822804729669177348e+01
4.033051487691633241e+00
4.299830960171536987e+00
1.666487569487142650e+01
2.379292848015918338e+01
1.518689263936364497e+01
4.214542983516602703e+01
2.699786293136234860e+01
1.878920836113102055e+01
2.330313783604573530e+00
5.829110945529006216e+00
1.993694894494099756e+01
2.229780741226571195e+01
3.093831177389802889e+01
2.860994914006857925e+01
1.565723576118701033e+01
1.779051430351713137e+01
2.049491031501088045e+01
6.434326386847972756e+00
2.795202193435176952e+01
4.951262310171580339e+01
8.733369005416706798e+00
3.135152805325028424e+01
2.077798337321652866e+01
1.101092087649992735e+01
3.139423030319610319e+01
7.113630657838864835e+00
3.203171009720038143e+01
2.017446859834668516e+01
2.134719056710688179e+01
3.460454386433921314e+01
1.814410134272730346e+01
1.241896292414126535e+01
1.720501763404407569e+01
-9.933306473600158171e+00
5.752327387961441829e+00
2.403120323006145043e+01
1.321756851998844873e+01
2.517925308485072122e+00
4.250454899246426521e+01
1.868978781881683915e+01
2.454878938273511579e+01
1.774669277150249513e+01
1.993454538451674907e+01
1.373073513586863115e+01
1.503735333448437395e+01
1.588084330815971512e+01
2.376196587018372242e+01
2.639519815931124214e+01
2.107808875817415029e+01
2.279136754895818484e+01
1.606018086844233750e+00
1.990230060269101031e+01
1.168432475386165237e+01
2.280507264855997107e+01
9.820468344874216271e+00
1.320663071077206041e+01
2.445286920209437298e+01
-2.661829163397474218e+00
2.202799225319502341e+01
2.839121119315591102e+01
2.473599732429217823e+00
2.229415700984648296e+01
1.486132138222095378e+01
2.215578370516336193e+01
1.105942320055152983e+01
2.019288893876924718e+01
2.440859774556771100e+01
2.483452478058700663e+01
2.706176389057505105e+01
1.262713993232890886e+01
2.187993282636060499e+01
5.289845782045535572e+00
2.109157441378724229e+01
2.624917237922286972e+01
3.834179297218074112e+01
2.384085088025079813e+01
1.849621317134106491e+01
2.773115447923519739e+01
3.920942477311328389e+01
6.413049359696517016e+00
1.490073018623015955e+01
8.078173218655813059e+00
2.084348355817915532e+01
2.308092689438873535e+01
1.151701692188142090e+01
1.926347320119581497e+01
1.389388177734454466e+01
4.754804761628953003e+01
9.619804334781973054e+00
2.547467837757997700e+01
1.535385176730877710e+01
1.411237166898158790e+01
5.073058864545892988e+01
3.247999864584370755e+01
-3.532498690215589932e+00
2.886196867224494866e+00
2.187876149073192522e+01
3.443495659507246387e+01
2.450359916863575194e+01
5.265070191079281869e+01
2.476438163477759957e+01
1.955772659970633498e+01
2.067074170446195680e+01
2.318905703323214595e+01
1.303974082054591577e+01
2.960859525719959606e+01
6.325995120244206404e+00
2.690168914862817928e+01
-7.992759467044137978e+00
1.911594909080551119e+01
1.998955478727187796e+01
1.549812208166227734e+01
1.185295689478280323e+01
1.649055236025099092e+01
4.457470843068474409e+00
1.206486327073488596e+01
2.374044628175445126e+01
1.410733134754512363e+01
3.929153003241565756e+01
5.592206969638811032e+00
1.562620883226338186e+01
2.315343164501006257e+01
-2.782949945975978778e-01
3.706531215121940903e+01
1.851742710173663298e+01
1.349104015251574040e+01
2.467193705048643437e+01
3.636521105242976404e+01
2.213781015926824836e+01
2.498329247269833786e+01
1.235565170643157096e+01
1.925032615646929202e+01
1.702977942670882783e+01
1.814514113386448457e+01
1.982922958659407442e+01
1.549799515707361230e+01
9.271696570112707647e+00
2.266452842816157087e+01
1.997789246775596084e+01
1.540144094526666763e+01
2.480927270114241168e+01
3.530491083346204562e+01
2.226400279176794683e+01
8.626927974447378134e+00
2.473570903796172971e+01
2.496734416622407338e+01
2.392218111298772953e+01
1.942417378095175096e+01
4.245057270466833188e+01
2.384303762274409522e+01
8.321235486925058211e+00
2.800365650527373873e+01
1.666352529348488432e+01
1.212023142287307564e+00
1.921006878646138460e+01
4.904949004643448518e+01
1.473224326089475156e+01
1.393181469890522450e+01
1.394357070751412309e+01
1.992884622461128075e+01
3.421789316991956298e+01
-7.411903678200104650e+00
2.271835229286781299e+01
-9.622671544372156660e+00
-3.619693411280401563e+00
-3.429549793869885121e+00
1.589590714212346079e+01
1.547002198326587319e+01
2.207322129459966575e+01
2.147127005239143926e+01
2.525299482289956288e+01
3.860375107546435913e+01
1.441817037540169721e+01
6.135768528315420411e+00
2.218960142655478407e+01
1.401246299529958605e+01
2.153545959939910759e+01
2.420587280910218198e+01
1.281734106815625118e+01
3.061042692235348284e+01
3.211838828558680348e+01
2.275236312005018391e+01
1.937154797264557970e+01
2.761760583974819383e+01
1.332041813357916205e+01
2.812180280596477644e+01
4.439022680181516023e+01
2.096311619551957506e+01
1.595914042799305932e+01
1.511414144743782018e+01
1.867021826664108275e+01
7.900270967492970087e+00
3.404984934657409212e+01
1.501041838969481823e+01
1.953412724469311357e+01
8.868440863871215996e+00
2.412801349152001507e+01
3.125067249391118906e+00
2.823256709011299748e+01
1.440278188809157989e+01
2.859453546042533389e+01
2.082049525246572586e+01
3.348413688920467024e+01
1.642421105316237373e+01
1.906732730556389299e+01
1.787521216754587527e+01
2.725293044096804351e+01
2.270154111405440744e+01
2.011728251133418510e+01
1.798091643444527676e+01
1.301194103576883521e+01
2.550778861304905121e+01
2.918967646497031865e+01
1.583310853253293260e+01
1.215298984941136951e+01
3.232275661959072011e+01
3.470503881391431378e+01
2.312290539641023557e+01
4.346745990318387598e+00
-4.936004534506786001e+00
3.924501626500735085e+00
2.089173214445468574e+01
5.025308665148441989e+00
2.628037069704993911e+01
9.881031336550892163e+00
1.355722617954930875e+01
1.595648738138936373e+01
1.828875093543391728e+01
5.090741396599751312e+01
1.533433706970436106e+01
1.868751383310936021e+01
1.095665700215900351e+01
1.383456345574759538e+01
2.266076266685368523e+01
1.778585995257098062e+01
2.410340720089213207e+01
5.195547912623966624e+01
1.256311975548418935e+01
1.766763432415713453e+01
2.550356031111090260e+01
2.727795066863776796e+01
2.472413562544650745e+01
1.533637199119328898e+01
2.332358891630204667e+01
1.211401972191784360e+01
1.881546656830417419e+01
7.667818481682241227e+00
1.566573461189933525e+01
8.017551871903773275e+00
2.519590898123458800e+01
1.937409672952387041e+01
1.517288492979853132e+01
2.866917820669066685e+01
1.151630291166716624e+01
3.368429691411524374e+01
1.790445743681984325e+01
9.056061026668515979e+00
2.008863621190333859e+01
2.137624941253346833e+01
1.381932408964454950e+01
3.721423626858859279e+01
2.376890914264134835e+01
3.994272053094366015e+01
2.737117203014152622e+01
2.665940519056059799e+01
1.935148575149485950e+01
1.292213583665466103e+01
3.607284952915490805e+01
5.523686120984550030e-02
1.996035189993968118e+01
1.769070334847674530e+01
1.058312546781056263e+01
1.595276293914611898e+01
1.188799118745576600e+01
3.922493249340138277e+01
2.238008923290265528e+01
1.205704399667519944e+01
-3.474549522632525367e+00
8.753877996511576498e-01
8.716138784486448188e+00
2.489871322553467792e+01
4.135875251211442105e+01
2.512362633112690347e+01
1.336333282731791172e+01
1.942828433032091340e+01
1.957945801054179569e+01
1.422835548007477513e+01
2.239360079487599720e+01
3.233954320934982718e+01
3.725487729622194877e+01
2.474625567575205665e+01
7.277647734820188674e+00
2.069827611097314346e+01
3.118600413547546779e+01
2.431249250622002123e+01
2.095207837236076998e+01
6.415334121801627987e+00
1.790522642967206224e+01
2.867807209446695893e+01
2.184806124940200434e+01
2.756598333020273017e+01
8.711061137021216538e+00
-7.646985756682436630e+00
8.708132840493655991e+00
6.950691966523420362e+00
4.026928140834490222e+01
3.467417202170094725e+01
2.469758019435304064e+01
-3.172109441361566695e+00
3.146957343618305103e+01
3.210990020052794591e+01
1.376143307807063643e+01
1.985277786295421976e+01
2.227496831639611585e+01
1.996798202726671789e+01
2.319097049010390776e+01
2.605945365684139503e+01
2.197139107216190368e+01
1.352385278231874111e+01
2.465876218450080515e+01
2.490634787302016662e+01
4.159651705873246641e+01
1.718357780150380876e+01
1.692443428308247633e+01
1.908107301499160968e+01
2.162392095501543565e+01
5.124196546980607891e+00
1.417821550178087264e+01
1.321038144433624417e+01
3.437049216661196738e+01
2.561786268134847688e+01
2.983722875967333721e+01
1.483281499351109645e+01
1.952660814125971456e+01
6.493064518868418844e+00
2.174954826144733033e+01
9.758195373117727556e+00
1.709728010060482362e+01
1.216495832455335879e+01
1.113267674679530650e+01
8.971170160657605308e+00
1.807030637798556327e+01
1.858604370043028808e+01
-3.912336868856776562e+00
2.781281931237378302e+01
2.086064056354152285e+01
5.067869104921047807e+00
2.503643140686658342e+01
3.987537837040856914e+01
2.923025072199398267e+01
1.818517520381436370e+01
2.124554553523642753e+01
2.036876361342417852e+01
-1.049295235248877134e-01
8.069041447749269125e+00
2.660007710731324693e+01
4.747293139905267623e+01
3.348194822032711215e+01
2.290684719120249468e+01
1.074533772196843451e+01
1.020142145102192011e+01
1.075701654921562067e+01
2.712176133323020366e+01
2.639352839856981348e+01
1.558644520208322426e+01
3.243626804129401364e+01
2.660856059574378918e+01
2.975419106684739745e+00
1.674011706477618588e+01
3.938054191853932195e+01
2.428331948577640986e+01
2.085191720967930351e+01
2.923253713968162870e+01
2.070872060310553309e+01
2.202763860581087485e+01
1.846074545133952327e+01
4.492559003110547167e+01
4.941812319629088179e+00
2.243418607945439192e+01
1.552645885579449647e+01
2.192524606057181913e+01
2.594300854673274159e+01
1.917636991921068912e+01
3.858078791066527202e+01
2.162756198032391808e+01
2.024308391797590900e+01
2.493122493608375123e+01
2.085147284709592341e+01
1.132323592820502256e+01
2.355001677181694575e+01
1.770099161064513993e+01
1.096478744357092339e+01
1.528625904724385265e+01
3.972718857311724605e+01
2.125193635322831298e+01
2.118606877545948208e+01
7.255424774446192160e+00
3.456560787971270088e-01
1.082064572776862299e+01
1.675073842170214178e+01
3.308629480539749323e+01
2.919661624952112078e+01
3.981416292311686789e+01
1.817589432671690730e+01
2.670824910468599711e+01
3.987072776104801619e+01
3.085859257865497796e+01
1.861599760603052900e+01
2.503738550880472147e+01
4.278495498531288632e+01
3.932216508608306071e-01
8.430171321388604255e+00
2.048989099240292688e+01
3.169250710852985264e+00
2.970848277483550959e+01
2.598716313623030771e+01
2.702997896625945629e+01
3.657483849801236886e+01
4.440715895391834067e+01
1.523095398346986507e+01
1.498492545416778121e+01
4.129882122836325919e+01
2.786195979392608990e+00
2.916522599175841890e+00
5.531316894890576918e+01
2.439581372303412365e+01
3.019159068275851610e+01
2.958492987330169299e+01
4.230777852438788500e+01
3.836833197369404758e+01
-1.981867750583791832e+01
2.010357322892634357e+01
2.129605723598576716e+01
3.218138142998351015e+01
9.249739851557706061e+00
3.311864440344904637e+01
6.794454695487547724e+01
2.921341345624523100e+01
2.272213054202258320e+01
2.106022805920355623e+01
3.389026243481470146e+01
5.285413925202817609e+01
3.421693585337094135e+01
2.222663374538918291e+01
2.535160325473120224e+01
1.602287673785809829e+01
2.328676142198018084e+01
3.358534678421484188e+01
5.567616912698301235e+01
6.096998093801282437e+00
3.272787705474775066e+01
2.015023317700333649e+01
2.285654375847830977e+01
3.016668419451147898e+01
5.838428285019691799e+00
5.069549373486869825e+01
2.217821271108235592e+01
2.346609990327247530e+01
3.434757777790217403e+01
2.199643256359396659e+01
4.192102238724105945e+01
2.174875669763473951e+01
8.949474438463488113e+00
1.544378554305341922e+01
2.323165276924025946e+01
3.318204922959876768e+01
2.454214527244901234e+01
5.533932710932882060e+01
2.135016310216848723e+01
3.996944421490336197e+01
9.056140717076290869e+00
2.418762589993215428e+01
2.478164658315303015e+01
1.223504553643196857e+01
2.399212211823528662e+01
1.380790910145221595e+01
1.123863279445592411e+01
1.036467884095121583e+01
4.145312072437437934e+00
2.689150585593304754e+01
3.440451214436738070e+01
4.258125067303150502e+01
2.027180803439501844e+01
1.440431735347782727e+01
4.511016609923240850e+01
1.014332551939304494e+00
2.334474463247363829e+01
1.531484491772040357e+01
3.167910469105022031e+01
1.967554952675754976e+01
1.585681710632941233e+01
1.931693677995422220e+01
3.110189768877736327e+01
4.520795048134001348e+00
2.645333253796542650e+01
3.128526619888962301e+01
1.528107058820560304e+01
-1.128625156707678201e+01
1.551178795394116605e+01
2.693419070184499375e+01
2.908052118088833637e+01
1.164856817719314286e+01
1.647542797752446120e+01
2.638726059513507494e+01
1.739702203542527315e+01
3.502814778523652706e+01
2.241980596360713562e+01
3.324798240418018480e+01
9.961598803153588477e+00
9.031922296462013833e+00
3.555234029282877373e+01
-1.730755992565628532e+01
5.800064936350378986e+01
2.561317193208461873e+01
3.173513973241572472e+01
2.314578599891306965e+01
1.762283897764756802e+01
1.655195661494548531e+01
1.913613822194385961e+01
9.916144411699724159e+00
3.024252015277639316e+01
1.070035970497822220e+01
2.790882575953498090e+01
2.669055604019315098e+01
1.061927069735677698e+01
2.171540188612856781e+01
2.232785582075917574e+01
2.411302406028871914e+01
2.241518508311197877e+01
2.973060367201289722e+01
4.048041334315874451e+01
9.692446474852175697e+00
3.518382534503656700e+01
3.788837328352309441e+01
2.356083313544173663e+01
3.866877851604574090e+01
2.735090369957579526e+01
2.523081552384077497e+01
2.696895744715259724e+01
2.056517054789162913e+01
8.658112037186498355e+00
2.164397999529749228e+01
2.956723419911184436e+01
3.515404754253232511e+00
1.431500485419045710e+01
1.286675384098700725e+01
2.365155097586315591e+01
3.170598030306167203e+01
2.324397224174328258e+01
3.460410223340272751e+01
3.844092110610399970e+01
2.226098133854294048e+01
3.251904764448325835e+01
2.353059533641160783e+01
5.283166633138340273e+01
2.033995097614153380e+01
2.581561047644045459e+01
3.307138665105092912e+01
1.246972347523701430e+01
2.872909763416611639e+01
2.663021575593403156e+01
-2.120349064817936835e-01
1.586104822135786740e+01
1.163935986323388683e+01
2.206382349701526024e+01
3.320192875219713358e+01
1.830718797387822150e+01
1.603595588260262161e+01
1.757915685889106072e+01
-8.728983352834465137e+00
2.539276118065615861e+01
3.247230193308738677e+01
3.114375175610393853e+01
4.327512964662123096e+00
2.282949390418558622e+01
3.817407380019523089e+01
1.192032788963521917e+01
1.652572577712553326e+01
2.891344100348944579e+01
6.876752683985044357e+00
2.825457574791650828e+01
-5.972670516906227078e+00
5.495927967066156583e+01
1.460157721620312721e+01
9.392967851716901961e+00
2.586290935395347290e+01
1.332818693598077431e+01
3.022912019628552827e+01
2.273735930234624547e+01
8.551385792317383050e-01
2.313218741229823294e+01
2.138639291487188743e+01
2.252419289539321312e+01
4.339937219441425498e+01
1.887251616704276458e+01
2.164031356420464647e+01
1.444290771363211334e+01
8.501449880510516977e+00
3.234787552351303219e+01
6.407779545775504459e+00
7.868142354142229067e-01
3.142071617197328948e+01
7.793237260412800183e+00
3.911856391955136303e+01
1.625902296996506990e+01
2.272267343888227842e+01
1.016418159713728642e+01
2.893612431127172613e+01
2.756960998632754212e+01
2.574414868749263974e+01
1.216375397313213824e+01
1.190908016174670969e+01
1.434805493979213509e+01
1.165186657413233995e+01
2.385900981111685226e+01
1.445497854852397346e+01
-2.667930512025371570e+00
4.202108968898315311e+01
2.706570469695746439e+01
1.895314749614318117e+01
3.552320486037979208e+01
3.822864026720802144e+01
1.444107628253099840e+01
2.037031820728337905e+01
3.825535234383966099e+01
2.032243890923039231e+01
3.799140186034864541e+01
5.836686705532690311e+00
2.256695498073604256e+01
6.000569588844033575e+00
1.573070930110317889e+01
3.141623366096865055e+01
1.997575579315346062e+01
3.310526164706548968e+01
3.301872926221820137e+01
2.365792529853665727e+01
7.376553177886826518e+00
2.628518969317783061e+01
4.779302387561426002e+00
9.187727754397451818e+00
2.870604935429474835e+01
2.237777597509175820e+01
2.764285676606362685e+01
1.336742640092171897e+01
2.755235600519986150e+01
1.851204492486624886e+01
2.580420809456312625e+01
2.486668715348753267e+01
2.309376505212880204e+01
1.350333985570194173e+01
2.581418952616724738e+01
1.020266161426440910e+01
1.731495763030064339e+01
8.552004725306325383e+00
4.253882822579704737e+01
4.285901157164344966e+01
2.696733692572059127e+01
3.919734337436428007e+01
3.300811327391350858e+01
3.322863930895820772e+01
2.908031246846559270e+01
1.216059625839029934e-01
1.560700559394990705e+01
2.945437741418776056e+01
4.006260999699574654e+01
2.553480277572700885e+01
2.187373279643347956e+01
7.564293006040742284e+00
2.560300994103916850e+01
3.156861416419722843e+01
3.140012346768605411e+01
-1.019974510909221976e+00
1.655081058333286137e+01
1.727379635316079387e+01
2.079800886274796312e+01
4.499806640366355026e+00
-5.461667000214585954e+00
4.431165662181984999e+01
1.365990676490390499e+01
2.133192575638172883e+01
1.953794347405212761e+01
3.728632862949902460e+01
6.271943799128816721e+00
1.547137409516053452e+01
3.954205764037082815e+01
2.718583697517498976e+01
4.400543411797941928e+01
2.062360296066789189e+01
5.199440189715662797e+00
4.531658629188063969e+01
1.198305034252276791e+01
5.716016801487342036e+00
-6.914565672034918009e+00
5.496924602754688038e+01
3.587645825551120282e+01
6.678382694131674668e+01
1.607420845817980037e+01
3.550666250762942866e+01
2.314110288695160023e+01
3.247943998296260304e+01
1.272617472944202532e+01
4.321227575402316745e+01
2.739354997120290491e+01
2.860584641684869922e+00
2.667923562416028460e+01
1.645142261503202974e+01
1.933325989899229924e+01
3.113023359495006304e+01
3.021283340569885212e+01
3.816932479758202845e+01
1.601765879615862787e+01
2.758153845016719785e+01
1.403251396124474226e+01
2.519789111811412852e+01
2.145644182033887404e+01
5.040068584721520750e+00
1.709793833285529274e+01
2.488379105503020128e+01
1.264131794345182058e+01
3.944817753063684052e+01
-3.808396417942823575e+00
-2.216013430168960241e+00
2.195812256887464642e+01
2.626363370140451892e+01
-1.282047363695074438e+01
1.923176991139656877e+01
7.803141018309574406e+00
3.158262583411293178e+01
2.302371210534584733e+01
2.378297252991178823e+01
9.755019897622732472e+00
3.244509832414885864e+01
1.815663077198060193e+01
2.510791329846985320e+01
1.532891999634885849e+01
3.912240036360806528e+00
1.907218850356425932e+01
2.256829064978127874e+01
4.599606681217633053e+00
2.547729491302388993e+01
-2.117088679162966969e+01
4.411856539859812187e+01
3.726333042569979170e+01
1.885096702114420708e+01
3.450740229292627959e+01
1.957551150922657968e+01
1.179703656188248395e+01
-3.228075722647890444e+00
2.507282203268836795e+01
2.128144832034100986e+01
3.769020385990308597e+01
1.937137890429469422e+01
3.210369148466838851e+01
3.181932898834424606e+01
2.870919865906000368e+01
1.176890902832241181e+01
1.311725994122408956e+01
-6.533329879030180365e+00
1.621503555289486798e+01
4.951575235365325511e+01
1.615272762673326667e+01
2.490589716348979721e+01
1.993708090712681624e+01
3.210151484654954857e+01
2.546580827320995510e+01
1.375445955943903442e+01
-4.300750253182492600e+00
3.342168789573364052e+01
1.200947965585307387e+01
1.081515958992595472e+01
1.474475260091968565e+01
1.470444398364795546e+01
3.467489267973774503e+01
4.075362327950490737e+01
4.742192102124258213e+01
1.739844612170866256e+01
1.925833409656980066e+01
1.359544715174864749e+01
-1.605269596769909413e+01
2.735535943291715100e+01
1.460765469404341843e+01
6.037916521578934237e+01
-2.054430153947812698e+01
2.287417222439134079e+01
2.037364103471920274e+01
8.712025474318533469e+00
3.551569561266071418e+01
9.828494226054784733e+00
3.471578390051643481e+01
8.935620235005623968e+00
2.702082774972777202e+01
2.820911655112399785e+01
7.623320433496436621e+00
2.997896004111084522e+01
2.015164845009111971e+01
3.866370835435641595e+01
1.285026167020366827e+01
2.680701746034551647e+01
1.560494535416406237e+01
1.747530375265177938e+01
2.810725878401354194e+01
1.498942876774616906e+01
2.860157333867712026e+01
5.235157646971035206e+01
1.859456857530435414e+01
3.741023420119923770e+01
5.488133362981314889e+01
2.005538784077517178e+01
-6.604626493101100948e+00
3.640210429905927469e+01
2.245378185058282128e+01
2.948941801106246174e+01
-5.721700322912358416e+00
6.265349725143735071e+01
2.194774740688573900e+01
1.579082832637558553e+01
2.372990282281793739e+01
1.927237783877683341e+01
2.115127534366660100e+01
-1.350472981944015771e+00
4.517462009718056493e+01
2.502582304354931608e+01
3.835248333832114298e+01
1.656086754300538288e+01
3.600621021737455862e+01
3.229616825798073876e+01
4.346194226379822112e+01
1.638853433445493835e+01
1.186007370777427106e+01
1.211851957470149799e+01
1.125048283079222777e+01
2.392661279143461783e+01
2.928680856366653273e+01
2.981774752841225506e+01
2.288430178519997682e+01
1.382674537327217479e+01
1.856509124517485887e+01
3.057362996330590832e+01
4.401735430208830735e-02
1.069100305446969656e+00
2.688561041575669819e+01
5.263021698733864184e+01
3.989420535716742222e+01
1.180389917263049071e+01
2.505989464643654685e+01
1.944800816154921819e+01
3.938665873504436377e+01
2.417127118623342596e+01
1.169562931904935077e+01
1.510185858304622641e+01
6.473966356964251645e+01
4.817306967473821544e+01
1.289892650607417934e+01
2.227669075968623957e+01
1.362184707979495712e+01
2.983680220117197734e+01
2.379222385779058513e+01
4.423863399324950052e+01
4.552225990441352366e+01
3.348188396643088538e+01
-7.084163652549868573e+00
4.073810514724583243e+01
4.127269337560952067e+01
2.255299523106393167e+01
3.379064138890964131e+01
-8.069230087776588789e-01
1.904102027130423735e+01
1.553947412187165078e+01
6.148604910080125663e+00
2.670555492190863589e+01
3.411616016519748484e+01
4.918564993313900402e+01
4.191724448627736876e+01
3.726224732644581650e+01
-4.432058706642990842e+00
3.062828517132059858e+01
-6.340778781973302358e+00
2.370656415592167576e+01
1.675097984721657696e+01
4.470656283100029782e+01
1.373782974148607394e+01
2.283412504899476048e+01
2.838282807772025151e+01
3.367671836042909206e+01
2.481576478092958027e+01
2.801733880364932006e+01
2.342448006004513061e+01
2.300709221825136552e+01
2.009476192921829352e+01
2.128924004770422940e+01
-1.193534811282013663e+00
1.631303324188731807e+00
2.940503121617698312e+01
4.189841537981848774e+01
-2.912997544577546449e+01
5.371750889525178252e+01
1.688943319358401141e+01
5.793181403535680118e+00
2.951646599260494241e+01
3.681556195415402044e+01
3.043791133633777335e+01
2.544091442986547591e+01
2.069309872940720041e+01
1.596851170416049115e+01
2.513984786568717666e+01
3.639005493714569894e+01
1.377980501472988983e+01
3.791168291206999896e+01
2.977860234559096142e+01
3.552634720397658441e+01
3.867299465284018822e+01
-3.445239013678957463e+00
3.919394240104361415e+01
1.544399849929431312e+01
1.439792246179172608e+01
6.876849315346042602e+00
1.703366573690719221e+01
3.057004299031418171e+01
1.953540342781976946e+01
4.043036017947057559e+01
5.798400935032944403e+00
3.776933645594841948e+01
3.222224703758593023e+01
1.343590458591475745e+01
4.000280377340335036e+01
1.830237843212390203e+01
3.228752450671414920e+01
2.693681639227265734e+01
1.322113368526791533e+01
1.453765270645884478e+01
2.708896574105597921e+01
4.158503545124732881e+01
2.960635717284126045e+01
2.144318724939054377e+01
1.889488682083190696e+01
2.878913701736756181e+01
3.680697440341870674e+01
9.509474068218027654e+00
2.323828662247693444e+01
1.948466528024568589e+01
2.138257763179661097e+01
1.837629826462265470e+01
2.154210921111948807e+01
3.172652168071948253e+01
2.433976511924733188e+01
-4.245563012472647557e+00
1.739212938286175358e+01
1.817989806633680772e+01
3.451412905065517123e+01
-1.557717885026509208e+00
1.833063882112827869e+01
1.493039105163116531e+01
4.511949038011735524e+01
2.630815786970300252e+01
3.586567990102825831e+01
2.164545216877418454e+01
2.245905279993191428e+01
7.201234922499512692e+00
9.244957132691990154e+00
2.965180769330434174e+01
2.462599644823433565e+01
5.655046977038575307e+01
8.185198757563783900e+00
1.078158070462385432e+01
-9.170598474890816476e-01
3.528152298875010473e+01
3.596002426549450348e+00
2.409732336251224183e+01
1.464986754291575721e+01
1.585546564454334373e+01
2.621560582153070484e+01
3.625226395919419531e+01
7.414503589230054814e+00
1.039688833252405153e+01
2.600067169697122438e+01
4.893013587509285856e+01
1.328550696858749269e+01
4.231655098636760215e+01
2.986756520939402293e+01
8.152179498175057049e+00
7.643845401203689605e+00
2.557106610585270090e+01
2.181457068128837307e+01
3.050216978793965339e+01
1.802781391990253113e+01
3.247254531743426753e+01
1.726654665043994896e+01
1.941613734535771485e+01
2.552294290401884780e+01
3.203235433997141257e+01
2.345655560826292430e+01
1.717489165014161046e+01
1.950572212528583549e+01
3.197986673033602756e+01
1.450630902089379859e+01
-2.061598964497566300e+00
2.543288868823870530e+01
1.294939040689898313e+01
1.161676404398086504e+01
1.973483937299991808e+01
7.694678190700537712e+00
2.095442182509658835e+01
2.340373394160695142e+01
1.521349617708486690e+01
3.631528873502887933e+01
3.742042234004032508e+01
4.555688471412788232e+01
2.360902821154186171e+01
1.028399613192570605e+01
1.723557522285748433e+01
-5.773847795406776839e+00
2.344423762279930656e+01
4.678199132832774865e+01
9.391042459207518789e+00
3.470619273440964747e+01
3.635557104071716594e+01
4.030433589247201809e+01
3.425267655208206463e+01
1.825860747057740596e+01
-1.082637160810867272e+01
3.328578031326324549e+01
2.604336962404440925e+01
4.009239208984825353e+01
2.343740258353168571e+01
7.335100090039578191e+00
2.072529557750559803e+01
2.763191549850645146e+01
2.643534487411582745e+01
4.117874949840476262e+01
-2.527381403999839193e+01
2.528718953769423550e+01
4.080574535056840091e+00
2.317971450283507195e+01
5.907252946269107241e+00
7.012458965381804887e+01
2.249322458860316232e+01
2.573574162384996100e+01
3.001044268584929853e+01
3.679642020103568711e+01
1.096777875580786166e+01
8.878059633974078935e+00
2.696362028158682733e+01
4.042510525430743940e+01
1.787142909101029886e+01
2.512154903873846834e+01
-1.440856815355189013e+01
3.166311676861587188e+01
2.913729477100401510e+01
8.742590660554689919e-01
2.197108376842997401e+01
1.168706342118217734e+01
4.212784779905580024e+01
3.894459885397033361e+01
2.014150208121770191e+01
5.147369818498273730e+01
2.271518181241156853e+01
4.320333183580402192e+01
2.451710140195091725e+01
4.574917118437396368e+01
9.613321445782910146e+00
3.156959232892481992e+01
2.260573715055784305e+00
1.024435146000112695e+02
3.261699010005501975e+01
4.211683261802448897e+01
-2.527479146452792236e+01
3.217276220317341284e+01
2.722902920797878323e+00
2.138837554643388117e+01
1.545458888157238420e+01
7.841274240249129335e+00
2.368678125498969322e+01
2.924417160748662070e+01
2.481101706701854681e+01
1.425796919976708743e+01
1.689352489080755504e+01
8.429917148512364733e+00
2.096364121716661799e+01
1.776000499912563058e+01
-4.425286847535460311e+00
1.124578267917763696e+01
5.354598669630247798e+01
1.881340601251990208e+01
3.057285743142460888e+01
3.817492389088539539e+01
9.603148837711973584e+00
1.901070104001889050e+01
1.932337844545464023e+01
2.103213680164909505e+01
2.939690235030415266e+01
2.951398273042621412e+01
5.019927816995426895e+00
6.067983236086715237e+01
7.016647930557844859e+01
2.544308516213147797e+01
3.286309868487430208e+01
2.637198052231470058e+01
2.497098498915925546e+01
-1.252450849732855431e+01
4.577095579451159324e+01
3.078852189355987434e+01
1.653706131967494031e+01
7.088529589759749783e+00
3.060355223794937984e+01
2.660108498733653448e+01
2.460684638337881580e+01
-2.037783319066858212e+01
1.641942066997474825e+01
3.088172707755645874e+01
2.623780000318016903e+01
3.569820641893652180e+01
1.076470021081062178e+01
3.082807900780296961e+01
2.971046969801454196e+01
1.483305000033018928e+01
1.378527587456973791e+01
2.668917763100587592e+01
-1.528500761339881109e+01
3.718297489745663142e+01
3.629560849704042624e+01
3.111952411414522146e+01
-1.329352866722838655e+01
2.743681160910845307e+01
4.090050112188595932e+00
4.842791214665969335e+01
4.196176411509034665e+01
2.671007482797241650e+01
-6.932064985235705024e+00
3.970294548216928376e+01
2.749311175557951259e+01
2.014819143208484675e+01
9.098995379216908930e+00
4.266910625564111825e+00
1.114134363618193646e+01
1.862326497972536998e+01
4.533826771915151710e+01
4.387209933278093388e+00
1.297617009986777070e+01
5.189970409530029372e+01
1.259151443014772198e+01
2.708435055113850964e+01
1.117083228582807664e+01
1.707424983333256563e+01
2.565250927489297084e+01
3.178347013747709582e+01
-5.431893244075467919e+00
2.747870941685482649e+01
2.940042109588569019e+01
1.697919163516027652e+01
-1.484943169555394604e+01
1.977939684734935355e+01
1.736429241602994722e+01
2.792700263252923421e+01
1.939693046507845509e+01
2.303704886935400964e+01
3.899155310608063019e+01
3.761624550953029456e+01
2.317492400561490129e+01
3.081987285760096995e+01
2.478028384634867010e+01
-4.753572607489477519e+00
3.249061836500097655e+01
2.338466579771484533e+01
2.386211873182556786e+00
7.224318312594080638e+00
5.527214426426475313e+00
1.563582710949562049e+01
4.348411317717174995e+01
2.072581516608635610e+01
3.357525652757776413e+01
3.259551681744864027e+01
3.223542811759677562e+01
5.578870835922280946e+00
4.820531778930531175e+01
8.511378361501247269e+00
3.883662595431594866e+01
2.319326934433886578e+01
2.556157569449217704e+01
4.197359154332003328e+01
2.543380140836238112e+01
3.415563307743767751e+01
2.236994245534592807e+01
1.995893244085631579e+01
1.845144795227748347e+01
3.518423446769524077e+01
6.647265021235675420e+01
2.660562177508790072e+01
2.504902354469961168e+01
6.005102036614677985e+01
2.106934160077907592e+01
-3.844421637854200213e+00
3.925079231030026961e+01
4.222250619716284348e+01
7.063331515549499784e+00
1.691189184806340151e+01
3.804838836286236869e+00
3.451910936694387999e+01
4.358837436907603546e+01
2.543500320764686151e+01
-1.204161445957834076e+01
3.684397993931774096e+01
6.036479385761174399e+01
4.438689924693153444e+01
1.621017126585093493e+01
6.223865436413642982e+01
7.600489418175406797e+00
4.141956189022568680e+01
1.298687207723915016e+01
4.463680011257057600e+01
4.612396646444177151e+01
1.867649875884298538e+01
3.039336469536948471e+01
7.353136499011250748e+01
5.060560365347046741e+01
4.697138074937136309e+01
1.880807900239423702e+01
1.043883635216223738e+01
4.325861150324931259e+01
1.913897852009114686e+01
6.463737807794171886e+01
2.586451839728314894e+01
2.786627840020079105e+01
3.006356173707626667e+01
4.863779846618501779e+01
4.358441815636558658e+01
1.455642778824832639e+01
4.502174869015306058e+01
2.814222806749181416e+01
1.465622597513896253e+01
-6.327849971364464920e+00
1.363076465788206093e+01
2.234134947171999386e+01
-4.550169826813576179e+00
-5.050036706434339351e+01
3.800569846784571837e+01
2.856490406774262070e+01
2.466887741787611432e+01
-4.030955135698057745e+01
3.881905492683275583e+01
3.175798709395555619e+01
3.406677446147929800e+01
2.390666703518762759e+01
3.996587798514163126e+01
4.303221791594192780e+01
3.240895620795876653e+01
3.243889280027266153e+01
3.400081316264693498e+01
7.052799166851340829e+01
7.978877587205644772e+01
1.238806059179501595e+01
1.677660484590265355e+01
1.475884753839234875e+01
2.251684847135888035e+01
3.052783040621072530e+01
1.477700769672143366e+01
1.551477260599815011e+01
1.466376478056539057e+01
4.920323078887533086e+01
1.381169619124889891e+00
1.935242784750835909e+01
1.771288867454498828e+01
-1.453558562953568867e+01
4.927682659826095346e+01
3.013844947486296988e+01
1.494270692119217614e+01
7.929049365585433407e+01
2.061553751163813430e+01
3.437523733481171462e+01
1.862058198522289132e+01
2.824563223710161353e+01
3.998868128346094863e+01
2.337284692500386640e+01
2.338864521857744450e+01
2.822947346114333556e+01
3.060749639723067617e+01
4.209166319050940785e+01
5.243182570495588379e+01
3.830187595316553484e+01
6.873763785252131697e+01
2.179962398380147093e+01
1.414919777762205122e+01
4.668247719955202513e+01
1.752704552762254053e+01
4.423922065416857663e+01
3.799957172092749857e+01
3.514173821688405752e+01
5.698100172881961356e+01
2.727341459058242634e+01
3.335958180567254772e+01
1.108231566501674514e+01
4.611403807706948044e+01
3.149326851708620012e+01
-2.299641554359373430e+01
1.395601535104748869e+01
1.701029600908326245e+01
2.759468390300784435e+01
5.503384731840558430e+01
6.945102211259833780e+01
2.030019113884218740e+01
4.950039240042030286e+01
5.253077213088825914e+01
5.273267468283266979e+00
1.528701293459930000e+01
1.568668321328678239e+01
7.850355318234781166e+00
5.164117678026296687e+01
3.165896775100166138e+01
-1.519976030284073687e+01
6.937546736029850081e+01
-3.361439281232147636e+01
2.454386114296433519e+01
8.863909022809015426e+01
2.603581146030409599e+01
6.265950732707947424e+01
2.689733744384984604e+01
3.495155613972639941e+01
3.038955065293223612e+01
-5.089029137784208956e+00
5.255377849223341968e+01
-5.826105743399786263e+00
4.369516665757329577e+01
1.843554860255182248e+01
5.269945112592434810e+00
2.996168975670646262e+01
1.599852318199445733e+00
3.457310452396222900e+01
1.056162262568676447e+01
3.305531092498597445e+01
-1.850754723421218273e+00
1.738989114951577619e+01
2.585736039677095022e+01
2.836251361532871229e+01
1.540894608904726404e+01
2.275799269364036093e+00
3.052468784141200686e+01
4.968294887948371752e+01
7.966828214331576419e+01
2.281195680360482925e+01
1.926790700645494070e+01
3.942546813528607430e+01
2.758601006254746224e+01
1.160440337470365613e+01
-4.537230582913213794e+00
-1.544018936664245700e+01
2.666503520851165376e+01
2.317165657636320830e+01
6.404987097873632251e+01
-8.489917669973614522e-01
1.814888282053460244e+01
3.455060591016517435e+01
2.511639217788525258e+01
-4.133613381025064371e+00
-1.366932931062110299e+02
1.086468944112690238e+01
2.224658474247571860e+01
2.635888129873560359e+00
3.961511448006612568e+01
2.715496984348049381e+01
2.519491912708611281e+01
2.657412929164077298e+01
2.032023288520981907e+01
4.746892595588828101e+01
7.574950995326677372e+00
1.752115340163995327e+01
1.903193022155383574e+01
2.944566777988627493e+01
1.416472194208115098e+00
4.701397569138003973e+01
4.046917555110526621e+01
-7.296270580800388927e+00
3.161960603595120745e+01
1.321421926479178666e+01
6.799819747910934353e+00
3.434976909878276530e+00
3.682602095709111012e+01
4.575157050073283216e+01
-4.895853820122237465e+00
5.396747559155731011e+00
9.312411062727143474e+01
7.072668380802548427e+01
2.068685837677598727e+01
-6.853673035108602818e+00
3.823411499636013389e+01
8.272171584475234596e+00
6.123350699848153766e+01
2.354069777762511251e+00
4.798028216894323350e+01
2.670663000073611215e+01
4.865098517614072904e+01
7.917358510174250341e+01
7.414074030257702930e+01
2.139657421333171428e+01
-1.528150409556124600e+01
2.870355992536443779e+01
-1.116848137256769036e+01
1.908721666310399812e+01
1.792851917004266937e+01
1.060517191232964862e+01
3.121280552491059268e+01
9.944768854882671150e+00
5.107595402160939102e+01
-4.949427649118053552e+00
6.881121360946918841e+00
5.275985243043358253e+01
1.234893292011231480e+01
3.944032435102879219e+01
-2.481022582802438592e+00
1.141374985524392294e+01
-1.139536567393439270e+01
3.373728855742596977e+01
3.158754741770299646e+01
1.043259267410437374e+01
3.448090521819816701e+01
3.706270119376898720e+01
1.938197623190244201e+01
-2.232369848644245280e+01
1.537037681536304312e+01
5.327237427677237491e+01
4.385987554195342142e+00
2.245696423400175945e+01
4.889708221293015811e+01
5.702361690086216583e+01
1.091522378778965141e+01
3.421338950791479760e+00
1.307880987671589246e+01
5.289142397473335677e+01
2.841039595830195452e+01
1.589103931989193086e-01
4.083699617019340167e+01
5.797130220071399975e+01
1.460008190449155308e+01
-4.235993203844355293e+00
1.940222594283849844e+01
2.587959370096820777e+01
6.977545458847615123e+00
2.508017508441289678e+01
1.419696764201919947e+01
1.286909431311994645e+01
4.098627940419584093e+01
1.353418619461758787e+01
2.753543101914043945e+00
9.183672425094266956e+00
1.289169820150100776e+01
6.010827819606601707e+01
3.641114279566134826e+01
-1.062455071559715947e+01
5.167771236074985097e+01
2.188959434555830796e+01
3.412397447575507670e+01
4.878671639252520009e+00
3.059994158255746655e+01
2.822195437954589892e+01
2.409448680121643349e+01
2.292209577712717916e+01
2.472375854432246456e+01
2.632402270788361420e+01
5.862989899903436708e+01
-1.516444891834169084e+01
2.621717563054663103e+01
5.945088849021438193e-01
1.607050477693812951e+01
1.176326058973297606e+01
3.093985529285868807e+01
6.863690837856466942e+01
2.736315185226463953e+01
3.109518505110425579e+01
4.688201571356193398e+01
9.107760278112624519e+01
3.863799286656794152e+01
5.690579172221152504e+00
3.354413842188714767e+01
4.892407217206294234e+00
6.173555945573156123e+01
3.214153889176041901e+01
3.215921487490847142e+01
4.330740923891878680e+01
1.813840285196571855e+01
7.864117805239782655e+00
-4.323792560989041078e+00
4.191575258945988480e+00
-1.014067963170941056e+00
2.624221114736442928e+01
6.358634418768353669e+00
-5.907779415237364162e+00
1.052272578465965935e+01
1.898605754891940478e+01
3.704672353621761260e+01
2.950006728283987201e+01
2.847208032751156281e+01
2.861254064901921979e+01
-1.872320888400700056e+01
1.314896074662338776e+01
4.734033105928708096e+01
