-2.165357704117977988e+01
3.207521405151204874e+01
5.998696064132553118e+01
1.263683494820140680e+02
1.814373802753958387e+01
-1.063144377501980102e+02
3.881644187170851978e+01
4.606171156331659944e+01
3.812818843285671022e+01
-1.054799129408690703e+02
2.457357133209131916e+01
-2.197814661804896161e+02
7.794755253698609465e+01
-1.100065909715958412e+01
-2.876321004002159754e+01
4.015499968255191732e+01
-7.253805163172515336e-01
-5.815860299430336511e+01
1.830444493694774621e+01
8.806602346066097198e+01
1.781118740065767270e+01
5.895213550330266372e+01
2.841870459168490726e+01
1.129551564480423167e+02
-3.704172475809767917e+01
3.384316730719464772e+01
8.246515836603947491e+00
1.548779820339742486e+00
-3.778876261025435213e+01
6.672745607078655716e+00
-1.797525327510531667e+01
3.647492239931910518e+01
-3.990826512260776227e+00
9.256773477397761241e+00
1.223536460458064035e+01
-4.017223373488745253e+00
6.228392024611801503e+01
1.552094157042445310e+01
3.607993044070875044e+01
-1.188003255165043726e+01
-5.156362559018948843e+01
1.943525298243980970e+01
1.674170613119852824e+00
-5.674749459608982960e+01
6.025031912639510523e+01
1.763998449271370816e+01
-1.367046850667672686e+01
3.493231091841774116e+01
5.627681420619082786e+01
3.133062401642589201e+00
-5.931983137099359737e+01
-4.080256442930350502e+00
1.236563920368906366e+01
-4.569443586088233644e+00
-4.787565303039993836e+00
6.110172411190114161e+01
2.938903333149215413e+01
4.459683257211011664e+01
7.071274297199278180e+01
3.321522231108397705e+01
4.120920079720144003e+01
-3.252526256479661093e+00
1.754443687306770983e+01
9.939494437000512050e+00
3.289620034240217095e+00
-3.524172672104086246e+01
3.734834378122573639e+01
8.852538484163417820e+00
1.520131939691902900e+01
-5.012551966633507305e+01
-2.372761753129950790e+01
2.810911598901676101e+01
-5.493008057173596370e+01
9.196900604669284718e+00
2.452913528247006703e+00
1.156763076160337000e+01
6.719458531417814129e+00
-5.150992776552774544e+00
5.462932483702841324e+01
-4.028731860460290193e+01
-1.006910866876142485e+01
-7.728283050371146601e+00
1.477723834229479039e+01
2.901025785406191559e+01
1.535232279722966453e+01
1.170542161051526620e+01
2.636965146182976838e+01
4.069004643574047009e+00
-1.168545802046873661e+01
7.170979010481993932e+00
7.223229664592372501e+01
6.738362056218440443e+01
2.478406223742266690e+01
2.978261166132014637e+01
7.074162334438017297e+01
4.224282264744460491e+01
-6.161921210684534245e+00
-3.316181751241224873e+01
1.423535023633439600e+01
3.800766010894903246e+01
-4.189816615764296870e+01
3.458577160430245101e+01
9.612459106408008935e-01
-6.653985486434015328e+00
2.029646567535014512e+01
1.402775685004459660e+01
-1.711455240458926141e+01
-8.661553938649058537e+00
-5.345634611657761326e-01
-1.026577537367269599e+01
2.119654441815165669e+01
-5.288992522762951154e+01
1.357037861356944575e+01
4.733230908068998843e+01
-5.007398686378463992e+01
7.639271786287314114e+01
-8.361525903687301309e-01
-2.445725026911923727e+00
-4.267448050758444467e+00
3.613317797658945096e+01
-6.094731364234187154e+00
1.160441732178806689e+02
4.854027113631688195e+01
-1.085307812913855230e+01
-4.388511560699436131e+01
4.253539696213631771e+01
1.874856288838018514e+01
-5.721031096930102677e+01
-5.827577854129759771e+01
8.902222365621728528e+00
1.958283651530524416e+00
3.156631973696740534e+00
4.187490974129276822e+01
5.406153798396415411e+00
-1.236146917274244572e+01
-5.556310321216025017e+01
5.295615664860338967e+01
1.076052157717837154e+01
-1.118631047040730131e+00
-6.771255183009377276e+01
1.175344707441296421e+01
1.122467107167114264e+01
3.509240275216525617e+01
2.727220199545016488e+00
4.642175114848091866e+00
-2.272222894616325206e+01
7.854594200715945718e+00
4.957433444122976596e+01
-1.639158255085728300e+01
-1.848338451296076812e+01
4.830503470471715843e+01
2.946620848013897032e+01
2.269934066944265538e+01
9.171428849005936357e+00
-1.280612911952307797e+01
-9.614364857903105133e+00
-5.125447630855082792e+01
3.289819249968672477e+00
-1.498941824823731750e+01
2.071047178050558557e+01
-4.294455882552987447e+01
2.810398020740242941e+01
2.619402820450366676e+01
2.227486300762635096e+01
-4.357275586010675994e-01
2.428753338012872831e+01
-3.926261822618233310e-01
-1.095959316724703925e+01
-1.479120154871933046e+00
-4.652830805605472619e+01
-1.939131149010436417e+01
7.566318664627483592e+00
-2.515027050252547802e+00
-1.352312563313794413e+01
9.570857755897160146e+00
-9.287963071852161079e+00
5.291068648797541130e-01
9.575703207933816685e-02
-4.508441033950956722e+01
-3.896810082884406512e+01
-1.165306588540808264e+00
-1.186468384721056424e+01
-3.546604684978587585e+01
-1.146308683947922802e+01
2.822474747467309797e+01
-1.662788736307729209e+01
-1.187766564584766016e+01
2.785222954541251639e+01
-4.286231862533699655e+01
-1.070389113863799047e+01
5.749861948850659488e+00
4.556719317304469996e+01
8.091343080440792335e+01
1.656421368159723784e+01
1.070941456346226595e+01
-1.655269696707950189e+01
1.511028895765944746e+01
5.055403585631417229e+01
9.903730600902424186e+00
2.278899821361490385e+00
1.259758715960987985e+01
-2.368818321564846840e+00
1.963886112163976350e+01
1.194286935398182337e+01
-1.094479983514884047e+01
-9.703060024795965077e+00
-5.976632735848338029e+01
-1.832891657179667888e+01
7.627802327428655715e+00
1.070139680124792569e+01
3.105642193880454016e+01
-5.996915587164524553e+00
5.379539551275716036e+01
5.151672492069137910e+00
-1.005458997622063677e+01
-1.346276172339371158e+01
-1.095749560125572941e+01
-3.833244113064833414e+01
-2.015825348324980837e+00
-2.112693368707809327e+01
-8.308386114683983692e+01
-9.016378665061136388e+00
-1.376447710808835367e+01
-9.454914753160503338e+00
-3.516746555262476370e+00
-1.479159495215432685e+01
-4.196832498602238815e+01
-1.553520354925829139e+01
-8.436739296608209315e+00
1.782364826502884725e+01
2.490965834889250630e+01
-8.833975345072426322e+00
-5.811057875978795195e+00
-2.336646414533057836e+01
-5.962551126262447099e+00
-1.170900012922667699e+01
1.938119723877473888e-01
-1.051856860171271180e+01
4.577397609157634051e+00
4.368223262298173815e+00
7.955337658231447051e+01
1.096612908689260735e+01
1.949583669812360753e+01
8.626094035444367591e+00
-1.615549623257254197e+01
1.588277206801548935e+00
7.338711378759876425e+01
6.175897935164045549e+01
5.502431764040331785e+01
-2.398639516908212954e+01
8.508317128992942457e+00
-4.442620429548900773e+01
-3.127979839346753010e+01
5.098821817283245394e+01
8.383401604591904288e+01
-1.810816097485715659e+01
5.090902919445834840e+00
-1.239637042896550767e+01
2.194039676705639152e+01
1.071534244301340522e+01
3.213889477318144827e+01
1.359535056429948874e+01
5.669340926027741645e+00
-3.599819612804351721e+01
-2.788846762342897634e+00
7.540514592405164862e+00
2.742129559928966742e+01
1.514322979585140061e+00
1.443122741211881177e+01
9.445852347370271573e+00
8.870134245667051331e+00
6.298293514221068534e+01
-4.012665656516068680e+01
3.568744224044132096e+01
-4.196582212024868852e+01
8.108575596852902834e+01
-6.381344572806631277e+01
2.564200029537217773e+01
-1.359273094803831228e+01
-2.344880411385903862e+00
1.118663907942413260e+01
-7.055523823368702097e+00
-2.517898163051923888e+01
5.155321802156161759e+00
1.729606353902625315e+01
2.056611825005467864e+01
-1.290030155547167112e+01
1.772618997336212487e+01
6.014828859176372333e+01
-9.447625762935025762e+00
1.972342241698244436e+01
1.602366513981903751e+01
-2.142951756633807747e+01
3.176796906021825251e+01
-1.481832564161045696e+01
-2.506237040568003138e+01
6.135287160783367000e-01
-2.258288854118013234e+01
-1.662138052729505588e+01
-6.607307607517984849e-01
4.409650970640807088e+01
2.174599898106096774e+01
-1.344719168535830534e+01
-8.936814090453051307e+00
2.493257153058426212e+01
6.091508083189913236e+01
1.078872104166394763e+01
2.279376776955599837e+01
1.121581295924873345e+01
9.414556562626072989e+00
1.278325808639644912e+01
3.586408020528494944e+00
1.038894504984943445e+01
-2.574489229580774108e+01
-1.814855053675789165e+01
3.163215000726896164e+01
-5.060328323761794422e+00
2.816040622255172821e+01
2.496421683299080740e+01
-4.539716572098342340e+00
1.825398522952388802e+01
-1.168061950231308543e+01
-8.447985972905613039e+00
-2.936645444470087796e+01
-5.701874605809569374e+01
-1.589816756621393168e+01
-8.909230384526365398e+00
9.499461108574045909e+00
3.535206164036338805e+01
5.456967708429935726e+00
-1.058618911757169379e+00
-2.321153239737628482e+01
3.231126534808270634e+01
-6.695091302280030021e+00
1.913180492335623484e+01
1.935556022563809009e+01
-1.038671692393036494e+01
1.314880073543399774e+01
3.395023561686384994e+01
-2.541134488620065923e+01
1.616630867206980327e+01
1.170475969819795381e+01
-2.861864004034868003e+01
-1.157338935264930413e+01
1.927145840231588636e+01
-2.405644899835692385e+01
-2.431215740125416858e+00
-7.756050698047483039e-01
9.626953526150378693e+00
9.358931505691764130e+00
-1.911487595275378482e-01
4.282988254907709802e+01
8.160537951683744851e+00
-1.383742746614913344e+01
-1.692046914915454536e+01
5.458452692479333024e+01
6.621693404967773589e+00
3.283825821674886214e+01
-9.187057159400850992e-01
2.949059915665235110e+01
2.452956365941632555e+01
-1.209050491151048590e+01
2.308975846354504036e+00
3.571608898858497128e+01
-1.633973676887818627e+01
-2.214718499018699660e+01
1.654074435384440278e+01
-9.420497118581819151e+00
2.945838452360333903e+01
4.087512150407191314e+01
7.442394334386962740e+00
-2.554211856627052768e+01
4.075797740919158940e+01
1.132470005777521216e+00
7.834148198140722386e+00
-2.488649311912723761e+00
2.989023518848129868e+01
1.192301567995439981e+01
4.846469691235984811e+00
1.045974004681851532e+01
1.205288997053742861e+01
-4.979415902312180009e+00
2.191317893299224195e+01
6.976672911719955295e+00
-7.145956129508494570e+00
-7.883191664853598013e+00
2.485689328432148315e+01
1.995860177251086043e+01
-2.221607975181310835e+01
2.911602427699658691e+01
-1.701793816187972297e+01
1.282815803645588559e+01
-2.339803103337087720e+01
3.757844095011999030e+01
-3.860993136799309156e+01
1.866943327412552378e+01
-1.005971656180334861e+01
-8.454266349970742667e-01
-3.575945462653875140e+00
3.838016579440667897e+01
1.067949624284376853e+01
8.874580182659297378e+00
-1.331416140747565535e-01
3.022224933823462578e+01
1.803393051471825004e+01
-1.582789991880583003e+00
2.854548043355590536e+01
1.138657687535777363e+01
-1.659911042592167973e+01
1.578895045537830377e+01
-1.761453146715678741e+01
-9.756821326598456778e+01
-1.588442776231946851e+01
1.206285247826306417e+01
-2.680070020888975790e+01
1.764619026633296528e+01
3.106368900272887146e+00
1.316803608612332255e+00
5.752395142155464214e-01
9.705418579492967268e+00
2.360666349003393449e+01
3.710033448175023008e+00
3.753237406996156267e+01
-1.612670548187892194e+01
2.846721643669625124e+01
-6.851184112926496539e+00
-2.228989410703939811e+01
1.590585639411675878e+01
-4.420507664270164838e+00
3.888736951363895855e-01
3.408108260346452312e+01
2.121764739977218817e+00
7.516693178902961847e+00
-4.157208091495320446e+00
1.096359711240516965e+01
-7.634939370769380673e+00
-1.161601612915687909e+01
9.759957077913425039e+00
5.660705749118253749e+00
1.625421293792705058e+01
2.618766810884269702e+01
2.172806933258597084e+01
-9.651077281072661052e+00
3.670688727656461481e+01
1.870123498508097626e+01
1.642613264986094723e+00
2.078186744200750979e+01
9.049118269517826718e+00
-2.225297418164481300e+01
2.310273973053794094e+01
2.591554042357163468e+01
3.732520970197500532e+01
-4.129852164707359208e+01
2.929747898198403888e+01
-8.986955475803288351e+00
7.765423648442162374e-01
-1.162742610771337581e+01
6.002163616674116575e+00
-1.573808323484516336e+01
3.707270633897223888e+01
2.197793471919321817e+01
-3.934453117457027105e+01
-1.695762693269633914e+00
7.898059221857788259e+01
1.677728997114051168e+01
1.460662528226290569e+01
3.949295376989700657e+01
7.155059300659344146e+00
-1.570553523201949631e+01
1.536397792099177906e+01
6.029886454848574218e-01
-1.984435497126301584e+01
3.080033948793088072e+01
1.025308024839775101e+01
-1.344872255426911245e+00
1.607091281419218731e+01
-5.939735617889208896e+00
3.584882496746975278e+01
1.049021087093215954e+01
1.498608668217374529e+01
-5.416428846785704465e+00
1.124893349942541310e+00
2.828708488707721003e+01
8.170906896110698980e-01
-2.597173933174038041e+01
2.989271515463308049e+01
1.491611147893175549e+01
-1.571686167628436692e+01
3.072109045636235436e-01
9.473141635889563261e+00
5.587284642653290057e+00
-3.744134608143514242e+01
-2.583530418040369980e+00
-8.776739060648816704e+00
-3.755436092258106484e+00
1.823210580776243006e+01
2.730441085757342989e+01
2.611546303203500585e+01
2.189162194189405142e+01
-6.089670138745578498e+00
-1.514791049411310198e+01
-2.197424693343192104e+01
2.255096678145406486e+01
5.281055371905196694e+00
-2.363219607704304082e+01
3.546012014573265958e+01
-2.289316283361680604e+01
1.393438477030814582e+01
-1.084480550684989453e+01
1.718255530501323847e+01
4.933518140083492654e+00
1.071053824599204773e+01
2.701891855086636873e+00
4.182164810904286867e+01
-2.288354272470715500e+01
6.337380266917197247e+00
4.492079406997742552e+01
3.159801832011149614e+01
2.568742529739286695e+01
-1.737811402135490013e+01
-5.067159813174393790e+00
-2.443912024390205318e+01
-3.873459794848006510e-01
1.465543940097731124e+01
3.114249148771008535e+01
-3.190707405613819247e+01
-1.545865036383051105e+01
1.789270910039439144e+01
-4.263056041646048300e+01
-1.036562367448348354e+01
-2.239574111989013261e+01
2.221453510097889605e+01
-8.517341994672683825e+00
-5.544657904302875195e+00
2.167287477327431588e+01
-1.349239485278573625e+00
2.113075485311554758e+01
3.186603586541756528e+01
-4.376277814144595268e+00
-1.358985770149572048e+01
-1.108253991138907324e+01
5.968266553563463361e+00
1.198990551002676952e+01
-1.284407764202130764e+01
-7.186933047004131936e+00
1.391101756812986068e+01
-1.323799365451476362e+01
-5.830984508790663767e+00
2.198053366743200066e+00
3.122337599571542555e+01
3.625957529925432254e+01
9.949143465816822740e+00
1.646421136567078136e+01
3.213173812048960087e+01
4.551774034890600262e+01
-2.100389801995602213e+01
-1.845157986297216723e+01
2.500695050058532587e+01
2.341258337316383376e+01
-2.651010612769873376e+01
4.386199652872353028e+00
2.862232038824625846e+01
8.628885067197748171e+00
-6.774197645807543466e+00
1.790045802588873869e+01
1.642886817136975708e+01
1.895387976825524490e+01
1.759263066003897791e+01
4.137641163210981432e+01
-1.373521817968933334e+01
-2.357641468414583841e+01
-9.281591401806455366e+00
9.844968643241642781e+00
3.266576377252047791e+01
-4.166621263684625376e+00
1.346732533516405184e+01
4.600036557287535288e+01
2.844343283887018714e+01
1.486538875853410957e+01
1.738909198591810679e+01
1.866132019019604371e+01
8.385190346874331624e-01
-6.501458636433067539e+00
-4.338340777734716269e+00
7.096163990372578390e+00
-1.580128939318650794e+01
5.037050397253931777e+00
2.554342842921744605e+01
7.861327944032836967e+00
-8.035628947426669555e-01
1.735549099680405760e+01
-1.433628458643582704e+01
-1.852560472341685482e+01
1.718929306223106579e+01
-1.775012823430995113e+01
-1.137349359835917184e+01
-1.422328781785778595e+00
1.891385677727951986e+01
3.484749221985206091e-01
-3.116759532137457711e+00
-1.601202121262204159e+01
1.973998197292110746e+01
2.269806441934893471e+01
-8.968507218986481178e-01
2.274620426146565677e+01
2.806859372459884838e+01
-1.926903667077194626e+00
2.080670630257034048e+01
2.972596059428677506e+01
-7.771984991532946196e+00
2.536959269249881466e+00
2.499947843505181666e+01
5.920096020580835727e+00
-1.578158619429552090e+01
3.430892168178695911e+00
1.181392274617130767e+01
9.445425307441155383e-01
1.926757392141801617e+01
2.273529033432732049e+01
3.208899395706490054e+01
6.666643343428718893e+00
1.870869990397540761e+00
4.002290364223411956e+01
5.791336181626872914e+00
2.289295065816775576e+01
2.431010413019219030e+01
8.137826186375608017e+01
1.930197708636634246e+01
1.170505721350657069e+01
-2.967827867903030992e+00
2.369925050439796621e+00
3.064555727006296593e+01
-3.546698114804893720e+00
3.681062185213601623e-01
-3.858626994598317594e+01
-6.287913666660665868e+00
-2.188574456499704013e+01
-2.369503127617701921e+01
-2.673435427893254257e+01
-6.985763805307943386e+00
2.324010599858554116e+01
9.801192075707332307e+00
2.529026852098889577e+01
-1.650096919403489792e+01
-1.057478242682373804e+01
1.261027696658401531e+00
8.905631825662521095e+00
8.876446242092534078e+00
4.244201677925006244e+00
2.359309983983290948e+00
1.885823014059943858e+01
3.885211223164512973e+01
1.320661264959688808e+01
-5.608068460058165527e+01
2.177587817932713676e+01
-5.035332678232743220e+00
-7.292481942583695087e+00
-5.405280993852397131e-01
4.596153340555817479e-01
1.176552955850253213e+01
-1.017822826414401405e+01
-2.329380710346197247e+01
-1.050598202083949317e+01
-1.164499795625194523e+01
6.799509797312428994e+00
3.762692899616197906e-01
5.659986189569616499e+01
-5.235096119523751312e+00
4.691876265024560411e+01
-4.474540461207153541e+00
3.118406141049305802e+00
-1.140165196344351983e+01
2.207917922949547318e+01
3.408366770096050402e+01
-4.529564732599970611e+00
-3.641259348721739286e+01
1.143122848148566462e+00
4.353554976130595122e+01
-1.654035441667922868e+01
-8.805942556789400300e+00
6.839630623869103587e+00
7.132095180619356434e+00
8.645743000187861682e+00
3.043806810824349540e+01
-8.144832914240653565e+01
-7.735502956293654364e+00
2.536349679177088490e+01
1.256494526144858170e+01
-6.727866571484739211e+00
4.323077640802228672e+00
3.400754686927344039e+01
-7.415617286190816060e+00
1.311230957013036758e+01
9.046286854613985184e+00
6.446416870650551800e+00
-2.594480454829531269e+01
1.371567804077535868e-01
1.229741413151296481e+00
2.690912427869416135e+01
2.321258919377105556e+01
2.837788238571740251e+01
4.560213567208203145e+00
-6.626355546833414323e+00
3.760504655373568816e+00
7.365165018607532588e+00
4.869285129691218117e+01
9.286571755560249386e+00
-7.153679847532927738e+00
-1.741356794652920925e+00
2.155461688110646890e+01
1.912926012811198362e+01
-7.949564038027951085e+00
1.723597333999290981e+01
-3.511335198573281247e+00
1.703805925166140867e+01
-6.765452330774175849e+00
8.390207129348578263e+00
9.894036063003245118e+00
1.314891682310284082e+00
1.410180541543289934e+01
-6.935279875056959753e+00
-1.783633641949478132e+01
1.955210737252090780e+01
-1.189958591447136627e+01
1.238967954539467442e+01
-9.392992264219337528e-01
1.120560135531150792e+01
-2.756693056209149262e+01
-2.365207459144541247e+01
-3.246733735243189045e+01
-1.731092314859477455e+00
1.856149619562615172e+01
1.059498363140530230e+01
2.076493267526652176e+01
-6.877426461250999878e+00
1.243003397577850144e+01
-7.485729130632472916e+00
-1.512147252399182662e+01
3.851421613732418336e+01
4.603266785118549365e+00
4.954241431751340485e+01
-4.859947433821677265e+00
-2.683878116435065664e+01
1.472932664214667842e+00
-1.978058908805689597e+01
2.366898986893464851e+01
5.963180166926553838e+00
4.025807770924379803e+00
2.190762826895227278e+01
-1.133149918720948435e+01
-3.761208854695352599e+00
3.759146474218336209e+01
2.706147525693257094e+01
-5.794525171832503929e+00
2.961207327677838563e+00
1.778857005657684454e+00
2.735391232726941269e+01
-1.801767410186726437e+01
-1.339900224602382650e+01
-4.736003793581781807e+00
-1.405876917413748473e+01
-5.549206871154911624e+00
-8.790892105882747387e+00
1.271133970059675988e+00
-6.992137369045750006e-01
2.190656161139673230e+01
5.660637784464483069e+00
6.410756562584154494e+00
2.706576943142040648e+01
2.027802430713960291e+01
5.398551503852507594e+00
1.420662379034567202e+01
1.137576002451737445e+01
-7.830424866545936169e+00
1.481834021161971293e+01
1.622785912972588562e+01
1.106851850908358159e+01
-3.937999422431187924e+01
1.267947647990514604e+01
1.847694577705485486e+01
1.299347890964992303e+01
-2.149638480669633012e+01
1.515100320352531327e+01
4.664486059110999605e+01
6.937780946793342451e+00
5.302626897258339511e+01
2.831045718687101953e+01
1.938062907622233411e+01
4.481988119724378805e+01
2.596645596689577928e+01
3.509231503582859801e+01
2.605729432525404832e+01
4.150640430769616529e-01
1.895385571100672450e+01
3.145766162118522757e+01
4.037727981801745969e+00
-8.481321481753802516e+00
7.148516918014939492e+00
2.195663857933764973e+01
-1.019442501767863618e+01
8.610633185361880493e+00
1.410882275402727615e+01
-7.083685789481961592e+00
8.423479951443386682e-01
2.483682923091866357e+01
3.034460965050132941e+01
1.363622120310911257e+01
1.891195871130127770e+01
-1.515867891788647626e+01
1.901915591869438060e+01
1.318155180654346736e+01
5.825863210928216240e+00
-1.092321585609100865e+01
3.054758028672670989e+01
2.789849578743778480e+00
-2.256109605683156616e+01
1.953810019456054903e+01
-8.147789912531933965e+00
8.594877842748782371e+01
-2.240892923099814737e+01
1.379527970297547235e+01
1.252570653037463799e+01
9.201565006230449484e+00
2.269314239228275554e+01
7.357688892106017065e+00
1.204751051832388242e+01
6.267534818866377755e+00
-3.180867937914626964e+00
-2.321625618692326043e+01
3.955424832654051670e+01
2.101636885282999856e+01
4.327174206934057565e+01
9.789524459795636346e+00
1.149117185276436004e+01
-1.066724947182796868e+00
1.435700751428817590e+01
1.089835675866675224e+01
-9.589597521151901560e+00
2.463857461776357027e+01
2.566218688687993676e+01
2.090070997228521321e+01
3.361169775893461065e+01
2.753120993840084196e+01
2.456632263809971306e+01
-5.203873052918694952e+01
-1.246841026953212861e+00
1.057724002943362152e+01
1.443166999785431415e+01
1.928973303328977806e+01
1.936833243493812517e+01
2.002378770953804121e+01
2.445485726784799851e+01
-2.038580044723838114e+01
-3.950650373203153265e+01
-1.132630495857707587e+00
-5.838299582815100308e+00
3.982014285362195949e+01
-2.691345453078355376e+00
9.806251924683262899e+00
-9.074956083179287702e+00
-1.926804885637540465e+01
1.394349491017655396e+01
2.630550541704295853e+01
9.191045174087783209e+00
4.714647644166450213e+00
2.293046316820488073e+01
7.493523273849280741e-01
8.590197191450059222e+00
1.789172841137674652e+01
-1.109408217046841116e+00
-3.558672962743074919e+01
4.079430392562684915e+01
2.288217623383757626e+01
3.381221113478818552e+01
-1.193730244539676022e+01
3.628706952280099074e+01
1.977897406162620797e+01
2.004709980567264438e+01
1.191674884361827225e+00
-2.824734973137225325e+00
4.765093370217202029e+00
3.068326359722642849e+01
1.159598259887759930e+01
1.209904173519866077e+01
4.413998571182973052e+01
-1.375769721087698727e+01
-1.179072650634138242e+01
1.527612574282834146e+00
1.772819450767176974e+01
1.229245830357866431e+01
1.699307499857956572e+01
2.305177855595353975e+01
1.112008997544996092e+01
2.768288007704270726e+01
3.504154289363144770e+00
7.342323364949407960e+00
1.685970773165549019e+01
1.877623843986388863e+01
5.019669657457376388e+01
2.983672345064390186e+01
2.234658549210310952e+01
-3.298391203285380158e-01
2.035569696806901163e+01
2.658784201568324690e+01
-4.681896833309860284e+00
1.203562728478501498e+01
6.814250015833711593e+00
6.551276360460199122e+00
2.834593024976580011e+01
1.771351306379700219e+01
1.934460531628221958e+01
9.241397335182423234e+00
1.933286693029219094e+01
3.095769943246925493e+01
7.889666490977982782e+00
2.452218213282513659e+01
2.981911241205448704e+01
-5.665951991740350024e-01
-5.568537922682885721e-01
3.288835253921042323e+01
5.807766320519170300e+00
-6.235043075937414869e+01
7.295393612291821483e+00
4.244220954135921708e+00
2.719009456813013159e+01
3.082849771111558113e+01
1.438369477833479237e+01
1.525331748278734878e+01
2.704838164661398991e+01
1.513923995742327655e+01
3.670635814118095652e+01
5.731448182048594298e+00
1.110035822539740025e+01
2.016755383157099146e+01
-1.980716469326032225e+01
-1.128480929914848119e+01
-3.333035855400847680e-01
-2.791933775604083223e+01
1.785017671787671034e+01
2.053374614798926245e-01
3.153585962261941944e+01
2.179743697629330512e+00
1.224561543229537719e+01
2.769966716960399822e+01
1.164834527436594058e+01
8.369996497011268133e+00
2.984567582879190084e+01
3.912202282067551096e+01
9.985075510671189036e+00
3.151294760806067430e+01
1.941646575959441634e+01
1.752413137684172284e+01
4.220927095349718883e+00
3.238076950294403389e+01
1.741856945445298166e+01
9.686919451598532405e+00
3.822765546619771193e+00
-1.842557435889579054e+01
1.265346191580057855e+01
4.232646497381225004e-01
9.278323276837697975e+00
3.073552904686905407e+01
-5.522988016837135916e+00
3.568620396768187319e+00
-2.225042255577186268e+01
7.792385759359204300e+00
1.448700182220028054e+01
-4.541407331013417092e+00
2.318752859793679022e+01
2.869377459050284074e+01
-3.372206889030751498e+00
1.918735691049774772e+01
1.709028379981297263e+01
1.888311430675386760e+01
4.797776384183471521e+00
4.887766300068482650e+01
1.040185511782230954e+01
1.062035866559826935e+01
-6.629221026634510849e+00
3.248765327807594616e+01
1.452827262409557108e+01
-4.289937949414897034e+00
-1.615102376907561421e+00
4.075325841758967726e-01
2.912753316138384108e+01
3.567777769776373020e+01
2.143508495296441652e+01
1.332219924770650898e+01
1.618749189879913786e+01
-1.839043975004110365e+01
-1.660255377456990544e+01
2.582700338819474695e+01
-3.175193223844622992e+00
1.575639270804305347e+01
-5.599747401004997016e+00
1.889508628314492711e+01
1.887809651284647927e+01
2.307731337610597677e+01
1.150545371753654322e+01
-1.253228986937642730e+00
3.215688288221350888e+01
2.958859534466725449e+01
2.998948710174717647e+00
1.400426228346970348e+01
-9.019528528680758939e+00
1.038819273374213736e+01
3.629865028095855450e+01
2.429520586055632947e+01
1.735030600607163009e+01
3.552010771800788547e+01
-8.476932329857579163e+00
1.611943538267850329e+01
3.219210808030162241e+01
4.254454289099061981e+01
4.345791623635626877e+00
-8.967108964735736265e+00
1.598803451189174396e+01
1.666644715063726423e+01
-1.436860709770600053e+01
2.987047260237605073e+01
-1.183024453225018036e+00
-1.363226126503649382e+01
1.764269023792879665e+01
6.685514746002443331e+00
-2.942632725756497081e+01
1.205776118230712690e+01
1.792886065913918259e+01
-9.435410573294511494e-02
2.322626933933283055e+01
2.096424257980833872e+01
2.421397909937331860e+01
7.487736654755531518e+00
9.334174384160174753e+00
3.673918461318109507e+01
8.917941098243529652e+00
-3.474680195922042358e+00
1.123914404944387613e+01
-7.187588115876717865e+00
2.301897245173501005e+01
4.840891603992181658e+00
-1.044009914373352998e+00
2.697999476148012832e+01
4.089918986338308571e+01
2.462155113796914918e+01
1.272197482030125748e+01
-2.164394232755569192e+00
1.792235589864073475e+01
2.587035410556492465e+01
1.712950847129708976e+01
-1.705282907422585126e+01
-3.856122821246447785e+01
3.229574112706049505e+01
1.814883101437002466e+01
-1.779406377225299707e+00
6.883586740748237176e+00
1.656396788333227121e+00
-2.564495799872530313e+01
2.257640219889369604e+01
-3.569273890538629956e+01
1.091532647842951498e+01
4.440294237259586652e+01
4.732104363752675624e+01
4.484137820668874497e+01
8.715277047147900191e+00
-1.163892415787275425e+00
2.156825858025322162e+01
4.100112710967306384e+01
6.532078538323693806e+01
4.693957210415791081e+01
6.364912101966226032e+00
1.440633087799819556e+01
-3.862138472391555055e+00
-3.739730149169020024e+00
2.193922730361196116e+01
2.523361632209625682e+01
-2.657434812104996880e+00
4.725942378893975615e+00
-1.239412571692180265e+01
2.089808765117739853e+01
-3.457350736990275664e+01
1.066355934566843189e+00
-2.955346628347221127e+01
9.934329670946025814e+00
1.757396708579207001e+01
6.897936478105473057e+00
-1.635589705086990975e+01
1.503923059815813801e+01
4.788609803414709631e+01
1.447000931461926498e+01
9.994487481004837193e+00
1.563374346513148794e+01
1.311977914138051204e+00
2.572622182589482875e+01
-5.596159053658702476e-01
6.718872395624689631e+00
2.195066033383157134e+01
1.078746937985070353e+01
1.654695722012955628e+01
7.885863703984224315e+00
1.330852416250224479e+01
2.337388979906595665e+00
-2.826326852346727492e+01
1.097685881118420070e+01
2.659558340831756595e+01
1.102804994180251086e+01
3.667830282149969179e+01
9.007933591156614739e+00
3.615257646890247756e+00
1.463291218278115124e+01
-4.896879026913332211e+00
2.788616606406878873e+01
7.029428194574222744e+00
1.098431246986604748e+01
-7.914701244598788321e+00
1.376131021159351775e+01
-6.400663143589593318e-01
3.203618152869749380e+00
6.422502635898002410e+00
-1.779009254552116204e+01
2.856967416215782762e+01
8.816191090205498071e+00
3.228257383957368631e+01
-8.561207995939991378e+00
2.357203629454770066e+01
7.742153767638023432e+00
1.539786621390916466e+01
8.155512035321933695e+00
5.304558339366200670e+01
3.443805455308788765e+01
1.485650897665358450e+01
1.157969019616578521e+01
2.531753756236989261e+01
8.877682758498066207e+00
2.173434085236960200e+01
6.250004348848943181e+00
1.495915478127061249e+01
2.346945127277356136e+01
7.567059335653000929e+00
1.902122647206315520e+00
7.314803169871906263e+00
1.469624798798495213e+01
-8.838265414376362372e+00
-7.681141003251745758e+00
-1.005191953180058562e+01
2.067522765910916149e+01
6.689471510992781589e+00
2.671089278115768195e+01
1.160617748641826452e+01
2.174608570880371516e+01
2.606140826838866786e+01
2.639144111689779137e+00
9.979379528572119185e+00
4.518002279711693348e+01
3.792889533045159567e+01
8.337249853256640364e+00
1.275362522579812818e+01
4.562996798445372804e+01
1.463978499604717065e+01
-2.052385764645074318e+01
1.237641587007719934e+01
1.109310287453270760e+00
2.558458586998612461e+01
1.555218507093829672e+01
-1.280179969800812501e+01
1.779183472895178753e+00
2.266201987701347065e+00
-3.454431729613001067e+01
-4.663116798147939335e+00
-5.402981941894601903e+00
1.851365111580348000e+01
4.596463086240165552e+01
-1.297171155533420261e+01
3.422376371678112150e+01
9.115849625397702383e+00
-1.891403450413124077e+01
-1.419051104606538161e+00
9.072356502987828364e+00
-9.393660279826622883e+00
4.072621280435221536e+00
5.605478936434863613e+00
2.207536736744572892e+01
2.025159598909995395e+01
-2.027971892867979520e+00
1.382891519967825467e+01
3.712604791752761457e+01
3.081819772332228879e+01
8.789974233718595542e+00
1.666541717574677151e+01
3.439814753103865996e+01
6.679471531568148102e+00
-5.860646000235039565e+00
-1.554389339184728058e+01
2.617338092883050749e+01
4.729594135884855888e+01
-1.123159737336251851e+01
1.277383002387380806e+01
3.239164967999172973e-01
6.657121383493945999e+00
3.223227998425954866e+01
1.758075190924101250e+01
-5.183036406509263117e+00
3.933781283033135878e+01
2.234315463244547573e+01
-1.426124398164242990e+01
-1.066456060045198839e+01
5.778073357293051160e+00
8.228364284519757987e+00
1.052644072284857124e+01
4.687979286401144918e-01
1.435275351112627185e+01
1.440192331403537551e+01
-2.977462111399076861e+01
5.003566718046254636e+00
4.060464597101525186e+00
2.245328592690660230e+01
3.253085825506369488e+00
5.554336952671022232e+00
2.986411295572990809e+01
-2.964086607087171643e+00
1.629337966377798352e+01
2.002912167601973437e+00
-1.406945170199798412e+01
2.814655938195156182e+01
2.343296064638514054e+01
3.675607073663752544e+01
3.187551915954936987e+01
1.368657864467716045e+01
-5.330294539915893637e+00
-1.826993037971719502e+01
2.215865028882690524e+01
1.836605236888703629e+01
4.095023973115610261e+01
3.729165973553749325e+01
3.584494009157734240e+01
-2.421524209631606084e+00
2.862134056169384166e+01
2.697451075810167254e+01
-1.107746945683162210e+01
1.604212389020936058e+01
2.608964415032479778e+01
2.546419994938673881e+01
2.393923638469566129e+01
2.266886590500316601e+01
1.688643945626116860e+00
1.689759377511295213e+01
1.620683353931133297e+01
3.295391496437925127e+01
9.694142900364791871e+00
-6.837814380714668516e-02
2.279483457620711562e+01
3.282890287463190759e+01
6.285750976785822175e+00
5.063700994810370304e+01
-2.556143383692990767e+01
4.720844031978467470e+00
-1.959882968916854651e+01
8.028662591978804386e+00
-1.932533663229849097e+00
-1.978504372101868114e+01
1.814092580711783143e+01
1.946682390719910671e+01
-2.681454302879995311e+00
1.900702918537648856e+01
6.506837929625292816e+01
2.222843786826488000e+01
5.722799642580104518e+01
-8.969782078816734838e+00
-4.119176863467355787e+00
1.796834044114589801e+01
9.577474095698303103e+00
2.828312085282277621e+01
2.774203737899249234e+01
2.506623597642352763e+01
1.229927313657844223e+01
3.309677704537633502e+01
1.698791200891687581e+01
-7.975607300092072194e+00
4.178297130234193801e+00
-4.364076574147443210e+00
1.222572714896688950e+00
9.612954805734904795e+00
-1.338377919289147400e+01
1.278879027348881081e+01
3.401321026162131389e+00
1.376597087716174173e+00
6.527278795827395008e+00
6.967076277187944200e+00
4.587065265312785556e+01
3.655706552375969665e+01
3.750220436416352499e+01
2.650684535061258629e+01
1.635981878580024329e+01
4.605215000283655513e+01
8.244171138555033806e+00
3.139774578031267538e+01
-8.298126925989311786e+00
9.056711616340102466e+00
3.008421154241484174e+01
2.316655213490399490e+01
6.808556299393035971e-01
5.170715786035028572e+00
2.190145605104437010e+00
1.914221400264793616e+01
4.944999696699394320e+01
1.419298038285575103e+01
1.132867890708152103e+01
2.565294028378109203e+01
2.203996526255930632e+01
1.609162653514285068e+01
3.669502323058758719e+01
1.296118121305084792e+01
-9.313813547689946404e+00
3.785805712998408978e+01
2.407881493573501075e+01
2.535921391133748770e+01
2.097363997126581481e+01
2.449224012427470853e+01
2.027714405038067724e+01
-2.473915524445812864e+00
7.164846546703673269e+00
1.213931333933366474e+01
-1.491350332356754649e+01
2.041794222019423444e+01
-1.168636418372318175e+01
1.959912045142293735e+01
1.037498548738107473e+01
3.516945760672129495e+01
-1.985060392936333074e+01
1.842973337545789292e+00
3.731823788469548475e+01
1.853367168875277926e+01
2.581981675227993378e-01
1.227958866904312352e+01
3.336458999924231250e+01
-1.642443233841345673e+01
2.966418652934296318e+01
-7.040036734761454085e+00
1.756548126022585521e+01
4.521912651467163258e+00
-7.704809584363434993e+00
4.554137349055315553e+01
8.294074432302380728e+00
1.426354678863265946e+01
-2.173536576589153668e+00
1.318100077941670456e+01
-8.385629108184211589e-02
-7.593180413971698073e+00
1.677717492172107683e+01
9.590998345230566713e+00
2.788710466466949711e+01
2.363539798999102715e+01
1.346470106135405409e+01
6.039520118523560299e+00
-1.737883671949495934e+01
2.909713246395297759e+01
-1.288172644793786503e+01
2.224295657128350001e+01
2.915910313562089584e+01
2.356517542972551738e+01
4.980272966222921482e+00
8.550217228400933678e+00
1.457258956415250850e+01
9.336342881627899715e+00
2.825523626643383324e+01
1.845253520601611896e+01
1.974983134319541733e+01
-5.049819928081880960e+00
2.245970196078220482e+01
3.796514369982858739e+01
5.562343018737445632e+00
2.144323734823901262e+01
1.158026852476405288e+01
1.899843145395193034e+01
3.173707707873250428e+01
-1.374506553874816461e+00
1.527791420410914291e+01
2.362342835269553376e+01
2.092604602396383484e+01
1.766268457245869783e+01
1.116720180098245052e+01
1.095775375264017093e+01
6.480283862259899941e+00
2.854398246663818384e+01
-3.316999268269082535e+00
2.563278885577917521e+01
1.423750197520238814e+01
1.801189661375010331e+01
2.953686601578829141e+01
-1.472458414081648570e+00
2.251400544355390565e+01
-7.267991342001050015e+00
8.366567204187060014e+00
4.149492113912798175e+01
3.301072316600124168e+01
1.323141025200713550e+01
4.466320496474472179e+01
-4.996772665153066839e+00
1.724687492772001463e+01
-1.323625915611629722e+01
-3.485383759225296529e+00
6.084078972428658361e+00
2.273099443944989417e+01
2.367728745405472068e+01
7.390434534176287684e+01
1.665130340068217762e+01
1.521400660080744593e+01
8.406155506917503573e+00
8.468991736118022473e+00
1.689049282723978962e+01
-7.847870231172276334e+00
-1.402828216409501394e+01
7.437515058029744885e+00
1.026063036300602249e+01
4.106269184638989600e+01
1.830999213837231565e+01
-2.168095324837089777e+00
2.535496785138102283e+01
8.313300443724067179e+00
1.220312357090659461e+01
2.691192259637553619e+01
1.104092810690029580e+01
3.641180940233429197e+01
-2.904186311420278344e+01
2.706209810538696203e+01
1.641882306476929543e+01
-2.621973579639444552e+00
2.063460722158534821e+01
2.412727231506125491e+01
2.043931620891825673e+01
3.668098613943054431e+01
8.340852113476833196e+00
-1.638177451840730114e+01
8.639636553092065796e+00
4.255405047220042647e+00
2.529293669387907428e+01
2.902069875272277244e+01
-9.643633943787030205e+00
6.896399696192522022e+00
2.284446552048301626e+01
1.844847152573766280e+01
9.298558373365914065e+00
2.391256989342461736e+01
2.055520312084421519e+01
2.149475600390687902e+01
1.347805500120004751e+01
2.353064315570667731e+01
1.270962424163677085e+01
1.406894306715146747e+01
1.164223078454284277e+01
3.439438363457299630e+01
4.579778887321698022e+00
1.195823863485756533e-02
-8.008341129819189774e-01
3.029774472997508283e+01
-9.429325643657129774e+00
1.316616910329257095e+01
1.244301152968622759e+00
9.710877269021521485e+00
1.821488337922760437e+01
2.475721598783851363e+01
-2.666755400316877456e+01
1.606157255865694822e+01
2.238973327289990323e-01
7.184128373354628394e+00
2.076818560508183253e+01
-1.710511994673064606e+01
8.510312669398373941e+00
3.470000672889185722e+01
1.495790118130296520e+01
1.676901058486478746e+01
2.762645708389051435e+00
2.583802081354177460e+01
2.984608264465813221e+01
2.825460208286133224e+01
2.245619559397537301e+01
-5.676278459372898766e+00
9.762857020352189608e+00
-4.599230954574704100e+00
1.409676015106667002e+01
1.166781322665238463e+01
-9.778682017273862215e+00
5.418076525522749876e+00
1.905372620597849931e+01
3.496234278818889152e+01
-1.056651962126181132e+01
4.068868035966912089e+01
2.115893513976372731e+01
4.713387294248285286e+00
3.348317693505043735e+01
8.148726024934569878e+00
1.522633373036862636e+01
4.557278559504793947e+01
3.157237328778275298e+01
2.717799037877408352e+01
1.992890894967194271e+01
1.788369456826167436e+01
1.501197791148856098e+00
2.923257495081337964e+01
1.907092205505927041e+01
1.752682479524422021e+00
3.928203108594928494e+01
2.813297614459018803e+01
-1.346111959795601720e+01
2.141492712833186474e+01
1.526519999359252466e+01
4.880134376245688799e+01
-1.458944732574831704e+00
1.157057349497447163e+01
2.801260188619369274e+01
1.091460673702245643e+01
3.887538202026798118e+00
2.326028414427013047e+01
8.094520840997020628e+00
2.113902945450483983e+01
-1.008573831593759706e+01
1.124811621973396569e+01
1.490347389131999023e+01
1.171305931065769279e+01
2.016172114242949220e+01
3.935511605996025253e+01
9.221374529420831578e+00
1.099041534567178147e+01
3.334900335127717597e+01
-1.399326330690714926e+01
2.991575099396324333e+01
2.334976251287010030e+01
2.748902032336860302e+01
1.528482159149778319e+01
2.388580229217822648e+00
3.811913030779382439e+01
-5.849985375467756654e-01
1.575705057541791021e+01
4.665649004241874565e+00
-1.684756759261704318e+01
1.123695601767353125e+01
2.736976613294809013e+00
2.313839116358335346e+01
1.644401696546144009e+01
2.965586866905450592e+01
2.468788935697585885e+01
2.853479240826781904e+01
7.325284918931295408e+00
3.334617924322677140e+01
2.601317756826293959e+01
-2.315022766794765374e+00
2.300299643748644485e+01
1.280375721991705973e+01
1.582104929348297517e+01
5.054964617410067973e+00
6.746949597064511295e+01
1.721649784630320568e+01
2.969762251377433415e+01
1.453094049380069386e+01
-9.545076085395191257e+00
4.517663288945709610e+01
9.981796343045102660e+00
3.757013721895700797e+01
3.379735782802661959e+00
-1.141054953706898800e+01
2.993381354928554572e+01
3.518291763489517621e+01
1.963047808459604582e+01
-2.885945956422308711e+01
1.685682512171965897e+01
-1.133614651786827210e+01
2.510487580023364629e+01
2.534295126295431899e+01
3.314749827699004925e+01
-3.143067301263389624e+00
1.208273446867796430e+01
2.960025286350110107e+01
-1.814670254712883235e+00
2.030204462405210464e+01
1.123940236246240332e+01
3.300763708653786921e+01
1.974812221974875825e+01
2.989265339319933901e+01
5.356157975068379429e+00
1.852773479034650705e+01
3.587248576100598996e+01
1.979581788762563832e+01
-6.354917678552670424e+00
1.013379705516513596e+01
7.864700020521959267e+00
3.145222251304977235e+00
4.736780499213653073e+00
1.231960604524805802e+01
3.635506436011546327e+00
3.281483363751998894e+00
-3.086673413381777920e+00
7.598321409268171678e+00
1.233127190607881651e+01
-3.079296473676805590e+00
5.547505072821941496e+00
2.982082327234711272e+01
-1.573838662411423783e+00
1.387130031564950094e+01
4.681806373069914429e-01
1.895020898307458523e+01
-3.046942119487793121e+01
8.012982440770745285e+00
2.438783297249779025e+01
1.047788587343136513e+00
2.799648866877581099e+01
1.456472547710787424e+01
1.767933255529401393e+01
5.774124185575320922e+00
-2.210663704176969446e-01
1.629053655962106362e+01
2.989668826843920613e+01
-5.751009700009294789e+00
1.716289575829188507e+00
1.499325470273773497e+01
5.964524816219322290e+00
-1.618611994287732614e+01
3.337371126303042956e+01
1.782245599754474341e+01
3.067787854197995756e+01
-4.046033074276468966e+00
1.542856404781048774e+01
-4.535415812852725992e+00
1.064006820451270663e+01
1.787003451456171632e+01
-1.749861830236869054e+01
3.434191424197493347e+01
1.535189822802247761e+01
2.732999453920997368e+01
2.390143954786481117e-01
6.854567402379144525e+00
3.394968421668276903e+01
1.108150929405665508e+00
-1.103192377299695437e-01
4.953744123443779301e+01
3.243623701385376279e+01
-1.721177883127802488e+01
7.161709546704619456e+00
2.791534098976350720e+01
1.326555497209163548e+01
1.275222949016487917e+01
3.122649856193126183e+00
8.942754274347173293e-01
-6.761275837635744779e+01
-6.024501780353108416e+01
3.107191128110138578e+01
-9.126211536736764174e+01
6.022301055409259085e+00
4.255042520088072422e+01
2.352831182583692282e-02
3.408499347237078325e+01
3.150260370855557213e+00
2.099439242254879900e+01
1.208525641963705333e+01
3.217923073418941726e+01
9.398650429425142505e+00
4.897147250829225840e+01
1.410279231224801677e+01
1.215558118197916926e+00
9.997026680279841315e-01
3.331630727339923226e+01
1.895208765049777710e+01
2.380831038238267183e+01
4.718759676373041145e+01
3.367997114840995465e+01
3.111417888588662350e+01
4.254789100420633474e+01
6.605544617948517327e+00
9.216175876674354228e+00
4.750436174029950109e+01
2.152057351528622320e+00
1.362457928372973726e+01
1.980070897969095967e+01
6.836912154386348917e+00
2.014621133580317291e+01
1.332932861349750020e+01
2.253973613970699219e+01
9.249221113517364756e+00
5.487156843892462277e+00
4.328077078568688307e+01
-1.050701542459465543e+01
3.791192777458974206e+00
4.092275092447401619e+00
3.781531584587149553e+01
-3.447332613418083724e+00
8.521478487044785055e+00
-3.284440455079479193e+01
9.664078467909599013e+00
3.306428921583930958e+01
1.721070224427084483e+01
5.362838183928856139e+00
2.875324480673377536e+01
2.016099384926479132e+01
-1.572304718482049424e+01
2.376935955273734891e+01
3.434136129576373975e+01
3.259382227092680751e+01
6.516147758578463822e+01
2.290589409938773358e+01
-1.624723948326288081e+00
5.732794861547509413e+01
3.629290820033430265e+01
3.279287940322287653e+01
2.281175065925729228e+01
2.062664862615746841e+01
-1.024757674191409151e+01
3.068815969102553964e+01
2.296485578973732089e+01
3.426095777864615144e+01
3.625373809937168801e+01
8.895317321767159058e+00
-3.235973422825824031e+01
1.998101716311577292e+01
-1.365765481613284038e+00
8.868879404495771723e+00
2.357403000797837933e+00
3.516010374299848706e+01
9.433233593083951263e+00
3.266747020681307845e+01
2.271647315011676582e+01
3.299630748499192023e+00
3.164272017733736675e+00
2.674170957781518609e+01
4.295533629288438249e+01
7.398656295859448839e+00
1.926809047200248415e+01
-1.619714448843917509e+01
2.624824090441789082e+01
1.131034542309153323e+01
2.030675955776150232e+01
7.120700577765708772e+01
1.914037690367205258e+01
2.882136587983346843e+01
5.780970367051742898e+01
5.625850579940405538e+01
-9.278794373651955141e-01
3.959855848750819973e+00
1.876777040620834214e+01
1.528116040919438490e+01
1.139216307964020736e+01
1.604946734282373200e+01
2.568187777409812611e+01
3.371091935024189468e+01
1.490811271029070895e+01
1.984552873928630490e+01
4.133514146383235044e+01
-3.899242458408540557e+00
3.687727359238013491e+01
6.174601490585520480e+01
6.139354397602964752e+01
2.116250481361232616e+01
-8.224200366715663790e-01
1.236481703311000757e+01
4.613618305199263858e+00
1.583547957314965515e+01
1.538747104430551182e+01
3.222127159910490946e+01
1.349095605380235163e+01
2.224052883186611496e+01
6.734476571479461882e-01
3.022147630275232189e+01
-1.391868721909011342e+00
1.866996450201736835e+01
7.271186626065057723e+00
1.518690551613174655e+01
4.562442349678914155e+01
6.682437102836753517e+00
-7.785543645430688997e+00
1.330596042295260162e+01
1.276247426059237000e+01
1.066135453714882431e+01
2.772246200508499925e+01
1.505904359442634366e+01
-1.935074304671387324e+01
1.585817034024742256e+01
2.464601347329942982e+01
3.885565911662166627e+01
3.545672375184555136e+00
4.312709842004377236e+00
1.787108070045755426e+01
8.343518507696092712e-01
-6.569163836383378197e-01
7.724417404292689859e+00
1.362780510315172933e+01
3.870538868534299581e+01
3.837203387478995253e+00
-9.088183663421780523e+00
-8.136212991226862812e+00
-3.744295193269508104e+00
1.521095550707061506e+01
4.270312813181575962e-01
1.540971761845558241e+01
5.041166145069642113e+00
4.450332798924705457e+01
3.106615166820128238e+01
1.252699463182486816e+01
2.122815755294366369e+01
3.178156681377503290e+01
2.646022451560524402e+01
5.770461823216948005e-01
2.707662333362091545e+01
1.858140048896927254e+01
2.542227098456294954e+01
8.458342808342614205e+00
1.366132226753027723e+01
-1.269185003923093191e+01
-8.726133652518358019e+01
1.012705499828903477e+01
1.661515310313894389e+01
-4.860183529573660621e+00
-1.189099217355673588e+00
-2.128956854422529688e+00
1.423764561287767805e+01
2.139223590903743855e+01
-2.270933815966671432e+00
2.110741086322468618e+01
2.528451972696440109e+01
-1.561537093419179811e+01
2.776747776311954397e+01
3.124840246247647713e+01
1.694869966615364376e-01
-1.828883580930718011e+00
4.453285125339327521e+01
-9.631805661635297611e-01
5.440501148355526340e+01
1.882469597227331448e+01
-1.651857473951305622e+01
3.100580632085761934e+01
3.884907029055485594e+01
9.676299629469131247e+00
1.381577099863510583e+01
-1.538275633704900613e+01
2.349316622031640023e+01
4.322921123876106719e-01
2.434199757906448269e+01
2.162717893240515465e+01
4.706662226956505890e+01
2.895282241097226716e+01
4.030377437416201758e+01
3.626330201387507657e+01
2.276239727441554095e+01
4.190086246216729648e+01
6.176434754681991990e-03
4.247252215732987679e+01
-2.194886591818402621e+00
1.411887653783958640e+01
1.088424511131803740e+01
5.024017465202742017e+01
1.779369477814105238e+01
3.968759836744104064e+01
4.909421275018963371e+01
-6.210097223514999598e+00
1.197166455760301851e+01
2.269908076010392861e+01
-6.262828495436522758e+00
6.717961061199116735e+00
1.282671470797593472e+01
1.974174096894943631e+01
5.861472562185156931e+01
6.487613541527596794e+01
-1.030935400759343779e+01
2.156073890458181808e+01
-3.774998110087534542e+01
2.209458208190522299e+01
3.086581086076591873e+01
3.505733602793814896e+01
7.138986558442482533e+00
-1.197864462989894818e+01
4.483746152856635092e+01
2.703192276319028053e+01
3.296138213299136055e+01
2.755859464114884361e+01
2.385593212684146636e+01
2.899297939408223357e+01
1.425639818305586459e+01
4.530683217679329289e+01
2.441133516088594746e+00
4.626403695297352670e+01
2.032824666045191009e+01
5.843475924517814235e+01
8.005347265490108555e+01
1.553868812888081230e+01
-2.890974822364008645e+01
3.982874429477863032e+01
-2.027304889460696558e+01
1.784020355180624051e+01
7.559660487338294388e+01
2.549423694679069285e+01
8.054171414063826973e+00
8.066357815535763365e+00
2.821377259359721279e+01
9.212934977140308845e+00
-1.757703018984333454e+01
5.649217533259001556e+01
-6.696936271917373062e+00
1.771682229779723627e+01
2.814904860915480711e+01
2.424944206113608303e+01
2.178343888146255125e+00
4.130666218888798369e+01
-4.911123717784459330e+00
1.299933263372500747e+01
1.237363787728597764e+01
8.350873532749425010e+00
1.568625270151170170e+01
1.674237736457808268e+01
2.324774241858268198e+01
3.045328168815852266e+01
3.399880427401065219e-01
2.665759688276884987e+01
9.863094348851689119e+00
4.653671264384664497e+00
2.366856022514528490e+01
5.063011402518492687e+00
2.630233098255640556e+01
4.219349082507280357e+00
3.033804914724154145e+01
5.027154135069919150e+00
-1.193540523215705917e-01
1.334748976226462247e+01
6.341599562023798597e+00
1.897736436575616281e+01
3.888331756486675062e+00
1.089334600574631118e+01
1.799694970625703405e+01
2.279621979545181887e+01
5.088019811088457800e-01
-6.700234335975920885e+00
5.032180292565151092e+00
7.940711923470729516e+00
2.735507145812691476e+01
1.891148446963769558e+01
1.104263914735175689e+01
9.920101149040812416e+00
-6.964778509390860961e-01
3.524829161243793862e+00
-8.462949687184600833e+00
2.021896274963151896e+01
2.382077856717685194e+01
-2.588876477911423279e+00
1.539938683163185829e+01
5.368538941957138633e+01
7.953042506551095236e+00
1.771312627571671428e+01
7.261227264789040348e+00
1.170117001932405998e+01
2.156775217777752829e+01
1.689108133615983220e+00
1.668864722068763129e+01
4.251982970084998925e+00
3.408787356054842732e+00
-8.275906010900015985e+00
6.234982828508860209e+00
-9.978722791915220824e+00
1.444458312160764279e+01
1.080325741864936973e+01
2.073837796756098584e+01
2.042941018329758407e+01
5.845818559960376248e+00
3.358212241282166133e+01
1.731063940159652148e+00
6.492371723361248570e+00
2.496532974058210996e+01
1.609692872164669453e+01
1.295217179204910352e+01
1.007085959336776426e+01
7.590991598478229463e-01
1.158715560029084202e+01
1.790568675758765949e+01
2.589887736283820274e+01
1.013175254422303695e+01
1.587287052567846857e+01
1.997899763251585270e+01
2.319898607365685450e+01
-3.330947645732734941e+00
7.944188857207127086e+00
3.923705192367533812e+01
2.150835990841032697e+01
-1.077873264647056573e+00
2.623282895721837704e+01
7.796093617001602638e+00
2.621978252132640108e+01
2.084259365354319726e+01
2.029661448712268168e+01
1.821291014767317407e+01
1.840625922956633786e+01
-7.244443764007840514e+00
1.115473721584979572e+01
7.323175952649183529e+00
1.478408970113122933e+01
5.702415718342615847e+00
8.912987740571757911e+00
2.281820273403676680e+01
2.583124993161584015e+01
1.167933334248013821e+01
8.377101620319839625e+00
2.202996057889411929e+01
3.902396093901279528e+01
1.951709672254863293e+01
1.132180730984729777e+01
2.992807009494632098e+01
3.214078951505635473e+01
1.574112027602013697e+01
1.732810979889407577e+01
3.097040761330546133e+01
-4.312796661148858846e-01
7.859215647922329850e+00
2.404485917483844304e+01
2.562412154429384259e+01
8.384990453241474739e+00
-1.046374384487616993e+01
2.718910259891512027e+01
1.567783006459021600e+01
3.086553463219882332e+00
2.269884450932011788e+01
3.918348549302847772e+01
2.212216874411340939e+01
1.571406588002199634e+01
8.657135972217448128e+00
1.655807926676634878e+01
4.655691368543488196e+00
2.464866323327644793e+01
5.246902532006631148e+00
4.918378078174102086e+01
2.544300439776704081e+01
6.342744415408541059e+00
2.254122066726586837e+01
7.236688585790917116e+00
-1.944964478596830304e+01
1.380523027760032484e+01
2.635341482860139095e+01
4.120140007323286113e+01
4.172547093529006901e+01
2.949275486940548419e+01
4.690148757165815141e-01
1.149433472653830002e+01
2.566999061554431449e+01
2.446359222625287799e+01
2.633967946003460270e+01
3.467238469015705249e+01
2.005636926467452241e+01
1.338761593719198117e+01
3.976961579739229791e+01
3.130150901227198545e+01
7.980350951189887354e+00
-4.292375529714195892e+00
3.116475385295639455e+01
2.996243853961690462e+01
1.140223372242931177e+01
1.075292524317702458e+01
2.402579476397834668e+01
-3.070704453809401713e+00
3.007230084990739627e+00
2.516429261649680882e+01
2.076943239752626269e+01
8.966079935212420082e+00
2.701092206873637025e+01
2.848604932778538767e+01
9.937977085922064191e+00
1.490541002065403831e+01
3.942731322906179514e+01
3.401294781692149627e+01
7.341189906723414538e+00
3.164902612666066872e+01
1.321560898735806511e+01
4.033677042199188634e+01
1.384792491393814018e+01
-6.147353056237054858e-01
1.728235977360195719e+01
1.289518010560508188e+01
-3.488215482977899740e+00
5.133883666217823105e+00
3.440351958310383651e+01
2.606377090602367730e+01
1.842715873189180087e+01
2.845887769773122855e+01
1.378073726346650929e+01
2.765858587336290242e+01
1.917269216013059108e+01
1.352450472719742436e+01
2.959082627144465505e+01
1.880027013357080179e+01
-8.202177315643165656e+00
1.641933440031447589e+00
2.667795679738186720e+01
1.922038385364135848e+01
1.288742507254060854e+01
2.909395270416081658e+01
1.849253026037413505e+01
-1.681699252159855718e+01
6.688867197237675200e+00
4.556834854933124745e+01
2.613016762497183976e+01
-8.081656420577619571e+00
1.891489693899967151e+01
6.603613700956099564e+00
2.385864436895990082e+01
5.672052454524996179e+00
1.882188092276573244e+01
6.288245037999887543e+00
1.491591601291594138e+01
1.270825843423032353e+01
1.812210100848955463e+01
1.142796896173599563e+01
-1.707764815669092684e+01
7.184845809806728489e+00
1.115987891620246586e+01
1.877096056711321026e+01
3.204258690345848493e+01
4.948048412369942639e+00
1.144104990914617659e+01
6.728855481067428812e+00
4.005459479025865477e+01
2.363093831774452980e+01
1.489506134570484264e+01
1.240707992865962694e+01
-8.217304155995655890e+00
1.872871250652044139e+01
3.993065723939006162e+00
1.693466875252154580e+01
3.310692078103716085e+01
2.946345001527499718e+01
2.871969776084362991e+00
6.548197463070032143e+00
9.071493125049576278e+00
7.723078699901546607e+00
2.694457776781440117e+01
1.961972346468406059e+01
2.107344007094942739e+00
2.295932596323536856e+01
7.849446599599636087e+00
2.472769413033785924e+01
4.077023319226817222e+01
1.038233817931065417e+01
2.563934667132748046e+01
3.746770492532418473e+01
1.417130815012761857e+01
4.304883256189102170e+00
1.571781474204864892e+01
1.110568032899016266e+01
1.165531171784953557e+01
6.096389544890351786e+00
4.783794122361769041e+00
2.100675863280450528e+01
-1.880988852789791110e-01
2.293259137878750664e+01
1.157895567205113352e+01
1.454043323030784762e+01
2.160267482895640967e+01
7.564728725813477439e+00
4.372630171182406045e+00
2.729739985787310985e+01
3.017383632296414930e+00
1.239151138814875885e+01
7.433140921852459115e+00
1.159168268896388199e+01
2.208230841462511407e+01
3.802374576882920110e+01
-1.266985882173941036e-01
1.246478652682108290e+01
9.346777205612539774e+00
3.561935363483534189e+01
2.264552754547277047e+01
5.138204735378700150e+01
1.245347587696764791e+01
-6.866250650688066060e+00
2.644091341662200989e+01
2.118859416925344519e+01
4.732875266980137496e+00
7.544057364137403354e+00
1.675452011744330605e+01
-1.212408904093195616e+01
-1.101190812968276589e+01
6.324576253414759464e+01
-1.609454033811334028e+01
5.136692291114999875e+01
1.476150675571648740e+01
2.270812422766996264e+01
-3.040781247535445431e+00
3.099307551491239110e+01
2.528789727828817746e+01
3.805755557803655620e+01
9.624287655751654569e+00
3.175424297152243369e+01
1.556798652931183646e+01
1.306702709051938527e+00
2.087842580523651037e+01
4.993974042130908231e+00
1.232851613736133167e+01
1.337166258856912826e+01
-1.403386622360969227e+00
2.712196590518552597e+01
1.441589217180404958e+01
2.173086605416970585e+01
3.287887413511781176e+01
3.986091702850314888e+00
3.098338077368956789e+01
7.435686893900346206e+00
2.796441321633322019e+01
1.558295850231917434e+01
9.369780883459299048e+00
3.205162134690485232e+01
7.587590331810103450e+00
1.597745185876670604e+01
7.784416090750232442e+00
1.980654297537552111e+01
-1.154644574739191043e+01
1.301661380076876284e+01
1.322353299521457970e+01
2.970589698646026733e-01
3.012994289183823327e+01
8.451024753172941217e+00
9.009396385652824080e+00
2.404790730338573113e+01
7.320910931463508575e+00
4.608860429172668915e+00
1.044105692914571648e+01
1.306846062979688838e+01
3.035716938244255658e+01
-3.562137358817832222e+00
3.165763806265452729e+00
6.265392369901691794e+00
1.567354133950537864e+01
1.352291203271123976e+01
1.052941526577326314e+00
2.056806394404439331e+01
9.226431916391575783e+00
4.350524141355069929e+00
2.164595035104871812e+01
7.226019501962017699e+00
1.291369671406440389e+01
1.446565101615755111e+01
-4.545673671806532923e+00
1.919064585159544123e+01
7.148814133043357799e+01
9.928829258391685286e+00
2.100404595764288374e+01
1.235240647308688011e+01
1.401559942908864898e+01
2.059275199907869336e+01
-1.607639545740415343e+00
1.133387075553712720e+01
2.524456137929275457e+01
1.335408407150698906e+01
1.132465822329530347e+01
8.390757076140619830e+00
4.791366372120872796e+00
1.966018089212049702e+01
1.186943663910428803e+01
1.250477808950856407e+01
2.903343336858935686e+01
2.397493053876829805e+01
2.153633437641026305e+01
5.780420815203708429e-01
3.183374859344599628e+01
1.142828147726450894e+01
1.662531773413858716e+01
2.541139132039152670e+01
6.825845585903199009e+00
3.473298460116460262e+01
3.385692538191278800e+01
2.118818360834177739e+00
1.803720110732545479e+01
2.827147043274467109e+01
3.187016849256982809e+00
1.511795624202762056e+01
2.331914688979032135e+01
1.056647804927425405e+01
2.098863273030296739e+01
2.097377450255997644e+01
1.799515298656181628e+01
1.671540300810221069e+01
9.686424063803340090e+00
2.115936844019865504e+01
1.253369974764473405e+01
1.812426549037255086e+01
2.121678925590399345e+01
8.810175528613999774e+00
2.617953199231965300e+01
8.495746063996342912e+00
4.675683018710602212e+00
2.704428482147979906e+01
2.636888696089329898e+01
2.149686237214102036e+01
2.110687120395286343e+01
2.786708231488606202e+01
1.325143181563039008e+01
-4.705498848765543585e-01
8.016890280814383374e+00
1.240797551285703548e+01
3.124371903707091747e+01
1.803445384524874129e+01
1.722064506586587029e+01
1.494449004505810130e+01
1.332032097889679179e+01
6.505632182398553454e+00
9.227434444719456508e+00
1.182246127192351537e+01
1.640357186905144005e+01
3.822758837543311472e+01
2.461644631035258612e+01
8.551596150458429690e+00
1.690976982105769011e+01
1.472050699419590813e+01
1.388287036719193601e+01
2.097077568534895775e+01
3.368506710910223489e+01
-4.661354190450882840e+00
1.040611737466060127e+01
2.566117103190026683e+01
-1.225524282580803970e+01
9.711667617076038539e+00
1.776676852591762668e+01
6.430061805753384263e+00
4.821770520681910455e+01
3.497427028988420972e+01
7.324604471664230232e+00
-9.922937097301591791e+00
1.720214164619634900e+01
4.313265997208503677e+00
1.658444952823959184e+01
-4.844679971480942982e-01
1.259986156399079960e-01
1.994684530916565279e+00
1.080035004025463508e+01
-5.329921509075973063e+00
1.672860705777475943e+01
2.357497884300773450e+01
2.148551142075077180e+01
7.473467473495489344e+00
1.938473228370609291e+01
1.050689600885283248e+01
2.336423474625620145e+01
1.462082316796095149e+01
1.018147729599773044e+01
2.841026994477316947e+01
2.433436451863806838e+01
8.116928022745375060e+00
1.972036420769434528e+01
1.702556643538270365e+01
2.674281472969349593e+00
2.749372176715275273e+01
2.257073548222933823e+01
2.780802864265380592e+01
1.744586737203733051e+01
1.150786190824092436e+01
1.282541721325314654e+01
1.536974278701887897e+01
-9.002270248097836713e-01
1.836807669876768756e+01
2.036870649758757779e+01
1.619013357853533464e+01
1.146908873600152390e+01
9.408291504218432522e+00
-3.736288410802572457e+00
1.575993914439434640e+01
2.176644637821702588e+01
3.555899837658410689e+01
2.340556286592246948e+01
2.045952518936024234e+01
1.781255730553379379e+01
-1.187710647398223784e+01
2.489116221934440887e+01
2.146081655791936882e+01
8.033717139720302214e-01
2.783204702244445627e+01
1.677683540269885754e+01
1.034778567966480445e+01
6.832011680684964006e+00
2.169644186129898600e+01
1.140700215586478805e+01
2.660452458051331348e+01
1.118907117650086214e+01
1.075117267127965270e+01
2.270432496881954876e+01
2.014334142010500983e+01
6.047460276099355880e+00
2.386629377415355791e+01
2.694435397576173585e+01
4.388401284491726173e+00
1.242295344043586880e+01
1.256048017740740619e+01
2.175422829006678782e+01
1.638611918704368620e+01
-2.032457981992813245e+00
1.653115791899006126e+01
1.628476955928679359e+01
4.535985579878526153e+01
2.418843868094603877e+01
2.217851043097882524e+01
5.281315918251792141e-01
3.078071280561621847e+01
1.746312309623037962e+01
-2.746161278399057437e-01
2.270147342534883705e+01
1.760481169846667626e+01
2.172122847369796617e+01
1.671954378766065474e+01
1.927390747766181534e+01
8.913306616582017838e+00
1.779077982297381055e+01
1.303363792676399058e+01
3.420097408816802442e+01
6.610092926500600541e+00
-2.798637620162971018e+00
-7.192586674677947656e+00
3.425459351907316830e+01
2.334367006087184038e+01
2.335463787773568711e+01
1.193438190825302314e+01
1.088023286141901735e+01
1.558153079686887743e+01
4.332328636418750989e+01
8.627960356188005164e+00
2.657568371040028410e+01
-1.821117186036467217e-01
1.705291078794203230e+01
2.200461353098139483e+01
2.307191672598251486e+01
1.618620798925191551e+01
1.960813377656586454e+01
7.840721105864155049e+00
1.260840709683388106e+01
2.083894193715429211e+01
8.261656566681470082e+00
2.151928610395003005e+01
1.631099564655945500e+01
3.964581909562719275e+00
2.255850489834001849e+01
1.886533529405489418e+01
3.051283806070590288e+01
2.254865101323079202e+01
-6.712762614230033620e+00
2.041629051364244418e+01
1.685530901989932318e+01
2.139195666924616646e+01
9.242418943521942154e+00
2.979023810039419118e+01
2.779761676250133817e+01
2.166725468369521224e+01
5.889547111519346956e+00
1.368851031713857225e+01
1.571545463492777372e+01
7.507057599654061164e-01
-9.926862133943004096e-02
2.283435409768622293e+01
2.883382942774827029e+01
2.272569148397835193e+00
1.228860162130350275e+01
2.890042945189191315e+01
3.057361557082419523e+01
2.705916491508679655e+01
2.496503123060934115e+01
7.314831394501367434e+00
2.111036476525903893e+01
1.152368278849410999e+01
1.510194996800599654e+01
1.524149749445864543e+01
1.756638611823735019e+01
3.115222366791441289e+01
3.141436558765060028e+01
1.266331740480960022e+01
2.219286718835655847e+01
1.018247042357891274e+01
8.030837086921650325e+00
2.874389097696622386e+01
-1.115397944032844890e+01
1.461637263784792573e+01
2.594230237911622083e+01
2.528614942887856643e+01
1.549512533152765847e+01
1.624231260515046671e+01
1.242719099636701863e+01
9.464597543021348258e+00
1.174971360936445386e+01
1.288384524952156696e+01
1.514128756430690004e+01
1.127786292760611531e+01
1.765522952038786997e+01
3.399287389381591140e+01
2.275960373097721146e+01
2.661493777904755120e+01
5.650940466762577330e-01
9.718461360316032582e+00
1.766402343301274414e+01
1.658541221569298685e+01
4.943001623525232091e+00
1.450064161146270791e+00
1.434096570982420360e+01
1.222840117154879458e+01
1.309437009599799318e+01
2.511354469403151768e+00
3.943916380491891971e-01
8.456149189920918019e+00
5.493891057442652937e+00
3.400433506472788636e+00
1.099115562027565574e+01
-1.112890380404936153e+01
2.547217999325695814e+00
1.139444983134324829e+01
4.101862907504621347e+00
1.638528644213155161e+01
2.978810536568488132e+01
4.177543134157545524e+00
1.951950331108373149e+01
1.522415679790147536e+01
1.999301214245829428e+01
1.561010661713994097e+01
9.929474996745245363e+00
1.461525109317037163e+01
1.849883293545383722e+00
2.296692690316371710e+01
2.397300942239485977e+00
2.832253155400842104e+01
5.983476497684701911e+00
2.445627454072709028e+01
-4.542316347222381978e+00
1.681273127431462555e+01
2.338791833055622149e+01
2.260389980075230554e+01
1.542133792818801652e+01
2.343537780634070700e+00
-8.121508076628320083e+00
3.113787301638755878e+01
2.567181289190728322e+01
1.214567051634101347e+01
3.641745157233330588e+01
1.768658313617536848e+01
-1.242488614319198703e+01
2.042928814714221275e+01
1.392125442271366254e+01
2.236023632881590828e+01
1.468358114212337462e+01
2.577849038093888723e+01
1.687925246344465791e+01
1.436612005243809875e+01
1.158947014845027645e+01
3.150944518664747562e+01
4.509726982318538191e+00
1.270557846134969715e+01
-5.993808638160270874e+00
2.272306901801592005e+01
2.949156911584286078e+01
2.102253691754205533e+01
-1.508306250307896335e+01
7.316879392578537811e+00
8.395679894254371334e+00
-2.416861507533088371e+00
3.192942427800883820e+01
1.149447827959473223e+01
9.672164097443443964e+00
1.221339130659023908e+01
1.747764551036322089e+01
1.721456294453773239e+01
1.617254752865131096e+01
1.161237792251129619e+01
2.313292935608327738e+01
6.373130811672448104e+00
3.558528453026607252e+01
2.180962750976860320e-01
3.564296274884782889e+01
2.579422679609564995e+01
7.529633316288435907e+00
1.494450487377485182e+01
1.432870695216497126e+01
7.338262213257713995e+00
3.815994251050602770e+01
2.777306316234122363e+01
2.233500481755578093e+01
3.017936209002824910e+01
2.696711348717487766e+01
1.774740627099224000e+01
1.524619924366099788e+01
2.493423494788780204e+01
2.197006622996244474e+01
-5.688429788451440317e+00
1.442588333121124933e+01
2.955965281759519314e+01
3.318397053085772086e+01
1.871419874178382514e+01
5.145261361502209141e+00
-5.523737052556541016e+00
2.785270968530856806e+01
4.215927940641436322e+01
-1.391812174526716817e+01
1.119944798868531066e+01
6.534290421263470705e+00
3.205844274226080870e+01
1.554415755029750024e+01
1.237320708731110841e+01
3.545846857100661254e+01
2.016081486616837282e+01
1.960109756251791424e+01
3.601280033788670210e+01
1.017682954356945402e+01
2.846098870546110504e+01
2.756144308170119928e+01
2.349596779060532015e+01
1.564981795147962806e+01
1.174292641302177032e+01
1.377306727201534109e+01
1.530313202970622832e+01
2.027287451400928475e+01
1.594911851967425065e+01
1.806741652899382800e+01
1.373469394233254803e+01
8.000859971543622606e+00
2.370603674554796925e+01
2.777932863254692819e+01
-9.929564697533841411e+00
7.571787912040747415e+00
1.776233276450330578e+01
3.144842055180822982e+01
2.277830109881136877e+01
1.992999035914061068e+01
2.187144772301530082e+01
6.298248286800886220e+00
1.698795797673658470e+01
2.116949511524329353e+01
2.175858785479950441e+01
3.864399589867113605e+01
3.302088315908299165e+01
2.708965500767014589e+01
-2.454214656415640405e+00
7.077727349604584717e+00
8.869095157216150938e+00
4.324232069988964255e+00
2.212847090681118090e+01
6.490199154170626983e+00
2.940224628987612121e+01
6.643316047205269470e+00
1.327599300550599537e+01
1.600207870312846481e+01
1.635980954860473702e+01
2.614585503511699471e+01
1.051670032590216053e+01
1.777737273486448899e+01
1.928997026171076712e+01
2.580098798901594037e+01
7.286545388712571736e+00
9.955871681266103224e+00
1.626028854292098202e+01
1.074097162321972831e+01
-7.111729888440915914e+00
2.639073793045555050e+01
6.431798778169401487e+00
2.859311164607597533e+01
-1.983425470504506904e+00
3.144644203663343518e+00
1.629935373844032398e+01
1.473911182520956942e+01
5.780375523928503512e+00
1.774180975560753382e+00
1.615406595017025992e+01
1.783061526798119445e+01
1.668187723917523257e+01
3.981002049507980090e+00
1.419190783130582645e+01
1.441426576538479054e+01
6.231002803349678487e+00
7.887646669431536139e-01
7.745018696826521776e+00
1.395241746549866058e+01
2.262751461077836623e+01
-3.725978708955086205e+00
1.895916852876644398e+01
1.341255951146733949e+01
6.587060561721051144e+00
1.142282703644886155e+00
1.354640548013831314e+01
2.144141350765908527e+01
1.514549166529981150e+01
1.000824833557275895e+01
5.054747216880427274e+00
6.375149815470722459e+00
1.930899971854211827e+01
3.048136922561875650e+01
1.235565226495673130e+01
2.336948155888752865e+01
2.911624584313020847e+01
1.880058851486767324e+01
1.395165985652989704e+01
1.481637249293854985e+01
6.610891562379404007e+00
1.248174236909980905e+01
4.273257099103027201e+00
1.964775419426523939e+01
2.480591497659383293e+01
3.549972153465803970e+00
5.378436040885970826e+00
8.343505917841682162e+00
1.924568523129705611e+01
1.846289086196192031e+00
2.251093649976812117e+01
1.335164213982475445e+01
1.294812045772293452e+01
2.135398902582946334e+01
1.665122852884287852e+01
1.536466149609183596e+01
1.854018770158738505e+01
7.886629290074830045e+00
5.267184426639435202e+00
2.361470339222540815e+01
1.307779155165684060e+01
3.149022060190344519e+01
1.488722960375679349e+01
1.034995256363411009e+01
1.930096887205299794e+01
2.690878751030252403e+01
9.246709860172600770e+00
1.761584100361718086e+01
6.125371221373061559e-01
1.189944311324352455e+01
1.293759788507127695e+01
3.509558628583421580e+01
2.391804156861338271e+01
1.669328898765524727e+01
1.114624268557179754e+01
-4.901887860564407617e+00
9.826633881731243747e+00
2.349660044135094239e+01
1.147287790777756200e+01
3.155589404726037372e+01
1.023563113772182831e+01
3.854446910942363758e+01
2.541027398770860657e+01
1.492402017814321624e+01
1.780811375398943497e+01
1.204321607398144423e+01
1.431726006567279974e+01
6.080385610296254129e+00
1.176087433273070282e+01
1.536980999285029625e+01
1.848543889329556933e+01
2.766717696876049359e+01
1.753856941905506872e+01
2.897228517033116901e+01
1.205994287797443931e+01
2.130572409775892240e+01
1.716264912448441038e+00
3.540779437753060677e+01
3.959154782125790462e+01
2.482134568044410372e+01
2.010978971428250262e+01
1.245306623416328762e+01
9.177937203089832963e+00
2.993948376141235457e+01
3.161031784055923666e+01
1.116206469273834223e+01
2.423005426040715093e+01
1.426026385345743286e+01
1.594204718451364045e+01
4.906699015413686027e+00
-6.507460633280821583e+00
3.921256616431643494e+01
7.276761460915865953e+00
1.864467978462617381e+01
2.004680129841812430e+01
2.109391205403762370e+01
3.030572870845945488e+01
1.521307183285231091e+01
3.675845595887667017e+00
1.113924399480789873e+01
1.932845570522484024e+01
8.779861704444950732e+00
2.284638588964773476e+01
2.878531570553980856e+01
1.018574357774620509e+01
3.847433364531012501e+01
1.472525634306775899e+01
1.580507614406329076e+01
1.389321961889471169e+01
2.073858480097393198e+01
-5.793393280292903569e+00
1.025506075073409384e+01
8.238530698271578245e+00
8.593098331701565229e+00
1.070166940009480783e+01
-2.229053005098297291e+00
2.259306715476179050e+01
5.347506074844359603e+01
1.290394029980814139e+01
9.739697331193967855e+00
2.272878847670325086e+01
-7.309939546683974498e+00
-4.788609442559348395e-01
-7.570750805615951151e-01
5.098037589130560931e+00
1.011382211861926805e+01
1.232578984909433295e+01
2.399929404151700751e+01
1.334274957254370797e+01
2.481763608579789349e+01
-1.788351834367258419e+00
7.918537773179457062e+00
2.076005420513526545e+01
2.315403509027613893e+01
3.416905802322095553e+01
2.520355303437769123e+01
3.462590837794945742e+01
2.140118956478661616e+01
2.083070176950176133e+01
7.891905802122226810e+00
4.691794849393374989e+01
-6.380876592660484903e-01
-2.221470510467504056e+01
-5.313148507299668921e+00
-6.384413006229831211e+00
3.687869652203934479e+00
8.093448747293390255e+00
2.897428884880602595e+01
2.784279854460278614e+01
-1.188863289635847309e+00
1.854012919069365850e+01
-9.450900361610266032e+00
1.302530198678744533e+01
3.680076331009007617e+01
3.007190352803682742e+00
3.545762399506600104e+01
1.679650906673382593e+01
4.363713007971986357e+00
2.249787805571987320e+01
3.007616218654659690e+01
5.548677881535393652e+01
4.403730834039501474e+01
1.237714724240412068e+01
1.683658953446108342e+01
-7.284570952562535950e+00
1.800718707754402104e+01
6.658592637734056296e+00
-5.480943048699142395e+00
3.655077945499513703e+01
3.416553732948520050e+00
2.142917556465815920e+01
2.215714190978125941e+01
2.986009232427059601e+01
2.533483175181886793e+01
3.793462163481699179e+01
2.835380828681692833e+00
2.054869914648514850e+01
2.322446324361776959e+01
1.648214569931032614e+01
2.451693246213263677e+01
1.941749837457819083e+01
1.726898899104002894e+01
1.239573410967371636e+01
2.207325352860677015e+01
2.623240190482732714e+00
2.452803075657428167e+01
2.161768657312934394e+01
1.683874298298460559e+01
1.274249432344825372e+01
3.271273457594662659e+01
4.241650853126763110e+01
9.990139372015599761e+00
1.992886631598813096e+01
1.086874283766255900e+01
3.862231127266186448e+00
1.006527765688339926e+01
2.994792305015008083e+01
-4.977693268078247968e+00
2.077676661564713712e+01
2.458621358399527423e+01
1.534817844675091791e+01
2.402842427790348268e+01
-1.199614802549677961e+01
2.263734469230747592e+01
1.833873109432097337e+01
1.438669906659028541e+01
3.779749138504914896e+01
1.222087844543570156e+01
3.693448231597951548e+01
2.487779994618577462e+01
2.031075221733644298e+01
6.639619928075914501e+00
3.600656011265411394e+01
2.649476887457737107e+01
1.307639897845681887e+01
5.342452805379313219e+00
-2.430654583328333729e+00
1.781430504551625660e+01
1.173911656139243043e+01
3.622706761200434755e+01
1.982433174635954032e+01
1.034584009409043048e+00
2.353577304274392290e+01
2.100518878629534569e+01
-1.073056862197823591e+00
5.840802318579589425e+00
2.350847595858839512e+01
2.580063350413411527e+01
2.813830853356584427e+01
1.972158873109199106e+01
2.253536378516249528e+01
-3.803952026588824253e+00
1.150536571077637404e+01
-5.216273820448332543e+00
8.088258556848840541e+00
3.712040122030229483e+00
-5.637823506448356170e-01
7.953883902540638928e+00
1.485720383748518714e+01
4.247905546225087647e+01
1.137251573005645078e+01
3.116034773232653166e+01
8.802003890624082061e+00
3.397908187285215575e+01
3.176183692647546408e+01
2.102191014364190735e+01
2.408430349304002505e+01
7.409306671304495495e+00
1.528149274923758050e+01
2.405878451068155854e+01
3.604109422447152156e+01
2.556902459606039812e+01
3.621777517019111770e+01
2.679363712777621132e+01
1.886248448380155551e+01
1.494088506064619892e+01
6.892254073593324648e+00
1.678070603616010104e+01
1.611699563905681032e+01
2.859543504692071636e+01
3.326384791267521734e+01
2.271669644614001271e+01
1.900121432253846621e+01
1.774473587864167357e+01
-3.881463209406899040e+00
4.343262569859767552e+01
1.181539547130728351e+01
2.163819128463042674e+01
-8.216933446227166371e+00
9.585577362524626110e+00
6.185928829371610149e+00
2.461338937977258468e+01
-8.226220778825915403e+00
5.842726068225113778e+01
2.942505905379944764e+01
1.384226714455489216e+01
-4.330027013517739221e+00
2.289154453957597823e+01
4.565311234849474431e+01
1.072674002735658938e+01
3.446232903227417665e+01
3.332811639457158748e+01
4.220678223513247929e+01
1.917779089363806122e+01
1.303025806189023328e+01
1.193019052753637865e+01
2.040469580756417756e+01
3.724784270398037833e+00
3.126359967046647625e+01
2.226917615155608843e+01
2.030551767313896150e+01
2.714554244288023455e+01
2.226354847835534656e+01
1.961482371611999653e+01
3.117941972232812731e+01
2.978862202714852714e+01
2.281249447130881336e+01
3.151336260300385561e+01
5.338693841006879381e+00
3.755051860313501777e+01
2.026896306346894150e+01
-1.279855509386266732e+01
2.168573240436878535e+01
1.665772021117073010e+01
6.722560610876616494e+00
2.688437195179161066e+01
1.605115317295630106e+01
3.078236322470236885e+01
1.717912231078647523e+01
1.494748049862327477e+01
2.638148218272899470e+01
1.992145255035271845e+00
2.270882082420553871e+01
2.259798197023113531e+01
2.573679913187102386e+01
3.731627043337364569e+01
5.165595590133911230e+00
1.853682594432228115e+01
2.230545835660554843e+01
8.576570440562772291e+00
1.802987671698388539e+01
1.701400247630227014e+01
9.451021048117869583e+00
6.416429038770168347e+00
1.524545309197147347e+01
3.268831773204816926e+01
1.970676366944915614e+01
2.573134572008435228e+01
1.732683910628276536e+01
8.845083974056541010e+00
-2.027064027443831407e+00
-2.132643736464815731e+01
4.430035684538501073e+01
1.243286911651498094e+01
3.797670046385849218e+01
-3.779763628482047721e+00
1.088647830257621507e+01
1.683295584206149442e+00
2.156311886067229722e+01
5.543065837676651952e+00
1.377108798392053046e+01
1.191980831712596967e+01
2.129247406225967509e+01
4.715993573441063091e+01
3.697472843843319978e+00
2.649997578980476476e+01
9.205185037652743318e+00
3.038461248558634864e+01
1.951999038833011824e+01
1.772033037698082580e+01
8.713196152160600505e+00
4.459362506623801892e+01
2.689142303989691385e+01
1.038701592757134762e+01
2.232138242334124811e+01
1.741507249486098274e+01
8.899586920457448258e+00
3.599589739169740454e+01
3.113781969675500250e+01
1.187990102640215717e+01
1.598721018436435948e+01
-1.990019937058315236e+01
2.141957710891583844e+01
2.956864916236145291e+01
1.094622162257652676e+01
2.341699100902372521e+01
1.899108353830072815e+01
2.211328246039965251e+01
2.851664304671933436e+01
4.976789895096151994e+00
3.245431536061769151e+01
2.019540273580541268e+01
1.071396772031157596e+01
1.288189624888616613e+01
1.993608847461823430e+01
-8.523923901147071547e+00
2.221801344876965700e+01
2.830826213389845236e+01
3.509879044919331648e+01
1.131335106683765801e+01
9.710973898428786555e+00
1.348165323598196430e+01
2.225018343438441093e+01
-5.932759651666788869e+00
2.444071312825568043e+01
7.825774584530886813e+00
1.055902797652734826e+01
2.846144287145146023e+01
3.832559339626825334e+01
-1.758081467293771993e+01
9.003073015267943902e+00
-4.339570814613043837e+00
1.257854852212872743e+01
1.130286824994658090e+01
2.346308461133036616e+01
1.842959841255048303e+01
1.519640717020594778e+01
1.496744252748323589e+01
2.606864139110859924e+01
2.503159164900004896e+00
1.861706473417262231e+01
1.747115569093442744e+01
6.848137380541460928e+00
5.627942015192898495e+00
5.062961419294272503e+01
2.636497810329698055e+01
3.380152839720756930e+01
2.059458382039733237e+01
8.150395156189468082e+00
2.758371087346222339e+01
6.397046511464991170e+01
2.858349402915876780e+01
1.707167427301592255e+01
1.949473451233156496e+01
6.321254112938408554e+00
3.250102832402079756e+00
7.972473937731514582e+00
6.969683664030512205e+00
9.446586513298433019e+00
2.796412652955542200e-01
1.225325982624158527e+01
1.646168055763350324e+01
-1.380309759386637936e+01
1.795154604959443745e+01
2.110320145080203602e+01
1.811944601054001325e+01
2.393006198208649238e+00
-2.083705308987818228e+01
5.450541661682709815e+00
4.296825267073440813e+01
2.657643454483488199e+01
1.033780086583331048e+01
2.366186275919949367e+01
8.886165757439462354e+00
2.073928594664216973e+01
-2.559991266689561229e+01
5.249433130453979857e+00
1.052916317426785042e+00
3.419528300457838554e+01
2.110245237329423418e+01
2.486760322730184214e+01
9.518179702248263041e+00
1.088579951461179007e+01
5.773181261967916811e-01
1.384541396520954493e+01
1.573284969315170834e+01
-3.495752846637603994e+00
7.810238310076369928e+00
2.536917689861204295e+01
1.505038741972924399e+01
5.649694379331455707e+01
2.374959280230929437e+01
2.882253097916769491e+01
1.923019887901498137e+01
3.038255948327376998e+00
1.118840780038243921e+01
2.579474157285323344e+01
-9.329002734937120067e+00
1.374454099883374880e+01
7.733225750080779726e+00
3.341846303632324933e+00
6.041223346030643171e+01
3.690957843086664525e+01
3.779043543664666771e+01
4.136598160601743501e+01
3.105705509979338075e+01
-1.045998616671569437e+01
-1.114518868369845706e+00
7.221241423730884179e+00
2.916988859911827703e+01
1.879821988679421096e+01
4.075164892031660102e+00
1.649777589302982506e+01
2.863102914351165396e+01
3.091211681578855064e+00
8.506350514053870882e-01
2.710421924745287470e+01
3.687103035613931468e+01
9.165413304137816297e+00
-1.733538326436153199e+01
3.343325393640078858e+01
2.098648919275538915e+01
2.118799099490082583e+01
1.021454098348576345e+01
1.050450153604304049e+01
2.809019439928548678e+01
4.327076308745049005e+00
-1.281432468404108960e-01
1.902702786062391027e+01
-4.431039666056477699e-01
-1.334682159069782870e+01
1.941451308877444148e+01
8.823827351404180064e+00
1.289380465277146470e+01
1.089285766240111819e+01
2.439760212486249813e+01
1.088521551935275511e+01
2.249074838965883316e+01
8.853016206811822997e+00
4.794441874611113263e+00
1.854233177311091652e+01
3.832685565694712437e+01
7.466490603262808889e+00
2.210734070361549541e+01
9.480133652672856570e+00
1.975205249699317278e+01
1.763468699834778874e+01
1.652436903149572700e+01
1.626935315816372452e+01
9.787454508890000682e+00
1.145778681400453181e+01
-1.345784276725712303e+01
5.594537692386914784e+00
-4.658653177418646152e+00
1.104888912417535352e+01
1.611743106040630380e+01
1.150181513285996715e+00
2.100899664124482769e+01
2.503701136054052157e+01
1.692428891743914576e+01
1.688615761797878179e+01
2.786337071617352024e+01
2.238277912216451071e+01
6.671464871535444985e+00
1.432198971368180729e+01
7.939016200204852325e+00
1.745945070450823167e+01
1.869576316466039501e+01
7.256924500939570422e+00
5.242577451578918613e+01
3.758724210497776852e+01
2.010114341967542728e+01
4.737405172236584860e+01
8.477014396633665072e+00
1.594457769410803749e+01
4.216339842408617145e+00
-1.722883629354364388e+01
3.116853067750907869e+01
3.542354130856578820e+01
2.768397846746228907e+01
-2.093501025951987771e+01
2.404358743373360241e+01
1.022506772503314743e+01
-2.221115702441403528e+01
4.898872488951033333e+00
1.936166660672998319e+01
2.990675248313396395e+01
4.338644810469448743e+01
4.010596729111798098e+00
1.421462519731523244e+01
3.134994314444152508e+01
1.698567832133823785e+01
3.255222849456479395e+01
4.206041672836629886e+00
2.451019797565490066e+01
1.383044809465513936e+01
7.980815611057140657e+00
2.503203232537406819e+01
2.188684432499208654e+01
2.357079345669735915e+01
1.254226426037235420e+01
-9.132133145214925918e+00
2.072912243315003522e+01
5.884638553497582691e+00
-1.376705667798759336e+01
1.309165477407782419e+01
-2.027836662556600089e+01
2.131292099606950075e+01
1.605751842729825896e+01
1.804039149413048904e+01
1.979808549973846610e+01
2.803568057686799619e+01
5.380804380955233057e-01
1.721940124000371597e+01
2.260451613966000650e+01
1.330296862712194539e+01
2.059369334061723222e+01
2.397359960892125486e+01
1.416662822073173800e+01
1.280961738074935852e+01
2.735525620254721701e+01
2.331895483323228291e+01
1.108086791238782354e+01
1.163177632378040371e+01
9.689373921409792700e+00
1.348678741272999382e+01
1.214653719043331748e+01
2.160793700229004344e+01
2.253764859600989823e+01
8.514142598343736879e+00
1.942394799942929851e+01
1.786730955196113158e+01
2.964990586809863515e+01
3.016678846229353894e+00
1.376078911755792333e+01
1.490112184445311883e+01
-6.391042405729923104e+00
1.545344994105970393e+01
4.166129295489627182e+00
1.342756442460301614e+01
4.332555551984570741e+01
1.659129553663688483e+01
2.542621643313080071e+01
1.653864878181298792e+01
3.020427779155269832e+01
1.257082161556926536e+01
2.636351060137858582e+01
-1.260305923375664960e+01
9.582051894827730010e+00
1.181926867998959629e+01
2.684506874389663977e+01
2.449237986240475706e+01
-8.259331154607398418e+00
1.374053536738415104e+01
1.055504756328987170e+01
1.691260866644435623e+01
6.614375514758098262e+00
3.189078842335488062e+01
1.179692065034292625e+01
3.205577845272071613e+01
1.963354144845823512e+01
1.576696695052812913e+01
1.286091372430282931e+01
2.342506975934109192e+01
-7.943217702066942110e+00
-4.197952120866496273e+00
3.156448818854086369e+01
-3.803198061482110148e+00
8.357041139525593465e+00
3.845179054098757376e+01
1.457859111013859632e+01
5.189965333748165932e+00
2.245343361383201852e+01
-1.050335582494339093e+01
1.974103646949783553e+01
4.779127553528669381e+01
2.318570957132750721e+01
2.560591164799473063e+01
3.354027551991430300e+01
2.306702839014773332e+01
2.420743217492226762e+01
-4.077332735365072125e+00
1.725754548453661741e+01
4.687676118169095218e+01
3.819313022113606237e+00
2.358051247631545522e+01
2.483718277098810745e+01
1.041183264812747566e+01
1.702742095901757935e+01
1.773241223379212883e+01
-2.920257724300257252e+01
-2.155500879549840221e+01
3.210435461142637337e+01
2.050588455831582024e+01
1.759060197069032938e+00
-2.091254830582162327e+00
5.831232524999412803e+00
3.038793353896558358e+01
-4.613855668409506450e+00
1.106578712851986346e+01
1.723054680617681456e+01
7.535013170179563069e+00
3.084383279241542652e+01
-1.676132227110024076e+00
1.489911180093714727e+01
1.478012412812603316e+01
9.266431717072389773e+00
-2.387140319080958051e+01
1.432006613146695706e+01
2.530870090371226411e+01
1.553587105418341707e+01
1.179181529395003558e+01
3.339818460525235011e+00
1.678516908142432129e+01
6.527156853085948285e+00
9.095449907864395556e+00
1.494060134289099295e+01
5.902806133250271259e+00
1.484057307393291580e+01
6.825357981828176435e+00
1.650893390537634531e+01
7.809834358800410214e+00
1.327352503247568016e+01
7.629493870686198775e+00
1.267117795477133946e+01
1.826945186607720473e+01
2.552586986268556046e+01
2.319980265808918318e+01
1.760771501023634755e+01
1.318017250580224164e+01
1.232898379626099583e+01
-1.231427442825918206e+00
1.688937910306972867e+01
3.064240411285330268e+01
1.804766913546675866e+01
2.830225091493775835e+01
4.603001279898888498e+01
3.010433882271331640e+01
4.495847972040348850e+01
4.814745967071260679e+01
3.782088063858424931e+01
2.285269295780022247e+01
2.315200565373441322e+01
4.300905942202192733e+01
-7.235996210711160614e+00
2.150433818370272476e+00
-1.729775415993351828e+01
3.352942867804881644e+01
-2.274367703398587537e+01
2.231778294636896121e+01
1.988976540677791149e+01
2.142376412635982064e+01
1.339226022878377798e+01
1.009110835501088488e+00
-9.319412415249075821e+00
7.226953774314210044e+00
9.558900275539954805e+00
3.285409983411113899e-02
5.018337497089802923e+01
3.703050207147366280e+01
-1.263733033935594818e+01
1.983861968339500592e+01
1.107408079439332127e+01
1.257157650602151655e+01
3.165868923770435828e+01
1.142445780318611881e+01
8.105272736721593319e+00
1.860375234772774533e+01
2.288590320358045460e+01
8.900744138550496842e+00
4.290953343747791848e+01
4.224026371353841114e+01
-1.486791184508088293e+01
5.172584680589957351e+00
-8.510279395251892254e+00
5.324169473010815778e-01
-8.985410586927571330e-01
2.746508466020704731e+01
8.795387338283607193e+00
1.589742389769768494e+01
-8.450149561148652566e+00
1.957873189877198428e+01
1.769557837313251270e+01
2.171411347123220636e+01
2.184600263599763892e+01
4.120998615726389858e+01
5.416309719393410660e+00
2.235199325017772765e+01
3.835718798080816327e+01
1.457465998791303363e+01
-1.178406411801999809e+01
-5.811321553539251283e+00
3.729542367663846392e+01
-2.034187192332751692e+00
2.147361137457556879e+01
5.732364400402575555e+00
5.281895940188378091e+01
4.305265619857101456e+01
3.587090382403799182e+00
-4.289255473346540271e+01
3.343382712783510158e+01
2.105131143593209586e+01
-2.135705973067604901e+00
1.618230747910325462e+01
1.875333888370555968e+01
2.266576927303209743e+01
2.098279056891521321e+01
1.562074975378469510e+01
9.326740463655331936e+00
-1.177865987828315752e+00
-2.131417616136847215e+00
8.471360866270085666e-01
2.202452189103350833e+01
2.045007235740502693e+00
1.210986702396873405e+01
-5.095071978783163757e+00
6.441150604513259381e+00
2.675981091144746316e+01
-3.266437742988930637e+00
1.795906856666665519e+01
1.486126968974574503e+01
2.961251561324136361e+01
-3.725413367700673462e+01
2.024024025333243770e+00
4.149896536705762173e+01
1.309212709635314020e+01
3.250474587508881541e+01
5.841537383722403831e+00
-2.199935063283917458e+01
1.248031970476295172e+01
2.058727704212860132e+01
2.742577583343669190e+00
1.711864123873053600e+01
4.267204232698010458e+01
1.338922628795938863e+01
1.944991467442063282e+01
1.840573652964570428e+00
2.421932917013273823e+01
2.016102556195459528e+01
2.826023670804906374e+01
6.865348587998909125e+00
3.342368178472999318e+01
-4.703501032192161091e+00
-1.704977541097356664e+01
1.240528226356568275e+01
1.644656636792430149e+01
1.237372992365788349e-01
8.454613773939644972e+00
1.825101167447534678e+01
1.312062146485289738e+01
-1.682210248236948402e+01
1.170314004838943589e+01
5.886409870014694690e+01
-4.381232537926578630e+00
9.645680584956986436e+00
2.648958285445945648e+01
7.494559296191459552e+00
3.479796321539315329e+01
1.717911110173837486e+01
3.651000724909540196e+01
3.046796826627178234e+01
2.806766138764809426e+01
2.156110308677832421e+01
3.120491381219344618e+01
1.219453274401913134e+01
1.634822523980892583e+01
4.675179746701186900e+01
1.166870342736743993e+01
3.332412955043763247e+01
4.351924016825392982e+01
2.737673642859407508e+00
1.824825543236790892e+01
2.111609241439450102e+01
2.393731558253639236e+01
2.256448495487372341e+01
2.020838365048484775e+01
-1.498300925726454835e+01
2.501901471741098604e+01
4.234269741067512882e+01
2.454440644905191959e+01
1.516525462639201471e+01
6.153724505071684447e+00
1.344658334102632580e+01
1.928849708848872524e+01
-1.724174319389430110e+00
3.494076313806266398e+01
3.698835429531109753e+01
2.967139256995682572e+01
2.196418681234264980e+01
1.026259404735269243e+01
1.634478349146930043e+01
1.037434410542727825e+01
2.170450168629986010e+01
1.230194659278639158e+01
2.573449570024162369e+01
1.762901492835949568e+01
-1.915345116656510527e-01
-5.496093927320824690e+00
1.252938285430350440e+01
1.482105463146618973e+01
2.849938021162348889e+01
-7.248878970261838361e+00
-8.482575263510732100e-01
-1.614042360235139029e+00
1.287157123553775939e+01
1.984700384175024368e+01
3.036613298359551294e+00
2.188741579025173678e+01
8.973506575525323825e+00
2.903773903193328820e+01
2.255177370609420606e+01
6.252485582190863767e+01
-4.057821086513698106e+00
4.589630093914254161e+01
5.334735672025791331e+01
1.083330803633655748e+01
3.302123852231371615e+01
9.361054257434366477e+00
1.616344048026368796e+01
9.395280199231997642e+00
-1.798879344347430020e+00
3.072619450653023776e+01
2.301128478238423014e+01
4.163622259161530792e+01
-8.553814104321880052e+00
8.787256017046457757e+00
-2.028982658299655384e+01
-1.605754304256547016e+01
2.048216492684618828e+01
6.326467797861006659e+00
1.975257436680451306e+01
2.266882629364717516e+01
3.095467861757620653e+01
3.058258307215940164e+01
6.389423435700336107e+00
-1.021502007906969567e+01
1.183908516757300688e+00
2.658900578926359515e+01
-1.617012178165754932e+00
3.093339527939303579e+01
-1.734700763991965289e+01
2.822490277329526620e+01
3.395131410700714980e+01
1.484147911544245346e+01
4.274032776312280646e+01
6.840484975312039140e+00
3.163210132293256649e+00
1.524779657923238574e+01
3.257052713176334180e+01
3.380294233138845783e+01
2.563253999887026069e+00
5.028479048027055853e+01
4.265719398379003735e+01
8.838715670710637795e+00
1.158356604134222323e+01
1.026636904745328849e+01
2.162246008279289811e+01
-1.785665786934274024e+00
3.706252319892207936e+01
1.707318193194727129e+01
9.202298637714228846e+00
1.424354651478120992e+01
1.278235419788112104e+01
3.038840668578090032e+01
4.116581002942658785e+01
1.836528446005332782e+01
3.706205760874718180e+01
3.300853895148662787e+01
8.493506756713387063e-01
2.507437519428236428e+01
2.614072963378114878e+01
3.199370842544229987e+00
2.988907169510876827e+01
1.388623937643818351e+01
2.151449549688976504e+00
1.464017440377874202e+01
4.110243518365308546e-03
1.804198182977038201e+01
1.548356756437204496e+01
1.608639637804744993e+01
2.931053316044630463e+01
3.676070020332284471e+00
4.747892630894470756e+01
-2.171814010518655635e+00
2.375717384241739794e+01
2.532601852062399317e+01
-4.285884574660773438e+01
7.376607562898502835e-01
3.366705866060614483e+01
9.099082785903629400e+00
3.781176137542273352e+01
-5.308505584037673941e+01
2.798374210724547950e+00
1.468226621703669466e+01
2.942322726538172617e+01
1.766544814618801240e+01
3.145666570132294382e+01
2.913460398560853903e+01
3.612530888974969656e+01
3.949798028371294834e+01
8.466602178615172392e+00
-1.601064354425390235e+01
1.775413450225548218e+01
2.785517728930791037e+01
-7.712739532537600695e+00
3.606655827879540865e+00
6.426030765428335734e+00
2.022215316087552495e+01
4.065945085665662262e+00
-7.152847610886190921e+00
3.498349719431473659e+01
-1.303910591042459544e+01
1.661250553796470797e+01
4.694410210584230470e+01
5.210336653988414213e+01
-6.574714057670389877e+01
8.329413836800540594e+01
6.435477233773459815e+00
2.711956277179188390e+01
5.988748235639445028e-01
7.824950149125132270e+01
4.011121768633306317e+01
7.970002828435902131e+00
3.192418794399580761e+01
3.083565071757485399e+00
2.498004254839793958e+01
3.204679187397485407e+01
5.682182014943083459e+01
2.767335980574866738e+00
1.559958788456354561e+01
4.079518169064833444e+01
2.611500592526983766e+01
-6.274693194136595764e-01
3.689607474147328503e+01
2.272813356389909956e+01
-4.511276024720353206e+01
1.817160021935185199e+01
5.404463326043934757e+00
3.110154314940145426e+01
1.710109915941135839e+01
3.272036900519261593e+01
1.615632029243328205e+01
-4.824322299957515270e-01
-3.881106975557092653e+01
2.962804414865644276e+01
1.436996619479336701e+01
3.614524549674875686e+01
8.592828372504250467e+00
2.571430349379882330e+01
1.512956687152220425e+01
3.939795860987324971e+01
-7.328354947167142086e+00
3.560564157147317133e+01
4.363382554898695531e+01
3.608408089708790101e+01
1.198108510294435547e+00
7.056846537739316361e+00
1.115363432380650544e+01
2.047969800726260559e+01
-1.473427111024015090e+01
1.128178573629455528e+01
3.542392934721704023e+00
1.034917221572375645e+01
-1.264828815253075334e+01
2.685350553814721053e+01
5.094336679369963150e+01
1.303723702098240622e+01
1.342728658063419900e+01
1.639793090498794115e+01
1.718874808794424425e+01
3.852279616107599480e+01
8.644941160413704750e+00
1.561740975027383627e-01
3.010872057245638089e+01
2.630091668789943071e+01
4.634033132530016985e+01
2.903641116615096252e+01
1.195464144985606936e+01
6.883432123189430740e+01
1.366695866618878199e+02
8.861995399973736198e+01
-1.993967581212826801e+00
8.674434238947419828e+00
6.991953162091631668e+01
9.969474185518087950e+00
3.382524762776717608e+01
1.049341140884181911e+01
2.840422962706379195e+01
8.154628863923822024e+00
2.984410740253095895e+01
1.376913758540188049e+01
8.137155815785241941e-01
9.697255361619461667e+00
-1.787404730352282201e+00
4.553171850312097035e+01
-1.956598405422396070e+01
-1.024305627907357419e+01
2.761200213222600297e+01
2.176778204871616040e+01
3.252602887147358501e+01
-2.470185832933073300e+01
6.073753853880172215e+01
3.133398150662611670e+01
1.039868670459097189e+01
6.821317090231977431e+01
4.201928866255966710e+01
-4.262624975316246179e+00
2.322271053682166553e+01
7.555306044020746015e+00
3.046102527286690886e+01
3.689192250260630601e+01
6.830284789606216123e+01
-6.012953764158044834e+00
8.273487676582984562e+00
3.309202853140888578e+01
3.604756989286669722e+01
1.747761696916797902e+01
3.088403542201928786e+01
2.980809449644270259e+01
4.400822038497695132e+01
-9.393560853804601152e+00
1.903960507075243669e+01
3.106463905331881392e+01
5.545609887725660059e+01
3.377562557670493959e+01
4.109357927984110859e+01
3.078835164499741595e+00
1.106446042583979583e+01
8.967460397600099498e+00
-1.978815690097376745e+01
4.723444765700690340e+01
4.353047846933049669e+01
1.313271283697973502e+01
1.278677253908975509e+01
5.713713770058980401e+00
1.651245802431355614e+01
3.494836387621658957e+01
3.366114071325898749e+01
4.669165675988568864e+01
3.396004320791863051e+01
3.147911170612371734e+01
2.829412532725488916e+01
-1.082818885110074447e+01
1.356043293254833770e+01
7.200791608361322460e+01
6.245579878948754882e+00
7.797499832733803871e+00
2.698008083095887955e+01
-6.782553827943530678e+00
1.379881779393041796e+01
9.858579910719733164e+00
3.436595169858597387e+01
3.153774352200203168e+01
3.712734204988587194e+00
1.842653590150832343e+01
-1.424009290890129265e+01
4.946764554900368438e+01
-2.467337502247357151e+01
2.408924309644238093e+01
3.960710688960679349e+00
-4.009034614283137898e-01
1.825003683197328286e+01
2.770542067662337971e+01
5.305422903357898434e+01
5.759676151289454538e+00
-1.240304210081998093e+00
-1.423441604202409394e+01
3.156722476557432344e+01
4.587411048760396071e+00
-5.669747165218470997e+00
2.671144744407311578e+01
-6.097328454685300159e-01
2.926503632015234757e+01
4.300687675331076321e+01
-2.636205699869091035e+01
-3.874990772640521186e+01
-3.402319242733889837e+01
2.215352387841823045e+01
6.054986557908859979e+00
9.846095931838124926e+00
1.083515476718977055e+01
1.778636459915808032e+01
2.253462970179464619e+01
4.435733666022758825e+01
-2.359536426920773522e+01
2.131153589321524322e+01
-1.308722861511566649e+01
3.786238767561332708e+01
3.158444442014694431e+01
1.379995522090327853e+01
8.138684095111713646e+00
3.047586774116268771e+01
2.801937412559240670e+00
1.985703353955108952e+01
3.285476939480833636e-01
2.914571112298564515e+01
5.662595805789951697e+00
