8.666949527200743830e+01
-1.266002534432886364e+02
-3.791439460458136779e+01
-8.281276719176641876e+00
1.119388488387787532e+02
4.737068731686315459e+01
-5.160109889495054603e+01
-8.170818329470806418e+01
4.382079363625410195e+01
-2.738959413080555461e+00
3.335887352200327882e+01
-3.068064474432173672e+00
-3.513424818190473786e+01
7.547962575666618079e+01
-6.708806069629208935e+01
5.732099406441901834e+01
3.778649980530998675e+01
2.379816947427361384e+01
-1.328625632989413674e+01
9.856197262283737714e+00
-6.485446304113028759e+01
3.237654287820453192e+01
1.599098828309762510e+01
-1.064713188760407547e+02
5.445750833128314383e+01
-1.559300906501279282e+00
-5.897455319557116127e+01
-1.236371682540119465e+01
-6.757759879165688233e+01
1.097290985511641637e+01
-3.461334290354417220e+01
-5.692825389697149774e+01
3.090214147374044984e+00
5.359241617575224126e+01
6.157586044931237268e+01
-4.400449063665440264e+01
6.525582509469698778e+01
-9.663427913666971847e+00
7.233301964569028186e+00
-2.611447485742146313e+01
-6.777203137931385868e+01
3.642648654055242474e+01
-3.600221800035932773e+01
-8.541232374070436606e+01
-4.600878454289148323e+01
-4.811101360700949670e+01
5.369705262389985734e+01
6.958689726006680587e+01
-2.862795564278587790e+01
6.085052377974356830e+01
3.169533807603211173e+01
-5.364569778701979885e+01
1.473278551085441563e+02
2.016708149726866850e-01
1.287430547486459176e+01
4.361745834449442327e+01
9.548894025581379452e+00
1.508479827089379910e+01
-6.676608012611920628e+01
-7.027384405730670025e+00
-4.886835756929791330e+00
-1.496246017918133830e+01
7.641823810743528611e+01
4.845410987049150719e+01
-2.698106664238878594e+01
-5.008485740054665314e+01
-4.212147854788252488e+01
4.771033930978362747e+01
2.808801637585939659e+01
-1.129816543647952471e+02
3.236106072910492060e+01
1.016352031839757331e+01
3.221981245157117257e+01
3.993616050567557352e+01
3.563896343845524228e+01
7.439476347545449642e+01
1.722267166037199715e+01
5.661599126059313036e+00
5.794316539001491861e+01
2.423566608402181632e+00
-2.059536319181188446e+01
-2.077604102124972485e+01
-1.495094482387177237e+00
1.666272617731522843e+01
3.305694610448786364e+01
1.446116843255044415e+01
-5.529061141795927625e+01
-6.624191050996363117e+01
2.247080137601045635e+01
2.243016134127085781e+00
-2.998970559715374407e+01
-3.582663532019118691e+00
9.220783829067502779e+01
-3.468687381160267336e+01
7.665794410549366056e+00
-3.218711282233894622e+01
-2.314733419513579094e+01
-5.993558949638007505e+01
-1.800859021100353630e+01
2.667516523219872226e+01
-1.770291174160854908e+01
1.285935894754954845e-01
1.596460686893174774e+01
4.594046212393627826e+01
8.543524497829217523e+01
8.263976759081907986e-01
-2.012330030349845345e+01
-5.347479924704749266e+01
-6.862095575646560519e+01
-1.088833800761477200e+01
-2.814386021569498197e+01
-1.351340543586115572e+01
3.745063789841769619e+01
-8.642885563977614538e+00
-3.041697552028917784e+01
5.233032479538545090e+01
2.426874118107452105e+01
-5.282997128597173742e+00
-5.903479237336576091e+01
1.799392830074328931e+00
-4.774272664125872723e+01
3.539518091560856305e+01
4.168151764512964519e+01
4.302730191751175681e+01
-1.433735096315789903e+01
-3.030317489152502120e+01
-2.975694561236765168e+01
-2.916949198166864221e+01
-1.055508972767092146e+01
-3.371700847665419332e+00
-7.704639737266752775e+01
-3.670463703488954366e+01
-1.147243315601769531e+01
2.894740682763676887e+01
1.965771312429214746e+01
9.637142094468973852e+00
-3.188066314868433437e+01
7.132623156236217454e-01
-1.031009617880068951e+00
-6.849315209224261736e+00
-3.731454540979519408e+01
2.470268703503749208e+01
1.567487850809145478e+01
-1.883939889905101595e+01
4.756323405142583738e+01
-3.726561634885795726e+00
-4.846206268095981784e+01
1.376995802156746995e+00
-1.794052818181560127e+01
7.823367664709145686e+00
-1.372781859947072292e+01
1.783675933057113383e+01
-3.145086462311972753e+01
-9.753577944921242704e+01
4.386258793848215376e+00
-2.665333310086468543e+01
1.678951885023896295e+01
-2.455001002309893821e+00
9.394003367213473510e+00
1.121237118777948183e+00
9.300264852404884763e-01
1.492775638411889183e+01
5.703821167115871837e+00
-1.426054799833075215e+01
5.483310548662376505e+01
1.168818966800719839e+00
5.693314446936517115e+00
-7.704109730086267760e+00
5.426313160750988374e+01
1.165141944840920019e+01
4.322216212927247447e+00
4.229556948339205036e+00
-3.641338826210677837e+01
-1.475831011143979055e+01
8.927751158964051470e+00
-2.853096120200190811e+01
4.067066792137410403e+01
-6.717386307904575915e+01
-1.252827733210751404e+01
-7.417493275523794338e-01
-4.470987335651335570e+01
8.720204524327053619e+00
-1.059196586338823742e+00
2.089109817660221324e+01
-3.168884216264439857e+01
3.236654174963604191e+01
4.729622481545472823e+00
-2.303273351920755019e+01
-2.325297736462354337e+01
-6.552476445335084065e+01
8.224120538920014667e+01
-3.689446906890688993e+00
-2.860634379986464637e+01
-7.654210558796199493e+00
5.547189626823194430e+01
2.344667399502393224e+01
6.981474061307615386e+00
-1.683218491866207955e+01
1.736855279955028664e+01
2.412197637827581786e+01
-5.496352933950362285e+01
-2.754261705505798830e+01
-4.085196503022248748e+01
1.813042068984442068e+01
2.444704183080706628e+01
1.915739847124987705e+01
-7.270459975772008754e+00
-9.077716779236699551e+01
-4.463877607674984205e+01
-4.359215953143869626e+01
-5.032953947288282848e+01
-1.273691507256326405e+00
3.593925973887742487e+01
2.900948776882928470e+01
-4.871799003579045717e+00
1.114840224471842234e+01
5.072805037451620080e+01
1.998141463024355957e+01
5.517962093013671421e+01
-1.683996063911143892e+01
1.651192488226103094e+01
-1.672483726397004844e+01
-4.154912636164751660e+01
-1.537653727309856322e+01
2.550735853869966263e+01
1.640050240199450116e+01
4.093556245817251948e+01
-3.139244371340732442e+01
-5.091330480703350148e+00
-1.071880192213556882e+01
-9.899837127659493419e+00
-1.050077765525823636e+01
1.303027413538709212e+01
2.051228113450011747e+01
1.637776472278720519e+01
-6.298907288339496802e+01
9.661489398675099594e+00
-3.909066410195277541e+01
3.914923492356261647e+01
-1.620703923505814714e+00
9.326314534445780069e+00
-3.032431914448898169e+01
1.526885052146327304e+01
-1.451999282871294383e+01
3.291934745753214742e+01
2.507527402227141877e+01
-1.929129762152522787e+01
5.105767924521363632e+00
3.808478420966871170e+01
-1.745385378098198714e+01
-2.257143559932084287e+01
2.235279764891861021e+01
-1.671591706946169609e+01
5.639692775945773207e+01
1.716877430169817131e+01
1.909081103939205448e+01
1.008117801620880094e+01
3.523342789428830280e+00
2.335711155224469593e+01
-8.879944453071265897e+00
-1.984997159568450797e+00
-4.129658595379438246e+00
-6.079367080748168917e+01
1.550403847753049291e+01
2.716511424184681189e+01
-5.813187496492828288e+00
-2.921352773337366671e+01
2.761056267967303413e+00
3.592062963237880524e+01
-8.020939342816129169e+01
3.216372839167348285e+00
1.588908308969061345e+01
-4.938141310287990748e+00
-1.459417356737185756e+01
2.365855918901181099e+01
-2.917837528094077371e+01
-4.500909239871377920e-01
-3.971761718329524626e+00
1.484156274873766712e+01
4.259776130007269757e+01
4.481480436441894710e+01
1.126299295544792933e+01
-3.210095538347874822e+01
-2.560387148710593586e+00
5.621588233182563243e+01
-4.792577448724545164e+00
-1.751209188832484998e+00
5.472703479282969852e+01
1.251399184311910773e+01
4.252706333052683618e+01
4.807306471086295119e+01
-7.163731048118945566e+00
5.472961570309524681e-01
-2.056521382877592785e+01
-1.688240417650334635e+01
7.158937296492589475e+00
8.654409057728706500e+01
6.942197524859964552e+00
-1.637637873732780847e+01
-4.597511698632855826e+01
6.502232951546795903e+01
-1.625767778967495403e+01
9.168217819528292623e+00
-1.506109545967250440e+01
2.447100998040656705e+01
-3.336265281637194846e+01
-2.591992801859790063e+01
-2.654613130774847463e+01
1.073629907429671704e+01
5.580675021467742525e+00
2.456547165216299788e+01
-9.819418936741996617e+00
2.354806141361614369e+00
4.214809821644794852e+01
-1.912482677440564771e+01
-6.905155512609571389e+00
-1.187500079710089729e+01
-9.884598420074350855e-01
3.756703852029424695e+01
-8.585200648653346533e+00
2.691987872681219685e+01
1.317812063158547531e+01
-2.808468439815440831e+01
3.481270528981075074e+01
-1.115029211887726213e+01
-4.858241467937405744e+00
3.317941317724146799e-01
-2.334908793130828997e+01
-3.289890908656644797e+01
3.700545072845862649e+01
-2.233183596708671104e+01
1.639012872240197538e+00
-6.803089353173047016e+01
-1.233379639689668750e+01
3.052890986060003442e+01
1.076939788355822714e+01
-2.019627131730761249e+00
-2.851199506906122849e+01
4.561204644102971173e+01
-1.380544083821270540e+01
-8.123567916724905302e+00
-4.374969959981238077e+01
2.054782277567606741e+01
-3.071300273564071404e+01
2.613414324669573929e+01
2.644304008890194169e+01
-3.525676489410876258e+01
1.900114560936887997e+01
2.963190178771575134e+01
-2.229138102510758301e+01
2.498520938813587122e+01
3.095366296021201435e+01
3.996247253784132170e+01
1.033969389334481548e+01
9.043855702284105291e+00
-9.121764109774176177e+00
1.921469590071725264e+01
-9.681181424752367093e+00
2.083747226060151547e+01
-4.178864390724446309e+01
-6.597503787608484771e+00
-9.158365357200908718e+00
1.461001193942703402e+01
4.846826118234892178e+00
7.323833039943476564e+00
-8.354617041127198718e+00
-1.737788709959746214e+01
-4.976107359713605405e+00
2.956406632173507276e+01
1.373790380775195707e+01
-2.760486468148314110e+00
4.440409910529909965e-01
-1.433789862275610361e+01
-5.124479000432381248e+00
8.068831789668877263e+00
-1.658049610100915672e+01
-2.035168680037832090e+01
1.894364396005463913e+00
1.542870134493105105e+01
-1.237498524887621798e+01
-4.078974324172220278e+00
-4.408445565030760349e+01
-1.667268226508318918e+01
1.747089073815688565e+01
1.646914493459227913e+01
-2.329569023924891980e+01
-1.428850331283646824e+01
1.250979597346755767e+01
3.721755452870006309e+00
3.859404999904325706e+01
-3.716400730700438970e+01
-1.196795978512096070e+00
6.670639473561688071e+00
4.303458874915022392e+01
-1.113481314437266079e+01
4.417034298725647901e+00
1.111869110248717973e+01
-1.500086452804677961e+01
-3.739743746365103760e+01
1.096060995512145197e+01
1.490291918336379950e+01
4.310039506982015212e+01
1.384296156355837937e+01
-7.915570875454944755e+00
-3.955199225608375002e+00
-2.216493792287574038e+00
1.826469505707999019e+01
-4.093816717115807080e+00
2.111110535217739503e-01
8.620440046453873961e+00
2.466664120949203465e+01
1.779843415566370624e+01
2.202402717321283632e+01
-1.344318720547602197e+01
-2.875802872460705117e+01
4.010917889017127180e+01
5.846306918737980141e+00
2.894391272495646206e+01
1.070591038026676500e+01
-8.289566561442894610e+00
-1.608335668047254785e+01
1.258101200474819592e+01
1.906325739928312046e+01
1.390448491601016245e+00
1.571372040365965894e+01
4.777798919214729878e+00
2.355404671824981833e+01
1.047426173890852397e+01
5.804229270993377554e+01
1.830733074488766121e+01
-2.245512020900022065e+01
-2.103042761878261402e+01
8.352322693087028682e+00
5.629201793654195818e+00
2.232779249665199828e+01
5.674107513363095023e+01
1.646012431596289360e+01
-7.331072584554020111e+00
-1.696630999982578913e+01
-8.259661339946772429e+00
-2.566242105244621641e+01
-8.793129987478380372e+00
1.934588789280700283e+01
1.058581233781750619e+01
-5.087135643253979822e+00
4.052391043910152035e+01
4.443760977214487262e+00
-8.422004198655734797e+00
4.599005660626443159e+01
2.133945641300538654e+00
-1.476506172231459857e+01
3.304307740951477967e+01
7.590057310774178667e+00
-2.675052173859932836e+01
4.317907407399180997e+00
4.259751003537895286e+01
-2.054887509350994179e+01
9.186044584841702942e+00
-1.154399576400935068e+01
2.482992971931136594e+01
-2.873820026164131036e+01
2.201423450404487170e+01
2.135912566885344432e+01
9.596024443849380248e+00
-8.743263375335965648e+00
6.571682809178155615e+00
3.823887485446240930e+01
6.735247915342597480e+01
1.088908826607257829e+01
2.422572475395573477e+01
2.461475444370243792e+01
-4.719505926753304692e+01
7.277465535968239863e+00
1.791566274747433951e+01
8.346018198058327009e-01
-9.278602112259989099e+00
-6.095493839415306425e+00
1.844013406393874277e+01
7.057736825079118148e+00
1.967937850085147033e+01
-1.380089106123647547e+00
-2.220472438203274557e+00
4.845852883127098387e+00
8.780612567015930736e-01
1.593943600010405959e+01
5.746251866824408694e+00
7.505661661058429246e+00
-1.146156681945304356e+01
9.040529214162853933e+00
-1.678616396536554944e+01
9.517626257599882678e+00
-2.017750810753320323e+01
-2.376472814118208987e-01
-1.836672065283244670e+00
-5.915655869466620587e-01
3.160755685202714815e+01
-1.099083351807799147e+01
1.489942888730252335e+01
1.882300079704729256e+01
1.063030902470230288e+01
2.795809405207407750e+01
-5.697277353816132006e+01
1.338512141162100022e+01
-1.141221001036840832e+01
9.964699838370569829e-01
-2.268611653094963643e+01
1.016164689106094032e+00
2.311647365764771322e+01
8.128802511308046874e+00
-2.117279281847799055e+01
4.912487312828267960e+01
3.600014088538499379e+01
-6.017172085370461332e+00
3.514122695215496606e+01
-1.877789159623688064e+01
-7.017832288091918613e+00
1.382737539847900798e+01
-1.912243967767296482e+01
1.230448270581499237e+01
-9.025384103316438811e+00
-1.943051192190228704e+01
-1.948641982044671295e+01
1.958814573463487108e+01
-1.208937665690933372e+01
1.555377709783605411e+01
9.096823639643957904e+00
2.432349450919429401e+01
1.261148523977105462e+01
2.674671011592466563e-01
-2.493991693609180516e+01
-1.001658178611689110e+01
1.865957816104066680e+01
1.174146259619244503e+01
-3.407263069150651802e+00
-7.805086702498915230e+00
2.131467750188803123e+01
1.978402942281301691e+01
3.188708818004081014e+00
2.569042316783842139e+01
-1.509393732984839076e+01
-1.108218765937710515e+01
1.792197104129856999e+00
-3.536072109752520021e+01
2.799286942141490986e+00
3.326760105002028123e+00
-4.235111264978748125e+00
2.738350327163227149e+01
-2.858592787978346905e+01
-1.741966450413131895e+01
2.359563779650749638e+01
2.839916255025502068e+01
4.295272222767028580e+01
1.265685387100355896e+01
2.901828891919941711e+01
-1.932689956261221553e+01
1.498070358352034059e+00
-1.777632513509153256e+01
-1.408381190356040236e+01
-4.510004776683261163e+00
-1.000009944512298077e+01
1.307883876096600950e+01
4.899257400374858662e+01
-2.008715928641487380e+01
-4.460947819186005248e-01
-5.159142567022634296e-01
1.622726295692920928e+01
1.707777398854055217e+00
-1.617316967909924941e+01
2.909818545354159269e+01
5.413341572538801216e+00
6.280100007911663340e+00
4.261600858450773188e+00
2.767342256805633482e+01
-9.497869341731039583e+00
-4.685229738448883552e+01
-1.858604576445605971e+01
-2.039013479749263169e+00
-4.241493067047721333e+00
6.356525183637585563e+00
5.700990200404355335e+00
-4.084144841758249100e+00
-1.767013329258756826e+01
-1.884714079789194230e+01
-4.485537143251618630e+01
1.563186914790743032e+01
4.604960995778021982e+01
-1.551722071006072312e+01
1.150537654453799874e+01
1.800379589818658843e+01
-5.052893037056287895e+00
2.380743078429048509e+01
-3.918918309825547652e+01
-2.133925521058577246e-01
-1.113014240935971877e+01
8.386883040718736027e+00
6.515454662551674048e+00
4.594893822088589275e+01
1.287655330954567745e+00
-5.340513171481118704e+00
4.810980585255698116e+01
1.495985815157076004e+01
-5.429633145636566738e+00
-2.434109522175777585e+00
9.538086832594196096e+00
1.428235407200637397e+01
1.567243281626808660e+01
6.630830231386393159e+00
-4.205693611906709428e+00
-1.509644039983441743e+01
2.323675155255997549e+00
1.468103178310333412e+01
1.612004646856493650e+01
9.221308529199212956e+00
-1.843876565561548730e+01
4.676678853150036730e+00
1.546977729234367827e+00
1.150172584603649995e+01
-9.911408383347017903e+00
9.785393500822749502e+00
-3.703782597373770358e+01
7.853985551893469363e+00
-1.213118028196933373e+01
8.099328828121258539e+01
2.448775212792690326e+01
3.445939391624204706e+00
9.997176616801407789e+00
-1.853077714997265346e+01
2.779409954049674880e+01
-1.989791579923826959e+01
-1.017907260087459953e+01
3.106734877970356123e+01
1.780042009855482110e+00
1.003260175518189357e+01
8.342485872363983646e+00
2.962838763266822895e+01
-8.591164274582583360e+00
-7.540021298955810636e+00
-7.432097148605082637e+00
-9.530469491359793821e+00
-3.567969919125196299e+01
-6.250265908117587088e+00
-2.282268360836300403e+01
-6.150362911580637970e-01
1.359039078462670247e+01
1.087329757253941409e+01
2.010814649275720001e+01
8.540471713795874109e-01
1.930777587860607980e+01
6.231996854414306952e+00
2.091404107404402879e+01
1.841509983638229642e+01
6.787003605526925831e+00
-1.978571309363466924e+01
-2.264485629402790678e+01
3.350285812621924819e+00
-7.716727869577697518e-01
1.096597742770354778e+01
3.425806125422100479e+01
-1.143758740323818834e+01
-1.232299012860314846e+00
1.038954714043387106e+01
-4.692805585731350249e+01
2.495139122469991833e+01
-1.406310625923239854e+01
1.025504610567928410e+01
-1.981497146115147601e+01
5.808537603182172937e+00
-1.107635898937236973e+01
1.907417801414934999e+01
2.067752063311582944e+01
2.493931687024955046e-01
2.033342159989870890e+00
1.080113052031233245e+01
-4.720220516981893155e+00
1.245024764144703333e+01
-2.075058367584430030e+01
-2.237563844642755484e+01
-1.042372020101366559e+01
-3.728122300364759667e+01
5.518699165453210931e+00
2.872050631593182146e+01
-9.526883179714042527e+00
3.786956838507247625e+01
3.215925233747707335e+00
-1.904097178552525094e+01
2.477858269712121242e+01
7.913096881469366295e+00
-2.591192072643382360e+01
3.711218680213543841e-01
4.557692728440742691e+00
1.586263434161653052e+01
1.190820595871083043e+01
1.103340839047069366e+01
-1.608154812793061694e+01
-1.182209729886625738e+01
1.052316169349013819e+01
-3.767441953212399497e+00
-1.081573716146940534e+00
2.329357938418113783e+00
-2.739061391218345776e+01
5.343564892061221094e-01
-1.181363352296330582e+01
2.369833385137238224e+01
-8.186358170791754318e+00
3.463112189223581083e+01
-1.398949286562114125e+01
1.360077823418006382e+01
6.922572349832645244e-02
-4.262318443259211165e+00
2.898840308078733941e+00
1.456052140391247107e+01
-1.793725868479130980e+01
1.158485425838384231e+01
9.990702580462871296e-01
-5.582101323143911387e+00
3.237319589505334960e+01
-3.013810239171352379e+01
5.464475201989457354e+00
-7.473872394005461217e+00
-2.089343328917924403e+00
-4.933761974932121319e+00
-1.506083694535106687e+01
-5.685512496854871145e+00
1.119569636681425528e+01
8.612227337203762545e+00
-6.079048308685837121e+00
7.394987000490329976e+00
1.429748206485869488e+01
2.803116965470753641e+01
2.251311910522457538e+01
4.077631500218419802e+00
-1.464217249262840070e+01
1.301979063491445388e+01
3.500341729112294686e+00
1.240201678749934189e+01
2.565000577834458184e+01
2.207995088170009268e+01
4.068795992658516525e+01
1.363949729640375175e+01
-2.392884539263731902e+00
3.001130325098388241e+01
-9.938742201490260442e-01
-2.581615870433554250e+01
-2.341437777850075896e+00
1.942900154321063866e+01
1.331322745312764511e+01
1.458356227023100971e-01
-4.193425281402541671e+00
3.765918772043543328e+01
-5.287912271370094786e+00
3.405962354004333292e+01
2.061069176143642423e+01
3.778896350895617928e+00
2.669106406034289591e+01
-7.823859187433804152e+00
-4.879562730858795661e+00
1.163174790976238882e+01
-7.387374547763029042e+00
-2.764315333168703859e+01
2.002123774212020280e+01
1.159722747858115710e+01
1.464556403204373680e+01
-1.896325841356548914e+00
8.301134954674175503e+00
1.241423423264655668e+01
-1.665861660300388891e+01
2.437987808042890592e+01
2.728728994281321540e+00
-3.609885929122435222e+00
2.063080681544171568e+01
2.188469346168217200e+00
-1.313705288700509399e+00
-2.979957261276343417e+01
1.607814751153680000e+00
-3.020924151682793379e+00
-1.045092043867774123e+01
3.460623891479600900e+01
-3.000580659535124539e+01
1.116442710185408771e+01
1.304970773276965978e+01
7.876816481708678985e+00
4.032361951811909151e-01
2.534925169279790680e+01
3.119425311371708176e+01
3.396953342915066898e+00
7.762513565779837421e+00
-7.706722529788171627e+00
3.086606624196070214e+01
2.457202476571349692e+01
6.371533422861588747e+00
3.267805753623441500e+00
1.161930036472142902e+01
-6.954213586220870269e+00
-1.585227916255044889e+01
4.105506345496414689e-01
4.759203696877454259e-01
-2.717969186067092124e+01
3.340156136253359165e+01
8.519636494765496337e+00
-3.754508146357915521e+00
-1.552346189429476198e+01
1.728923807407873525e+01
2.785764189900026011e+01
-2.028873012177412782e+00
-1.009511966216780721e+01
5.625235386394855652e-01
2.822098163339650512e+01
1.935124790464879752e+01
2.821561062050105306e+01
4.124892892845264392e+00
2.905310346928768794e+01
1.739193391460630522e+01
1.102357262307245733e+01
-1.167101995944033810e+01
1.386680072720851165e+01
2.313858559005888793e+01
6.484195691533754413e+00
2.177349387560036220e+01
-1.252160031916110938e+01
-6.851085641785212843e+00
1.265661498727019563e+01
-3.015860048814587913e+00
5.632147826172726468e+00
-7.549907291742435689e+00
-1.254983606299720833e+00
3.384653293924439765e+01
-1.972014900493121559e+00
-1.945459396245387040e+01
1.575673682424455890e+01
1.869267755001526155e+01
-7.173471807835355207e+00
3.572916324788383236e+01
3.884885513216580932e+00
3.718403520946868213e+00
-1.583486265267455195e+01
4.331188132617282349e+01
1.062983731737259419e+01
-2.024420507127602242e+00
1.497139767257031551e+01
-1.170342589124112465e+01
6.037316791984141062e+00
1.769411602204739253e+01
-9.778085543519805967e+00
-1.200133926708306831e+01
-4.565186811477626172e+00
7.777867244803638336e+00
7.526000599005673308e+00
-1.340396229452553101e+01
-1.014389074547766256e+01
2.162670672409972283e+01
1.745256345267757325e+01
6.872250695448391511e+00
1.339628531242461662e+01
1.271119827768718835e+01
3.511231418058277143e+01
1.752697399434410386e+01
-9.438834042406483604e+00
-7.264494638242169344e+00
6.819746010792266944e+00
3.260982989324454628e+00
-3.432383380371326176e+00
-2.344674598781633179e+01
-3.742063828426541505e+00
4.041230855745277850e+00
1.280368291953400295e+00
1.494228991532518336e+01
7.908950132598151939e+00
-3.428421405722003712e+00
5.658564768232704267e+00
1.672276170724623512e+01
8.542807310047614067e+00
3.868121652477268135e+00
4.790793290333012777e+01
-1.654334629832690418e+00
-1.439022704278657017e+01
-1.496935566972519993e+01
1.009745925591115423e+01
3.530316560838969053e+01
1.572911031809621996e+01
5.784740605384000922e+00
-1.928138849175742742e+00
-4.519189439994692137e+00
2.760991492707537631e+00
1.302754860956398808e+01
9.488421948161715136e+00
2.409133112220412798e+01
1.045741070895928360e+01
1.005072641775116971e+01
1.538197882199733613e+01
-1.253151874926061993e+01
3.591532747814966342e+00
-6.904177246312319660e-01
5.158886652685957586e+01
-6.458458252407005773e+00
-1.572168564173768601e+01
6.863854813878217165e+00
-1.058967308887124759e+01
3.103080331823033688e+01
-3.833535786338141627e+00
1.451389241621282622e+01
7.641006249500057024e+00
-1.990547341862192177e+00
2.403901666270924409e+01
-1.362778465571421904e+01
-1.267799923279941154e+01
-4.268442588578158059e+00
6.263265059512367117e+00
-9.044614507353800903e+00
-1.288048237126868756e+01
1.076833770620736885e+01
2.607391318730792307e+01
3.095599519571296909e+01
-6.676935892854020338e+00
3.683045552614266427e+01
-2.258349323116484797e+01
1.729434532203250896e+01
-8.628801262174956577e-02
1.251790080297670293e+01
-2.167280007710656164e+01
1.216768124491997227e+01
-1.421798196488897759e+01
-9.065936340863631315e+00
-3.109121670021157513e+01
4.693159853825285666e+00
2.093185174908397173e+01
-1.909859825840971581e+01
2.532729793181401590e+01
3.422992707200567253e+00
3.382977081672464692e+00
-2.678927131476301682e+00
1.142584512140700426e+01
1.684305247493356461e+01
1.008441896000118021e+01
-2.864049053587250881e+01
-3.958204178082555558e+01
1.766130963319419322e+01
-6.851341000585541963e+00
5.897475527287993735e+00
7.595588169763897390e+00
1.192961082394565331e+00
8.629986720501765518e+00
2.299876328939939540e+00
8.270066555689197685e+00
-2.112042510074523349e+01
-1.455215606171236686e+01
-1.127785151264871999e+01
1.638941977936038086e+01
1.563353469880681956e+01
7.211920085060858021e+00
2.089993948720408667e+01
1.014538394996372261e+01
-1.995017168412206665e+00
-1.046330906455805199e+01
1.893387640236247904e+01
4.121184399686207200e+00
9.315233674327380697e+00
4.608262718363543620e+00
6.256681673824388668e+00
6.743086114104681172e+00
4.156688307192690779e+00
-1.547487011561652892e+01
2.913184466649488158e+00
1.273388166446098069e+01
-7.723111738886544231e+00
3.159730726700987091e+01
8.095262265089178122e-01
-4.384773418985464133e+00
-9.022754116115411449e+00
-1.330483908821901196e+01
1.142795459309110528e+00
-9.959604926042540995e+00
2.505100748882287220e+01
5.556193293299011238e+00
1.166473612576929142e+01
6.530246311390358827e+00
-2.902716013085923308e+00
1.883044098778560738e+01
1.778558431754350266e+01
1.219767839351622563e+01
8.392415031618071453e+00
8.234871755830548423e+00
1.145944174621426903e+01
1.384067566085583856e+01
4.577750593963933134e+00
2.277388035559197732e+01
1.324328450889620967e+01
7.205699222378899371e+00
1.507280860591983362e+01
-6.828168834154199729e+00
2.340700814130542984e+00
-2.042013533283493665e+00
-1.035497559091547970e+01
-2.156617776326548608e+00
1.361575838396643867e+01
-6.450045621452975553e+00
4.498905826627051141e+01
6.694374434012335229e+00
8.051575523044272487e+00
-2.303238220353401999e+01
-1.483962179580464991e+01
7.564697759175212255e+00
-8.240892722704545648e+00
1.734591666013888300e+01
4.593388150934672787e+00
-1.365446561009927606e+01
3.656108858541133877e+00
-1.247595429565794234e+01
1.316100668105887372e+01
-1.326551948341464282e+01
2.580262332919270918e+01
-8.495989160953731911e-01
-7.382102485689841842e+00
2.690453053310167775e+01
5.611239970402976951e-01
-6.985074175645117123e+00
1.771683542284047874e+01
1.511882139948715498e+01
1.095649168117185379e+00
1.904275441711649819e+01
-6.291448756638029494e+00
8.427834975785254201e+00
-3.603870134397834768e+00
2.219499780697850699e+00
9.230915181969692185e+00
-3.508652445644329987e+01
7.776502229122872478e+00
1.293369894278544763e+01
5.242847517498224974e+00
1.289823822483850435e+01
-2.332741887361021504e+00
8.581977195832743988e+00
3.069767881109535068e+01
2.180088995717842426e+00
3.254133527456047670e+00
-4.802236847291793786e+00
-5.459996013677651305e+00
-1.553065762808371986e+01
2.480929529043579862e+01
4.393100657486865401e+00
-1.490818611487505052e+01
9.704256527390150211e+00
1.648168338921286669e+00
2.208646460259798516e+01
3.057265315486107582e+01
-5.773944752317735407e+00
-3.049205281573810211e-01
7.812944788003426844e+00
3.234476683480211445e+00
-1.001677735255722013e+01
-8.694825048097950315e+00
4.350153712062421363e+01
-1.977592285381232884e+01
-5.342484653930233307e+00
3.449251105995456612e+01
4.962740781050183347e-01
1.175181401312588925e+01
9.662102939776008981e+00
-1.454962216172649292e+01
1.424491754069540761e+01
7.013170857901636523e+00
1.740761659607503020e+01
2.172384863929938703e+01
3.069224234517100580e+00
3.251071174689499355e+00
1.887627165932724438e+01
1.966547108060629512e+01
1.101599564156136779e+01
1.838951451458361674e+01
-2.081811450407721864e+00
4.040499135368767369e+00
6.399888251536744121e+00
2.919392904340437056e+01
1.022581473663859875e+00
1.043040220881224656e+01
-1.347573386069636214e+01
1.495278248932304432e+00
2.371244094623775567e+01
2.235978433924730169e+01
8.812964344232825376e-01
-1.838187489936346353e+01
-8.551377912828508343e+00
-2.437526276008041393e+00
6.550518105745048558e+00
-3.407230808986112969e+00
8.279011637271301183e+00
-1.350910698803494014e+00
-5.253769467078459598e+00
6.690353231032048598e+00
-1.136900311379505624e+01
-2.821350342068130956e+00
8.769523389252217527e+00
-9.103537381257607031e-01
-1.667658225879659284e+01
8.075075749029119621e+00
1.184178499416913866e+01
-9.259329896096827994e+00
1.498325306323986439e+01
2.278186590654369681e-01
-1.684058700058248093e+01
-2.133351400299437373e+01
5.215607845311888724e+01
2.785031904385412371e+00
-1.429142954975212731e+01
8.657954833957088425e+00
1.861555613521181840e+01
-2.296136775391589424e+01
1.051370653853257231e+01
-3.485232115334385483e+00
1.841132565715241753e+01
2.721439275250581957e+01
-2.761060882676498451e+01
-1.206007602678074520e+01
-4.020288420310054178e+00
3.273892864693183924e+01
1.128066031804025471e+01
7.003427061565609790e+00
-4.654590669036963391e+00
-9.422481282513553325e+00
6.883496559332533238e+00
4.712617362636257745e+00
2.158247805020614507e+01
-3.117857774067838506e+01
-1.709369776974124022e+01
-1.339201140366970932e+01
1.280683859980617534e+01
3.211257374164247835e+01
8.890697351363298750e+00
-1.453889905197989663e+01
2.865857998651180516e+00
-1.492441966351290006e-01
-3.176543384579674445e+00
-1.497052138341894434e+00
-1.938501922554538126e+00
7.288925800058683180e-01
2.293504984978775951e+01
4.655928461330707080e+01
5.367057029703519078e+01
5.746022511016588119e+00
-8.617955518333733522e+00
-1.413586776963819247e+01
-1.527473500826025088e+01
6.742345939984452308e+00
8.570814419605298440e+00
-2.223364124638915307e+00
3.211906808931161095e+00
4.753440026436801702e+01
-9.555201102425890269e+00
2.926716805280352318e+01
-6.560862832711638504e+00
-7.346564326488897123e+00
-3.121086455907476420e+01
2.306522734578006606e+00
-8.510567626839162791e-01
-7.832767126117934353e+00
9.844003134776919239e+00
-2.712493110434088806e+00
8.089895038931814497e+00
1.211225547402184688e+00
3.021852820638414272e+01
-1.508739723008582345e+01
-5.096489602535850594e+00
1.098305212832678635e+01
8.987793446512883477e+00
2.042789966718709849e+01
-5.482774218091011065e+00
1.067191980358879988e+01
1.051824789515948133e+01
2.315820968858404427e+01
-1.155061651868235728e+00
5.533239234328943823e+00
3.652046706874246240e+01
8.463996539081897197e+00
2.459204048401452880e+01
5.967312144277201469e+00
1.714058959220295719e+01
1.060529069259911239e+01
1.032065466694452738e+01
1.064885790729788795e+01
4.709925990200961365e+00
8.703102190812451511e+00
-1.090897439372334077e+01
-4.559773650127490363e+00
-1.262639472666308471e+01
2.349764270144697775e+01
-2.640103071273260937e-01
1.426547749429683165e+01
7.080028788205600776e+00
1.902789214814617580e+01
-7.354888452668971510e+00
-5.154053327795427464e+00
-9.686366122874352058e+00
2.328825269272124743e+01
6.459172794510898541e+00
-5.776187055727035613e+00
5.215494146728829605e+00
9.716715869995113053e+00
-1.175652281775679242e+01
1.795579491423566765e+01
1.768347487924078143e+00
2.065999147363363875e+01
-5.459501074095514994e+00
-6.718878551356745277e+00
4.584006752449675481e+00
4.300257745242578977e+00
2.694885593868981744e+01
3.869873232703994148e+01
4.636519851312819185e+00
1.042050964936453994e+01
2.449113915000177055e+00
-4.237549083820356444e+00
4.974956720087760687e+00
-1.972577949569881994e+01
-4.625636707584982688e+00
3.631995652458437362e+00
1.068377166156303915e+01
-1.568438478161146321e+01
2.451612046437969283e+01
6.886655919575513707e+00
-5.465925095967914871e+00
7.034480901258113761e+00
3.768510149431395284e+00
-4.912240113654602780e+00
-2.868713002686327229e+01
5.818983410331517447e-01
3.253764393553002510e+00
8.684128169335556535e+00
-1.590854039002684850e+00
-5.167792140807685897e+00
9.478484623476294502e+00
-3.056551333691059469e+00
7.694022435123412329e+00
1.128827876844799505e+01
-1.085063726623852887e+01
-1.066687986429846191e+01
2.964674332259392031e+00
2.532952827755263669e+01
1.823769044542075779e+00
3.462753891684267060e-02
2.267035151751181488e+01
-4.371978077493723802e+00
-1.126842549124261694e+01
3.626907887490704141e+00
5.542973199932950124e+00
-4.098664144350365746e-01
1.251073818652463032e+01
-5.361719088739283379e+00
1.393014633713630879e+00
7.694384141244206887e+00
8.588513698135386676e+00
-1.294843768189706168e+01
-1.552869661549512514e+01
4.993900784589451192e+00
8.579605012739214942e+00
6.562768451718416607e+00
6.442486639832215367e+00
1.834718771233559309e+01
2.107118047520450688e+01
1.182104417264147500e+01
1.450953143287649638e+01
-1.983301150253948464e+01
-1.457559782774688273e+01
4.467993976955755286e+00
1.539896222982746643e+00
4.901607749444487183e+00
2.283949311990482300e+01
-1.250298496282917071e+01
1.729933395359815052e+01
1.279006887727164710e+01
-1.435739479036324795e+01
2.023049839077083245e+00
3.367995408910793742e+00
4.137547006696231655e+00
6.543117399085263131e-02
-3.734131591347262358e+00
3.363981847777053247e+01
1.316029304882722073e+01
1.323837649438593544e+01
1.746256938012261628e+01
-9.246095797204372246e+00
-2.484539406461528799e+01
1.618274365054719555e+00
-6.159734926406253308e+00
-2.672700178180069663e+00
1.161912805028462259e+01
4.093178424246059599e+00
1.474455913469641111e+01
-1.283078082132967879e+01
-1.144102253974975802e+01
3.937755192473588295e+00
6.546016413316200655e+00
1.168489878137221716e+00
-2.375148085001128173e+00
1.160286593629966667e+00
1.748429295782095139e+01
6.985212978328712907e+00
-8.332200610458761147e+00
1.877503186821360259e+01
1.104972348048339370e+01
-2.126387239726331480e+00
3.273146758539707601e+00
1.198179541022073202e+01
-4.240352085077844890e+00
1.007222473038497057e+01
1.964458993178807589e+01
1.062640283998301527e+01
4.476945097705176124e+00
-4.472664594859105947e+00
-2.164415756512257261e+00
6.883603778390110506e+00
1.120872319067213496e+01
-1.051176261806183199e+01
-1.549577173866484969e+01
-2.038690850611156513e+00
-4.957613549760189642e+00
2.123694024062103836e-01
1.593347796240688297e+01
-1.160177483992224978e+00
-6.946118830369311326e+00
1.028497903489660636e+01
1.210677177086989076e+00
4.778518794274590142e+00
1.843437672384616022e+01
-4.486839436431176331e+00
4.396441327687931278e+00
4.642892174706316766e+00
2.903336623144858297e+00
2.424897324024994916e-01
2.206528026826957856e+01
1.948202369101444287e+00
2.115479961317607760e+01
-1.481956334508326734e+01
-4.167192004516139470e+00
-5.196667299294301046e+00
-2.180325887639836147e+00
2.347515031328259116e+00
-1.176751802349971143e+01
1.878798306093231574e+01
8.156967614640393549e+00
2.062605535342377649e+01
-1.000149479105928307e+01
-2.265639892166556990e+01
7.584968918602847943e+00
6.277873451534134119e+00
-1.259122418035864399e+01
-8.717770679276313217e-01
2.479505878515106065e+00
1.482925809370831161e+01
1.776189989265988345e+01
2.267777952274519038e+01
-6.495978737746872511e+00
2.152525260222221792e+00
-1.823655676370195877e+00
2.082192682839355768e+01
1.423520893616433192e+00
4.240592174114760304e+00
3.001773485328769908e+01
2.283692500267170544e+01
4.750850007017693777e+00
5.315632692930384096e+00
9.335973392743204258e+00
1.890032071451326701e+01
-1.121475849495832477e+01
5.834580676398285703e+00
-3.128071277991990584e-01
1.293544478336639436e+01
3.246866697687999626e+00
1.743123635401559568e+00
1.590767326523510938e+00
3.782930558664009180e+00
1.068903555563350594e+01
-1.258646715486597856e+01
4.892938019811095884e+00
-1.103441351198300424e+01
1.213505767588996775e+01
1.113372314747715208e+01
-4.898784280173359207e+00
-2.565665970573141053e+00
8.668027857970246330e+00
1.042722934135458779e+01
2.546923660207861317e+01
6.151574649926191185e+00
7.979217446362920185e+00
1.723585928903180076e+01
1.475128340059124277e+01
1.509733150161828696e+01
3.101629530131275558e+01
9.272001517525410463e+00
-1.781491978217982108e+01
1.744097475557383348e+01
1.465077201354845471e+01
1.123670598908383056e+01
5.847131642337989987e+00
7.583532390366343634e+00
7.812881119586476686e+00
7.960576036599435135e+00
-1.613124245169151294e+01
-3.583463490670935059e+00
6.367785406132977499e+00
-1.806510274834421992e+01
2.521570828152941957e+01
-3.582206645527501010e+00
3.616221414276043333e+01
-1.043789531106296131e-01
-5.724288347418752920e+00
-6.279955544444876026e+00
7.646574040744109624e+00
3.257448328554116479e+00
-8.488840022193267387e+00
6.210130014277815746e+00
-9.935953846472589390e-01
-3.888672941779650394e+00
2.110852686870761019e+01
1.682849080978200718e+01
3.241979267875714044e+01
2.436820369576497214e+01
2.462278676814164236e+00
1.559347480610836989e+01
5.666242804921880705e+00
9.110973006036061861e+00
-6.392750118124759240e+00
-6.884598832543391111e+00
1.095037249980064686e+00
1.428203528082648610e+00
-3.772425799135555202e+00
1.597669247053722685e+01
5.199964656929084938e+00
1.412179787510404072e+00
-3.728906943681476349e+00
-1.204276931161751385e+00
-6.379992686469874386e+00
-9.138807796169665210e+00
4.159929506097438612e+00
2.742441753834563656e+01
-1.617500155402909101e+01
-1.420376651511011445e+00
5.726541166138892969e+00
2.035939379709606811e+01
-3.000367810975038019e+00
-4.825398390849237273e+00
1.802405731568653380e+01
2.257894587558352484e+01
1.371110448376093771e+01
-4.603960225012691865e+00
-9.654202799534605361e+00
-1.916671962866349688e+01
1.748026598227932382e+01
-5.580204430186551434e+00
-1.044939197249361129e+01
-1.813249695425212416e+00
-5.634935885131284294e+00
3.529456246803804653e+00
7.335491699590746428e+00
1.314443509297732504e+01
5.294437762599101482e+00
-1.559008393513384050e+01
1.097421774282947293e+00
-1.273130933963444278e+01
8.559903149596768124e-01
1.695996692347120671e+01
7.097008784554438066e+00
3.714557004293936426e+00
7.317117909969208966e+00
1.973544505886389544e+01
-2.525512650422310656e+00
-1.178729353975209015e+01
8.514896694594783710e+00
-4.254423655358390732e+00
1.190211305123165175e+01
8.841296176365098347e+00
8.161645659477574810e+00
1.969594956827578791e+00
-1.686588792044216412e+00
-1.605252402261922740e+01
-1.115206166821522515e+00
7.228701367616638507e+00
1.886854148688548349e+01
-1.070615580522938970e+01
1.740925043955596152e+01
2.381450331729633163e-01
6.900840635245900856e+00
-1.182816776392932923e+01
3.557976137920867643e+00
-5.720473582472340723e+00
-5.060407524013719183e+00
1.274905552325821034e+01
7.381073070053787433e-01
-4.620116210054211692e+00
2.395120003223770411e+01
6.780677730974803197e+00
4.102351455216358467e+00
-5.057213438831091423e+00
3.596697489005320492e-01
1.943894532458487845e+01
1.337900672298048121e+01
-7.016418359795104642e-01
1.393619011940588592e+01
-1.496333323391306536e+00
-3.781019165795860282e+00
5.298590195894299804e+00
4.044311408345406811e+00
-7.905169806995235859e-01
2.570369876007104892e+01
-1.001655992046098831e+01
1.310932683985295100e+01
1.220701159819174819e+01
1.897192909403351280e+00
-4.710153813502712339e+00
-3.035803937336057601e+01
7.349934665208831319e+00
5.710056984757437171e+00
1.619469985241966015e+01
-8.769235017280667677e-01
6.296275057070426229e+00
9.648852388247430412e+00
-1.723593377238749724e+00
-2.610306013875580256e+00
-2.044259837323445694e+01
3.533161637606102090e+01
1.347462365414850005e+01
2.152903309095396622e+01
-7.246438786086264017e+00
-2.981382390921192282e+00
4.037672451043583521e-02
9.731941889042150962e+00
1.912707446399552325e+01
1.069358082230310458e+01
1.745412843156206506e+01
2.503194603612937641e+01
1.666214958172469451e-01
9.183810362836123176e+00
8.853005302580186253e+00
3.445580996167751664e+01
2.094018524878390686e+00
1.035312693047822918e+01
5.365195205523402677e+00
6.946089311174729275e+00
-3.442484625396089903e+00
-2.346174084501102541e+01
-4.881182828359797554e+00
-5.156659333416428126e+00
3.707235934608053007e-01
6.948030930082312651e+00
-1.091301498184423124e+01
-6.961823703008407804e+00
-5.761596343415122945e-01
2.760203066784885806e+00
-1.933420792024991641e+01
1.561960134039647485e+01
4.713048357907375419e+00
-1.203462193354745224e+01
1.255655746231052206e+01
1.154894269358035785e+01
1.934308183985388041e+01
4.789919077915416601e+00
-6.475741931952102348e+00
1.415444765136436800e+01
1.044840480747319234e+01
1.640701490302128462e+01
-2.727847762393939846e+01
1.874807657848770504e+01
-8.279131219854868107e+00
6.571823055342624897e+00
2.748533638820752856e+00
-2.517992275397245017e+00
2.376865750332149929e+01
2.240342332365800004e+01
4.030797546654481422e+00
-4.357198441619305029e+00
-9.679502528248555393e+00
-1.423264336139497033e+01
2.501928129521957800e+01
4.917751277581081659e+00
9.323471168177235313e+00
9.516982398536448784e+00
1.385500386411756324e+00
6.472299999636939027e+00
2.814856171945621810e+01
-6.322204031035347782e-01
1.071741058936910207e+01
1.065858843806949352e+01
3.507190123438308049e+00
1.083757851322620169e+01
2.906442388783914588e+00
-3.936775507993785617e+00
-1.098252961460730859e+01
-1.153015834172743581e+01
8.469432865228979423e+00
-6.962287816920024852e+00
-1.437581194172296506e+01
9.074411598752472941e+00
4.902201569904907075e+00
9.870569538450283176e+00
-1.745556517718868506e+01
5.141821330170881055e+00
-1.812688020074753581e+01
1.938869638703563680e+01
-1.276791079134760309e+01
-1.520130709751640197e+01
7.781677343526960833e+00
1.955132355978091141e+01
7.837923449052328628e-01
-6.395896789894470302e+00
1.542842471769630741e+00
1.279838335235176672e+01
-2.072000782676116160e+01
-5.230297314166927336e-01
2.410598075129038520e+01
-2.199351185266372966e+01
1.110478964800356216e+01
1.780907374454057646e+01
7.701456293482225490e+00
-1.079289887777012247e+01
4.428892009385149819e+00
2.923741688180593989e+00
5.730818009630624488e+00
1.511169739518313548e+01
-6.290117582254984185e+00
1.155328974966734279e+01
-1.933882404122167387e+01
1.919343161848512835e+01
1.078614484994079525e+00
1.781209635825213855e+00
3.492074817188453917e+00
4.745710138919706722e+00
1.847653632446959460e+00
8.947292156112759187e+00
-1.201483263205507157e+01
1.680789666532734650e+00
-3.524268822039262616e+00
8.053620703355077737e-01
-5.839909481624909304e+00
-7.788178210712183969e+00
2.755081126420102322e+01
-4.165479988282642765e+00
1.159856001472232734e+01
-3.240718861780954363e+00
4.602259270068570274e+00
-2.445759032885777629e+01
-3.301484589200896380e+00
1.717452122764975275e+00
2.599159354501057706e+01
-9.486607994746520944e-02
5.063826297585411140e+00
9.082239476659783151e+00
-3.568772629050805278e+00
2.022672429214206602e+01
5.391349300325509297e+00
-9.576876870764207794e+00
4.057525199057833376e+00
-8.666446308705541668e+00
1.174141952795659805e-01
-2.496049970814021535e+01
-1.299342737275176241e+00
-1.588966109031788321e+01
1.605507439299350381e+01
-3.583120753309724194e+01
-1.812618775221476852e+01
3.321615717075953711e+00
-9.081651764998545318e+00
8.015956419448160730e+00
6.539127524795815383e+00
1.662106264876059214e+01
5.237864785791224165e-02
-5.406230525028302480e+00
1.280237791399969005e+01
-7.766049837214151097e+00
-3.129645525659109140e+00
1.574152694664068441e+01
1.417970070438322239e+01
5.034166844643864103e+00
-1.917987370233768196e+00
3.456307713969289708e+00
-2.859391799388746591e+01
-4.560477714070632516e+00
8.554507455275732752e-01
-2.178792539100325598e+01
-1.129979471502378807e+01
1.117902352114690956e+01
1.621603345484179926e+01
2.043232658384290801e+01
-1.000805956435947053e+01
6.745110154693462867e+00
1.309137337721016436e+01
2.632780844034715884e+01
7.257087170562442680e+00
-7.879415421157920818e+00
3.202400378652800139e+00
2.658337624624051898e+01
1.051820030835608577e+01
1.298366945745946843e+01
2.321622136500555911e+01
-1.234684971138274356e+00
4.670548045054995434e+00
3.409862455181724261e+00
-1.281249879971514716e+01
2.914864927629574609e+00
-3.048800986587774986e+00
-3.969816205372540097e+00
-8.668511502270661140e+00
1.829444049823460539e+00
8.051730360091857719e+00
1.303765764185589759e+01
2.155717767963166054e+01
2.194744542449030167e+00
-1.271403408120591827e+00
7.928014418571628141e+00
-1.639982548505716053e+01
1.147073674742835259e+01
1.994005759838790581e+01
4.401412200659983398e+01
4.148308531985613001e+00
3.999355844779559188e+00
1.082573625859833655e+01
-5.497735070654652390e-01
1.007338713634216987e+01
1.114472012220526942e+00
4.686215253694967942e+00
2.235076568143595566e+01
-3.026933059467444842e+00
8.086174640794892454e+00
3.999880675954520903e+00
1.815688963034710834e+00
2.185056894249735038e+01
-2.109014349112607078e+01
3.200360704515552435e+00
-5.993314336061581926e+00
7.430646156750892573e+00
1.553528165112175330e+01
7.193058567679869064e+00
9.640850625931356888e+00
5.701723942835968728e+00
7.252584836212001562e+00
-1.278905409285101769e+01
5.849601905797764623e+00
2.747722211858296859e+01
2.797330011149749041e+01
4.492563396075121673e+00
2.702430003739847209e+00
1.181001697891569613e+01
-1.033282013967153645e+01
3.609200430834766848e+01
-1.922367934104791942e+01
3.530743953091452170e+00
5.641340503474984303e+01
1.986593979246097597e+00
-5.407372792637369585e+00
5.727371676054580973e+00
1.613998210312505677e+01
1.530263887652799859e+01
2.192989826080773241e+01
3.063547469541691104e+00
-1.144808095674684623e+01
-8.340836665825289487e+00
1.379400568783677095e+01
3.406284531867175946e+00
3.601278275155041797e+01
-1.268550235264025439e+00
1.106490141630828994e+01
2.829430390333245171e-01
1.028773122108044547e+01
-9.317521905448652220e+00
1.110581390033931548e+01
4.901099308980908731e+00
-4.925381616048838396e+00
-2.785786964253365028e+00
9.818119871887594385e+00
2.096070131584476570e+01
3.812600555415159853e+00
6.125881352756062270e+00
1.431039737825934743e+00
1.460634651533674777e+01
5.715897788828534942e+00
4.524081147322568164e+00
-4.880238742880813163e+00
1.405174558165694165e+01
3.500871770380028281e+00
-3.003178606853719401e+00
1.038253988876682143e+01
6.614902299494807458e+00
-1.628161938796730013e+01
1.189243284460762595e+01
-2.301019143145627055e+00
-4.693670365784683440e+00
7.580762227736387082e+00
1.705603769229132283e+01
1.105694810477642065e-01
1.734383824423812115e+01
6.218581243178753937e+00
-7.126417647326778848e+00
3.472491017949348446e+00
2.409151220681529182e+01
5.759097751607028748e+00
1.432946326953134886e+01
-2.137780925679856026e+01
5.770442066769449596e+00
9.042516625055029067e+00
-6.028697272087510939e-01
3.533510865004836887e+01
5.298466043612868326e+00
-1.557753472205487100e+01
6.471035390686738609e+00
1.260441679313634822e+01
3.477792104772303716e+00
1.741237943430677149e+01
-1.746160298699638957e+00
2.605308308636403059e+00
4.340151323705396891e+01
-6.982744852022424453e-01
7.778146250297751862e+00
2.121843722879454930e+01
-1.009956805846207573e+01
-3.767583623348707889e+00
-8.534215057266081317e-01
1.086849397906712156e+01
-9.510448379666359031e+00
3.740191807552982084e+01
-5.971070468230529116e+00
-1.265599196745991151e+01
1.078055376751847660e+01
3.870287627425143739e+01
-6.247549104128836461e+00
2.422510895481925886e+01
5.765396578809012240e+00
-6.260866147013951277e+00
1.479613065768326230e+01
3.148687055368777976e+01
-1.182119072816531968e+01
2.846094501889395723e+00
1.418031483288633154e+01
1.939228158387671819e+00
-6.368195891144189602e+00
2.261098790223332600e+01
6.041654342407397849e+00
9.600713569489641941e+00
7.940328060834513479e+00
-9.011405936315492582e+00
1.868148879441077170e+01
-4.343583695412978329e+01
1.766399467435682880e+00
2.417831061113249191e-01
9.523225832172963479e-01
3.006239068565206285e+00
1.678384758408467903e+01
3.330083423345430305e+01
3.699509171610532121e+01
-8.631478267102906443e+00
2.647888472989095376e+01
8.482202278151744324e+00
1.143638811246228215e+01
-1.265978169708422030e+00
2.176066563846276836e+00
7.494771106287640983e-01
4.473462699574283619e+01
-1.658230173191908818e+01
-5.062115517292870237e+00
5.757701850102122876e+00
5.600780613320877066e-01
2.476594183810608385e+01
1.833078095568019705e+01
-1.773874289063207499e+01
1.536377186506224213e+01
7.639996245838762690e+00
1.979298263820169979e+01
-9.960065370845477162e+00
1.165298605649349639e+01
8.974186668367568842e+00
2.337423603962834306e+01
6.258093181071548550e+00
-2.101591138683291149e+01
9.461164366281398230e+00
1.415782331717823084e+01
-3.827426681576657330e+00
-7.010248521408513511e+00
1.268676968524368931e+01
1.452381657699542572e+01
1.426135516147305005e+01
-8.197159273587971029e+00
7.446455513460103148e+00
2.578571098056633915e+01
-1.267261482911067105e+01
4.069236058955738145e+01
1.698527619429944568e+00
-5.308582979793900591e+00
-3.748750448975712857e-01
-1.438302444604131836e+01
2.432736766059073119e+01
1.972039208419479905e+01
-1.511012916358144054e+00
1.041024007149547614e+01
-6.863220057232252813e+00
6.412873938429072496e+00
9.951462968239646045e+00
3.387394051830244734e+01
5.284291419823025748e+00
-3.476297739628972749e+01
-6.934607800466306315e+00
-3.686668750840410524e+01
2.387956956216150672e+01
2.554270456190783634e+01
2.491671017516567499e+00
-1.307231345163541114e+00
6.850597178026167633e-01
1.522346438068300500e+01
1.385674906341081147e+01
-2.230927656477819987e+00
-9.041719710829427825e+00
1.466269934976761391e+01
-7.386775142844067332e+00
9.505389717739600286e+00
-1.031712776414253874e+01
-8.638557006383118519e+00
3.134224461184113686e+00
-5.264809857904984014e+00
-2.842489098789800295e+01
1.006104032693083283e+01
3.057271386186780759e+01
2.708352895706672214e+01
-3.382140376031238560e+01
3.946944086577202881e+01
-2.418379328211890389e+00
1.502625215969966810e+01
1.700794429036686495e+01
1.062453119916452060e+01
-2.144597626394904211e+01
5.357238846317692094e+00
-1.137104734915423165e+01
1.965890465563457923e+01
-1.954197997306098955e+01
2.153114011473008560e+01
-1.446824993039057716e+01
-7.822458614841067970e+00
-1.537605317758045231e+01
2.632343734817794711e+00
6.826939958646862650e-01
6.639332146971844928e+00
-7.731881740693996363e+00
1.675686794358455955e+01
-1.298284861305280913e+01
5.180260872863077459e+00
1.901139696900506593e+01
7.126193409520134026e-01
1.148917330466428943e+01
-8.515244939246430889e+00
6.075849421502800496e+00
9.784307815235429473e+00
1.440519024977042584e+01
-1.477585376106973492e+00
2.212815092492840208e+01
-2.722435833706521535e+00
4.142426138489371468e+00
2.044690900890508800e+01
-1.797143353074307726e+01
1.220527697594940975e+01
9.259316180608873736e+00
2.173119094516332783e+00
1.655336960308008898e+01
1.406497693051482756e+00
-5.083724310760361575e+00
-3.065060621717110578e+00
-7.234808387218533809e+00
2.403681599624989218e+01
1.768704337342561672e+01
2.138286434034387185e+01
-2.087725845683642945e+00
1.104024033385727321e+01
3.187939830906053373e+01
-5.178713252160962455e+00
1.178739280665343969e+01
-4.264620362879249171e+00
-3.504879243495427232e+00
1.050480386256704080e+01
-1.356683955220784910e+01
-7.612918921368153846e+00
3.274696834642166543e+00
1.437650661915468397e+01
1.247070703364233779e+01
1.801542376548209745e+01
1.844862719007738860e+01
1.320950015298771874e-01
2.280396002039636993e+00
8.439968839924437916e+00
1.320651283155730482e+01
6.494560919031950874e+00
1.263931152531777791e+01
1.286126082148864214e+01
1.628114444220524959e+01
3.537953408934372490e+00
4.248871364256965322e+00
-4.450716039290160353e+00
6.512234202745244005e+00
-1.785376359669676560e+00
-1.087581362150755737e-01
-1.683605159770058179e+01
2.817092903353409117e+00
1.315211438136498501e+01
-9.258671079347843502e+00
-4.575016376047310374e+00
2.080846307563447795e+01
-9.039082745965226096e+00
-1.501887272061716416e+01
-1.080471737784385766e+00
1.100489431043816957e+01
8.360664859558630368e+00
-1.022530818029515132e+01
-2.601922484822045689e-01
-3.575291397542608607e+00
2.579844094613791050e+00
6.972290644407446614e+00
1.031409477678787567e+01
5.055150033474964388e+00
3.648742270400034293e+00
1.094633212682465029e+01
1.078948741273032397e+01
1.312570902994279720e+01
-1.389070922596190805e+00
2.077165355251379797e+00
5.235600498742671860e-01
1.854354016668361638e+01
1.846163661019294722e+01
-2.545959477546766436e-02
8.522602255098735924e+00
4.393548181977383393e+00
1.354838864947529053e+01
3.004896960896436653e+00
1.648596339926184129e+01
-6.656841827208527462e+00
7.319115702975401483e+00
-2.294923947942516307e+00
3.409541737029211372e+00
-9.797270133041628526e+00
4.800934660268955767e+00
1.260693176210417121e+01
5.812805950403854283e+00
2.068145173991649877e+00
9.929111745683650625e+00
1.073960345014740803e+01
-8.762674616216932222e-01
1.297341038716115946e+01
-4.533597369077734029e+00
4.166979470569899036e+00
7.785264769623446490e+00
1.783656340857501021e+01
-2.436228251221897345e+00
-2.007317994302620789e+01
1.236562705972952259e+01
9.205289162654471724e+00
-3.099359296069321701e+00
-1.361066619794724630e+01
-3.398227785045911276e+00
6.122233847005712271e+00
-7.324194155235248971e+00
7.631278776324490920e+00
1.302376745625196008e+01
1.905340393299618995e+01
9.733199131403736715e+00
-7.592122694553289364e+00
-2.007370248455015727e+01
1.696636764296868805e+01
4.960507731062083536e+00
2.155008398097912448e+01
2.161382953719162003e+01
2.611877356700702535e-01
-2.557708770110252772e+00
-2.414853495280777551e+01
2.512645052009406754e+01
1.253158050701535231e+01
1.165080179634683688e+01
1.334517397163413932e+01
1.355089774299235117e+01
9.321239064481760650e+00
1.057792715270210060e+01
2.642846734463422109e-02
2.486964422567020438e+00
2.480225938263932406e+01
4.754910625193951468e+00
1.633902383435724204e+01
3.574109745723566434e+00
1.432110560575892677e+01
1.606827280583003770e+01
8.208325326188958826e+00
2.386319040606005526e+00
6.631473346840436989e+00
1.157045932258540510e+01
7.062427003793117386e+00
-7.383447906966178920e+00
8.039589092337466880e-01
5.298712352738508713e+00
2.490006796364599850e+01
1.670979718459378915e+01
-1.203881355188145719e+01
5.368046427237776363e+00
1.988238663760654390e+01
2.420104141238661555e+01
1.080407539708221165e+01
4.195559907719879078e+00
-9.480428604657273439e+00
-5.779290907953056333e-01
-2.177042056115460866e+00
3.469314912012411600e+00
4.975505986498546029e+00
6.949710668779242262e+00
8.324367863497638353e+00
8.063027578242405013e+00
2.658027140241390285e+01
-4.237313487692761171e+00
5.906268626343209149e+00
2.690818856633621081e-01
1.884614330173434382e+01
1.835028445876027092e+00
6.121141113092462227e+00
-1.699793807708862659e+01
7.163213525868179943e+00
3.147985928064676031e+00
9.250718971217787967e+00
7.369852886930989833e+00
3.027055740178755627e+01
2.833882162844689034e+01
-3.848961958242009374e+00
-3.512710937752784091e+00
5.583539177646454910e-01
1.224853960799729435e+01
-7.026578421423931076e+00
7.447186442060267808e+00
1.025279114383324419e+00
1.262498541027495058e+01
-2.684824608981314142e+00
-8.098158470639983619e+00
-1.631882750303939034e-01
1.174561299426228089e+01
1.470254612889053547e+01
6.240697995986834279e+00
2.713828969981282313e-01
-1.317585505227795828e+00
-6.047552571076804995e+00
1.338100422000677270e+01
1.122354705686331222e+00
-4.619749506930679317e+00
6.572080000194478799e+00
-5.474659341013353497e+00
-1.908079232013489346e+01
1.136056746958328745e+01
5.779516702324704269e+00
3.406696694682195492e+00
4.926656980247138051e+00
2.896865940575480280e+01
-5.957406135989137042e+00
2.133006620166526801e+01
6.178360897273767804e+00
-1.671340278151240000e+01
1.438533457930348547e+01
8.416838628144379442e+00
1.169298988791285332e+01
1.836216323753680513e+01
4.463618452181579599e+00
8.689397690931922824e+00
1.384564612550338580e+00
1.233984909268988694e+01
2.012749283693074887e+01
-6.349562254487663537e+00
1.960020502670410281e+01
6.086055875939230475e+00
-1.122826430759493377e+01
3.566405182694402320e+00
1.025115629013600937e+01
2.580038033856432822e+00
-1.641303844948015289e+00
1.414511996486948142e+00
-5.191573152259218560e+00
1.685127081663270587e+01
-9.598340729498275437e+00
-2.497831466487537178e+00
2.367542761535677887e+00
-2.398004936782408336e+00
-8.301104506583978804e+00
1.545248373302435851e+01
-9.620948519951536326e+00
1.616553004523049175e+00
1.965790832945711664e+00
6.909779540519558338e-01
1.424268677955641493e+00
1.819888837490855238e+01
-6.232609543418643483e-02
1.575337332226271059e+01
-1.722334054652400859e+00
8.441061278749263153e+00
1.726361234674168088e+01
1.503928535566322111e+01
1.844624451732952508e+01
-1.084287737678105046e+00
9.415867383259683976e+00
3.175160852231093500e+01
1.309906281588807175e+01
1.003440042618265871e+01
2.529369886085406449e+01
9.817355712833375492e-04
3.096410699580077086e+00
1.202263915142085082e+01
-7.393652291368381313e+00
-4.049622767335552709e+00
2.148327929402451986e+01
4.965825005960359917e+00
1.610311699338259217e+01
-6.338523963372791670e+00
9.273345027881429559e+00
-5.028471632361020127e+00
2.107101738328641005e+00
1.078324096948654898e+01
-1.455525044027451642e+00
-2.541625541481923989e+00
2.727339193511268967e+00
-8.445174235020168396e+00
-1.893321152953187081e+01
9.364910892531220554e+00
8.432869212821621829e+00
-1.626319385385498251e+00
4.508958592644922270e+00
4.722697431364967002e+00
2.401989856370641263e+01
3.223837898899267085e+00
4.367216749801828612e+00
-4.175603494364477086e+00
1.051541520463378987e+01
9.103800467482932035e+00
4.068998338384317570e+00
1.553704293005220372e+01
1.183220150113563918e+01
1.830471135280913586e+01
8.344579274917624190e+00
3.194795797055394626e+00
2.651430609277970518e+01
-8.017999433516154184e-01
-1.979461104268745331e+00
6.381739819176061701e+00
1.146535894486256169e+01
2.986179465903626706e+00
-5.351035482384039810e+00
2.854292489720441139e+01
5.451234743226527790e+00
7.838239591478139978e+00
-2.469136120205628337e+00
1.058057812862907809e+01
1.292077352290210257e+00
5.287677164614104086e-01
1.004671443232758321e+01
1.128089293808177374e+01
1.602484047621420871e+01
4.849781892047929865e+00
3.175912484046827799e+00
5.694735760340156716e+00
-5.040698882150035587e+00
1.465941440238409577e+01
-6.415885373710176864e+00
9.515741621284320217e+00
-1.104263715704527193e+00
1.477768038369222481e+01
1.158321925947002740e+01
6.198511907248970942e+00
3.860031306899771586e+00
9.111092590273733194e+00
1.568592631790883907e+01
-1.450564040381122410e+00
1.062240632439278443e+01
-2.118261863793926558e+00
6.409982439667217591e+00
-3.202690241391323411e+00
-7.608843182520644177e+00
3.708864532697746519e+00
2.854099657411763857e-01
7.356805637377759055e+00
-6.899757705415989761e-01
-2.465440850519508231e+00
-2.416291426410817422e+01
-1.588389108068026800e+00
2.296917663255772268e+01
7.362678221399905354e+00
3.400626227156010373e+00
1.672845729743135479e+01
1.253229760801522374e+01
-8.193006300499737549e+00
1.170275504590271964e+01
1.835079021214768602e+01
-5.254480273503661536e+00
8.173027430924737047e+00
2.043865709387219010e+00
-1.209061183353932734e+01
-5.970709864802490330e+00
1.543011780578631686e+01
1.580429651920041856e+01
1.186960028102256537e+00
2.416524425190653691e+00
-9.428217933284004815e+00
5.428125683806145574e+00
3.146790145291298302e+00
3.842116770393963154e+00
5.609235726517138865e+00
7.557012206849940128e+00
1.150829670425448903e+01
1.239239179764120280e+01
5.234697769582610682e+00
-3.519573322595033638e+00
-8.087487041727730031e-01
6.827302346485427442e+00
1.097478168331698001e+01
6.331547110449407434e+00
5.039035495837357104e+00
-7.413668757649038099e+00
1.016835495540437861e+01
7.850379239331537917e+00
-2.278336708162910007e+00
-1.145390624405535185e+00
-2.167454717804170095e+00
1.044447827229285686e+01
-2.291334194152336856e+00
-1.188840420981942536e+00
-7.899684225945620142e+00
1.214526992131457916e+01
8.034617139383325224e+00
3.313544182294513085e+00
7.861839962829558104e+00
1.465037944020131278e+01
1.775763358098827283e+01
2.489045908403449303e+00
9.511759813232970373e+00
3.132853499538704511e+00
1.781871215151148746e+01
7.311350872637155440e+00
4.754851350478572769e+00
9.224656846331864557e+00
2.904191346935775631e+00
9.050524744568058111e+00
1.417510008140043354e+00
1.555313445764422298e+01
1.447971339970285598e+00
-7.000501552856986720e+00
1.439982255876729944e+01
1.985144274193423986e+00
1.047704821399296549e+01
-2.428949520153349084e+00
1.023446550041799163e+01
9.311733753410376124e+00
1.692999836813937264e+01
-1.050640181734134515e+01
1.978115879252598575e+01
4.008282442878039475e+00
-7.194136388858565212e-01
1.346564016683190257e+00
1.051053937484944356e+01
3.369361149065726035e+00
1.148117063480736988e+01
-4.330830494963004540e+00
3.697904770957770815e+00
1.048467978859478933e+01
4.321052810399228505e+00
1.271712988017221591e+01
7.259769231929874778e+00
8.135961851517762966e+00
-7.107609215828114557e+00
5.591317865307114943e+00
8.986374010588111361e+00
-1.623349513069208605e+00
9.733714591723455101e+00
1.784754640329661513e+01
8.993097180081699449e-01
3.813864675377782731e+00
8.904374275494856050e+00
1.497531180525965233e+00
5.680651739463549177e-02
1.008446918733423026e+01
-1.251979880973181380e+01
6.598357927021536895e+00
8.863135636871447787e+00
-7.762442093600103732e+00
8.570996561025321370e+00
3.999196653618909192e+00
-2.854876507223570670e+00
1.041623468694408317e+01
3.895475164423196635e+00
9.870865462678981572e+00
1.280855290488522868e+00
5.401805158472534174e+00
1.164112411503974442e+01
8.923201391319484088e+00
3.777550731854243171e+00
1.756760719649039793e+00
1.086297108167491032e-01
1.183021357418228448e+01
1.096510050102892819e+01
-4.701031695709913194e+00
5.572801101737360874e+00
5.606547970791448066e+00
-1.213342490895801262e+01
1.097892466160687874e+01
1.262315639707263237e+01
1.810208876643341824e+01
-8.080079500523902780e+00
5.732536086715120049e+00
5.775070522381483329e+00
6.384148415911216290e+00
4.197777469626680968e+00
1.248345848555801219e+01
4.347765306626848236e+00
1.277100932679961165e+00
9.048847523921935476e+00
1.066174240315871380e+01
1.231728548012789659e+01
1.633776389404457063e+01
2.763955693081520337e+01
-1.354551771770353596e+01
1.297403948998368506e+01
1.392955752186422735e+01
4.685993602116417023e+00
3.934636844631524077e+00
9.888645244064646178e+00
4.432397247936131102e+00
-1.272892594410246758e+01
1.719782721014530225e+01
3.455048190294381705e+00
7.347092728900253888e+00
1.158969915177002719e+01
5.486078978446881749e+00
1.948480894839665911e+00
-1.481343846266904407e+00
8.283905932262863203e+00
1.972223636892146104e+01
1.020463965332497480e+01
2.687204619925550819e+00
1.395552198654865883e+01
-7.970790844748059101e-01
8.870645494663680353e-01
1.373797010640545047e+00
6.363862408177045182e+00
6.506911214451903902e+00
2.505750637235778733e+00
2.863207674124137458e+00
1.246192243497312546e+01
1.148381655187194639e+01
5.888784283889404669e+00
1.111546567946555442e+01
7.238637357432034847e+00
-2.050848515662888616e-01
1.110451109688344928e+00
-5.069275881317734544e+00
7.830123959545465695e+00
1.240318786529450179e+01
2.144478511635723450e+01
-4.354709679456648885e+00
1.392527706360561091e+01
8.628859039758429716e+00
1.060737315980775719e+01
7.584344660140660999e+00
-8.612096723702649115e-01
-2.087490243253637523e+00
9.767117529753543081e+00
5.283916183766608654e+00
-1.705895280338427966e+00
1.935931499987720183e+00
1.190682898624909214e+01
1.098966437072037117e+00
-2.289662256677766017e+00
1.311387621425804539e+01
7.738652468663299366e+00
5.400588427202423603e+00
7.487370394151810160e+00
2.560710922493125707e-02
9.868290430552409731e+00
8.759828056847574373e+00
9.656135753279555090e+00
-3.165484326333711351e+00
1.185051674738041072e+01
3.028729597375209082e+00
1.993495535752929371e-01
1.277108309569391764e+01
5.337961513298000504e+00
8.413900068277682109e-01
1.424198765554004709e+00
8.397998805590667359e+00
-1.265218225234292504e+00
1.099571273514853331e+01
-1.771529602888186616e-01
6.532378991377393973e+00
1.501077775367185119e+00
5.740142266560184225e+00
8.099690887430943675e+00
-5.691946539549501694e-01
2.736741314952897408e+00
9.229264066912802988e+00
-2.581419523074266031e+00
1.146096841395646493e+01
2.063478265972878756e+00
-5.155090354956747944e+00
1.641429628494758486e+00
1.145093517244410641e+01
4.030194858927760748e+00
-1.459428743266038886e+00
1.029426919070623647e+01
4.316917730147797450e+00
7.486104648413459017e+00
-1.397611913532940875e+01
-9.125348990593197485e+00
3.802385698424656013e+00
5.052475897320062082e+00
-3.678118063676683036e-01
1.597797541645345376e+01
2.996239065042010097e-01
-1.431914539634907335e+00
1.719651757011055437e+00
5.936545605151197336e+00
1.101663961774071865e+01
9.093134240061612417e+00
5.752930553723098583e+00
2.343938712745591957e+00
4.007132859605340158e-01
1.447348434861697086e+01
5.197868030855614663e-01
2.000627209249717708e+01
5.961031960338673663e+00
-8.511152168765281800e+00
9.144417978507862088e+00
5.345644419567028294e+00
7.703319583188775965e+00
4.597491534162240434e+00
2.834383157276461063e-01
1.951019618323463600e+00
4.533770910438922108e+00
6.174500253342786849e+00
6.263752374614073304e+00
3.940534515543558491e+00
5.400667691191255670e+00
3.960188258595463751e+00
7.193188617560981157e+00
-2.178010859393271659e+00
1.080354908337092112e+01
6.499418617606679938e+00
1.711417458734906560e+01
-8.865500366323129100e-01
-1.040167350952296133e+01
2.238858106658458524e+00
-1.433031909478045662e+01
1.633348572730324832e+01
8.264389583462179445e-01
1.152543116596547179e+00
1.289788214512642917e+01
7.772606058840080046e+00
-8.366384956457988409e-01
7.894520966976386056e-01
7.098545014200073666e+00
8.816438108563263043e+00
2.949256940255571280e-01
6.258608313273985146e+00
9.485380109230259649e+00
-1.107818155943243177e+00
3.929764537633218424e+00
6.242661952618513865e+00
5.768241365844660073e+00
1.185637766501035628e+01
1.724360295728990744e+00
9.830755062842619907e+00
2.278934797911527088e+00
-1.030142975361191837e+01
4.070449400410221408e+00
1.475060425501529338e+01
6.283508972139488336e+00
-1.171594971865482115e+00
-6.889937238107162187e-01
1.416134704255080123e+01
2.476759511676907444e+00
-3.056488525480299145e+00
-3.473090233181769015e+00
3.621435859038655281e-01
9.934821893873465370e+00
5.000567884128753526e+00
1.104507664472221595e+00
-2.518622594736743991e+00
-3.342457324242621652e+00
5.130492033098698279e+00
1.489738398459970803e+01
-6.363011286398959854e+00
1.347374838021586196e+00
3.263330461050874653e+00
6.123486104109042927e+00
7.170951329744045921e+00
6.118336171345307051e+00
-1.151877569791907696e+00
-7.042402543015274574e+00
3.610672916661307852e+00
8.427639006272567457e+00
2.183002804223480364e+00
-6.581258584066160822e+00
-3.946309417069597814e+00
-3.981098847518818928e+00
2.739162237720152770e+00
9.790922916247701835e+00
2.689538257555163270e+01
1.704053444089898761e+01
8.886737251280727889e+00
5.993204858254533640e+00
-5.739422588678159798e+00
9.326037652029450342e+00
3.198789808120900524e+00
-3.998515401261473201e-01
1.715341958207401163e+01
6.634361323878354533e+00
-7.027495152527489353e+00
3.566058485776786746e+00
1.685306174500120591e+01
2.331408022728445051e+00
1.605904228887311547e-02
-3.729245845869685994e+00
-7.202869348174585795e+00
1.297139322035288167e+01
1.693926525312542708e+01
2.709864976195881070e+00
5.433978789443645319e+00
-3.708312357516181379e+00
2.685989818437838572e+00
7.529032417322065740e+00
1.469843960040821251e+01
7.517662703665626722e+00
4.714715021727998057e+00
1.427658763182567547e+01
1.039488797228001182e+01
4.634361627028511066e+00
1.161653107680427510e+01
1.660944057226652149e+01
5.525125031895128380e+00
4.591768303111413374e+00
1.002223399634253909e+01
1.271493682008802395e+01
3.447501890573611671e+00
8.767950813435216872e+00
1.509082372153438989e+00
-1.149751830374434292e+01
-1.515197307447963659e+00
1.691546988028531473e+01
7.322518029816471596e-01
9.943980598769019963e-02
6.025603758326609771e-01
-1.263221201174328456e+00
1.883266572143509876e+01
4.337107223589330651e+00
-2.322502442471948925e+00
1.083833817958473844e+01
1.562817882375384659e+00
2.752204170467595912e+00
7.302976225753694983e+00
4.593204497112189699e+00
8.664576864708635640e+00
3.933919128646698127e+00
2.552705562924909444e+01
1.175776042087560569e+01
5.193309717187446495e+00
-4.202087971797022092e+00
7.739186258361682391e+00
5.853216974193782285e+00
9.707931109015621729e-02
7.057653637582967043e+00
-1.299698937066346538e+00
-3.343837140768647131e+00
1.168974018807270099e+01
-9.416938122991833637e-01
7.343297047744092865e+00
1.609797968313367988e+01
1.235026145033411282e+01
3.026107768333751835e+00
5.639119026303011317e+00
5.232535011607605924e+00
-9.387016218553458913e+00
3.368051174811806714e+00
6.874473601874838025e+00
1.599987042462339204e+01
1.211915836563617077e+01
-2.394382100311973183e+00
-1.454752495448139626e+01
-8.929246014878877702e-03
1.813331320565955451e+01
1.851920568192987560e+00
-1.010455362140367797e-01
-7.779082251150539307e+00
6.321933219603089071e+00
5.910603981950672825e+00
-3.939903466788102548e+00
1.708135669612340024e+01
2.518854793616727150e-01
6.322397522243792700e+00
1.316087649247557056e+00
4.300795551809788897e+00
2.068621848239551753e+00
1.420504788024448573e+01
-2.288410312714156625e+00
-1.539710532584083680e+01
6.160305324150803230e+00
1.286424219850471218e+01
-6.488976441488800262e+00
1.442466672147764140e+00
1.925594689952936367e+00
1.869893991898464947e+00
5.200763539633452837e+00
2.503035023388391789e+00
9.397855325087384415e+00
-1.595539519488315960e-01
-1.310473351106431039e+01
1.906813567003036880e+01
1.384932605486997481e+01
7.983868229024597696e+00
7.770786796218072112e+00
2.628580192833638751e+00
2.200048267662263690e+00
8.597499721581494114e+00
-6.675930955320527715e+00
1.302138353698434869e+01
8.674250762325335984e+00
3.956575372825525960e-01
2.084198011455725563e+01
2.112102360336494566e+00
7.277458900636834649e+00
1.265045027091127494e+01
8.163316929286146717e+00
-6.479317711364037891e+00
5.756437074293100586e+00
7.095079453356109234e+00
1.182433234260969179e+01
1.549604493532201843e+01
1.998377332652764338e+01
8.589035283369986118e+00
4.154216298914654715e+00
6.640268601151846362e+00
4.140085191091047889e+00
1.831527047748990000e+00
-2.606611775337705161e+00
9.026205809224101984e+00
1.191129010737191685e+00
7.285926981548895398e+00
-2.534932666231680898e+00
-1.342453020279646303e+00
1.489560726909026123e+01
1.528551886536863247e+00
1.841802161548184547e+00
1.599335705167351129e+00
-2.148895581069986349e+00
5.147457844504857327e+00
1.833967863390774866e+01
6.332039407276003118e+00
1.548513999942621666e+01
7.755706835859266235e+00
1.172716108414349812e+01
5.636541575973886609e+00
2.869742823282625821e+01
-3.923977753333584673e+00
1.410626158594120128e+01
2.317860468673197172e+00
3.664080171169199929e+00
-9.695514321998249585e+00
9.966891740204101069e+00
-2.385584871782445049e+00
-7.800487033433929795e+00
4.671558419346837354e+00
2.338405972350599882e+01
1.485073847827569971e+01
-1.557788422723962896e+00
5.097259640362672428e+00
-3.932849807764521088e+00
3.273357298018648720e-01
2.844527565039566497e+00
-4.286715908641614448e+00
8.285286033160616626e+00
-6.441647177265164004e-02
1.590678468129714140e+00
1.186387949188957691e+01
-3.210988127475289389e-01
4.230477579534661636e+00
2.125212371103371112e+01
1.063549629294516130e+00
9.425096643446121192e+00
-1.393437451826732953e+00
-2.936222736006594225e+00
5.490349321009663441e+00
8.881479364412522060e+00
-7.460871295223938660e-01
9.178815931450875709e+00
2.233894740999678774e+00
2.034991809342213998e+01
1.316345803731335806e+01
3.346436101376527361e+00
2.882573356236319384e+00
-5.836064335070471287e+00
5.540844649125880927e+00
3.564241507355044192e+00
1.291709708264835399e+01
1.497647403859860837e+01
-2.209262581623880095e+01
5.866068579006355144e+00
-3.440637551427511376e+00
-1.818154045005022823e+01
-1.978620359263612727e+01
-2.942185924611026238e+00
4.516299842456574787e+00
7.378406483304731367e+00
-2.134351602700703232e+00
-2.747109103082668469e+01
-3.814577009435346611e+00
7.704002646754618766e+00
8.068002829874139081e+00
8.030442827455608779e+00
-8.542724542380586428e-02
9.623788427903523512e+00
-7.260261984163420834e-01
2.860096821583310245e+00
4.067649725287457940e+00
9.824879658137678717e+00
1.788377224511380348e+01
4.893731857046929257e+00
1.734159470678643089e+01
1.994732660213731634e+01
5.752717722833619263e+00
1.236825457056673017e+01
-1.767007147213937657e+01
2.642362158799818417e+01
-6.508795293085080758e+00
3.270899809845234429e+00
-4.940748318641084325e+00
1.019150212924424537e+01
3.549953887173156186e+00
1.119263371637678617e+01
2.876615614382262098e+00
-7.220048128412630106e+00
1.829111728919952995e+00
2.025093249879015644e+01
2.794135242446003886e+01
-2.343113257123130566e+00
1.380609181234799365e+00
-1.145312491847745306e-01
-3.327765215274922639e+00
3.476698260608085178e+00
6.731054955172595555e+00
3.125614142688778241e+00
3.581806543501421203e+01
6.699253284531929253e+00
1.288244129886562206e+01
3.583994030413014897e+00
3.783890115460009085e+00
4.599174414699234603e+00
2.021381368980964410e+01
7.494293311147642633e+00
4.176150327840927545e+00
8.736671222412891069e+00
3.481074489925046311e+00
1.104739405791495699e+01
9.511418275479169182e+00
1.751107151097809123e+01
1.874563272166619399e+01
7.875746780159875726e-02
7.388222959530854617e+00
2.481973724154265426e+00
-5.165296190674711241e+00
9.362388729075941995e+00
-1.001893873122646639e+01
7.966167611882395860e+00
1.221502430910525305e+01
7.167671526222612499e+00
3.286312368634382253e+00
1.041127109881227319e+01
3.724524331552654388e+00
-1.236533080318986677e+00
6.271460846226366570e+00
7.571149291715837393e+00
2.306139494700009251e+01
2.156617996276375138e+01
5.515779894984069287e+00
4.223646032926172467e+00
7.688170395545244062e+00
4.481672006194100000e+00
1.822196828179487582e+01
-5.630458612473642432e+00
-2.511962078368631168e+00
2.970151356509553864e-01
1.988912873147233196e+00
3.821367318714660399e+00
-2.662340716614823855e+00
7.460092445994694899e+00
-1.314492818016853803e+01
1.050124540337598589e+01
1.198957679255300590e+01
8.019644971085769569e+00
5.610715797589659104e+00
4.293099034004041670e+01
8.278862459849833044e+00
4.118981880167940091e+00
2.353121187708800299e+00
1.564769509845611672e+01
3.452466307392108025e+00
1.685608244695739444e+01
-2.914468209729645487e+00
3.245737736982793997e+00
2.724302303249325874e+00
3.251864734599983375e+00
4.607919579316461345e+00
-5.393442708910059835e+00
-4.313874459105999648e-01
2.123188043569396832e+00
-3.013038166169114795e+00
1.549587794315119282e+00
-1.430831946334082261e+01
7.179021522252249987e+00
1.649262651706814253e+01
-2.845024412485987142e+00
1.220800434029703752e+01
1.149076861061491250e+01
5.180927381074343252e+00
2.756823631355661774e+00
-1.593476762460841911e+00
1.130546858116098718e+01
1.700854536634227188e+01
1.023518575931522889e+01
3.433204553800801140e+00
-8.097643986119656745e+00
7.991347024727685877e+00
7.362996830357776190e+00
6.957539845934096689e+00
7.781680824285501785e-01
1.846864757001612567e+00
-8.571591694332115097e+00
6.926425211693123529e+00
4.084329296608320448e+00
9.221312073349814398e+00
1.162195948570129644e+01
7.403310705650927304e+00
1.947043608636605683e+01
-2.655410446903550437e+00
5.020680823695102823e+00
7.404187483019563309e+00
8.631772441240654459e+00
-9.457112377987668239e+00
9.563988467993658205e+00
4.114357347781934848e+00
6.088404418474572921e+00
6.238268693199025883e+00
1.958616983398254519e+01
1.212829475018996739e+01
-1.787440985024231210e+00
2.035472087064819036e+01
8.470079996468513173e+00
1.942274134708704736e+01
-1.489010746166014698e+00
3.205071461503885999e+00
9.999930104808910869e+00
-5.143118100040290130e+00
1.128631993538675715e+00
7.896615115959541242e+00
7.684358985246356966e+00
8.802934796566010078e+00
-2.290745357697910656e+00
2.596431491323127894e-01
3.424070318953003955e+00
1.150231221740240617e+00
6.036267665879467614e+00
-5.678612143183880079e+00
6.312275470938315536e+00
3.482171588410789553e-01
6.849762410063599205e+00
1.052778298721477235e+01
8.016784845494449030e-01
1.202774949104078139e+01
-1.393861122683308196e+00
1.227914152205151410e+01
3.378031145688452863e+00
1.285264362396391213e+01
-7.505397091707610713e-02
3.322841051912272636e+00
2.684632835814794838e+00
-1.368913509419250474e+01
-1.068335713777616469e+01
1.201757368881220600e+01
3.598431352637924796e+00
8.652402396184978528e+00
6.223120126348476333e+00
3.833447457329000052e-01
4.612079632469797907e+00
4.782485224090158304e+00
5.667563170213986368e+00
1.461530651162169470e+01
-2.149941895704742478e+00
6.219529677350066343e+00
8.982144224347415218e+00
-1.182818002602246921e+01
5.857346259020844492e+00
8.222867195368927185e+00
1.243361399052209393e+01
2.098103424778676640e+01
1.074922181844594604e+01
1.162476058615385721e+00
-8.091130632147276458e-01
-5.568742664726720193e-01
1.137287022538329140e-01
1.388239200170753307e+00
1.116611470845762533e+01
-5.964962700994369982e+00
6.365001518547614978e+00
1.266378899124569202e+01
4.692130689202078031e+01
-2.319787891142204117e+01
-1.072403985893455136e+01
-8.811839530471530679e+00
2.542904293901114698e+01
-4.336708365727973913e+00
1.731574816345849399e+01
1.743347471520978686e+00
6.231143449645148991e-01
1.000810869182810237e+01
-3.702343289571088825e+00
6.351560199767588344e+00
2.888195339203472756e+01
1.378237966728941366e+01
3.020434755348892963e+01
5.235440135979607668e+00
2.205289984119423963e+01
-1.044557484705127237e+01
-1.141464414884129752e+00
7.775518261714024604e+00
1.810030231650497967e+01
-4.502454035314855219e+00
-4.852198417400902741e+00
-5.608814417441179145e+00
1.242804502712914427e+01
7.017150073159440282e+00
1.017338320044625632e+01
6.585977741108219874e+00
1.532503291619620178e+01
3.864891452872028399e+00
2.091673120557483223e+00
1.538883728905014614e+01
6.455477859417060316e-01
1.160683121666867379e+01
7.699166000006821164e+00
-1.415366427421527185e+00
2.673259380235325722e+01
-2.472887279325150622e+00
-3.700013812935411650e+00
9.886164720576520182e+00
1.960616237537729400e+00
-5.219768800549008603e+00
-4.082290181904928872e+00
4.631167318142018985e+00
1.297349422075132352e+01
3.068659479161111925e+00
-4.841958123896040078e+00
-1.170336467752814968e+00
9.590657808899496928e+00
4.178168120977188593e+00
-5.650117979365832710e+00
8.436538836023609989e+00
-1.182422070226556343e+01
1.403647393598009607e+00
2.696496795449782713e+00
9.859655074956668486e+00
9.256827581155427254e+00
-4.282730404602487440e+00
3.530040469763448208e+00
7.842402485887260966e-01
9.137032402294025246e+00
8.451691250167430169e+00
6.168485131682705180e+00
3.084338974516427356e-01
1.046693301945518151e+01
-5.333993005661946007e+00
1.836007196345961034e+01
7.540180883711395943e-01
-3.655150843489132484e+01
3.496370386347831261e+00
-3.423581611731721708e+00
7.977782570137401663e+00
1.432476852513464038e+01
7.074997042846602469e+00
2.976261856064899902e+01
-6.351790529059719859e-02
-1.480727895457181731e+01
-2.270978480293912583e-01
5.503759696561536074e+00
5.816456958952831435e+00
-7.194005323474579328e+00
1.563053215828762887e+01
1.600979720469362633e+01
6.248380846816599998e+00
1.440999531654656884e+00
2.826923251491771794e+01
3.460253723180251040e-01
5.618622973677693366e+00
6.187685623760787124e+00
-1.075525494321808218e+00
1.751769717642746116e+01
-5.828047482545056113e+00
-1.875360367381507842e+01
-1.427802027718106004e+01
1.046702132436291421e+01
1.541224184796528007e+00
5.125432911509344436e+00
-3.072178790848084873e+00
-6.087855487251356834e+00
1.261629646496807489e+01
-7.127507445839107447e-01
1.424845057682820659e+01
-4.287972016219820048e+00
1.754404394077116436e+01
5.798272916397230858e+00
9.139377113709635125e+00
3.100317469879145804e+00
9.662855365409487973e+00
5.919173415144049599e+00
1.724202241536263447e+00
1.482039156278777448e+01
-2.991825237595399756e+01
4.292078119190803065e+00
4.114616253045414673e+00
1.894256711786520775e+00
1.676183002493423668e+00
-8.535166798116362585e-01
8.577027677035989228e+00
2.174157591416598834e+01
2.932829789987717817e+00
1.320515169801696231e+01
-2.299776516170163099e+00
-8.589008896524862990e+00
1.959689116112261331e+01
-9.301475671636900699e-01
-3.190079393463102875e+00
1.966913751461897952e+00
-2.045363836341139674e+01
8.753944273882339644e+00
4.771065240251106232e+00
7.972927997708234571e+00
2.051943134240105326e+00
3.601000589125595042e+01
1.652628001373447830e+01
1.059003267910821577e+01
1.394716157285372304e+01
9.352283157986658324e+00
2.056951518390888367e+01
1.029939404418544058e+01
1.048369300000809901e+01
-4.682718877356261800e+00
-9.259308929004209432e+00
2.427731725993828249e+01
-5.728033375484731238e+00
3.147079587568408954e+01
1.075414705807332894e+00
-9.645178342583879072e+00
1.295435253458598979e+01
-3.078293477347807006e+00
3.119709523217313318e-01
5.233278806095771785e+00
9.596638786562049717e+00
-2.535716090345003337e+00
-2.173352584851648395e+00
-2.585313193858713277e+00
9.495511478003018979e+00
1.459332860762545536e+01
1.837465946779937243e+00
3.294532537216076307e+00
3.224067660800256974e+00
1.378914912985593411e+01
2.561992849850471377e+00
1.377692025528509134e+01
1.089341536126888599e+01
-7.689108073567881618e+00
7.067456677695522771e-01
3.824442713448334530e+00
1.969715895953014240e+01
1.177550480115567311e+01
1.122202153827814186e+01
-3.462024697937252427e+00
-1.248125798563203936e+00
1.782268043508468480e+01
1.815197247040845241e+01
8.649305622419072748e+00
-1.037530979291758193e+00
-5.706850226707624429e+00
5.373517091490979780e+00
2.574875665431322247e+01
-1.935816258867184914e+01
7.560702812916153093e+00
2.046915008301197503e+01
-8.663553880246183780e+00
8.679094814481363329e+00
-3.488997394919229222e+00
7.498771381522044699e+00
-5.279656693540253798e+00
2.015620162649399472e+00
7.779758368246044498e+00
-1.499190736928317946e+00
8.751084238564615703e+00
6.522975582551320706e+00
-8.339772444605442203e+00
8.459926607093031237e-01
1.380991134000790588e+01
-5.889281520843866247e+00
-1.120842011846342068e+01
6.394632978365399012e+00
5.928414401956219493e+00
7.332004306584145148e+00
-2.683642968356427794e+00
1.865338782572944609e+01
-1.059700414097814836e+01
1.855516456482474652e+01
1.097766304731862874e+01
-1.314778054120669104e+01
-3.883470473792581146e+00
5.139752339646820545e+00
1.046914998076270198e+00
1.835138906810838222e+01
1.083652503461709049e+00
7.433127353583698138e+00
4.818173468901213674e+00
-1.024646648117263759e+01
6.741315347968281912e+00
-4.453021142544420385e+00
8.286247304155439863e+00
1.625744123299577026e+01
2.486268701692805116e+00
-3.438804582456450376e+00
-7.321141623792522424e+00
1.781232909467160397e+01
-1.534895371445005807e+01
1.191764633796511319e+00
5.397749981993086088e+00
2.019831447946869929e+01
3.572270531559686546e+00
3.619672744923698282e+00
1.539718232670422182e+00
1.419477355638851712e+01
2.169388470896578269e+00
-4.340103757013054953e+00
2.023547687613339008e+01
8.632665169112559767e+00
3.459049617962409506e+00
4.418832218927048139e+00
2.572984315861728266e+00
-1.019686004982728100e+00
-2.056391339002969687e+01
5.844000981540577122e+00
1.038242761364765698e+01
1.432439814318133919e+01
9.498353766134952636e+00
6.756865706602077637e-01
-2.887598375222481195e+00
4.053447150157615475e+00
1.012906213167463321e+01
-3.577900557473205900e+00
-2.111215939776913686e+00
1.222219491337551744e+01
-7.810699734794566140e-01
1.101499439546781645e+01
3.349651881848104473e+00
-8.001815760805788713e+00
1.227870200730977857e+01
5.412713827446575365e+00
-5.940735631409607365e+00
1.268436427233202046e+01
1.306305122397996499e+01
-3.569429340053327238e+00
8.970603744647959843e+00
1.257741571451432883e+01
-3.040832292373750967e+00
2.959622749890341353e+01
5.754474041692295927e+00
3.926550744154917894e+00
1.353655885109676049e+01
1.032160695469605471e+01
-1.433894234129475365e+00
1.095151111317260284e+00
-7.504286243152684222e+00
1.603778967922267285e+01
6.056403188385436565e+00
1.360073680435084675e+01
-2.228579703667595169e+00
9.551430976439968745e+00
1.768044328532860643e+00
7.671507610656022713e+00
1.146917723731417382e+01
-2.020922081267008252e+01
1.730662784949925737e+01
4.428337368962129261e+00
2.586384526923733063e+01
6.065085330301085875e+00
1.346522939753828929e+01
7.973418878922643671e+00
1.839689915411138799e+00
5.239481668058573405e+00
-3.219957349976755978e+00
1.015579736974385661e+01
1.056920951046512336e+01
5.833029984705613735e+00
-5.295024964908970233e+00
8.158448880655139845e+00
-3.025668824862887796e+00
1.245476078750347426e+01
7.901146642807031384e+00
-1.471501813739948261e-01
1.943849566067964574e+01
-8.242639448184778672e+00
-3.036628523584903405e+01
-5.268136792771796806e+00
1.766527805750623958e+00
1.273134280971888721e+01
3.838989882134757892e-01
-4.379970202496979326e+00
1.651524381190354518e+01
1.097785645304854008e+01
1.536804221377854596e+01
9.407869931182572643e+00
4.954588707003011905e+00
3.858342488780698964e+00
-2.568533496955001993e+00
1.017075884571501376e+01
2.428658303576676225e+00
-2.994147146649551061e+00
5.139753665648007619e+00
1.366216241917740959e+01
-1.168785653608744113e+01
1.533740433416982185e+00
4.367905235083721749e+00
4.401272308368083586e+00
-1.018644249545162950e+01
8.584965071825273242e+00
4.332918257790616678e+00
2.520833360972398651e+01
7.770333390895662440e+00
7.397955776449345322e-01
2.101757401159946692e+00
8.448233484067017685e+00
1.044405374705697831e+01
1.331152233313531053e+00
1.712771202755788025e+01
1.031558145814638294e+01
3.549709920594484203e+00
9.265914981012302931e+00
1.088190934095019458e+01
-3.293204197858363713e-01
2.887543786249164857e+00
-7.105399701608856589e-01
-8.440919745191715506e+00
4.455029261071615565e+00
9.533015407803436148e+00
2.209386324710770566e+00
4.076767713332732690e+00
1.309072709399142731e+01
8.697448294057398499e+00
-6.153358197138743435e+00
-7.722963855513562237e+00
-1.677047939927296838e+00
1.391230476955243134e+01
-4.297380685412322876e+00
9.099648407645720027e+00
1.249520774809000656e+01
2.211776944175812787e+01
3.645012704651932278e+00
1.340024857139128756e+01
2.244577355567968269e+01
1.062974506310505696e+01
2.535915919039670285e+00
4.939542298173083879e+00
1.599321004402669288e+01
1.321274277494892857e+01
8.522398847172230063e-01
9.195053142132648460e+00
1.397073141701241639e-01
1.425767017023786920e+01
1.813074558249828527e+01
-1.442489616812139275e-01
1.257874819995632620e+01
1.883472407593105657e+01
2.003469677796331183e+01
2.256295549561941982e+01
2.584469407190642443e+01
1.812423954885732513e+01
-1.719201013581282567e+01
1.967369493632806865e+01
-4.493254778136872574e-01
1.840468295718437375e+01
8.891587652267547881e+00
-3.531963808444537278e+00
2.460976391968730859e+00
-4.220605906036846378e+00
6.132697252636360119e+00
5.131305676409000682e+01
6.698521417169605030e-01
7.600385064209024044e+00
9.099328231987596993e+00
1.064320119198869463e+01
-6.335566504723715298e+00
1.639611161210171275e+01
-1.039546354895773206e+01
2.377172994319908028e+01
-5.033043460270990366e+00
6.488403281009505363e+00
6.233702654247688102e+00
9.992025236987611692e+00
1.130995028660789181e+01
-3.146509009919874700e+00
-6.664903112435943910e+00
7.800080251946760690e+00
1.271838952139874301e+00
1.633156144280178523e+01
7.208532397978915540e+00
1.291552090525360086e+01
-2.410319984873613208e+01
-4.510585231114227156e+00
-5.435576261812916954e+01
1.444783827050881442e+01
2.730959554234577880e+01
-1.200552599809859444e+01
9.819797142645814603e+00
-3.998860367578650710e+01
3.973917590066527339e+00
6.167809186667867039e+00
1.893457345454469021e+01
1.712112400562866554e+01
-8.501478598454404789e+00
8.020969433993341724e+00
1.282756073627007964e+01
1.365037625084605466e+01
-3.864620680324007296e+00
1.711554650045047055e+01
-8.547868306252539128e+00
3.452560197321645319e+01
9.199644330412033000e+00
-1.505903089715287280e+01
5.108309573603204257e+00
-1.400227715217764235e+00
1.503029208430781516e+01
1.434459291059655861e+00
1.157118765337677857e+01
4.347940130056942465e+00
1.640766703499061663e+01
1.701213867412259262e+01
5.995714975337062214e+00
1.225717680774622487e+01
-1.026907498730569301e-01
9.822048734391852776e-01
7.273085812751891588e+00
8.283772021573856392e-01
3.252492730515164254e+01
7.892573001605571292e+00
-4.807843290562141547e-01
2.728279607638523618e+00
-1.027655702374357460e+01
-1.388039655201235689e+01
9.422236192327211768e+00
9.358445921307149362e+00
2.662312293571617694e+00
-1.183361637729857563e+01
1.047229517815969047e+01
6.415755505011294701e+01
-1.238659271994338340e+01
3.900803529599522079e+01
-1.081522962948286803e+01
8.752062962984243910e+00
1.646883028900584023e+01
1.239367639242642927e+00
1.040581465829312968e+01
3.357809119583342827e+00
-1.074963077909804099e+01
1.993351966016427923e+01
1.260224600319233268e+01
4.910640303397530992e+00
2.628012263622014899e-02
-5.798111994508655442e+00
9.278334394772659977e+00
1.341851278330697639e+01
2.712565195413856145e+01
3.157350858783275882e+01
-3.655529253572465365e+01
1.041443981144778874e+01
1.063424823502326610e+01
1.118352437664441723e+01
4.352086025258085300e+00
2.225299549365480090e+01
9.535983698748728088e+00
2.603379449181054284e+01
1.422616391388083734e+01
1.353839248873242340e+01
1.134062409428931772e+01
1.943983187890745423e+00
-1.309021320618734663e+01
2.834736358813307433e+01
1.096454791913406268e+01
-1.363341239599108690e+01
5.340008226251358181e+00
2.547277265659219836e+01
5.002501283693638001e+00
-2.654342149557333030e+01
-1.550481285255415642e+01
-2.753438535160661615e-01
3.780190300738923703e+00
1.437474077036993592e+01
8.310087686913130156e+00
1.844104053318476044e+00
2.419750364399621656e+00
5.112109659914725768e+00
2.818561061587938354e+01
-1.990271974635623664e+00
4.044583198861293916e+00
1.337362871309450973e+01
2.083482373275794330e+01
-3.837889948355739378e+00
1.124916434481257355e+01
1.560898943089406821e+01
5.904453884900249250e+00
1.108239598644822976e+01
2.414554467854936881e-01
1.088273496744086621e+01
3.358504725504917410e+00
-4.936226031877062326e-01
-2.528442309964615831e+01
-6.404070525391864166e+00
8.262245344190453977e+00
4.738541635881337477e+00
8.113505501014484977e+00
-1.038152235668826329e+01
4.151775311106591815e+00
9.333645979669627835e+00
4.434793735213432342e+00
6.694537822268241456e+00
5.894404296779012675e+00
1.709891467823862854e+01
1.923734037282556031e+01
-2.541168219548396223e+00
-6.641075701272411536e+00
1.849682445145592169e+01
1.089038478450904535e+01
1.991957541807554577e+00
1.394298423124253894e+00
-3.499139793953915500e+00
1.448137083126376456e+00
-7.743711812057926025e+00
8.591646535090280423e-01
-7.823669396912539042e+00
-2.921126965485321136e+00
2.158932098071541006e+01
-5.921150173695114205e+00
-2.837892463823934897e+00
1.562360460052587641e+01
1.507441900129169454e+01
5.291995768694428115e+00
1.620705346836844640e+01
7.508065557196897721e+00
-1.224915397859404464e+01
2.460053702318560198e+01
2.636977728028594647e+00
2.017563170222790347e+01
-1.403642200768782189e+01
7.684773472288330964e+00
-2.487031932992412209e+01
-4.604587010412421577e+00
2.347590392635508039e+01
4.558138433934120570e+01
2.009097514894337166e+01
4.683311086750028096e+01
3.959390643380014296e+01
1.077662571857804608e+01
-1.287368294034752303e+01
3.449202164913382607e+00
8.156828878616483536e+00
-5.819242656395271496e-01
6.563538382513698366e+00
8.922765359176596078e+00
5.525970686867143655e+00
4.591042460194339725e+01
-3.573768478556851136e+01
-3.441210687633295962e+00
1.140151764452697591e+01
2.264653641848057930e+01
1.940840078942681401e+01
1.362915540234228473e+01
-1.068944919432564333e+01
1.328080998472677976e+01
-6.661191960543723312e+00
1.420317182872930317e+01
2.813584949270726909e+01
6.378700955583466836e+00
-2.177589744732585331e+01
2.598387148491705290e+01
2.933426784092711959e+00
7.592166623655788982e+00
-1.079119575851516366e+01
8.313208638393001948e+00
-6.514988729275662749e+00
1.539495272600073328e+01
2.168246664372928834e+01
1.499287063922718310e+01
3.173337937559385757e+00
7.020740378388865999e+00
2.430716572321722779e+00
6.343573221782931704e+00
4.867043107449147143e+00
5.736673910045563929e+00
7.922677515387013258e+00
1.115072118479831964e+01
4.189318148561564037e+00
2.205571625216476761e+01
9.976652780952257160e+00
7.374388454204638066e+00
4.421962989883590822e+00
1.447142808923604207e+01
1.828357988468430229e+00
8.395076124493632719e+00
5.058184345945502258e-01
3.359664072081065100e+00
1.013013236615921464e+00
-1.716565970381146400e+01
-1.130005840209782519e+01
-6.687992580368963047e+00
-8.776351820297927375e+00
5.776530652744217065e+00
1.618678819134558111e+01
2.299463997115879721e+01
-1.906743384137282860e+01
7.813411310265068188e+00
6.906104232861255632e+00
3.269522523166989991e+00
4.262173278419634670e+01
9.932898561953972916e+00
-1.628405012028870402e+01
3.417967909680263716e+01
3.567765328492114030e+00
6.192062851068672380e+00
1.545029895319250812e+01
-1.309490719992899876e+01
-1.104392613613382501e+01
8.483613639599628442e+00
1.828849491005449579e+00
-6.017195904104767123e+00
3.844385977492643214e+00
1.832055223091952900e+00
-9.424129909118533988e+00
8.869327849683358522e+00
-3.849988992354106188e+00
3.896314843695407593e+00
7.923703963715996501e+00
2.011720959278231646e+01
8.513828545046296270e+00
1.728129738657052172e+01
3.237343978260739163e+00
6.305190132931529412e+00
2.526876812271390094e+01
-1.475823395545735295e+01
-2.898873241472704976e+00
9.125470769018660278e+00
1.396933170379319122e+01
-9.148114581690235170e+00
3.822772429132139393e+01
1.008485320137063894e+02
-4.408436291896699544e+01
-7.625167274605413326e+00
2.370624726070867538e+01
8.191057386833215936e-01
6.114565794695126755e+01
-1.217548959816844523e+01
2.529377084400920239e+01
-7.457986981272789251e+00
1.565720137440756510e+01
1.306511165205342095e+01
1.995195860774390084e+01
1.908103291705631221e+01
8.626763162555311837e+00
8.442099307485603887e+00
2.861990758200419194e+01
-2.098183868451615197e-01
-9.368594318694029255e+00
2.704279532346126302e+01
1.472990279317357043e+01
1.556448603962739696e+01
-3.843444522887671866e+01
1.612096156767877275e+01
1.720173246317483517e+01
-4.105988552477160880e+00
1.116679067580502860e+01
1.562901804408208939e+01
8.441949049000267991e+00
1.593596803626120106e+01
-3.181107850697518558e+01
-3.161993233741164033e+01
-8.579158792532327382e+00
2.221855534227410800e+01
1.442889136077454815e+01
2.758541258055497547e+00
5.739343691868518782e+00
2.940294385073227268e+00
-2.754445719391823744e+01
-8.837436751968681392e+00
1.063137361413884108e+01
1.485010928184635937e+01
1.344455035782866581e+01
-2.281566855444874520e+01
-1.147119799296992682e+01
4.476550181792839922e-01
4.220670568413948587e+01
-8.645444138134706691e+01
-1.247830287458954501e+01
2.547297197680216740e+01
4.266227756518105707e+00
7.805107087273287725e+00
9.972112891407913793e+00
9.220076366321796613e+00
2.640506648725885341e+01
-1.910946063586271393e+00
9.059023180960263488e+00
-2.578048391808832207e+01
2.032379328206717517e+01
5.510270297830636821e+01
2.449666454787955416e+01
-1.156710005528014307e+01
2.822226804444163406e-01
4.197549789248134822e+00
-4.682799486822607093e+01
4.532072129361347379e+01
-7.090775314750970892e+01
1.467176321315795207e+01
-6.760388416469176320e-01
2.183107500694338654e+01
2.211524637808295424e+01
-1.087188284325220877e+01
2.161161428491216796e+01
8.793422514014842761e+00
2.153901627610670833e+00
8.576358948974093011e+00
9.975302422255303725e+00
-2.131413913416218975e+01
4.622312214282465526e+00
-3.527452380665510923e+00
2.066622647731741225e+01
-3.025821459406225955e+01
-2.652956193463412937e+00
4.784113849224493897e+00
8.528194991565818839e+00
8.632580466003602737e+00
-3.510957662120338085e+01
-4.015464222482594181e+01
-7.494640973352991509e+00
1.918960173666755864e+01
-1.157866760895399949e+01
2.881997636723269451e+01
1.861011360388561187e+01
-1.754965407016360501e+00
-1.092353565030386875e+01
6.168188816695721499e+00
2.263678827992953657e+01
4.884655254033134497e+00
2.069178057123410852e+01
3.221798634212035051e+00
2.176725549607423371e+00
9.809021784143869382e+00
5.196609828297778400e+00
7.906094945684531083e+00
9.266579387618479657e+00
-8.532973020603108694e+00
2.301308103358176371e+00
4.762315649155687503e+00
1.472765601123102108e+01
1.087751860426423001e+01
-4.041899838062730055e+01
8.666052192755673289e+00
-1.829986127949114305e+01
3.200381012130473835e+01
1.742708626110320580e+01
1.341528989895299340e+01
4.699006825440290669e+01
-2.345711443239631322e+00
8.289840444860431035e+00
-1.863403755687311758e+01
1.491376773342447137e+01
1.452269876557628958e+00
1.970380092501287450e+01
2.092297953620848716e+01
1.595292416119051815e+01
1.721877577674932214e+00
2.490101642053013364e+01
7.493541227136768512e+00
-4.867310049749413281e+00
1.542632461239228014e+01
-4.891602290239113415e+00
1.978957318600215487e+01
-3.894545481336486148e+00
-2.575245265805857997e+01
-1.663918770597429742e+01
-1.903137789414666159e+01
1.538444787166078243e+00
9.049916844532781113e+00
1.784220908344924972e+00
-8.227405110952124900e+00
9.243669044467063500e+00
6.604534674083102352e-01
-4.517924656804602535e+00
-1.293588195647398464e+01
2.681758983579406319e+01
-6.785627089544998825e+00
4.501155951231305963e-01
2.246177790993872492e+01
1.222185615031273898e+01
-1.269892234036545631e+01
-4.168844687735800747e+00
-9.028709779102085164e+00
2.301525236207967140e+01
1.642892108439733789e+01
-1.089548229172825700e+01
2.426144597574894846e+01
1.203267849542898560e+01
1.331271389062643884e+01
-4.521855454303342015e+00
8.891152354579327621e+00
-9.179750553051134077e+00
-2.680668655531942335e+00
-1.731048826854838651e+01
-2.276405221018476865e+00
-6.850253894664085408e+00
2.301854296499148944e+01
4.910508739254826338e+00
5.088520190238329377e+01
3.897230806967302730e+00
-7.694488407146117481e+00
-2.590160135748129200e+00
5.227856093138499638e+00
-5.822836674694215731e+00
