5.419591219493622702e+01
2.466245747093427809e+00
1.320030104757137224e+01
1.609929127347894848e+02
1.782578253420940229e+00
6.927747483822362540e+01
8.265543875443310640e+01
9.235781957010086529e+00
-1.300042882009434919e+01
1.969958272019501777e+01
8.399638509212738313e+01
3.790123439026807262e+00
-9.048620793534247753e+01
4.664225605093504612e+01
7.107881360988488950e+01
9.688008651951601280e+01
3.784074498582749868e+01
1.253481142622149207e+02
-2.990045225181562216e+01
-1.848441289228239270e+01
-2.940232566235755485e+01
6.456780343963922064e+01
-1.088611951657427142e+02
-4.994035451230054434e-01
-1.439879284463548714e+01
-4.487674515828693700e+00
9.930320632009436821e+00
7.029009580350536623e+01
-5.165053638819628645e+00
-2.423554762143933061e+00
1.039621099525714243e+02
6.820153596791084283e+01
1.770438561121384424e+01
4.195002655518410961e+01
-7.346202894956066132e+01
5.616255038191143711e+01
3.969688498068866522e+01
-4.382161627031567264e+01
-2.932406898570027920e+01
8.022832036721703730e+01
-7.999543789236940938e+01
4.773227641313543046e+01
1.824159896033517470e+00
2.877555123779453083e+01
8.188024559503381283e+01
-2.846205640635459133e+01
3.520855411241681310e+01
5.312720124743819383e+00
-3.066373690160979493e+00
6.852093784563334111e+01
9.583622592290920750e+01
4.632319683485407324e+01
1.601516087986814512e+02
1.251979310525939297e+02
-1.014288768054693435e+01
-2.152134151475099344e+01
1.102673872634910879e+01
1.241062527299363580e+02
-4.933818744711700788e+00
9.923281447102421282e+01
3.241712930944611060e+01
8.230253132641072966e+01
4.186726670311965393e+01
-1.603791003134762860e+00
-1.146821303465215180e+02
2.112622031432657366e+00
3.270503030624650620e+01
6.541907729776976055e+01
5.070544524271943487e+01
2.611493074351364996e+01
2.802958589336786943e+01
2.849769304723455576e+00
-2.947287121709238988e+01
-4.291911685373588625e+01
-1.002843140821499901e+02
4.111633226927737894e+01
-1.701912824157908943e+01
4.450482082996478539e+01
7.111677663538216621e+01
4.175749817193782576e+01
-2.949608680387633797e+01
1.292806879704527034e+02
-3.345890134730174026e+01
1.974602340519890475e+01
4.707344120529681675e+01
1.092209210574023786e+02
3.448293072083924926e+01
5.212753352561992415e+01
7.000443245511301882e+01
5.911199452549456623e+01
-5.490666604916553695e+01
2.498552016808975651e+01
1.584053271759762822e+02
8.340335660558905317e+01
2.099850108134049620e+01
3.078466912314176085e+01
-2.422832655557804316e+01
1.923488290107582088e+01
1.017299814138155654e+02
-1.688352870550526319e+01
5.512128445739557492e+01
1.286805309233842287e+01
5.826187870493507859e+01
3.730542739668027963e+00
-6.461328899169330953e+00
9.986418311184529273e+00
7.835114982005543993e+01
-1.079229175468498170e+01
-4.174277662984123083e+01
6.668564307209976505e+01
5.639942192516926411e+01
5.847755163603457618e+01
4.153702462876758972e+01
-4.398699574084290020e+01
4.496990778357876195e+00
-3.794437272530370109e+00
3.665692409708768196e+00
-6.406599776498453025e+00
7.061281954178440401e+01
5.691043515801062114e+01
6.189605466747000406e+00
-2.521527226039363967e+01
3.590948167018014203e+01
4.549967636647002678e+01
6.879121783913166155e+01
-6.526758768166679658e+01
8.166062848088233750e+01
4.593775235104591559e+01
-1.594339141074039645e+01
3.901107837670323875e+01
2.228437564770161927e+01
-1.160125530861267151e+01
2.852091856372005196e+01
-2.354168880449747547e+01
4.709495951049742501e+00
4.849378943973699307e+01
-1.634789511847968413e+01
4.729688689153167047e+01
9.438898092734895329e+00
2.787733336961198205e+01
7.056881555256328653e+00
-3.092791067522401960e+00
1.867725327794528312e+01
3.366107775659591539e+01
-6.957073077677138428e+01
9.089168550316574624e+01
-2.067675697867304052e+01
2.903629266588200153e+01
7.438084022317362098e+01
-1.604037115417983728e+01
2.727922868753571350e+01
4.472966518947227854e+01
8.311392060766218037e+01
-3.737880853694011307e+01
4.012860639837970211e+01
3.470048918947258443e+01
-4.237127347581427728e+01
7.638389293604052455e+01
1.200052548613338388e+01
8.871250864563867822e+01
-2.917839506494893698e+01
-3.588477830586828077e+01
3.078703592679107004e+01
7.776877285371205062e+01
-4.047192945533814168e+01
1.872426489715385145e+01
5.357499138402707217e+01
-1.741875636792392612e+01
-7.463494151482308325e-02
6.894151823686334524e+01
2.971009429487705944e+01
8.848348619514986524e+01
5.586294824003299198e+01
-3.347285842519254118e+01
-2.999680197477699295e+01
5.276397772512678586e+01
1.919660003483265953e+01
-1.405704308973251671e+01
3.966097795484451183e-01
8.073003645067534251e+01
7.030476025266949591e-01
5.887063586325178477e+01
-8.985402145880314606e-01
2.887423308122378529e+01
2.786771107013640147e+01
-2.047142053280000340e+01
2.351267775606491028e+01
-9.970900833709521294e+00
7.811801989943987223e+01
3.148870156164531053e+01
-4.693321668933720048e+00
3.123083396378851262e+01
6.426755983376168047e+01
1.361890760887998653e+01
2.653056980173357360e+01
4.249277459379769084e+00
2.970800250933811171e+01
3.487642791049857749e+01
1.407209105607319444e+01
5.902916926454474833e+01
-5.400452899038580767e+01
2.424497398196456288e+01
-2.743095533971299460e+00
5.851757860422001301e+01
4.550213157123149443e+01
4.603246616907955513e+01
7.869331055850619094e+00
-8.539894118805447931e+01
7.286234450120063855e+01
7.414959442354594898e+01
3.086912394969132478e+01
1.861271806239164306e+01
7.164715707519322052e+01
4.069296382393523714e+01
2.598706055213931876e+01
5.554781263176157324e+01
7.694366853196914491e+00
1.473895445844422269e+01
6.677982546346770221e+01
1.075434620846542089e+01
6.093176310586157740e+01
5.541536751288499829e+01
1.260012463589199783e+01
2.224679463194414097e+01
-5.781096854357173243e+01
-9.121707689234874294e+00
4.291208604525940018e+01
2.658948516996429134e+01
2.882278793735315503e+01
-3.838980300215600749e+01
3.336812094622942482e+01
2.235740964123922581e+01
5.400277144282849662e+00
8.496631601609824003e+00
4.376578783359460090e+01
1.697882961510733324e+01
1.360688843411131757e+02
-1.161816274934158599e+01
3.230709598747444034e+01
8.048525043547178370e+01
5.986673653950355600e+01
2.945561734271924337e+01
3.846383045155187830e+01
1.458522111296929502e+01
8.451561899038949832e+01
1.000903744932299588e+01
1.594112712072736926e+01
6.482319919407676423e+01
9.291047987105116590e-03
8.344310559990984189e+01
1.136848779541908527e+01
1.992039996598460050e+01
-5.225473163345731109e+01
6.475163668839118714e+01
3.393543198450799991e+01
3.683979416295277076e+01
8.292098056306159037e+01
1.040619941398905013e+00
1.886523577658564577e+01
2.696362622670393350e+01
4.359761797352307866e+01
2.083165700929675523e+01
1.062946090714461747e+02
4.484151378449589487e+01
6.763216667296017448e+00
-1.087121180585457125e+01
1.289470536734976491e+01
8.371342878261870624e+01
1.571859057732648601e+01
2.561429887822677287e+01
1.009796331849382653e+02
2.643900989827242398e+01
-1.094842379265753607e+01
6.006288693746674312e+01
1.078638129702866344e+01
1.009953493483646696e+02
2.010195870547041963e+01
6.760751511166600380e+01
2.351975101021051984e+01
-1.408595064618545933e+01
1.024225838336391661e+02
1.958495393789035433e+01
4.616082953218307239e+01
-2.161158657820553231e+01
2.199568457769673557e+01
6.339495610397969472e+01
5.650789270291504351e+01
-3.429749319734010982e+01
1.544056575700113498e+01
5.399030565869132658e+01
2.462772351127177473e+01
1.967411098813004244e+01
8.744181492469424199e+01
8.430026322660694404e+00
-3.554029207536050450e+01
8.139642324989281974e+00
1.005863305854517264e+01
1.010987712219218935e+02
1.384523233048354740e+01
-1.424200434862747500e+01
6.778213433120816589e+00
2.482687556756637903e+01
-4.691252876436584529e+01
4.992960481278131368e+01
3.947689306287507804e+01
-8.456292359963867966e+00
3.026771761801369109e+01
4.871663078295536309e+01
1.568228891681354042e+00
3.991470934883745514e+01
3.366748146247303453e+01
1.623594109820074394e+01
2.310995320628708782e+01
-2.591125510699008316e+00
1.929493670386841586e+01
3.720630808200171202e+01
4.771893582042467585e+01
-2.134209532235911411e+01
5.186557132563785899e+01
6.487809268811093943e+01
3.106001013213838391e+01
3.296353177835246839e+00
-3.438890642216749427e+01
-3.924743437498135279e+01
-4.127632978189449631e+00
4.241092498052859128e+01
-1.235634889447883467e+00
-3.318322642083505514e+01
1.595766866087765656e+01
5.532291696859716268e+01
6.522421814559893960e+01
5.529631440559157340e+01
1.169113629622630057e+01
8.846314106027104884e+00
3.631040423443265297e+01
1.116240608040441771e+02
2.907219139158310384e+01
2.883140641045559605e+01
3.534758502353369636e+01
4.499965472269466460e+01
2.521032653177531913e+01
4.581965681098407117e+01
3.023257402695698204e+01
5.119529593139677814e+01
-1.705950480381707735e+01
-4.803864299269068283e+01
9.444016301275777892e+01
1.108510228945130081e+02
-3.059795628303682946e+01
-6.959247657639450324e+01
1.593102081654963698e+01
-2.177515288722821651e+01
5.099290070381385220e+01
2.400749073280964296e+01
3.482666205315206298e+01
-1.338889305937171059e+01
-4.227522457790412602e+01
3.770975685720002701e+01
3.911706531053429359e+01
1.571365857321600323e+01
2.263278457520262066e+01
8.688403853829305490e+01
1.638366576165081057e+01
7.439061826295628066e+01
-4.853365400826749010e+01
1.072461627661541606e+01
-2.318883836081445793e+01
-1.062681862838014979e+01
-1.327327637565955598e+01
5.529143975424386070e+00
-4.491088520077957469e+01
-4.001421333204008590e+01
4.106005659532003449e+01
8.829666237867728285e+01
2.386557444458984634e+01
5.185184281176734089e+01
2.377136325676108797e+01
1.194216327225155538e+01
-9.531947634044080075e-01
-3.010205504820518740e+00
3.596824459440761501e+01
-7.905426919329987356e+01
3.545213576247543585e+01
-2.294966891492510541e+00
6.761343366552475231e+01
-2.442365651493476975e+01
1.596380928864731885e+01
3.555798343115008464e+01
1.822313134110406097e+01
1.075568600201146978e+02
1.072036437073722581e+01
-5.968766967787274780e+01
1.045265557941148558e+02
7.224299568856184806e+01
2.177842260936689556e+01
5.251471012136658345e+01
1.283945157113011426e+01
3.871946912467450375e+01
4.976290000102324029e+01
7.164777718513512639e+01
-1.951674837294620346e+01
-8.752771245125178012e+00
2.192134684584241455e+01
-1.783421371132831723e-01
3.637758463470238013e+01
8.155976393769506672e+00
-1.190654904844128481e+01
4.930153786841198382e+01
7.855159515173689044e+00
1.218341200015355241e+01
3.010707426759822880e+01
8.971553812934217831e+00
3.638967302826841888e+01
3.558689664938204089e+01
-1.814719823935021026e+01
-4.446468630846844405e+01
5.538511144092938565e+01
3.172037091239019801e+01
3.802747051960139402e+01
-2.072117309457172496e+01
2.047158693776995264e+01
6.346316173427157281e+01
2.932317822519231498e+01
4.940637753639599339e+01
2.767675746855157115e+01
1.181831206823636471e+01
-1.457222271080464537e+01
-6.622609656504625519e+00
5.199223176930605916e+01
5.273011623067310438e+01
3.181797270167930236e+00
-2.944635596787303911e+00
3.049392444032510241e+01
4.515781556897145776e+01
7.755685821370107647e+01
6.542742486375161093e+00
3.290971539160526760e+01
1.966471397765689488e+01
7.627538392020861124e+01
4.392106269408394326e+00
3.578732292709274532e+01
2.201340211995913165e+01
2.733013583320827067e+01
1.222544719223907173e+01
3.178043002237800962e+01
8.832456681385444597e+00
5.645433440123341029e+01
3.905471493125895677e+01
1.635972084757339218e+01
5.513222821949890573e+01
6.228075038675987685e+01
3.591160291569927665e+01
-1.462177629689939096e+01
3.756108381930711460e+01
3.595598712060044022e+01
3.020793956104831324e+01
2.245428715471068415e+01
2.457340433708330352e+01
3.438076082036260317e+01
3.512921141944013215e+01
3.426056391176301474e+01
9.612151230443521044e+00
2.435565740139579560e+01
-2.287424686933302809e+00
3.618901487298252562e+01
6.138270729147146199e+01
-1.244678960249053290e+01
-2.857565429429349990e+01
1.599781680809598683e+01
1.184696866266676807e-02
1.586622047996139884e+01
3.896173513240073305e+01
-1.786685630678537251e+01
3.272709137017250214e+01
4.214644607835905532e+01
3.318266824985980890e+01
7.237640987329581321e+01
3.441225196555024013e+00
1.336889586017224829e+01
4.497126908411127033e+01
1.191805609905188668e+01
4.796081942123185726e+00
1.485075165810754427e+01
7.497953222356791514e+01
3.519713633349270765e+01
4.448188981711628287e+01
1.459638334289364536e+01
4.373836946659251623e+01
-3.053311175631518637e+01
2.006315056027492716e+01
1.623074829883636028e+01
1.077110164138349369e+01
2.984367582603962887e+01
-2.843567021928574690e+01
2.324115146824434674e+01
3.173106800396367433e+01
4.318502014548769807e+01
-3.183079247331394868e+01
9.771428153450953502e+00
1.118219983341285584e+01
3.583433690343904487e+01
2.628004009980313782e+01
-3.767362444547455169e+01
2.622100177589134873e+01
7.644685241118043706e+00
-1.252420807210496179e+01
4.959210366774259882e+01
7.160227634749719527e+01
5.809700096896834509e+01
5.375372854561418023e+01
-1.331685455371670912e+01
4.862176341188933293e+01
1.662959762056923907e+01
3.872634640236928760e+01
-1.851473762239002951e+00
1.598967553791045759e+01
3.809642868371824420e+01
3.887913338426105980e+01
4.919459245070537179e+01
2.804348316602129998e+01
5.062588739896187917e+01
7.366732187553241218e+00
-6.522596481474430163e+00
6.629852720187804493e+01
3.889232383332912235e+01
2.091704162327280514e+01
6.826997395636621491e+01
-1.194702398311126501e+01
3.756845199155110038e+01
3.836273070573656696e+01
1.694765288079956278e+01
7.786566697684342842e-01
5.255524700180249908e+01
3.283341173607369257e+01
3.650587173782346895e+01
7.150062641374267969e+01
-1.758001153650719317e+01
-9.734942254590499999e+00
3.079551550065917098e+01
2.324149603604214320e+01
1.988469286685570125e+01
1.840893427482999556e+01
1.597602181920905196e+01
2.471155752196516531e+01
7.512039210140313727e+00
2.243636629659543402e+01
-4.273349370993187790e+01
4.639100763932830063e+01
1.030502952990789112e+01
2.323713842158142029e+01
8.212739142652586111e+01
4.605026896812728410e+01
8.649580258378945530e+01
8.540371870741020999e+00
4.164597517559926132e+01
1.099652758900909788e+01
1.397955942784887995e+01
4.249611466687656502e+01
5.532611091669790682e+01
2.548854730063903773e+01
6.215708413790139986e+01
9.950588258705861833e+00
5.120580249781712467e+01
4.444879346057213354e+01
3.935828090334912588e+01
3.841047527699038255e+01
1.414708230516899512e+01
4.310480925494790228e+00
1.257012320898708069e+01
-1.593777558592331189e+01
2.315132367416921966e+01
4.010918699621989703e+01
2.497802968950803404e+01
3.331895154079526122e+01
-4.305389906285029156e+01
4.472884718514906410e+01
6.374085082648285550e+01
2.066406560637305745e+01
3.811803888944592700e+01
2.546268727532647347e+01
4.520317577358021310e+01
2.656522339291852930e+01
5.101878939997263274e+01
6.515121363699674362e+01
7.650665593296050560e+00
3.798054939235544936e+01
5.063262354634977669e+01
4.325521214535994829e+01
3.467503748414759457e+01
-1.752891820908808285e+01
4.761749397004838613e+01
1.237337683796720000e+01
5.877665350919114573e+00
1.833640631145154742e+00
6.582298593169414858e+01
1.209552061942678591e+01
3.186390800886687202e+01
2.349210027982701021e+01
2.404857445877785338e+01
7.721381084660647787e+01
1.972219780002271605e+01
1.873973275085798917e+00
-2.076444940560378427e+00
5.352687514516155431e+00
2.184425135450931776e+01
1.646295725279346556e+01
4.457090315626601296e+01
1.658340361289166509e+01
2.370375259817648228e+01
2.446972266590661960e+01
-4.750539082485443032e+01
-3.203710862511805146e+00
3.110267736353380030e+01
4.266285584873149617e+01
1.862267424496713986e+01
9.831642298381797929e+00
3.804389414318112017e+01
4.772528814825639643e+01
2.829156497511836932e+01
4.000553231498555817e+01
2.465939586986690202e+01
2.276712819477657135e+01
1.651569131228407272e+01
4.918649177518034321e+01
1.627194887129967782e+01
5.869410252943202977e+01
-1.305028662463904254e+00
6.103154580205062985e+01
-7.034946799842362708e+00
1.474240896973562442e+01
5.036794984619157844e+01
2.232189730295905505e+01
5.247349662074645238e+01
4.032002064465924462e+01
-1.312720875893786143e+01
8.682487448487217208e+00
-1.216470079265739201e+01
9.443783408796530665e+00
-7.506532992527780834e+00
1.347302522894568000e+01
4.282050718405736234e+01
3.032951285094363669e+01
3.081761768601666063e+01
-1.700366026774897676e+00
-2.487449259937204005e+00
3.743192729654668938e+01
3.413735271258997273e+01
3.359092996940289311e+01
3.881492096474859466e+01
5.419261930498632296e+01
-7.746240203735787588e+00
-8.484106954850776816e+00
-2.563436984416777875e+01
2.187020174884722223e+00
5.656691898849267375e+00
1.005475662101234491e+01
-1.047957990834892783e+01
3.560218834161275936e+01
1.473643858919777649e+01
-4.138286341387504308e+01
-1.394283965309730888e+01
2.179331719435640835e+01
1.357565217371360689e+01
2.763680396663832894e+01
3.995690471192578030e+00
3.137716426041573214e+01
3.114822519956008762e+01
-1.570240415266372480e+00
2.535294353950006752e+01
-1.434464385286913313e+01
1.380502548473746849e+01
8.954240422230867580e+00
1.095925498423474664e+01
1.763139822075720531e+01
2.730501905429462894e+01
5.424428137859221266e+01
3.217243284390208657e+01
-1.564285183178562022e+00
2.971256402362215709e+01
3.820267940188154654e+01
2.094755012961538654e+01
3.731610595914397521e+01
-2.239192227619349751e+01
-8.476602432938307174e-02
2.724406655521094223e+01
3.939821781172177850e+01
-9.148395942492101085e+00
2.301880180793988373e+01
3.560994150565274907e+00
-5.524980980247526929e+00
-1.007650286149081609e+01
2.455919554919370285e+01
-5.190731022375061343e+01
1.868030836322046895e+01
3.144516319317277819e+00
1.408642769797913274e+01
8.739488702166168466e+00
5.732884502794082238e+01
2.978431801000912316e+01
4.135752700686500560e+01
-1.314646073109374314e+01
-7.396947455524482962e-02
1.322382181282334024e+01
3.680228770883910272e+01
7.757801967769211160e-01
2.358147749248788827e+01
-2.356363336125163954e+01
5.813766426246267827e+00
-3.740871045720405874e+01
-1.476444169162611786e+00
5.617807988783082607e+01
2.695212310564546954e+01
2.899943995099648930e+01
5.448291892317278950e+01
3.180819305485601944e+01
3.366398504210831533e+00
4.679095117147089411e+01
1.411756084400063926e+01
1.491338338500163019e+01
2.209067299631924541e+01
2.544435138804519525e+01
4.513968995196108125e+01
2.476381088273492992e+01
-9.909722052129232850e-01
1.419516483189933176e+01
2.226390370097779936e+01
8.522140898876013893e+00
4.748708736288747900e+01
3.164580323239617599e+01
3.705189337948842976e+00
-3.444630966956857776e+00
2.219106176796127983e+00
2.206113046186796822e+00
2.308789534909896091e+01
7.021572705540750192e+00
1.763009426895201770e+01
-6.725396743704848745e+00
5.546349517779648153e+01
9.558154107755509443e+00
2.177415418402675940e+00
2.127663619746203594e+01
2.948984425610852611e+01
-2.478853316984874766e-01
1.556500798727185852e+01
2.246697012714728103e+01
5.344458076717310746e+01
-9.158642186646662964e+00
1.301711419763927502e+01
-1.156719193926707945e+01
3.110074147635664232e+01
1.214227868082904394e+01
4.034343658470340444e+01
1.873996291903144851e+01
-2.139713093459153725e+01
-8.385185477535905818e-01
3.239390586095272795e+01
1.018700834539064459e+01
4.762677643463324983e+01
5.053422867152990250e+01
-2.501295585480538364e+01
1.672901803756753125e+01
2.513812457101025188e+00
1.180465001333779185e-01
1.524172685857938347e+01
5.084323893670662287e+00
5.596713703159985442e+01
3.146216569333024182e+01
9.813027809656817979e+00
1.715597059141488145e+01
8.279394677280304649e+00
2.723446903565512400e+01
2.278734213762859540e+01
4.769458890087798864e+01
4.329912406294241123e+01
4.705222557084927359e+01
6.085455739925183849e+00
3.368097303123444419e+01
4.999654856711404705e+01
-3.075092527806418730e+00
4.739166826440175839e+00
5.001108126510900576e+01
1.882850708028095710e+01
4.098418135760344683e+01
4.160604054334655899e+01
7.742146224330840099e+00
1.272784231744807926e+01
-2.395758520083549570e+01
2.064824907725025582e+01
3.830539057898086241e+01
-5.880215304668780618e+00
-2.417351030587776961e+01
4.704992755904391544e+01
-2.031240867315353427e+01
2.711689973470091530e+01
2.372031801708798326e+01
2.626907186391159144e+01
3.457513308555309806e+00
2.276509695218906160e+01
2.551518392393434098e+01
2.363277282603998586e+01
1.741992196523987957e+00
9.940548770596011607e+00
2.157224971707302075e+01
3.569692133471687612e+01
1.826325765027429071e+01
-5.570930455691062377e+00
8.999173223738274885e-01
9.796423702994516702e+00
-3.309789246866017720e+00
3.050574986367761809e+01
4.338449394046547525e+01
3.761935314132154318e+00
3.561785568032198057e+01
5.697424104572178294e+00
1.038087442060361454e+01
6.600239602402643868e+01
3.203502481252418477e+01
8.256023766688748822e+00
1.474663694269559322e+01
2.516345070864036870e+01
1.277694114142617643e+01
-1.647287842265881608e+01
2.771553885747308144e+01
2.851140956016467243e+01
1.419975013508170392e+01
4.519845926313848850e+01
6.291191577590616646e+01
-1.462433492532400336e+01
3.627652642450001252e+01
1.938888675707068288e+01
1.151531843384150378e+00
3.641881184885282607e+01
1.118353926934043763e+01
3.819059759380282415e+00
5.075564373473066837e+01
1.341291800803730894e+01
-8.282602372507373190e+00
2.269202008821172356e+01
-5.263108561841661981e+00
2.081947920440209288e+01
1.749523187878157060e+01
3.545288516248592714e+01
3.235749799017173700e+01
2.019775785556180026e+01
5.367620461850789226e+00
2.652116807165229062e+01
2.264638373234127755e+01
4.293261148706819341e+01
4.156238686540601179e+01
4.333100236572807518e+00
2.810122257409666702e+01
1.255304697852112383e+01
-2.756789950592885674e+00
5.917245953377946677e+00
3.203491348135436567e+00
4.907770571114168945e+01
3.560297443551552732e+01
4.732063391717257161e+01
7.943961315907724696e+00
4.435444917304472767e+01
2.403730807379973911e+01
1.416132875104229250e+01
-1.721105282164851502e+01
-9.591491748517391613e+00
5.517886017943137489e+00
-8.388660626441566848e+00
3.141222237056711464e+01
2.505299599237832098e+01
1.510989768554427570e+00
-5.112248287862811935e+00
1.703866169801595021e+01
1.876089097381347059e+01
1.976267918231033605e+01
4.021506062800160208e+00
1.973967847253366514e+01
2.638326121579102690e+01
2.169010096233993323e+01
-5.867531205839689790e+00
2.333425647391769431e+01
1.318205124926809191e+01
3.164470641719427846e+01
4.435643668678405049e+01
-7.248066982061125429e+00
2.839250113099669548e+01
-4.016588212226167798e+00
4.361167816056393320e+01
4.226606248622684348e+01
4.761141773911438690e+01
1.558463816946058955e+00
2.632592927961305662e+01
1.004998183871646233e+01
1.686101093302675480e+01
3.043992061790648762e+01
3.121190486499114414e+01
2.332878205868772881e+01
7.392179661189256024e+01
-1.967176083252240915e+00
-1.760857293195356732e+01
1.421691970158457607e+01
-3.078911893849536341e+00
-6.899894868725013453e+00
-5.769547828810065226e+00
1.239029571436689814e+01
3.097480210048598082e+01
4.496840652254891069e+01
2.756451683118122276e+01
-5.718221876826667938e+00
3.890513233874041532e+01
4.229753325529395624e+01
2.451683633499159498e+01
5.082678007648512875e+01
5.423110933611022233e+01
-8.872505332855741500e+00
2.128473803867457903e+01
1.534478151862421313e+01
3.063459406403062601e+01
3.850595072325351254e+00
-1.199694523125382162e+01
5.339250602907405607e+00
3.018070621069842829e+01
6.619481101180783256e+00
4.133067398645748369e+01
4.542783852265151268e+01
-6.229760139347852999e+00
2.037120578911378743e+01
2.262897160535871421e+01
2.967904791189960179e+01
2.753345223032411937e+01
4.126774084490870109e+01
3.637589981203224454e+01
3.808785555314499049e+01
2.350620399187796039e+01
9.565934566519263882e+00
2.926693170552816525e-01
7.100194130197930775e+00
5.217545167603563527e+01
4.776672253885550390e+01
2.121698896985327565e+01
-1.136693022343770565e+01
5.018581468797462719e+01
1.558439762280720409e+01
3.138477051951682739e+01
2.555388161976586403e+01
2.521334196065651412e+01
-1.198714239822287553e+01
2.816792990673678077e+01
3.210812954011565523e+01
2.362553654990907859e+00
4.619647549081213356e+01
2.192462505733206157e+01
1.979637586785867853e+01
8.109723756916686455e+00
9.328426161367296743e+00
1.036373900987254615e+01
2.783954727105655280e-01
3.656676747684833373e+01
2.805164489026497066e+00
-1.675033415688153582e+01
8.299299320813950942e-01
2.125451788388465246e+01
4.935177707555868665e+01
1.000157819362260803e+01
1.668262893576394745e+01
2.226551061874896931e+00
2.719434768895341392e+01
-3.664893497882996343e+00
5.216476205184683579e+00
1.052842995777505308e+01
1.796257545250107768e+01
-1.897646784945515464e+01
-1.178890050621004448e+01
-1.346320029189363865e+01
-1.219875818359922093e+01
-4.523416413340024889e+01
5.274036833280533187e+01
2.910982216223396080e+01
4.240557041016405293e+00
3.756093534261523814e+00
9.482254996529396962e+00
6.223097161700743385e+01
6.332293714984263033e+01
1.923039649680009688e+01
1.654095979732286636e+01
4.791712671385717215e+01
6.658197828734913060e-01
1.515880012363928664e+01
-3.122257854269442134e+00
1.800117850866238456e+01
1.175303801084540822e+01
-1.095481251569570702e+01
1.133804662341442793e+01
4.579016478475907803e+01
1.231024889243435538e+01
1.268967076791543036e+01
2.396919356530101197e+01
1.410315235658032407e+01
-1.380257399421661191e+01
-2.138232582294769202e+00
-2.891320611744042424e+00
-3.166630695102938375e+00
-1.050636830795895449e+01
-2.158928074588752111e+01
7.468411286300522534e+00
1.369745693669925046e+01
3.771280122474587415e+01
1.669916037774787654e+01
1.056150480919672319e+01
2.949284935573015431e+01
1.032240215036865827e+01
1.643513188680836379e+01
1.924673432634325110e+01
7.251459168811049238e+00
-4.401225627279483632e+00
-1.429705666519521401e+01
2.850321857599012532e+01
4.466962609090792569e+01
3.980977521763159643e+01
1.580536354619560768e+01
3.006158279600975902e+01
3.149617267874497273e+01
-3.471522418198706106e+00
1.321071578403944713e+01
3.570852920604956182e+01
5.236259782302576937e+00
3.507591393801405388e+01
-9.173032410909733869e+00
-6.098271217851696235e-01
1.548529032025415830e+01
2.225969241745612592e+01
3.354192502255108366e+01
-1.786500529924025216e+01
-7.621635040352945367e+00
-2.548427076379743283e+01
3.925921522152011178e+00
3.554743685457738422e+01
1.812626195688351416e+01
2.464019618007586843e+01
2.286519678700611635e+01
4.347225447474981053e+01
-8.862155878926067487e+00
2.227278972346892161e+01
2.918056135688037145e+01
1.774792438896630387e+01
1.752324904637913505e+01
2.606085467678236967e+01
2.657875220984220732e+01
3.182965175611970920e+01
-5.547642378200453805e+00
2.697500757596720078e+01
3.524472119163597483e+01
1.976551549746244874e+01
3.445666677768765851e+01
-9.957395176678573989e-02
1.604073210443110398e+01
2.261778375179033773e+01
2.102736614269943516e+01
1.846369736378123250e+01
2.614956050019857159e+01
2.573108802654040872e+01
-9.715159924807544201e+00
2.362379478102158004e+01
1.051140983859564670e+00
2.176979405977690618e+01
2.453803077918821884e+01
4.352191038714257942e+00
6.393386277641061355e+01
5.849064643706807232e+00
1.125302179398065938e+01
3.073110915819530931e+01
-2.151496974519680805e+00
1.313234160081930568e+01
-3.427442631588910160e+00
3.014820361326817277e+01
6.403562358293492629e+00
1.237320942850861272e+01
1.217232541170672988e+01
1.504856133901684601e+00
-2.398905540565984040e+00
2.912757734191009007e+01
2.685867622547034017e+01
-7.079320842348106879e+00
2.094701286256519523e+00
1.315726151765152530e+01
1.926118136014794757e+01
2.354853237433591318e+01
3.804970520833588665e+01
-1.588622929492139235e+00
-5.441859953315418608e+00
3.223322967298121711e+01
9.170500683856598556e+00
1.828482067336925354e+01
2.779905165111561871e+01
-1.039136213396507813e+01
7.174003656312404331e+00
-1.488142830335493016e+01
2.388929411696287630e+01
2.606480360439660160e+01
5.638465040651223603e+01
2.919575836438568572e+01
-3.368519879741061374e+00
-1.396387513560715732e+01
2.961374995592242243e+01
-1.683950223939884694e+00
-7.694338811327892103e+00
2.060329557401629330e+01
1.904211253245263791e+01
1.615857069679812241e+01
3.021976079876277055e+01
9.563888828729218972e+00
-2.526522614927195320e+00
9.975383954949379017e+00
8.734178905976685670e+00
-3.909590966875740037e-01
1.203464590046692351e+01
1.917027644755889071e+01
1.294781531944055253e+01
-1.232904080405766933e+00
-1.191970630900538808e+01
-1.036174044217213108e+01
6.029720102666884074e+00
1.453659052440194621e+01
4.138196174588346210e+00
2.338187794656289142e+01
3.323636964303315722e+01
-3.554858163876016164e+00
7.646958003898655321e+00
1.056673691626972200e+01
-7.802658045215956406e+00
-4.338353436954498932e+00
-5.384168647389067530e+00
-1.011981517484861826e+01
1.872090824936102038e+01
1.409114134215362135e+01
-9.657166850307728367e+00
1.534311212961056015e+01
-3.537909922403471796e+00
2.153405697138410346e+01
1.004482883370850033e+01
-1.086501795618040234e+01
2.933578884373973850e+01
3.799833024877200671e+01
3.591441627811452264e+00
5.511284918518377651e+01
-1.644324987738588817e+00
1.026009929500856899e+01
2.662115954803529050e+01
4.338402741296171428e+00
1.786429446277304578e+01
1.312753716623897482e+01
5.155549361707753064e+01
3.424540179700342080e+00
3.008485132838695009e+00
2.961519297649894966e+01
-1.634922150487120973e+00
3.304710183689481084e+01
1.679321881826150076e+01
7.728697840978015599e+00
1.201081588373502385e+01
9.829076315940344699e+00
5.233600714959660394e+00
-1.977624999052367372e+01
-5.456744178567142001e+00
2.316175487165963887e+00
2.634534140701280336e+01
5.375041504342945586e-01
4.870756025914002407e+01
1.607959588629288561e+01
7.218595994337173138e+00
2.168720142357560121e+01
3.456321015028775179e+01
2.314082161499281654e+01
2.200740662543512727e+01
3.023025521371394220e+01
1.229816427767633691e+01
3.465443706564509085e+01
2.965864492801716779e+01
4.658515665653396809e+01
1.195203787226170888e+01
2.434435967932467193e+00
4.242545921858645386e+01
1.005972520771221212e+01
2.243714362803347129e+00
3.914291528647977003e+01
1.655808523018206202e+01
2.354947552325026550e+01
3.280258142011867051e+00
1.413697508766054689e+01
3.310738298563538962e+01
5.577569754412892422e+01
8.850246208219157751e+00
-1.297747217092029004e+01
2.157970404651060647e+01
-2.365106882313610015e+01
1.252024692609124124e+01
4.657047122762506319e+00
-8.729913101280310173e+00
1.941664596895954631e+01
4.811655044974605389e+00
1.925973522688333617e+01
7.928076037111364371e+01
3.431988541688104632e+00
2.519806020292518411e+01
2.408086909836983835e+01
-9.510347498911428943e-01
2.262688815835054612e+01
-1.739839666784689598e+00
3.120684109209832258e+01
2.203266625727774297e+01
1.876843471207873293e+01
3.392973340615315436e+01
1.320284160947116447e+01
1.849051585469571535e+01
3.909863758203323414e+01
2.213661390436969612e+01
1.760649310505435849e+01
3.055755519021991162e+01
1.084466379345722942e+01
2.734820267146297113e+00
1.555697781294378501e+01
5.069200558704764603e+00
4.955416920731936159e+01
5.294094106680718781e+00
7.354633496093763156e+00
8.662262596204765686e+00
2.041109246922519560e+01
4.333166701635148144e+01
2.372475858542457416e+01
-8.441896113033578786e+00
1.751819679230942839e+01
2.479064148523434596e+00
1.168536741646522792e+01
2.247029759599606535e+01
3.496130864142244832e+01
6.729190779881770723e+00
1.208749073160367971e+01
4.070729189792051272e+01
-1.097648204497450308e+01
2.535410318120712958e+01
4.338994081431023631e+01
3.325271435177232604e+01
2.585078131351719577e+01
3.283399552343031047e+01
1.063205938727479172e+01
7.031047271455801884e+00
6.279293417231663454e+00
-2.952374895654855180e+01
4.052423942538700885e+01
-3.691073764775968868e+01
1.747995211833291762e+01
2.507566282333090513e+01
1.323914486735234419e+01
7.908314101965759235e+00
3.734928654484868105e+01
2.157004348801176974e+00
2.105133727188183812e+00
7.773561004087465420e+00
8.386509644979913247e+00
2.430805236246003531e+01
-3.879017328451187296e+01
1.801143056893733174e+01
1.833042692690468556e+01
-7.518463219337967018e+00
7.909125920577960933e+00
2.219232335717568816e+01
3.764298482388356604e+01
6.525561071555934234e-01
2.810164407291600241e+01
2.063036904645947445e+01
-2.021284641193236808e+00
1.209367043381660523e+01
2.729567005815847480e+01
9.341469381342843548e+00
1.003202958055999972e+01
5.150175177659355796e+01
3.162125761295266813e+01
-8.995820816799611208e+00
2.850613984852122940e+01
3.590067333001189809e+01
1.837984486555282615e+01
5.453990637087882476e+01
6.152702330563732858e+01
3.957629828338689038e+01
9.033400424039411902e+00
-4.459950860759228419e+00
4.246558046410355303e+01
1.879730468608546445e+01
-1.846579232458896058e+01
-4.793466730943347187e+00
3.800117035013508371e+01
1.730852595811945349e+01
1.133669273297435254e+01
5.581660511152287896e+00
2.251932219540521984e+01
4.552387104065610757e+00
1.690939087794017226e+01
2.032796143161104752e+01
1.248809402538805990e+01
2.862610486185791103e+01
4.014781101331028879e+01
2.189635323021618518e+01
2.656392403429891758e+01
2.394147918101030825e+01
4.286379253499195841e+01
2.749800628851543394e+01
9.051063305358352906e+00
2.288074630312006263e+01
6.510965923721466986e+00
5.823502464575328830e+00
-5.216385508028206885e+00
1.923551182190337983e+01
-6.943867390696542685e+00
6.455467251932319073e+01
7.904622489994229895e+00
4.823880412865278089e+01
4.442060360929131591e+00
3.030202377634014965e+01
3.416508284790420191e+01
1.373106160726660541e+01
5.491157781472134403e+00
1.425033955165761057e+01
2.781198287348102838e+01
1.257332914144303793e+01
9.534865950026384596e+00
1.150538145758377873e+01
1.932259262564086555e+01
3.675142614951550257e+01
1.068691451798314596e+01
1.487257755884300536e+01
1.439603482615126495e+00
2.290333951432033643e+01
1.550230339076442831e+01
2.850471025346167409e+01
1.776478652696504312e+01
6.657424294035106271e+00
4.458177638850294500e+01
3.676737828383392070e+01
1.441116688983288086e+01
3.748373437111854400e+01
2.945610509367423901e+01
-7.633106689962264824e+00
6.209488351606328393e+00
2.616545560806724069e+00
5.696357341703608412e+00
1.825900186510190082e+01
2.271603319575940461e+01
3.584140891256547334e+00
1.340374266631625844e+01
3.004190948264551153e+01
2.113331951306353318e+00
1.022760072260903108e+01
4.566438148523319640e+00
4.976927094348123859e+00
5.297690020561383051e-01
2.226580138865357483e+01
1.223934483665543382e+01
5.828245111230477704e+01
2.828460996552026785e+01
1.279006083350567735e+01
-2.125086197628753837e+00
2.363163409159554362e+01
5.043097893777005680e+00
-2.357031225196250546e+01
-4.365263398061109967e+00
3.709980021833375474e+01
3.874108245907335402e+01
3.128251384903678556e+01
3.469098572789493318e+01
3.705742431930010738e+00
2.042243963652622085e+01
5.887535164690060441e+01
3.372887267139721246e+01
5.762046718322018535e+00
1.174211973222201166e+01
3.141935782624580753e+01
1.481155593936783355e+01
1.768590504104291128e+01
2.011772678606846299e+01
1.301808476449952146e+01
-8.466419920259127707e+00
-8.890237193797709381e+00
1.056876137844373176e+00
5.822230442412955398e+01
2.823225608575656054e+01
1.370786490735853214e+01
1.674800249168374933e+01
9.165120288666443571e+00
-1.747547410681586655e+01
1.924211524720006850e+01
3.210767700394696789e+01
1.143840332102426416e+01
2.459854316817683539e+01
3.016248213289340541e+01
5.463481116942352500e+00
5.641388524334562504e+01
1.833051811487198890e+01
3.980293437109626353e+00
-1.956898174203356433e+01
4.054334436866080082e+00
2.010524498990940856e+01
-1.444208563435375581e+01
1.687299032580580871e+01
-4.473678646583920226e+00
2.690162221432097311e+01
2.982466950539213357e+01
8.449421907607895577e+00
7.135567013209467291e-01
1.227588143691022893e+01
8.017566646220011251e+00
3.031654319462061054e+01
2.941600905892408946e+01
4.555848493041630576e+01
2.135100484110963848e+01
4.644079981579206873e+00
2.145901513737586441e+01
5.061440591318133286e+00
4.254180268968701739e+01
2.760205035918303196e+01
1.338544538371995785e+01
6.927863673619752305e+00
3.522019373654046603e+01
-1.637633737526377331e+01
3.423056508040250634e+01
1.758123847344704416e+01
1.478784600041942454e+00
2.370530976552574032e+01
2.313791285065003933e+01
4.559262346814153233e+01
2.027061439355271943e+00
1.437483640020655962e+01
-1.116102521486028820e+01
3.085721183873332052e+00
2.024967149658320764e+01
-4.671575921178320101e+00
2.257451217773578733e+01
2.141374335890120051e+01
8.329260081479826994e+00
3.364209769921274784e+01
-2.849640007178919632e+00
-6.087872418948144571e+00
1.993368589180376560e+01
-1.197066680530434368e+01
1.862621780514265168e+01
2.211623738346742130e+01
1.337116617644687011e+01
1.190274463199285293e+01
-1.896584010291844180e+01
8.540140552201958002e+00
4.357990327822727039e+01
2.068965925057977984e+01
-1.269114983252851303e+01
1.303694417334781264e+01
9.868850294164165149e+00
2.676371844740598149e+01
3.693259759385078667e+01
1.629632361023698905e+01
3.733162754631980107e+01
3.074276456722325435e+01
1.759349848184392684e+01
1.240360388101889910e+01
4.916619938650186583e+01
8.885221334399133752e+00
1.052257853826159462e+01
1.434837483756462362e+00
1.629542040758389732e+01
3.048155380791025948e+01
8.357700760307452015e+00
1.771277559389467982e+01
4.486796326978095806e+01
1.387333615821833099e+01
-4.673641508409726697e+00
1.789225542629464982e+01
3.123565887364842197e+00
1.051011897626416669e+00
6.552195526410500293e+00
3.227920340599171212e+00
1.089852856994065888e+01
5.689178550313487293e+00
1.544897141585049205e+01
4.113983342914077923e+01
2.554401589512760751e+01
1.314626926018090813e+01
1.541097555588556212e+01
4.133478966457019510e+01
1.967568880983446888e+01
1.099010038366384734e+01
2.531291499770218678e+01
8.924199876227575601e+00
-7.917698520822934682e+00
1.363092875084234379e+00
1.692493209044854297e+01
2.543897074619315646e+01
1.217169818456876840e+01
2.050598052587109876e+01
2.128370972545338802e+00
1.152857284734535526e+01
4.872857603201790511e+01
1.437024412444727517e+01
2.550721316416928985e+01
3.930698170180843931e+01
-1.749666436618301191e+01
-5.187357706553896719e+00
4.682994622420318365e+01
-6.134872825260767826e+00
5.866131817691934813e+00
2.554390394816835297e+01
1.792214746747691478e+01
1.929795114628175767e+01
4.675037015926200468e+00
1.498351102782810429e+01
2.134688553274196821e+01
3.336825403062526618e+01
3.132094334341273978e+01
2.628198351022863122e+01
2.298632365021608592e+01
-1.009630354921338125e+00
1.204111298912361505e+01
3.096492313373662597e+00
1.580644745402397611e+01
-6.254901265409390732e+00
1.519238132518933959e+01
-1.038219235122884498e+00
5.779222434668839981e+01
1.949601969917047484e+01
4.174173392329079491e+01
-7.833073205505133529e+00
2.271648843974115195e+01
-6.106120641732388776e-01
-3.550640907067642615e+01
1.905967641846063998e+01
4.793536376924652842e+00
-3.748630190520501060e+00
2.892505126253093550e+01
-4.024576288655485001e+00
-1.304722242151761691e+00
3.235559190147111508e+01
-2.207664011280460414e+00
1.740286636852334468e+01
3.112007355411640219e+01
2.395053277170506334e+01
2.068574062545766523e+01
1.556030993429001086e+01
1.347126655278407625e+01
2.372823406204907926e+01
9.971679153290448738e+00
4.450806593034211289e+01
1.463828184583858949e+01
1.906232080874382007e+01
2.300193693237426373e+01
1.696733190656691903e+01
7.924796274553781217e+00
-2.904981715767168993e+01
2.756717362805571270e+01
2.013103358704688617e+01
3.672081648496987327e+01
3.717230255888830825e+00
4.034020154540582581e+01
1.639482689904829016e+01
-6.259080885048113885e-01
3.149528382307419605e+01
1.877977514646210011e+01
9.196664613229138752e+00
1.277080108698342364e+01
1.699978224207948685e+01
-4.300118652917387152e+00
6.703528061428148277e+00
1.426749176252321583e+01
1.296023502045226827e+01
1.195664109804524600e+01
2.382654509428727252e+00
-1.406188277069492187e+01
1.542667003425102479e+01
3.936189863678123402e+00
1.300737279627019838e+01
-4.729795646434137524e+00
-6.014318460871855621e+00
4.024770028126320653e+01
2.306039744775672418e+01
-3.440054376015747550e+01
1.272580265089192864e+01
2.209226801559027820e+01
1.543312941792980375e+01
2.305731126497045125e+01
1.788305396238371259e+00
-2.955192942555324720e+00
-1.530280745612448001e+01
-7.290242520662783221e+00
5.464205232154560221e+00
-1.867288243322256847e+00
-1.213907421810743870e+01
4.984054179147202035e+01
-1.804654470979105696e+01
-3.725783340894833628e+01
1.674379940039271375e+01
2.777696833426942291e+01
1.631563899615546376e+01
1.160073939388583852e+01
1.233347482213411794e+01
3.873054269535001026e+01
1.113706396385110153e+01
5.970188992194247035e+00
5.128526608044341017e+00
8.755409489735495043e+00
1.805533541403990938e+01
7.949362708488658669e+00
1.894303888146841786e+01
3.688329442226261534e+01
9.332675564455936268e+00
1.662152479014353190e+01
2.579728659141283131e+01
2.373488262362620915e+01
6.379139487079026338e-01
-1.895456220022097682e+00
1.838971165743787850e+01
-7.150592582026185084e+00
4.048313569953283775e+01
9.128340990332562299e+00
2.298577453865749121e+01
6.755433496737211385e+00
8.094516805376146706e+00
1.273257428816760850e+01
7.896520282451376715e+00
6.438999644021654589e+00
1.564251775188848725e+01
2.358149689972668028e+01
1.201564074043924535e+01
9.372811395478187535e+00
-4.197577624514657657e+00
1.038738321538030540e+01
-2.957789708346922453e+00
4.929097158620585617e-01
3.140395333576132586e+01
1.585608968177871070e+01
4.574334929865861454e+01
1.822611395330021367e+01
2.453251217002997819e+01
3.509365567007959896e+01
-3.839474159808496267e+00
1.758845168978346152e+01
2.347229952505971085e+01
3.714472638854034159e+01
3.810480896026345476e+01
2.783777114771671535e+01
1.017928395433287392e-01
-2.825877128597564791e+00
2.482937768897073028e+01
2.552717621311836282e+01
4.748729512372047878e+00
1.123172576795428590e+01
2.166583486993931729e+01
1.590190522125985595e+01
-3.624698262973424789e-01
1.078753935754366111e+01
-8.098908392229169806e+00
2.002304425735764326e+01
3.127565768640766919e+01
4.036726517877825415e+01
2.179640204393115255e+01
2.798864449776299068e+01
2.663419669108972343e+01
-5.071999759859355805e+00
6.189990495110267332e+00
-1.286118859402795067e+01
7.628996237851248452e+01
2.730033637122146217e+01
9.779281287860545291e+00
4.736894849146377595e+00
5.386869187962399508e+01
2.595334258650957082e+01
3.676886579320527915e+01
-2.569943779885056756e+01
8.686451612655005761e+00
-8.160077875583114349e+01
7.085683167934442395e+01
1.028357632898882770e+02
1.682377587661400398e+01
-3.463878263232913213e+01
7.912465289764712750e+00
2.635320070695269123e+01
-1.715193499956342293e+00
1.057788339372246433e+01
2.177786953439678541e+01
2.242790787257222718e+01
5.360516081141094702e+01
-1.365693183516005860e+01
1.698132045671623302e+01
2.481123315556862607e+01
2.953411736415369404e+01
2.287790160466677847e+01
3.159676550905692238e+01
2.207046898371087451e+01
-7.792027738184327035e+00
1.508305973178744530e+01
1.665256788540336430e+00
2.332585259660461574e+01
2.040067517868023472e+01
-1.731646640991606034e+00
-1.382204283903519837e+01
3.225252876048508455e+01
1.437531516658372155e+01
1.537410743071527364e+00
1.749103982654230549e+01
1.054367658657910312e+01
3.740049580340965463e+00
3.000203588345685546e+01
1.319537220034151837e+01
2.002779361181223550e+01
-3.513570260576479143e+00
2.108303360705504303e+01
1.647439257232498733e+00
1.221323931198895174e+01
3.418198464008494142e+01
1.644146852060817565e+00
1.893087983078592274e+01
7.020520889238518691e+00
1.243210245606172926e+01
1.043699923032407995e+01
8.674297393051325855e+00
2.638268136616705561e+01
1.089734592142480807e+01
1.930110561384289269e+01
1.470603812037396096e+01
2.208483903221956979e+01
2.995072271888428972e+01
2.798584933575367018e+01
2.162019972065406392e+01
2.746580796606591335e+01
1.533072126903804389e+01
5.136608404487298429e+01
2.314538384344829680e+01
4.266237039353273985e+01
1.891882667221510772e+01
1.798326173699222252e+01
1.530071166232933777e+01
3.159906926403471061e+01
4.425752227128130301e+01
3.935980998196331626e+00
2.140551434531023389e+01
-6.161883694638060405e+00
1.996189413888284037e+01
4.219363751496619841e+01
2.365331525624868902e+01
-1.688309712855117084e+01
2.824303449085801532e+01
-1.593783887677537336e+01
2.481070939317874746e+01
4.640900019124761400e+01
3.012405631519219185e+01
3.287636052968184686e+01
1.790441339821947864e+01
3.850593117634086582e+01
2.717305747109680780e+01
2.774471248780243116e+01
3.970969560032735757e+01
5.080609957172762137e+01
5.470481346521669508e+00
2.255728574077409121e+01
2.392186151418678008e+01
5.713330368339843091e+00
3.651047529709995842e+01
-5.048144283177009584e-01
-2.302135053308482782e+01
6.088216219966016141e+00
4.440503065591878595e+01
2.256756022124580241e+01
3.857894760797873346e+01
1.323256855252915543e+01
5.025804649530209645e+01
2.681832339623342421e+01
3.049482625152932513e+01
2.306307571652471111e+01
1.954343016643680997e+01
1.936195361302552342e+01
6.970926294333935402e+00
3.139412382426958459e+01
7.172635847177931012e+00
1.652061227353193473e+01
3.282927498712638226e+00
1.674155366100373854e+01
1.344385811095506256e+01
-3.015277734300170209e-01
-1.245684366174153723e+01
5.450111342958230409e+00
3.902780472902584563e+01
2.235819123182868395e+01
1.531807871496119056e+01
5.857519053092651973e+00
3.791026216401219529e+01
2.357285890063061373e+01
9.633872835064700269e+00
3.900364126295217204e+01
-3.888453583787214285e+00
4.548423794226764016e+00
-1.528208162882580012e+01
-2.185135975569600220e+01
-8.773583999257553501e+00
1.428981250990118923e+01
7.967757088635691431e+00
4.402448074823404767e+01
2.147361216732668510e+01
2.508244502483181648e+01
2.370319094035826168e+01
9.188339102224189148e+00
9.586933058867980861e+00
1.752400635749574320e+01
1.663676917807843836e+01
6.530829511481435645e+00
6.287204784636486465e-01
5.081032095802323312e+01
-2.606036852953366179e+00
2.915641583147272442e+01
2.184183556096984802e+01
2.519744958058947049e+01
5.244178450924252388e+00
2.385798235846358750e+00
2.971801237342702962e+01
2.515636391165819674e+01
2.996460128606193507e+01
-3.246534898021344873e-01
2.073459022425723219e+01
2.675633750686222712e+01
1.600819498109395056e+01
1.547852801967621161e+01
1.963436084339413412e+01
1.148209205399319011e+01
1.194176133622141123e+01
3.825141654809445413e+01
3.866962407203500618e+01
-3.634751862729213912e+00
2.467277388118066739e+01
9.538038182960438149e+00
1.821792052720850563e+01
1.068315755116028498e+01
3.266741230143737340e+01
-3.675585659729115662e+00
1.935308945244437595e+01
-6.456608224819538577e+01
-4.242591699334852251e+00
2.497651055235699147e+01
3.419434137223933590e+01
2.240242969846632803e+01
1.199123116863391658e+01
1.613347940363115285e+01
-2.762429354942067761e+00
1.210274071167494014e+01
3.555702689351685208e+00
8.510439000507359353e+00
-2.294421256520557506e+01
4.398967985817670723e+01
4.777061132984879777e+00
4.023480366317589585e+01
4.222744317293202698e+01
2.561797538462963431e+01
4.164991700448026535e+01
6.727333939536796947e+01
2.428495138918302843e+01
8.365117248301171315e+00
2.512815725823671897e+01
2.347425313801734248e+01
1.778369021350811607e+01
4.479166978146082556e+00
3.651029419579963076e+01
4.189640172286136277e+00
1.412262268905673324e+01
4.301911558939897162e+01
1.686698251506452451e+01
3.895032773072793475e+01
-8.935693515155612943e+00
2.822138232347992925e+01
1.674511249415509795e+01
1.396627770466178298e+01
4.412442946498082108e+01
2.671426968727838158e+01
2.279154074792307583e+01
1.996590735696921470e+01
2.348177440415363293e+01
7.334269904417530128e+00
7.301353060873776002e+00
1.379893987967960101e+01
3.711101650910578087e+01
4.194892486532825160e+01
1.380255310689754111e+01
1.481090116868070972e+01
2.075278403502863966e+01
4.438919838745384538e+01
3.572548803046919375e+01
2.806826671812972052e+01
2.840328628883039386e+01
2.053861259660259009e+01
3.460587303019736538e+01
5.019352083864821168e+01
1.428439785488164837e+01
1.847692515993390927e+01
-1.801392093657110394e+01
2.303268116659349474e+01
4.564323924015233302e+01
7.258703116163590607e+01
9.037414748737975856e+01
3.119685214357400227e+01
7.429955898155428429e+01
3.904621072884889088e+01
1.566536566565114086e+01
3.786487900357666803e+01
6.110687749041368733e+01
1.043182345806299871e+01
3.226993405259612757e-01
2.834652968204689927e+01
4.449653969487616223e+01
1.788257112452917852e+01
9.132984888151955261e+01
3.783547510976876538e+01
3.480702186591754810e+01
-1.322983192941639885e+01
4.230467010834948027e+00
3.530342396731683152e+01
-2.916566986051659427e+00
5.320390412530342061e+00
2.599670926183285502e+01
8.572666913295680757e+00
3.021096554148074986e+00
-9.040871474717807388e+00
1.617504841033948892e+01
5.152202042503240875e+00
1.064754819826519849e+01
3.327246862351358914e+01
3.140205009958865645e+01
4.924759804767825599e+00
2.037237610237536600e+01
9.167700303935925277e+00
1.845726116958079643e+01
3.398145228761743653e+01
5.598344202703154338e+01
1.857935823870473868e+01
1.295538311866211245e+01
1.339038686008201040e+01
1.166338283910728535e+01
3.631544458146633758e+01
-7.288789455407620466e+00
1.657538146464472817e+01
-4.584653133076500353e+00
2.910572531023177589e+00
7.943871099412481485e+00
8.040937574718583392e+00
9.081507090115692904e+00
1.581515530064653241e+01
-8.544951536575723594e+00
-5.658571314152357701e+00
1.654611110181756217e+01
1.617390763092805273e+00
6.615129490259436196e+00
6.611690287950899858e-02
-2.283187438402975999e+00
-3.819839646848084413e+00
1.900592813977896256e+01
5.400691781148898940e+01
1.182381346430311453e+00
2.855808871086155776e+01
3.724184210725372424e+00
7.623135869673194343e+00
7.419386730622468562e+00
2.473374619171482891e+01
2.830730170728360662e+01
1.202965930883402734e+01
2.483697699520359237e+00
1.461823315132623868e+01
2.211190885712985832e+00
3.007283668370581253e+01
-1.314214673761416563e+01
3.579473238420483483e+00
4.537034587880936698e+01
4.338854485426056229e+00
7.414216012608918049e+00
1.646637008957649684e+01
2.377444519524475908e+01
1.498817407825979586e+01
3.336379119159897755e+01
1.946501453980228646e+01
-8.082929668734369244e+00
1.196415220511590149e+01
-6.569212613043490023e+00
-8.008147940520327523e+00
1.289272509687990365e+01
3.730688305288096274e+01
1.278222651026966439e+01
-2.581443787590175276e+01
-5.614063432485671967e+00
-1.219072974293645473e+00
2.204940835591421333e+01
-1.408475370737599874e+01
2.131826525460455812e+01
1.688854986803529812e+01
-1.522785788631113846e+01
1.388080634293304705e+01
5.978018541559171339e+00
1.183365354607163766e+01
2.618471477478774290e+01
1.880736755674651661e+01
1.327614306327637550e+01
-7.822154514736336495e+00
4.790930293771155846e+01
1.446942785254807085e+01
3.307094900900029444e-01
1.279175774360608742e+01
2.474416712797172480e+01
1.081576819327625216e+01
4.319345103792386453e+00
-9.208705900649334808e+00
3.919002537451700618e+01
-5.871866973369446185e+00
2.138794373779644786e+01
-4.062294211251007425e+00
1.325346095279789260e+01
1.363592935140098561e+01
2.319520312668220896e+01
1.508682598648287332e+01
2.378888914982201896e+00
1.296745082559658613e+01
1.212541623471044616e+01
4.513834579967058858e+01
3.678838144913235908e+01
1.826093290039078099e+01
1.598105590888899386e+01
6.590102034507064666e+00
1.555420797059645110e+01
1.568578124080368674e+01
-9.187321727418726880e-01
3.353214043763596663e+01
2.506195345044007183e+01
1.154925434416645302e+00
5.322864982136600531e+00
5.522276680640038293e+00
9.438231697681109367e+00
1.482498150512253332e+01
1.166939619026398844e+01
1.684948994280189538e+01
-4.969879685819407200e-01
3.158685539076964943e+01
1.160928402748813859e+01
1.827742252721058946e+01
1.121407021322512065e+01
2.761896629152574079e+01
1.169207571312541738e+01
3.485630361047665104e+01
1.625132490252521222e+01
3.654507781791262744e+01
1.276741651158136115e+01
-4.700427790533662886e+00
2.153060656864053612e+01
1.583034895092623273e+01
7.176082323757224657e+00
1.917912100300890188e+01
2.157308862542264194e+01
2.124423607654213697e+01
1.117889139448041647e+01
1.543009672172129143e+01
4.747239301561940295e+00
2.326562004717427357e+01
2.020741971869678366e+01
2.082518208819414340e+01
2.330584217559930948e+01
1.053829784910179157e+01
-1.556998448449639483e+01
2.219432536453127724e+01
1.612127313014482510e+01
2.254654459102471620e+01
3.821897865098959812e+01
1.676010607337789793e+01
3.371450802577820482e+00
2.597097481160801280e+01
1.766661441527164556e+01
2.199518592210890233e+01
-2.247868955513876443e-01
2.434608285909686742e+01
2.198497383527116611e+01
2.895691115034781404e+01
-6.607190891503258001e+00
-8.303906846271093656e+00
9.565017493565871831e+00
3.602023555472175786e-01
2.444891238433026004e+01
2.854560807655285259e+01
3.178436400133697504e+01
2.420957845381096973e+01
1.232518332530144711e+01
3.362605035709087531e+01
2.018367768601696355e+01
4.779411786042132348e+00
1.346165216815211352e+01
1.896422891101690666e+01
1.130571520048529521e+01
4.230344961060712450e+00
3.049879845439486559e+01
8.039063177582297826e+00
1.185689360583744900e+01
2.774645147321020744e+01
6.128862515923604093e+00
1.938897503556110991e+01
2.304127741573143595e+01
-5.605468256098472324e+00
1.337638350519603669e+01
-1.047637586056948322e+01
1.462471246382307655e+01
3.051365760061589683e+01
2.646453918803889138e+01
4.190787246484763529e+01
6.316341807084935311e+00
2.883296104577679131e+01
1.610258642405656815e+01
1.089846877602091979e+01
2.501123426960104013e+01
4.011993089273353519e+01
5.564740352775652710e+00
3.496214661873129614e+01
1.080969522202182986e+01
-3.322284190825335770e+00
2.189133600592174389e+01
1.129861647067616737e+01
7.358306867352914615e+00
2.382091339689914378e+01
-1.924155272643524484e+00
1.366777946504727836e+01
5.915932948079998255e-01
4.385097008639175442e+01
1.397329028780641202e+01
1.451737362216935701e+01
2.220476641126444761e+01
2.945471761779811715e+01
1.261961456412861082e+01
2.592558664405951063e+00
2.035606965208075181e+01
1.578771916337159809e+01
-9.311269911979209724e-01
-5.206561123797943225e+00
2.311250665070921428e+01
1.545615785339930426e+01
2.084018281797811767e+01
1.280213567771174077e+01
1.515347727544798317e+01
3.647933086980528117e+01
2.016305001575103262e+01
2.171321772003690853e+01
1.054149859290032509e+01
1.682612177290567601e+01
5.257571688091712048e+00
3.108187841205681323e+01
2.034913561193523179e+01
7.355117433306944896e+00
2.467743287660146834e+00
1.909679982241861751e+01
2.846504331920406372e+01
-2.442870646165783199e+00
1.043553326565038120e+01
1.939005088013427880e+01
2.036472876719791714e+00
1.381057426541211974e+01
1.166117231785050379e+01
1.500931717348562877e+01
2.320778935763426531e+01
1.232618007488771461e+01
1.186058447284304229e+01
1.727450700745862733e+01
6.013332985102017858e+00
3.011518382659154369e+01
3.904853516262960511e+00
1.926532664194937539e+01
4.434223075038225659e+00
3.125190307363091335e+01
1.851846401149154886e+01
-6.791310339613882974e-01
1.037469755413918193e+01
6.479875292875957093e+00
1.634136076783171987e+01
1.218011022165330459e+01
2.270207273433664596e+01
4.584192925564754972e+01
2.143589573559795980e+01
1.505836466006310914e+01
1.755362875907784215e+01
-1.501973323526020110e+01
3.972037697105506027e+00
3.622164532252925895e+00
1.177079093244663710e+01
1.054637248035320241e+01
1.037430268777623787e+01
2.903831103992980545e+01
-2.052093436875413346e+00
2.652791206515772160e+01
2.373759568976300827e+01
2.285180297464350474e+01
4.265687227333309295e+01
1.340561702938585853e+01
2.951114395249672384e+01
3.781139680185302154e+01
1.915514053049215093e+01
6.376218228273993205e+00
2.367908110617948481e+01
2.181452741275476370e+01
1.282719870083210978e+01
8.793182309063782398e+00
1.814017417670507015e+01
7.285035171501643703e-01
-1.581317362155096617e+01
-4.888265838534864116e+01
-3.441919976987719565e+00
5.899174674675058583e+01
-1.532044137557003438e+01
9.212136131959354657e+00
2.926812134497541962e+01
2.691292032413840474e+01
2.856239529405142008e+01
1.117584847086394184e+01
2.150566552372801254e+01
3.506235512905421103e+01
9.576912619182916586e+00
1.893923118698084096e+01
2.653731988740590708e+01
1.692919686050713679e+01
1.387011231359544716e+01
1.001569264683623572e+01
-2.823251825019728045e+00
2.111443778337490329e+01
1.468696870049081937e+01
2.063120472493874047e+01
2.198644065312851836e+01
1.021642939469011679e+01
1.792829747440072552e+01
1.700780763739726353e+01
1.756833326336680656e+01
2.328283263307472595e+00
2.313167805015392631e+01
1.509614585701759282e+01
2.366160476840211047e+01
1.120545531161296715e+01
3.756408538873694170e+01
2.253443994366179481e+01
-7.644935983080820563e-01
2.394315487844137991e+01
1.868134065749540440e+01
1.046020481443607864e+01
7.205337883549332467e+00
1.187108815876807810e+01
1.413028221154701214e+01
1.871685565540845886e+01
1.899037357268117887e+01
9.277726655463759187e+00
1.059578042729603808e+01
3.294577675859375177e+01
8.667868998147227444e+00
1.307271911898132366e+01
1.610209412093089654e+01
1.675630403004697300e+01
2.077673440887261691e+01
3.253147108440347779e+01
1.265225183866340330e+01
1.324131343259961469e+01
9.023515859356265878e+00
1.062024349559131942e+01
2.267983369323042098e+01
1.021537988713051881e+01
1.063304060071868662e+01
1.225001513973104039e+01
1.345739571156693692e+01
2.247216520031435394e+01
2.380770027720121007e+01
2.494107596275630812e+01
1.733008556099578357e+01
7.875875416621741287e+00
1.762418435735813915e+01
2.892697310744568284e+01
2.680632253073430604e+01
2.244674693699030144e+01
6.039165665623636770e+00
7.625790426232772035e+00
3.092343744286671381e+01
1.278208602239806879e+01
8.095167479870173821e+00
5.662047381709674809e+00
2.739688289604875848e+01
3.377791972392897435e+01
8.494302547894285738e+00
4.769484200627347903e+00
3.959319953034774642e+01
3.398414166408404924e+01
2.350192798495961810e+01
1.489417188757616906e+01
1.000120945558892416e+01
1.461548984930251827e+01
2.407775998036915865e+01
9.394399212053087922e+00
2.214095520243383675e+01
5.607820500776956152e+00
1.868076726161321943e+01
9.904718384943095089e+00
1.535296243001780070e+01
3.075675212336824416e+01
1.983098600773830711e+01
2.371018880107667570e+01
1.990115460945949266e+01
3.520377336206859553e+00
1.206073056745262839e+01
1.044669945665526711e+01
4.886990317030988962e+00
1.077004781530266087e+01
2.823749487421185478e-01
-7.457913084241234003e+00
3.067129911723082358e+01
1.860815507304592842e+01
1.022478664704427764e+01
2.161336772520361649e+01
-2.041242346818121334e+00
3.236781055654186900e+01
1.675991310615812679e+01
1.289940493946754607e+01
1.167129004705386208e+01
2.587023613470377370e+01
1.627641823707123336e+01
2.551111175370280648e+01
2.615854674763670928e+01
1.223184506398046523e+01
-4.065261230758999034e+00
3.377960920107619813e+01
1.730276802712217332e+01
3.045175106716005331e+00
1.156196682891189198e+01
3.274466211166335228e+01
8.238539947562387056e+00
6.340949510891680241e+00
7.360057323317946931e+00
1.490049631983973200e+01
1.133058108651531448e+01
1.876649450039561629e+01
1.358074376052670829e+01
5.693827858979165768e-01
1.936845206567917543e+01
2.741035412875309163e+01
1.854154871734801446e+01
1.705708724605025850e+01
1.851462237452491166e+00
9.043196969483993541e+00
3.099529255174527265e+01
1.202433608051036629e+01
3.500494000051041610e+01
2.002991984470349607e+01
1.301027158638445869e+01
1.940842043681581686e+01
2.417319357388946344e+01
-5.461924161833678681e+00
1.330002427565263545e+00
2.246960382462599881e+01
5.778086374203221354e+00
6.124285777015730403e+00
1.659411677590139433e+01
5.005418251717963329e+01
1.918163742256396631e+01
1.987629385141672600e+01
-1.452568524903499636e+00
1.604987249450772424e+01
2.603538389353362703e+01
-3.982974756863843169e+00
-6.038256307031844017e-01
1.403702814779350661e+01
2.195037389508316394e+00
1.005874204994634979e+01
2.033558293535114103e+01
3.055116491624529473e+01
2.397714757642309991e+01
1.435988300306313015e+01
5.848607202706510577e+00
1.122005909188887252e+01
9.265474175658527045e+00
-6.032186798018965845e+00
9.082079779147433030e+00
-1.646157953130753171e+01
-4.360968294321931893e+00
1.183338165832962474e+01
1.861743490378605514e+01
1.285396757151396407e+01
2.195424121500351333e+01
1.188129580414853237e+01
-4.966555815288273834e+00
1.226295125347766124e+01
9.829457324272400598e+00
1.860286983815199591e+01
2.260419644233012093e+01
1.476369884075784711e+01
2.828768926864861299e+01
1.125019543873410477e+01
2.359135095726888665e+01
9.936867555058093160e+00
1.837251688316696985e+01
8.370487796961175064e+00
7.653250866064663427e+00
2.113384501682689987e+01
1.634830529849350000e+01
1.779710205177934768e+00
1.108186302040716598e+01
1.850070378486409339e+01
1.030860295121513914e+01
1.744714007543078793e+01
4.535515286881373953e+00
7.644149957510508742e+00
8.362412022709566628e+00
6.291078996527629030e+00
8.031624479379297910e+00
7.264243206414313647e-01
1.048441765835721640e+01
1.933867366232128404e+00
3.243691507017351228e+01
1.873758459171448010e+01
8.979295772921215502e+00
2.905114484429229549e+01
1.193543546004191214e+01
1.274119775392057008e+00
2.500723810140146242e+01
1.733469154096047049e+01
3.657453173252495304e+00
1.233779118548360820e+01
1.236770635296304377e+01
1.712539066659751796e+01
1.967554869362102110e+01
-1.288389986873816895e+00
1.580131430294954953e+01
9.974900955793717827e+00
8.103711929495528210e+00
1.402279935350685847e+00
1.329104259616317840e+01
9.570973738889307469e+00
9.598522898517636293e-02
1.232281868606986741e+01
1.039209671910711208e+01
2.394255281682516312e+01
2.262612733004321797e+01
2.327964456232286494e+01
1.700627832278225426e+01
2.929461748744111915e+00
2.116319064244783021e+01
1.874679777946695935e+01
1.525645195199381199e+01
1.731696412034935406e-01
9.678993504906316048e+00
7.532881662138577461e+00
1.960604838903388725e+01
-1.070056277089577179e-01
-1.413539809902209043e+01
1.498106731848531226e+01
1.903405141174719262e+01
1.301956141458167338e+01
9.439883741708859688e+00
1.251050367909352801e+01
1.190822289110987242e+01
-1.419220444463139330e+00
8.881482795075033465e+00
1.814245737470267272e+01
3.337626563091085075e+01
1.266726180224557297e+00
2.996034964050138427e+01
5.701326591485624817e+00
1.704450304661689586e+01
1.129605717396959008e+01
7.358255858504314517e-01
3.344363484923154317e+01
1.535224662461455836e+01
1.478258027986635170e+01
2.075906010568894899e+01
7.069259449406356310e+00
1.824618958641656974e+01
1.004675745598449588e+01
4.608432387093017724e+00
2.231356103865610407e+01
-1.304496211432404351e+00
2.308256853675800357e+01
3.797856707407595422e+01
2.159098472990467243e+01
-3.855917930100357438e+00
-8.622494462099812296e+00
1.193534131506973317e+01
1.466057234080505367e+01
1.935297098634234914e+01
1.417776637230265813e+01
2.713381284014587891e+01
2.106845484449117478e+01
-7.179937328256038143e+00
2.346644586695141754e+01
2.836860830580111781e+01
7.806603154099176933e+00
4.329319922192652825e+00
2.136429225974202595e+00
1.344737130459219365e+01
1.452811494376555679e+01
1.587541330024873254e+01
2.755900376312423461e+00
2.718799742788131368e+01
1.434016683229650546e+01
1.068726296267907827e-01
5.698158763863194309e+00
2.687543762590349772e+00
1.392351128688379092e+01
8.959894989178591729e+00
1.044698032720691927e+01
2.311594110594756302e+01
1.975793946160742109e+01
6.216563181639581437e+00
1.970566906989868983e+01
1.481497973112038302e+01
8.775282952997720542e+00
2.126561509745366862e+01
6.692191983915746434e+00
-3.184891915126897288e-02
1.292171368751741412e+01
-2.955789806804382636e+00
3.320967760193843077e+01
8.654059325496568533e+00
1.652405753753647133e+01
-5.150432384364194149e-01
1.796744063629757804e+00
5.357260916352087676e+00
1.850981796200731822e+01
1.124432696081598770e+01
2.864095670093206536e+01
1.188305822192180372e+01
4.495412613367303578e+00
2.249832642191422138e+01
1.297586213515476317e+01
2.046134739668584501e+01
2.758796945476326812e+00
6.959156457013794927e+00
2.287752524278094057e+01
1.747699151259642036e+00
2.391116898075535602e+01
2.400226705768072577e+01
1.412007779302119737e+01
2.069052320127260103e+01
4.735412403161731731e-01
1.447845546127115313e+01
-4.827141021929818976e+00
1.150790306285317754e+01
1.247185850489095671e+01
4.611341776197185993e+01
7.385672602355055183e+00
2.154926468104910242e+01
5.372331028448366297e+00
1.523545753225434396e+00
2.016292998529714708e+01
2.117459952282007407e+01
2.161849708981235452e+01
3.135499142480001566e+01
1.386164391530267181e+01
-4.815134072187586156e+00
2.364855555405174314e+01
1.108339056735913886e+01
5.678190640491216357e+00
2.365603220353037273e+01
1.502436768952706281e+01
9.661213114364176846e+00
1.249344211574823049e+01
6.334547003683210775e+00
-1.365264284390779181e+00
5.400744231519503558e+00
2.130016587993076982e+01
2.408362920233430060e+01
1.260190053734492288e+01
1.603112908925284685e+01
-9.662085778057587504e+00
2.536994611563447322e+01
1.956484357950356667e+01
1.492976578852370650e+01
-5.506781354865868394e+00
1.546843685536699731e+01
3.103057622584798381e+01
8.573896060249499129e+00
3.273337145314057040e+01
1.912496664635424537e+01
1.224136471159891393e+01
4.653498401009483132e+01
1.092953957500744089e+01
-1.033429297436885363e+01
1.491193392119046024e+01
-1.550769223422957310e+00
8.809642133588214463e+00
2.410222553744307561e+01
1.906272381610309097e+01
1.583620534784719780e+01
5.869157915024548089e+00
9.254117263996654685e+00
9.588331991583686431e+00
1.413535096507278865e+01
1.859836947529069917e+01
4.027098353099100692e+00
1.645870102023350512e+01
4.587912489008722616e+00
1.611665824047831919e+01
1.313635968758145367e+00
-5.035673119127714870e+00
4.286891320954143936e+00
1.126026399124861399e+01
4.297260226081274226e+01
2.425664836403304747e+01
2.004947389085515042e+01
1.480508388048736634e+01
4.303920101620930083e+00
1.837023554891039367e+01
1.339733295156363191e+01
9.979626364406135153e+00
1.864224724883023043e+01
1.266478123578486858e+01
7.708203548705156116e+00
1.457291325326207421e+01
3.041897719807015932e+01
4.976051625014687119e+00
-3.634209059843502843e-01
1.233824907332856924e+01
3.910826064398024826e+00
2.503101259178140836e+01
8.027165578702323501e+00
7.022156429229989172e+00
1.442121040623434780e+01
-2.638199548742463207e+00
1.333399810982093037e+01
1.821916597006069694e+01
1.585915195549985235e+01
1.543411894604088808e+01
7.372748378724435447e+00
3.200948771282322269e+01
1.543379965009850352e+01
2.208831306781589277e+01
8.040642605508548257e+00
3.714011098127588184e+01
2.070150069599098686e+01
-4.435321832151931432e+00
5.140431461720945450e+00
2.065442584595762554e+01
2.655692872798955761e+01
-5.977867801438740969e-02
2.187712982278500817e+01
1.172545149045999935e+01
1.131784528504642395e+00
3.039745311429503261e+01
6.248934482406280466e+00
1.271673642650885050e+01
7.931873069307747492e+00
-1.046294911003226247e+00
-2.568404611505044954e+00
9.171147809885358271e+00
1.778291922057818653e+01
-9.372049899181945420e+00
1.482152622359924976e+01
8.561901253918367871e+00
-2.873056156393271721e+00
2.381438402759924600e+01
1.400717620782840456e+01
1.164982936806224956e+01
1.116113027122202439e+01
1.431595625440064978e+01
3.406815022590895126e+01
1.014616526564897470e+01
1.932671809056525802e+01
1.628814648007600496e+01
1.349268312568182004e+01
1.336642919579723632e+01
5.434963216115370699e+00
9.493717085647798370e+00
1.669698772961442401e+01
3.467283198500717845e+01
5.866393306954680753e+00
1.601910080036438444e+01
3.837818797180792885e+00
1.153746970510716885e+01
1.991814196457235298e+01
1.959691467145288257e+01
2.803120872072691228e+00
-1.333014893108105881e+01
2.054194958370469948e+01
6.268573600597298068e+00
1.568459423142646614e+01
2.374310547227634771e+01
-1.133895189874940002e+01
1.743416958163318498e+01
1.619776049752009683e+01
5.319226234274756493e+00
1.828526920782866938e+01
7.941517201601174136e+00
2.484912414194111818e+01
1.848935099548710070e+01
2.202499106755611535e+01
2.046652231825294166e+01
1.283192257442896178e+01
1.019178230741580649e+00
-2.023640043221682561e+00
1.894872253352073699e+01
2.421704646010809370e-01
-2.170391240696601187e+01
1.045795816433715686e+01
2.042921155541859335e+01
2.258309382946958266e+01
-1.664848405913406992e+00
1.533448092628354686e+00
8.924892416851918142e+00
-2.951826011714265618e+00
8.449722267343654281e+00
3.202806309958810971e+01
4.991201083394853022e+00
6.308476516246660282e+00
2.155379249462997393e+01
1.728548959485654990e+01
1.357747280334171691e+01
1.010702607764542194e+01
1.354070761665291656e+01
2.094199739698867191e+00
1.986320277082115737e+01
3.842636645372636650e+01
1.756329608472140080e+01
1.256215560665954989e+01
2.468032401427720401e+01
-9.467135170965548241e-01
3.194049397188525319e+01
1.890794375052415077e+01
1.117249130687784309e+01
2.097211601257562208e+01
1.814389851780941854e+01
2.716281438426069883e+01
1.475701309206300493e+01
3.036950747429503039e+01
1.176329051733449127e+01
1.402733663052008595e+01
1.537922629340538094e+01
1.414329468738578832e+01
1.404409402239982363e+01
1.294800474642210020e+01
2.684661753531744566e+01
1.470743801383180660e+01
4.746855078423561025e+00
7.407036182347725095e+00
2.794065814311232288e+01
2.623192769353261866e+01
-3.373427899402656749e-01
3.085304224622950642e+01
9.461419783127752225e+00
-1.626640447084483299e+00
1.719249812209063322e+01
8.493059945637320141e+00
1.783043515546903279e+01
2.173685721364576295e+01
4.204795563151925819e+00
2.870763448315671695e+01
1.664198037950465547e+01
5.624345623729768207e+00
5.623391761681855172e+00
1.073134399527752336e+01
3.206470869403702295e+01
1.320489967519429975e+01
1.864714043794553788e+01
2.423052196325388152e+01
4.771533514967138956e-01
6.257193915755149938e+00
1.230835776279798566e+00
1.129628410763841728e+01
1.600333073247715276e+01
2.137438711740816188e+01
1.557081873201984301e+01
2.657134593590128446e+01
3.282524540141846359e+00
1.544278262981957184e+01
2.009155873511106449e+01
2.673336286120187566e+01
1.028836068602321774e+01
1.848583404120707741e+01
2.451836719964422429e+01
6.477594730457868266e+00
1.740514717966805947e+01
2.574086707720928402e+00
1.247864415755575607e+00
3.599123736027366505e+01
8.840735416820475479e+00
1.790076986216320165e+01
3.136181970351370296e+01
1.473702004976085789e+01
6.366454685893945253e-01
2.058608884583295406e+01
1.317132074688949928e+01
4.442292198842378070e+01
1.311739496673962080e+01
1.481901694597908303e+01
1.637279841419854520e+01
2.406527788956377023e+01
5.095109483291675900e+00
6.599538312448622435e+00
3.098605551565051641e+01
1.404810157912533697e+01
1.258271997075898341e+01
1.817923863143999341e+01
1.575569294662904696e+01
1.357706948404998393e+01
5.530686982057671841e+00
1.969040493861952967e+01
1.341775998374993506e+00
1.618061168855111021e+01
2.106333103806329632e+01
-2.809483128261190288e+00
8.632519998827838492e+00
4.155044506891032441e+00
8.909633018767673107e+00
1.200333479506027956e+01
2.167646450079856280e+01
7.502646984664155028e+00
9.629551734068950708e+00
4.602305787341992271e+01
1.589248661816245978e+01
-2.018656031130429795e+00
1.293764428722432136e+01
7.202841613215460903e+00
3.504821420370586083e+01
6.568276434862757363e+00
9.158570353818003440e+00
1.800020682341092737e+01
3.734727964028154545e+00
4.520637926772973714e+01
8.913711592922176408e+00
1.082021008564347220e+01
8.293087649420982643e+00
3.413191154639497071e+00
7.660073455178546098e+00
7.495711171717033494e+00
3.260621159791780244e+00
2.783360795444146163e+00
1.801695290897900392e+01
3.180013773062741933e+01
2.804441888392864612e+01
-1.269473649072732968e+01
2.105037326719342161e+01
1.570777663718169492e+01
1.086360994830671167e+01
1.410101103209068185e+01
4.648060598326472359e+01
1.569552659955665597e+01
1.264351711269594603e+01
-2.339624563427557646e+00
5.297729028162230236e-01
3.637805668608046972e+01
7.506274276437408410e+00
4.057230838648759175e+01
-4.030823365547917092e+00
-2.320282219343702934e+00
-7.323092557155277404e+00
1.192353079998857623e+01
6.093781004900411524e+00
6.188875688127009944e+00
-4.535196899562610184e+00
2.710551957705577664e+00
1.108681042441044262e+01
4.693635451051667573e+00
-6.542785910033117602e+00
1.657167461193106206e+01
1.823102393996480330e+00
4.925527146604266271e+00
1.069528419335909852e+01
1.246124095730743164e+01
1.217152918168584996e+01
2.121793574862407894e+01
-1.334423830098917918e+01
-4.053512216463154516e+00
1.454062184886138454e+01
7.369949975123838648e+00
9.060837690654157228e+00
2.785324206568805039e+01
1.294395665036745058e+01
-9.975313273475354237e+00
-2.887938397436571591e+01
1.773759369130445407e+00
8.464681044081048711e+00
6.345189290196683984e+00
2.665850483049850794e+01
2.937948735045379323e+01
1.706489360741371542e+01
-9.625649532132868558e+00
2.656484968945128955e+01
-1.010531706011837727e+00
1.568853934611561307e+01
2.228731869427154066e+01
2.929971242320847580e+01
2.691456362024522164e+01
5.638609862485346014e+00
-5.113328378339492275e-01
-1.823640509556295086e+00
-2.396895813722917268e+00
1.565013916037742092e+01
2.610714119748752182e+01
2.355386262186311086e+01
1.898248843126940244e+01
1.615659928268899392e+01
1.520288297420009016e+01
-7.391465165098598078e+00
2.204151461722497274e+01
1.404039037573839011e+01
1.783914888145920585e+01
1.271063969166932495e+01
1.745143505792632155e+01
3.930263543159254169e+01
1.431730855887058595e+01
8.969992552115078510e+00
2.078039453800676384e+01
4.818339958953414381e+00
1.901128822384978889e+01
3.862793812231337398e+01
-1.047472773097863197e+01
2.718044264296524304e+01
9.212020534366526903e+00
5.481594254364156171e+01
3.790356676361240318e+01
2.569222152202693010e+00
2.082618638395936372e+01
8.162194629510047150e+00
-4.982249605621191790e-01
4.196338459854525382e+01
2.375562079094687817e+01
8.981308690787699334e+00
2.021465210140576829e+01
2.310074865191933213e+01
4.207076387615213520e+00
2.354785026054995711e+01
2.044512003613848350e+01
1.519860949018150897e+01
-2.015783850816933409e+01
4.788051686107447580e+00
1.079109431522677554e+01
2.094287773610525605e+01
1.291410228101058166e+01
2.843135973005380279e+01
4.469044440540021412e+01
1.414624951096368477e+01
3.426609402594156251e+01
5.156474795301244640e+00
4.518547623638480815e+01
1.720988509230785724e+01
2.213958539942726134e+01
2.684753669153761280e+01
1.502534395157265479e+01
2.673254591529971691e+01
3.323080154568584277e+01
1.748848525207917604e+01
4.352649598653259488e+01
2.292040182067761123e+01
3.255533438463343998e+01
2.313412836784149107e+01
-1.673501775298822025e+01
2.048389825871000625e+01
1.912888782730201243e+01
3.358458938181296105e+01
2.169238087894564515e+01
2.531385631823619420e+01
1.540220109216897271e+01
-1.009258571538365601e+01
1.684423869771613269e+01
1.526492426106690203e+01
2.491396612034998981e+01
6.623447912648110503e-01
2.910382081201640503e+01
2.459890712165854865e+01
1.229631901235570979e+01
-9.495584678624240382e-01
1.563493455896838924e+01
2.164265870371820810e+01
2.990492253196731554e+01
2.718801934328449832e+01
2.761483462936820743e+01
3.113731236674010461e+01
4.308704332413617522e+01
4.957486485272059440e+01
1.486487061373957985e+01
2.686630991960405623e+01
2.046200879993237720e+01
2.025273601372636278e+01
1.608945859540783729e+01
1.127344309752037432e+01
2.900778806940285293e+01
2.520700342733476162e+01
-9.284250964031674158e+00
8.919328099709353808e-01
2.453179035381449680e+01
3.851424174541855905e+01
3.611011662684790480e+01
2.176242131772956867e+01
2.559118197554828456e+01
2.587811227481279985e+01
2.858281493189591771e+01
1.793734021403995271e+01
1.642953596109299497e+01
-4.428461180772789163e+00
3.378513059686969910e+00
2.919563106546240761e+01
1.627104587101451116e+01
1.808404118752699219e+01
-3.680087092303132579e+00
1.467714554992948273e+01
2.148950991035431812e+01
2.436283942891854792e+01
1.921165581222527052e+01
4.085064938129950463e+01
2.495596382354555232e+01
3.836669459537520765e+01
3.409093243334769596e+00
-1.850225025220304786e+01
1.004979051094527520e+01
3.775688301581723749e+00
2.952042061378062954e+01
4.187646940632788528e+01
2.402860601437613752e+01
3.289690157851061514e+01
1.126524957772300439e+01
-1.763845630407423215e+01
2.090748426307852981e+01
4.048504026863613348e+01
1.268938143264959351e+01
1.747845284089201456e+01
7.195888539535088668e+00
-1.216907626593312841e+01
1.077249068658084674e+01
3.143658479401603500e+01
3.191028898469036790e+01
2.161823016660625996e+01
5.921326003461730636e+01
3.220654002561915519e+01
3.983364815012759408e+01
3.215545485273772641e+01
2.809567929826348376e+01
5.896546968085491613e+01
8.796169958679520562e-01
-1.595712279392003552e+01
8.583738597063897302e+00
1.568161764701982186e+01
1.196559967420559012e+01
7.649081552231879755e+01
1.379749426033923143e+01
1.697790850577486310e+01
1.983227796907185336e+01
2.638360847780516494e+01
5.140695978781781150e+01
2.153227165513103003e+01
1.812362427649882335e+01
3.537487819101600905e+01
2.741042511839279427e+01
4.928559175083455557e+01
8.092590521802884851e+00
1.322129413026046940e+01
1.950269957566246148e+01
5.584884010908051977e+01
2.614930715012258489e+01
2.418519346376051971e+01
5.959474101254533451e+01
3.669705378446472821e+01
1.483307297937353653e+01
1.232682223612815697e+01
7.092550060243031140e+00
3.970550159225490461e+01
2.249006340670992543e+01
2.873463286764601676e+01
2.313069835705004351e+01
1.294964592203014853e+01
1.864827038530409453e+01
3.515705744121025589e+01
3.990216262879036435e+01
2.263780140987099543e+01
2.566740031966970648e+01
7.612629365040106677e+00
2.441773719968804102e+01
2.948237797948282690e+01
3.487881611304536023e+01
3.368195561153293482e+01
9.869939198335114128e+00
3.369288278959472649e+01
2.146619494578810361e+01
2.987203500484759289e+01
3.311595480125551916e+01
2.326157139323550993e+01
3.206047249221313677e+01
4.145890702625784741e+01
2.130393151129388229e+01
4.442422252294066709e+01
1.331246925332466624e+01
1.298813620189872964e+01
6.309756839235370762e+01
1.156742763140182717e+01
4.323472793342409659e+01
6.555732442226047851e+01
3.025522109661273262e+01
5.736025926980070722e+01
5.308578623724020673e+01
-4.581353214864513745e+00
2.538879976356382429e+01
1.419146603666142958e+01
5.485137905523587420e+01
2.162206533510493500e+01
3.312205706993900378e+01
4.053095833842320417e+01
6.947726473968472760e+00
3.029946761296119462e+01
1.210795816659060620e+01
2.046024925483129309e+01
1.788135020843428080e+01
2.876065728930041132e+01
7.549259302705896957e+00
3.894881554495803044e+01
-2.865534286321821611e+00
-1.430693934510708942e+01
-5.571735602199012760e-01
1.442671826616970243e+01
9.327070449011216624e+00
3.329897642202301711e+01
4.145615450206884134e+01
8.830662341723755304e+00
2.372328460642111025e+01
2.848416556126319676e+01
2.887833098446677127e-01
2.036291327864286060e+01
3.890869563224371319e+01
1.284140768375304908e+01
1.904663026339293097e+01
3.222656956981926157e+01
1.925077766624857034e+01
2.995187542780561429e+01
1.951384721244711784e+01
1.968832421997866433e+01
1.514853613377689712e+01
-2.074432050051416354e+01
2.621301617919034044e+01
3.572822485873596321e+01
2.314907259744157741e+01
6.905017563814024584e+01
2.787850316574492737e+01
3.543857584927793170e+01
2.999214293353633565e+01
8.815170688179666314e+00
2.276745033742531277e+01
1.064119117761713085e+01
2.084768459858682021e+01
5.037693697774808754e+01
1.121088402117515770e+01
1.426272891820916655e+01
2.868763668691756052e+01
2.166174853015292001e+01
2.016101543348247915e+01
3.873560121798763589e+01
3.124103853657761221e+01
1.877360660059609998e+01
2.398964237548817380e+00
3.019932859102682698e+01
3.465708842117202693e+01
2.546576549592531080e+01
3.219609254800298714e+01
1.948887182241652383e+01
4.387865595168620558e+01
2.856186753153550839e+01
2.153530748027169750e+01
2.284047485252307652e+01
3.505473859658445690e+01
9.745506399140266396e+00
3.513878144736977305e+01
2.293587285028092637e+01
-1.437940827406194444e+00
4.907274701867524414e+01
-6.205725363930358895e+00
-2.227153813241735492e+01
4.535353965390129360e+01
-1.656633752758956746e+00
4.020752756875050693e+01
2.366320551694547447e+01
6.113808982676525616e+00
1.125121020126867677e+01
7.917720153972481967e+00
1.602638956477114363e+01
2.442377191006354309e+01
3.936502370793842687e+00
2.858571985691159512e+01
3.865411102246935826e+01
2.088080607999275173e+01
3.573069820708336408e+01
2.953312686770537354e+01
1.951524851203398114e+01
2.827140217796210209e+01
2.322318923883272035e+01
4.304947913347432831e+01
2.647711188628242951e+00
1.767545034181150854e+01
4.560784445257566233e+01
4.142636032312132244e+01
7.923614914647451712e+00
2.497237482076944914e+01
2.433914651456079525e+01
9.457315024847396501e+00
1.504080989975871674e+01
8.532059798676078444e+00
2.213360124412364627e+01
-3.924836447037627352e-01
-3.687491853259916752e+01
3.590274782594458713e+01
-1.525139326982975163e+01
1.878865023071131546e+01
3.769233806265653186e+01
1.895814943793461538e+01
3.183197062229893248e+01
2.336297207419240962e+00
8.263563021692785782e+00
1.245506682313230584e+00
3.717901491386749058e+01
4.686525430807783721e+01
2.952593761598269495e+01
1.474791486957915154e+01
1.738217262801626362e+01
1.585387139799368938e+01
2.736666618647046434e+01
2.908848105475000878e+01
9.771519056068877163e+00
-6.719345214481990070e+00
1.457101086554396652e+01
2.238037573276561432e+01
1.974413226774148455e+01
1.918804464816502886e+01
4.078573229084609864e+01
-5.763731134514550547e+00
1.508629740403922348e+01
5.117863493946739339e-01
3.385200940525885471e+01
4.567867829174563354e+01
3.381190139357058655e+01
4.744401836692921037e+00
2.830929480401317733e+01
2.691597873821284992e+01
1.167538486163788036e+01
2.072574047759795945e+01
-1.400784153617941996e+01
3.973299494241100405e+00
4.778077408686218774e+00
-1.882348244286002625e+01
1.065330181011982802e+01
7.651800454474440016e-01
-1.445596180195621372e+01
-1.897330112149499826e+01
3.746394630818093674e+01
2.249276413852072665e+01
4.246264245907721602e+01
1.536963967014557397e+01
2.881285025328158866e+01
8.194448365261550293e+00
2.994937244858985537e+01
9.571770344894350302e+00
1.793145247097144335e+01
1.795372894007376985e+01
-1.302634994372528610e+00
7.429747250701453254e+00
2.118644037665310265e+01
1.222249501607571709e+01
-4.372498615719756287e+00
1.291509312280330768e+01
5.555327204363635474e+01
1.920064127341404259e+01
5.253545071795807075e+01
3.415013675780370761e+01
9.846898810306644378e+00
1.155180300638586566e+01
1.336208126111034566e+01
1.807478691321759712e+01
1.914407688778803518e+00
2.477187812357649221e+01
2.982053263817324051e+00
4.996386265854891207e+00
4.327019206060496614e+00
3.297515376279444865e+01
2.741209035344806466e+01
3.313550354837558132e+01
1.587099642473418015e+01
2.213641077150757042e+01
3.760007918299518792e+01
1.632485593930889678e+01
3.230865796029259229e+01
3.706366501461447172e+01
4.143051567431239590e+01
3.417167095423078393e+00
1.537595541734729032e+01
-1.061538640081484886e+01
3.643327075763918899e+00
-7.445365759923401328e-01
9.151851702553827295e+00
1.239921513488427784e+01
-4.866907979687105978e+00
1.956293981524910919e+01
2.024567819545761083e+01
-8.461684100492036009e+00
2.724265954735346895e+01
6.454275435774869507e+00
1.703346487611601390e+01
2.629596438950871828e+01
-1.045912769353897787e+01
6.850697654575675699e+00
1.145736445109313451e+01
4.371898827858197834e+00
2.964305823338224144e+01
4.509645386355067842e+00
1.697488917417841847e+01
2.090103955368373079e+01
1.941057445331614417e+01
6.091172271487534040e+00
3.075958277891775339e+01
9.395682648760177003e+00
9.639241664900593420e+00
1.287480629328304893e+01
3.304426096439122773e+01
3.535767117478110677e+00
-1.173446745763420651e+01
3.037053837317074922e+01
1.194590297589441441e+01
2.259926912728381865e+00
5.851035121591757537e+00
6.600145785182626845e+00
-9.983940089402988605e+00
9.519724580492310295e+00
2.988254352522274360e+01
-1.273846911978007768e+01
1.328742087015361761e+01
1.098906467891316652e+01
3.914363327402710979e+01
4.782209879721831314e+00
1.400143534418153024e+01
3.364392422509884284e+01
2.624789879608149334e+01
2.729495990545000694e+01
1.518359647974867954e+01
1.230403138151177522e+01
1.703707882026369802e+01
2.669490905572263273e+01
2.929453230241962558e+01
1.988281486081670124e+01
-8.609410295901099630e+00
2.331458317251188816e+01
1.475139794076873123e+01
1.289591463378021174e+01
2.024623739986370197e+01
6.100311861944523351e+00
1.839995263002255399e+01
2.450745215807905097e+01
1.356989588611493325e+01
2.195696201444182805e+01
2.265319339636112517e+01
3.024846889373301906e+01
4.246893566451556978e+01
9.857221306909352165e+00
1.967430169632964976e+01
1.058146018753799389e+01
2.895496859090475184e+01
1.141776383422904217e+01
1.586137944117117726e+01
2.304782653329297304e+01
2.296385915379187281e+01
1.165871993040173393e+01
8.218397636051061994e+00
-5.301856657810105844e+00
1.467937592729438201e+01
-1.126322394479373656e+00
2.721658586166871174e+00
1.765794320333135303e+01
1.435670072146053755e+01
1.581450334524554791e+01
1.532584632180189033e+00
2.179961485756348338e+01
1.832365992662139931e+01
3.327941363715163448e+01
2.940258078755756088e+01
8.612742683654946774e+00
1.671237418849132794e+01
2.136369891088052242e+01
1.917382137326806202e+01
1.850635366372932111e+01
1.807940193288022002e+01
9.394946347649009155e+00
3.142964101732338023e+01
1.906023240085952253e+01
1.273296739386549881e+01
1.397426035051603677e+01
9.866866089056324896e+00
7.791635428607663449e+00
1.045882226012153637e+00
-5.041418777502425286e+00
1.815445201504224926e+01
3.706338044194271220e+01
7.843986082792920200e+00
1.119639343702161227e+01
1.631575104392416264e+01
7.671597871928133472e+00
7.829665776990423431e+00
-1.108444239068332493e+01
1.552816913197542448e+01
-5.199553213839891441e-01
1.111567327543366446e+01
5.210231713667888620e+00
-5.162382702746377561e+00
3.451556970534635127e+01
3.720369640516915410e+01
4.795542217623944836e+00
1.676708963426883159e+01
5.473861727900788310e+01
2.580271441753463790e+01
4.602263394910507088e+01
-2.280603483606869020e+01
1.972721677838187659e+01
6.461132996778928828e-02
9.904638959679028076e+00
2.458155316080691932e+01
7.434318935673757345e+00
3.292779524335064423e+01
1.502789970400625208e+01
2.090921947372622824e+01
-1.809265965158698108e+01
7.023364727440253752e+00
2.446687576369696870e+01
1.630050076241337820e+01
1.050109958855049186e+01
9.328191288189675134e+00
2.462211153251814721e+01
6.167545756550257607e+00
1.394366320724409469e+01
-3.736751696087178942e+00
9.498058364050763203e+00
3.015139963444070048e+01
-2.042791567852704304e+01
2.731432195093437798e+01
2.211288648199856155e+00
2.899624400138896618e+01
9.951700664873159852e+00
6.320314551170906014e+00
2.660900712159839188e+01
9.806690886117563011e+00
2.475551048831962220e+01
-9.559380343121404167e-01
2.710457431708102050e+00
-8.848340768576399284e-01
-2.065915186308245666e+00
-1.739473815961371983e+01
4.990116719528373324e+00
7.186110961283803000e+00
2.575274859286753326e+01
1.449683109124342018e+01
7.755529804629546220e-01
7.657746729482441062e+00
4.761183837294657906e+01
4.289367528842975474e+01
1.746330286535263809e+01
1.129654392335653590e+01
3.775231646689501730e+01
2.938437196047977196e+01
2.205678891687001908e+01
1.603188074498584115e+01
2.690928922301154813e+01
-1.018665152228165454e+02
-3.340187500260295650e+01
1.303121341149527090e+01
9.701810324645300909e+00
2.371685427620203512e+01
1.432654793672683802e+01
3.950310728110103753e+01
6.194781450279425172e+00
6.396262753236545251e+01
3.242608501448681579e+01
3.217746827473081339e+01
2.309450389419672689e+01
1.019046542492437624e+01
1.806350938386809801e+01
1.020191545017264367e+01
3.137528533088964622e-01
3.584669205464125952e+01
-7.392232875550515558e+00
1.151852249818298723e+01
1.916063331959691141e+00
2.224050709579507767e+01
-4.238782189525807098e+00
1.878328936269913640e+01
5.955002693668005165e+00
2.422393906741856284e+00
1.621599685381533718e+01
-1.391137983218543539e+01
-7.737655077568792450e+00
1.198196046310831164e+01
3.729671612264896297e+00
3.145812664593785257e+01
-5.690972279167208825e+00
1.830102532202969101e+01
3.721600805667236500e+01
1.920059204019873178e+00
3.128832990752223253e+01
-1.385392106998870787e+01
5.546232951717366078e+00
2.028693390145441100e+01
9.603566740266497703e+00
4.613045532872593668e+00
7.793860727247212239e+00
2.053489209270278337e+01
-2.612567136860784345e+00
1.357952979281697203e+01
1.180357857277002154e+00
-3.141893790735625913e+00
2.587007337154850006e+01
3.580732099486817788e+01
8.692125622015646869e+00
2.758348722433748890e+01
1.109120365331643399e+01
2.918044200482482609e+01
-1.409846744610506164e+01
2.666345042125461262e+01
-2.017448074234824063e+01
2.784843117152805192e+00
-1.785008165647104761e+01
1.033853286044653785e+01
1.869495395140496896e-01
6.465337687541990341e+00
4.199319007387805414e+01
6.942373902561922883e+00
1.082832949579704618e+01
1.104249166208745336e+01
4.186145757774021092e+00
2.132849429371775329e+01
1.474303054308018979e+01
5.553131165118993628e+00
3.363396452170182727e+01
1.366108755318318835e+01
-9.555862074099152892e-02
2.294310711527785429e+01
2.128636684553863034e+01
3.214399667206406264e+01
2.254726514612136867e+01
1.053162004993831502e+01
7.324840832203818763e+00
3.805684280184845392e+00
7.452592090279577697e+00
3.345211195144072391e+00
6.029594837577214150e+00
1.837278011951497447e+01
1.645339566251691110e+01
-2.057233043902171943e+01
1.710692309830516322e+01
-3.356169902426113794e-01
9.159202069182516226e+00
1.465049703147240301e+01
1.616863717803413181e+01
-1.122806826422050364e+01
2.619717290170108015e+01
2.685159174428004292e+01
2.278566705343280319e+01
3.444341425624266151e+01
1.266328380215690963e+01
1.798279961561800278e+01
2.439366942804456428e+00
3.225894294358932513e+01
3.525738875376221415e+01
2.432384222390617623e+01
3.092029036260258223e+01
2.673374279884926352e+01
7.296416922559443741e+00
5.788778963171404612e+00
1.428787573442050629e+01
1.256879841801358388e+01
1.899099828245294219e+01
2.538805740130383981e+01
1.991317061719275472e-01
1.982587246044777984e+00
5.798661826397832186e+01
3.447454583088537561e+01
4.138900649176733992e+01
3.095425693412886758e+01
2.532459675249124231e+01
-1.961506005980859157e+01
2.476786525723737498e+01
4.682008290734719580e+00
1.685885816917068070e+00
4.343722066793084480e+01
2.190455665813663444e+01
2.741460697772815536e+01
-1.186188175742151074e+00
6.798792086507245536e+00
8.810106058455515310e+00
8.792311155595736949e+00
1.810742096482929853e+01
3.158090264602474306e+01
-1.837037675738936571e+01
4.041638243971114974e+01
1.592432012748243864e-01
1.341094490062886280e-01
1.192130553566145856e+01
2.054003696294905623e+01
2.457481512888314867e+01
6.888772180138559520e+00
3.526118501931306071e+01
-1.842783662876533768e+01
2.632653494850924858e+01
3.385672723133084361e+01
1.088847599365077556e+01
1.990475628556946575e+01
-1.789330371386746421e+01
4.080698540773973093e+01
-1.825641226745897328e+01
3.327977836350537899e+01
3.897529538679252781e+00
1.960624363667217551e+01
-3.706968720207328261e+00
3.242676963755578612e+01
2.141590884213060164e+01
1.424727135409077583e+01
2.682229629052488917e+01
3.065547965412525500e+01
-5.835971778786706921e+00
3.233503206059410218e+00
1.517549098732658663e+01
3.352643332857319791e+01
4.092995903277977021e+00
4.125136047157939601e+01
1.365493802256437306e+01
-2.973821690930069650e-01
9.271044520736261063e+00
1.253178223507798350e+01
1.898775224715209475e+01
-1.058875007119442913e+01
-1.014154201573923331e+00
1.981256719756615325e+00
4.573985524852827922e+01
1.827113348290733441e+01
2.822753531920016457e+01
1.864129015698719982e+01
2.553343730767053543e+01
3.315135303890416907e+01
3.553857896053371945e+01
1.752681543469049785e+01
5.736335971988758331e+00
3.267741874056356011e+01
4.861421866371230749e+00
9.450913699300436122e+00
3.412330570586371437e+01
2.714721892156551064e+01
2.097908797617020582e+01
2.485682453755391208e+01
-3.342279270445830264e+01
-1.180068510354622546e+01
1.207505275629364050e+01
-2.860650788835763336e+01
2.411483574012684983e-02
-1.122774140305213209e+01
2.886537564253458399e+01
2.059397017745509118e+01
5.358327436697017987e+01
-1.032512951149361413e+01
6.176782299126662323e+00
9.884897176032286126e+00
3.469444941619946121e+01
3.323489132032122484e+01
3.348693655240859357e+01
-2.404974701153900440e+00
1.471057341727797585e+01
1.323163122942340308e+01
7.060387148287213144e+00
-6.371294034705723419e+00
-2.287260258180802808e+00
-2.521435108713212259e+01
2.686237845098317223e+01
1.403759371546857437e+01
1.116893370525108509e+00
-2.755403694364931155e+00
3.162125338042244849e+01
-7.434922148762922234e+00
-9.324424822972417815e+00
1.440371846211259310e+01
-6.604384727162259594e+01
9.356196869867996213e+01
5.729142710118164672e+01
3.907851141015652985e+01
1.473026757390741537e+01
-4.269585787988674497e+01
-1.925182676273771420e+01
8.264840309225151671e+00
1.846542004392987835e+01
1.282854993010432842e+01
3.681834447223954498e+01
8.252042666499761481e-01
-1.840035344608240919e+01
2.627325761564519624e+01
1.366166376445642783e+01
1.886398103676424043e+01
9.695201281264379745e+00
2.759587081696235344e+00
2.510348765929138892e+01
4.023478168953801060e+00
-1.142424341507579655e+00
2.393080570247819594e+01
3.834571715791823010e+01
-2.753051539745407439e+01
-7.349914150469690099e+00
2.131456597012162746e+01
1.283398456501338813e+01
2.101178346990774060e+01
-2.329552262603760937e+01
1.397274135020315811e+01
1.965388766795330255e+01
9.863188957765507325e+01
1.010659770339522368e+00
1.008456886164128363e+01
1.334221925972329181e+01
2.260347936870532948e+01
1.212901840218553140e+01
1.628583141592539718e+01
-1.038439532774487262e+01
-1.716846830350288400e+01
2.799935736288823307e+01
3.672856928295500012e+01
2.431463549793338075e+01
-7.060749463194213149e+00
-1.080287985376137172e+01
5.148242185012291472e+00
-1.550776681487308295e+01
4.960872807961130349e+01
1.229733676256969588e+01
-2.221435389895624724e+01
1.025930078467114903e+01
1.237837421004830318e+01
3.271648102585658080e+01
1.730551541647553648e+01
9.913136065637450756e+00
1.351069609220630774e+01
-1.534276201751509561e+01
4.686205142947429181e+00
3.397636418896050259e+01
4.035172343653403715e+00
2.180948902597720007e+00
2.668704806645660454e+00
1.474022549630831236e-01
1.660648008701111067e+01
6.748936433770518306e+01
7.059639328278618109e+01
2.753242239980466977e+01
5.176273055468497120e+01
2.862492921958162739e+00
-1.442949418711165066e+01
-8.513349643124659138e+00
2.945442034089519723e+01
-7.455882124753422602e+00
2.468288963409677450e+01
-2.137150443174142112e+01
7.669851477634979986e+00
1.483039342211052514e+01
1.406535800260582825e+01
2.226393949718618614e+01
2.730342416205171929e+01
-4.050993808698680709e+01
4.353112341780735051e+01
3.476237380993566717e+01
2.414334574268910671e+01
3.550398715941476269e+01
3.904216743159815906e+01
3.433540407178766429e+01
1.220073739494886489e+01
3.463025883235812330e+01
1.118914119010387509e+00
-1.391120260979102241e+01
2.513695900817282336e+01
1.175554240447038268e+00
1.231490230432237531e+01
1.754087140545585299e+01
1.618376691800282430e+00
1.261681338602321034e+01
6.002222179243702982e+01
-2.010623287861094610e+01
7.363505822271716461e+00
1.379405374188605293e+01
1.510190464498188767e+01
7.134835339806935295e+00
2.461567740092054635e+01
3.928342245635118957e+01
-9.133632692812430065e+00
6.701013841087739564e-01
2.783210347269928775e-01
3.390798350611785850e+01
3.399644403524472125e+01
-5.490136742386218316e+01
6.287591597496851925e+00
1.889063405528063555e+01
8.127426873935144513e+00
6.802242526068729589e+00
2.878754957963910499e+01
1.644205092010142621e+01
2.545249524469413416e+01
2.341254544632768386e+01
4.495065120434310302e+01
3.556893626070014136e+01
-2.867581526740874409e+00
4.329217591714064284e+00
-2.386917332295201533e+00
1.322336758253908329e+01
1.248878228227195741e+01
2.532403171247234752e+01
1.560882068345988039e+01
8.056580513343723382e+00
-2.614269366977816134e+01
5.788386725511840325e+01
2.026177689041837482e+01
8.484603798469308344e+00
-1.054810184786940042e+01
-1.661873316713650084e+01
3.445708968162494834e+00
1.485125040266371599e+01
-2.336479704446231764e+00
-1.101010998439840805e+01
3.097485091009064462e+01
1.661142564510865682e+01
1.831007393746319423e+01
1.180756580771849507e+01
2.396396346513051867e+01
-2.316735430777981719e+01
9.740091144944152290e+00
3.645214181064479675e+01
1.541107708580980784e+01
1.509341292344995544e+01
1.650277957956992836e+01
4.729145319374146794e+01
2.369937982412679034e+01
3.859319024087559313e+01
2.827518479801670992e+01
-8.651320672800483891e+00
4.533602844731486670e+01
1.457530132297426384e+01
3.161461620442030274e+00
2.260848047881123790e+01
1.678474136973430930e+01
-5.778925791273536561e+01
-1.430958379773333533e+01
3.579217004762073273e+00
1.149209226019678987e+01
-1.355415994883093944e+01
-2.576243642182075888e+01
-1.620564703328364686e+01
2.353050725432643020e+01
1.203741017793001156e+01
1.121888555359459971e+01
4.398517797807505758e+01
3.786773797380041628e+01
-6.643156346746234675e+00
5.352540021583300245e+01
-6.226514726395926402e+00
