3.577766741251863891e+00
4.069178124771600125e+00
-4.240949357176049261e+00
-1.181230997806053651e+01
2.055734770404500722e+01
-6.770148438298448923e+01
1.656998065340502180e+01
-2.463275420564458784e+01
-5.466644517025449090e+01
1.062487980043666624e+02
1.485059933341466731e+01
-2.836679548798159090e+00
2.415233186588219283e+00
9.159754314107284756e+01
2.848554530617716196e+01
-1.060607366238135825e+02
2.330357271051912704e+01
5.926692477592428787e+01
1.594026727851350955e+01
-8.928066027168554797e+01
-1.053031857375994633e+02
2.626239459238826868e+01
1.043295753056183344e+02
1.096809525987054279e+01
-2.573313538702480940e+01
-3.445949680790622693e+01
-6.440524834671724363e+01
2.339403305315729042e+01
-2.937586026088180091e+00
-1.284772593581356048e+01
-1.072225183101203072e+02
4.824221727577868535e+01
4.460130956171846606e+01
-7.856142899480450126e+01
4.014349290459147568e+00
-7.577614672544559227e+00
1.271169833245328817e+01
2.182184991285359743e+01
3.177942303578768346e+01
1.877232607641195017e+01
1.379764470074069322e+02
-3.346909580013553409e+01
-7.794960334737154994e+01
5.080978703663259211e+01
-7.931618031653540868e+01
5.802792349578904663e+01
4.704988580073961657e+01
5.050686087048898543e+01
5.195370969857631138e+01
5.993750585876084003e+00
1.429950964325024820e+01
-4.196527806830310681e+01
4.255093100474779533e+01
-3.151353445054031255e+00
2.960817375281923347e+00
-1.673250404785596146e+01
8.244166471414027697e+00
2.930038695270808091e+01
1.051199934955183721e+02
-3.567081748463785118e-01
2.438560066372292212e+01
-2.826344525457174228e+01
-2.047624832833934505e+01
-6.884711226044387899e+00
-3.066570672206943016e-01
1.118307449896853356e+01
-5.968127960145349675e+01
8.982392418452786842e+01
2.488260425659120401e+01
7.217334561179818309e+01
3.581556044982384890e+01
1.004712171749926028e+02
-9.624422036164389738e+00
-1.178559204155228457e+01
6.100415135097623676e+01
7.740586613116241210e+01
3.845269292089422919e+01
3.844248470788507177e+01
-1.090605603885426333e+01
3.175503483534461324e+01
1.127016588052560664e+00
-2.332038434977508246e+01
6.710093082243984952e+01
4.724119017431456768e+01
2.256894865942887307e+01
1.339354512833135402e+01
1.680795519492635037e+01
-1.085086350168910201e+02
3.070146994786419015e+01
-7.930846032215195862e+01
1.254720537767211042e+00
1.782899032489387636e+01
9.160765578816743471e+01
-9.973176561415044716e-01
-6.466750453261337128e+00
-2.220675485915693770e+01
2.042060045531424350e+01
-4.743597555808010213e+01
4.815398389572790450e+01
6.779010226228633940e+01
4.654788003628270054e+00
8.711598718229831562e+00
5.037477350098554751e+01
3.572835220555248270e+01
-2.707893357158979342e+01
8.066844855063674657e+00
-1.267725899520460331e+00
3.750390262636790339e+01
1.805029420645042393e+01
-6.249001872096172860e+00
3.133974282331208272e+01
2.623527161809242259e+01
3.226182581338401079e+00
-4.080087399483343802e+01
1.245978580376806022e+01
3.087230768378490353e+01
-2.332063738098408123e+01
-3.929331248555989475e+00
-2.009217086227672411e+01
4.218113899818015966e+01
1.112111591046239027e+02
-3.293672111820910686e+00
7.283095066689300623e+00
-8.241720398110967949e+01
6.575205013281757260e+01
-7.221162900262196160e+01
1.760655415243542521e+00
3.701176410843062570e+01
3.334174168197627353e+00
9.274346549625830960e+01
9.216003903172895306e+00
3.014872602289845815e+01
-2.217645716811302847e+00
-3.700586188565686996e+00
-4.039373312524574544e-02
-6.536105678484506143e+01
1.978190038092103009e+01
5.516789031047680680e+01
-3.887903278545064722e+01
5.086646536561010734e+00
1.676088730475066413e+01
3.427422243955547287e+00
2.413734066966928182e+01
5.208695506636984618e+01
2.190839144939837979e+01
5.502209142397912700e+00
8.336467896625869400e+01
-6.735180575853224383e+00
1.001498113999820205e+01
-1.502473288891122394e+01
1.573250706119603493e+00
2.422285609865747702e+01
-2.668803731904532839e+01
5.704845414989718222e+01
-4.137090008491604465e+00
-5.927411954988795628e+01
2.326247430823329765e+01
-8.073565299466295642e+00
-2.077910210894441434e+01
1.010499913753656642e+02
2.117822772409766330e+01
1.047688034965847770e+01
4.252257993780646927e+01
4.507665298051191627e+01
7.445378447560115376e+01
1.450923753459830756e+01
4.162234352436199103e+00
4.983452385872984536e+01
1.002663402157539352e+00
-1.411497953019692986e+01
4.228011822757153482e+01
3.788624841178510394e+00
5.924627253770196234e+01
-4.339376788625529713e+01
9.602184195461706651e+00
5.732556981942821039e+01
-1.336742084526860097e+01
3.488627293099180093e+01
6.012794729915241732e+01
3.520572954568264379e+01
4.262659519229667637e+01
1.869594215835295614e+01
-1.040118617199937887e+02
-4.796432286389027411e+00
-3.507892173446717976e+01
-5.261188188183707837e+01
4.676722154677065646e+01
7.110656095359021833e+01
1.170440041898668504e+01
5.262973462189593477e+01
1.485246638309123846e+01
3.857553702422049469e+01
7.239278318686402258e+01
5.169187249582967070e+01
5.632709413174012525e+01
5.869558156138658944e+01
1.102315879997281023e+01
3.370299795486124239e+00
-6.830299165869845979e+00
1.941597455627651669e+01
-3.110343689205257789e+01
1.773290608348398578e+00
-3.572844904916716047e+01
3.409796667553629845e+01
2.546222609073347343e+01
-1.181026429384614929e+01
-1.547514727279132529e+01
7.916876563595918981e+01
2.979422416800304774e+01
3.600361615320460373e+01
5.459318122340908630e+00
5.712687315217139883e+01
-2.740316406844628716e+01
5.668827382315138408e+01
-1.641535828082822945e-01
1.808786446366573841e+01
8.181132352681741438e+00
-2.185746238631612925e+01
7.067891715683479958e+01
3.822674354193129176e+00
3.282341975078276519e+00
7.768490760243949467e+00
-2.310165860876850985e+01
4.826860057485643551e+01
2.444368931125705302e+01
1.761670909656289297e+01
3.927594939013967235e+01
2.282353197437692316e+01
-2.013838472974160965e+01
9.113095448436688173e+00
5.209314583056379178e+01
-1.020883757814117132e+01
1.166234007473568113e+01
2.544758559102064766e+01
2.034304999306257855e+00
1.247742312104453966e+01
-4.869232506740357280e+01
2.963870099208352116e+01
5.551251312299950058e+01
-2.112464676494205662e+01
2.874648100895026914e+01
-1.646486173973556433e+01
9.279939431567730423e+01
-4.550008084698337285e+00
8.341676705074975828e+00
-1.615729643947870642e+01
1.945387166640367838e+01
5.686749976875753454e+00
-8.153320518694691543e+00
4.989607864833148909e+01
-1.377639391052751350e+00
2.634350465558912902e+01
2.434816050159511747e+01
2.037330428029564899e+01
-1.174473423165561314e+01
1.082037455140796567e+01
-3.988156745907225798e+00
3.080384438139444825e+01
5.406297368270384140e+01
-7.681531904666641708e+00
4.577567554931066596e+00
1.476206312861645209e+01
2.308159995533176101e+01
3.563964555791459077e+01
-1.987624771160901815e+01
6.281311654390565735e+01
6.089031977322676426e-01
3.634280404938628095e+01
3.102232562562299734e+00
-1.226449143149725884e+01
1.554580982362621988e+01
1.636769498964905623e+01
2.135433011751844390e+01
1.305001006167813671e+01
4.072189598071673799e+00
3.689501568499093764e+01
4.683961618718399222e+01
2.575669917129725661e+01
-1.080119262788679180e+01
3.809883794978448179e+01
1.644852072387828557e+01
1.833187737608012213e+01
-3.493912072119828593e+01
-2.201699971317935223e+01
2.162463713256853737e+01
1.490812621493884471e+01
2.845820842462656941e+01
3.714034958881858017e+01
3.517832764441382665e+01
2.324669256356922631e+01
3.652676386392573704e+01
5.213263198642602347e+00
1.819890733578898079e+00
4.731324574470068001e+01
-4.020355423004110307e+00
1.209562052825811485e+01
3.616126081535820447e+01
1.359467773127411583e+01
-1.683959016861273028e+00
5.341977546505529517e+01
-2.629450972832375300e+01
4.445228596282308153e+00
1.312639352369770904e+02
-2.292005805683199782e+01
8.215119748334316796e+00
5.354229495888436219e+00
4.435540800939381967e+01
3.186669004988208087e+01
-1.310398608887912530e+01
-1.103290611188166892e+01
1.304552572037147229e+01
5.152784562311173744e+01
-2.894154355230028131e+01
2.330610689693847348e+01
5.974149715103212088e+01
2.190375902281425979e+01
-1.646061026228817070e+01
2.538971622722270638e+01
-7.402364913491524590e+00
1.056238268518706391e+01
3.912605545550752240e+00
-7.304670469652158715e+00
3.564143336723024902e+01
4.938431599126337446e+00
-1.793048938147135019e+01
2.535570173097930535e+01
1.724838848917324086e+00
1.779571531333503742e+01
-1.044070526056880865e+01
2.692606695525424954e+01
2.719026920641948664e+01
6.385075272289033421e+01
-6.947458992562189906e+00
1.046618393473951336e+01
3.464429177744051458e+01
-2.338926153303641797e+01
-1.487700993701377428e+00
-1.390453930677438166e+01
3.057978078561499302e+01
2.910990725842373195e+01
-4.767619842764321447e+01
3.242262503222688963e+01
2.752380735893110852e+01
5.283435374368089299e+00
2.361105285670196707e+01
7.638405920269613070e+00
-4.820036521455779166e+01
1.648114266210043866e+01
2.554508455296207714e+01
4.766353869010218958e+00
9.924699624339396564e+00
2.479830092382970008e+01
3.977999359183800721e+01
2.088980604878486247e+01
7.149974813062638646e+01
4.672566971125407065e+01
-2.603339958404771437e+01
5.180730819990838398e+00
1.025020165001147454e+01
4.472183645757048964e+01
2.122863918888577928e+01
2.034943120563738717e+01
2.242719884962937371e+01
5.125721871145479014e+01
-6.670279488244226229e-01
2.782748832759409652e-01
-1.541171684803770248e+01
6.791149549981230393e+01
-4.153137158366085657e+00
2.845890865419188032e+01
-4.045227198620876408e+01
1.579047152191799341e+01
3.400486065174985129e+01
-3.244915032153394918e+01
5.055424375594981257e-01
2.551512589340588022e+01
8.946917775509351856e+00
1.867561337641582853e+01
1.204289396655695299e+01
2.826263771322266649e+01
1.337207388845677158e+01
3.900822037911142104e+01
1.182622350758532903e+01
-1.026927658451013059e+01
-5.588566711664348929e-01
-6.125854863937014727e+00
1.904581138687956354e+01
-2.126151311416723644e+00
4.816107004951282278e+01
1.327129620191332648e+01
4.725075362163394743e+01
-9.773271280377244352e+00
-6.803073316372891099e+01
2.139371459749082760e+01
3.859763815765644068e+01
-1.072751926166272085e+01
-5.569704988115695699e+01
3.167147564536630711e+00
-3.138439806284825551e+00
3.618746703562658951e+01
5.222948637197393396e+01
-2.585332496313045425e+01
2.600776162037604422e+01
-1.822936691982214086e+01
-1.142736456133262024e+01
-1.997526423208860535e+01
-2.719078846901444280e+01
2.616261524243645553e+01
3.093526314566623370e+01
1.418760126965580071e+01
6.526478464153004211e+01
2.786875386077183947e+01
-1.522925012982027937e+01
2.111990059644963580e+01
4.444051089169271052e+01
1.831867414538900007e+00
2.818959467837244759e+01
9.155291480445580277e+00
2.384099538025770570e+01
2.870974602202770853e+01
3.913135953723337224e+01
5.253984188495014251e+01
4.641982649460284449e+01
7.062348842981315045e+00
1.000418102479096092e+02
8.375708122435489145e+01
7.974873739825696362e-01
-2.640656972331072438e-01
-6.328389143775368098e+00
2.227041670718416100e+01
3.558828753033844094e+01
5.475909612901489254e+01
2.189794323855283409e+01
-1.766695556162951775e+01
5.098632271760487100e+01
2.016107787864235945e+00
2.025636402927714741e+00
5.380425318780792310e+01
-1.598483796878583618e+01
-1.851343753680336590e+01
1.003426456696607083e+01
6.884090703671984102e+01
5.641583194958350589e+00
7.951905042130232459e+01
1.897378783758944110e+01
-3.192043760239091910e+01
1.140711985170967679e+01
1.087888764456476132e+01
6.298386566073706661e+01
4.073373222934128179e+00
3.035161432508180468e+01
-4.543179206975652917e+00
-1.830753393826164199e+00
-3.684289827760107272e+01
5.642929225427662487e+01
1.837301873566257626e+01
1.603144800495926603e+01
5.827653198947538016e+01
-2.330819761334947771e+01
1.452747671249762362e+01
1.204911324523613203e+01
4.884318496084559769e+01
1.787867147807933321e+00
-3.381975137545589405e+01
2.183967114317453451e+01
7.040389057246186155e+01
-5.568571648318977907e+01
-3.254502709351061895e+01
6.762569591628366794e-01
-1.783501673665982068e+01
1.910769003257549770e+01
-3.499190814219982570e+00
3.377692739454327153e+01
1.338806800517835249e+01
-1.449970282738823002e+00
3.466236723193178193e+01
4.478170016623410277e+01
7.517346306847660742e+01
-6.860738649683394641e+00
5.105873421500993459e+01
2.368844507503037988e+00
7.047302354256752110e+00
2.622088456528161160e+01
-8.978216856454061201e+00
-2.068569464067567765e+01
2.609191627679716419e+01
4.508100172180417076e+01
4.142261904688832885e+01
4.920201104989210705e+01
-3.076124156425829170e+01
1.319284438726828057e+01
-1.263574928670825415e+01
2.578115403902469893e+01
3.101303825862131447e+01
1.224788548215224182e+01
6.428180779228142683e+00
1.508857811197332843e+01
6.633002610594941117e+00
-1.478266569168103572e+01
4.405835506946534963e+01
3.389052576032128172e+01
-4.601999314268343966e+00
-1.379962630416190805e+01
5.159080553147793324e+01
-8.063794892211063825e+00
-1.603243776001086474e+00
4.586408037930367954e+01
1.998017865638653490e+01
3.063273139150953384e+01
-3.286182561296656957e+01
-6.646954446844450359e+00
4.949334480975040407e+01
-1.575197852940631549e+01
2.318726354399677803e+01
4.804462838196901942e+01
-8.232087683672695277e-02
2.568370076150538495e+01
3.324466663154748147e+01
3.694156513779788042e+00
3.104718288964854622e+01
-2.135757842277985219e+01
-3.071401595523222738e+01
2.555118132248599849e+01
1.112717800323214412e+01
-2.310093021573771210e+01
3.009734844658093067e+01
3.477060621257692219e+01
1.303002056036658196e+01
6.587370977994456211e+01
-8.366856524743486290e+00
4.543168842989599199e+01
-8.258065869329396236e+00
3.009470183021779377e+00
7.550744866643874786e-01
-2.624202083110430550e+01
-4.651018986074787165e+01
2.263033977770101046e+01
2.294753837188769197e+01
2.912653994889943476e+00
2.426509784286897187e+01
8.288351518919892413e+00
1.082663519812739139e+01
-1.767509784994098609e+01
-9.610127456878561958e+00
1.349311476476845328e+01
3.067418064313234538e+01
3.569499224363308088e+01
-7.552683420714441098e+00
-5.798825689878589174e+01
-6.879111552910721628e-02
-6.473444227122076455e+00
3.105928557222127040e+01
2.361235756302050603e+01
-2.181127942211125514e+01
1.612765819607798790e+01
2.255960761913143742e+01
-3.609778197878423356e+00
2.065731666949359635e+01
-3.288531282895874597e+00
-1.563876421943347950e+01
1.162466158986732800e+01
2.792024478297798140e+01
2.403674654896154550e+01
4.297726180595724088e+01
2.299131197868605625e+01
2.804134698968433881e+01
2.264224487123925655e+01
1.801865894105590016e+01
2.526964038715777860e+01
3.398685518441824627e+01
1.161444579805781885e+01
4.740262390206378740e+00
-6.547978943189168177e+00
2.071326283704850013e+01
1.955225368042341216e+01
2.337558533736252997e+01
2.112334331025648737e+01
6.197609686653061445e+00
1.894330237493925750e+01
3.787911386766609922e+01
1.530930428583136660e+00
1.614668949643001028e+01
-3.912014815079505325e+00
1.222069800852447585e+01
2.961458079784210184e+01
2.217175781629432407e+00
-1.506199030158770569e+01
1.383914068667837505e+01
4.547851900350134713e+01
3.159346251630661229e+01
4.193476078060805889e+01
1.128775756001506281e+01
-1.626155170686859464e+01
-2.471825907143583834e+01
-4.712656797712753587e+00
2.762647398976219293e+01
-1.055460020595293358e+01
3.104064423762745051e+00
-3.314195014008402040e+01
7.788506815412178597e+00
-2.436953922473236389e+00
1.963283644835237141e+01
1.188465177209178592e+01
1.187812376033122952e+01
2.838654229465721102e+01
9.984351918285463867e+00
-1.170237524367837523e+01
6.116156166668821470e+01
1.530553418634817220e+01
2.574442719492189013e+01
-4.176563394580905708e+01
1.461181723865169246e+01
3.002064541602046432e+01
5.792740026511283702e+01
6.816617646852834866e+01
2.375092721675544283e+01
4.254757816031629858e+01
1.693624655364062548e+01
-4.239375381196829551e+00
5.859125654553869111e+01
2.140743789426608856e+01
4.947890244223276568e+01
2.589439669983329395e+01
7.216790337609371875e+01
3.299304042545637117e+01
2.682756073904872096e+01
-2.683581957211259805e+00
5.519638544866330676e+01
2.720725598954589941e+01
4.517023864280665180e+01
1.398660128483390608e+00
6.072748758659961510e+01
1.235206391562126704e+01
-5.249980874493186178e+00
7.807799262743380098e-01
2.626593774539981752e+01
-2.287653864338951593e+01
2.719193291584929284e-01
3.281020612765412636e+01
9.801473205896549246e+00
-5.773652816325474646e+01
3.990953675133458489e+01
-1.854049774007625828e+01
2.655368188335982182e+01
5.832265780278319767e+01
1.463431146572570185e+01
2.204884681741447139e+01
-8.544708650554817098e+00
5.493564618708922609e+01
2.626264491034681470e+01
5.532691254808881354e+01
5.176546143681682821e+01
2.546525587998921480e+00
1.876659085962486273e+01
-2.324127918894597400e+01
-2.945562192158082837e+01
1.380603593293984765e+01
-3.053440534847121057e+01
2.764438349115412308e+01
2.055726084089892680e+01
7.369210886928473592e+00
1.261091372613249817e+01
5.898360628335421296e+00
2.731126429335502337e+01
5.020853696789146170e+01
4.436748157390840674e+01
-2.151524246300431287e+01
3.519797705048588909e+01
6.174860258994867124e+00
4.316220016824365757e+01
2.338908181997057412e+00
-8.334345906179986940e+00
2.497328858554351427e+01
-4.859749930542236029e+00
1.797044741065813866e+01
6.390208424333748383e+01
8.360374376938864316e+00
-5.096380709240349915e+00
9.834885402649579333e+00
3.159389108817087433e+01
-3.373302442741218954e+01
-1.781641519236266902e+01
9.448172085703948397e+00
1.470361073878378377e+01
2.820636315668022576e+01
1.193582315369511448e+01
1.557514029341548145e+01
1.180095910425925609e+01
7.195669409386812099e+00
7.851167775288748096e+00
-2.716644875192296382e+01
1.199843715086503870e+01
-5.591428139598392022e+00
2.763102806995743066e-01
5.071982610257834700e+00
1.899303439504984325e+01
2.140275467622090133e+01
4.794651454512486310e+01
2.367286401674428831e+01
3.462492366160770985e+01
2.694035679535516792e+01
-5.681851869137824806e+00
1.095361111116175579e+01
-5.032228571522495031e+00
1.900622441321640466e+01
1.696361087429890091e+01
-6.748158843287150432e+00
1.713053337568802448e+01
1.715736559901920089e+01
2.489376525928216211e+01
2.488877689132853277e+01
4.113107409734996622e+01
3.931141490418414719e+01
3.174416673696106628e+01
2.226800460079261512e+01
5.431410185298914683e+01
1.935998282374308133e+01
2.137281254231808703e+00
3.407297757886020406e+01
-1.336725098433325343e+01
6.992276134820934885e+01
6.347891186825252774e+00
2.537510989819882212e+01
-2.427658551784657703e+01
-2.756805490662846836e+01
3.449048022161080240e+01
-7.420523692042703345e+00
2.054946025188536396e+01
2.570433812128671036e+01
4.499287995135330220e+01
1.007751107445623795e+01
-3.653157990688029599e+00
1.540827898705451204e+01
2.571540973866601121e+01
4.769287173629454202e+01
5.644399871342669073e+00
1.800143252920427983e+01
2.115186591194504473e+00
2.035386820802928654e+00
2.349953093839486229e+01
-5.297190074069769139e+01
3.272184034179029766e+01
3.358812412435640482e+01
-2.994186523731018923e+01
-2.413696459090407131e+01
5.703640475809089949e+00
4.676723133364403395e+01
-9.239107235833188270e+00
5.346856594468783896e+01
9.981363043031663551e+00
2.249534165389037454e+01
2.730313409640259437e+01
7.049637163706435672e+00
1.070670572223336947e+00
1.407085881564261953e+01
-6.059677753589781446e+00
7.647498523121988967e+00
1.865072863515445434e+01
2.096887332706629081e+01
1.934219723451372630e+01
4.152263959182491249e+01
1.069368322198416266e+01
1.919440228428767625e+01
9.258884116132508169e+00
3.735985395057277003e+01
-8.008468777274188710e+00
5.652663726060494298e+01
1.531459610526149362e+01
2.888711044030748809e+01
3.306045699715981812e+01
8.090828269993288302e+00
3.375805341113206026e+01
2.368961300124728098e+01
-2.299668002129771338e+01
2.000107139551672120e+01
2.313998500426316340e+01
-1.014501571541335778e+01
-2.125751777863674619e+01
2.357778520258619892e+01
-2.163288577373390353e+01
3.690598476847416265e+00
5.547838275023652344e+00
-2.633508529174527268e+00
-6.123711854151078882e+00
3.197880342631011175e+00
-8.798589910684468407e+01
3.499544111705910154e+01
1.161513884057539059e+01
1.742156649536845947e+01
5.005006877389179465e+01
-1.165090846399272095e+01
3.484771095767978721e+00
3.510821833503306522e+01
7.482379681081070544e-01
4.041986535453808216e+01
-4.077765244937128131e+01
-4.680868089513753461e+01
3.027359932463237868e+00
-9.359275948497224107e+00
-1.924232463645448377e+01
3.658172827163515706e+01
3.022010705618037818e+01
1.388347228824603796e+01
1.549340390667280154e+01
2.724140116733025252e+01
-3.031854355045528138e+00
2.146626942966656415e+01
5.727419872329639361e+01
-3.034298145398256707e+00
-8.506994560603686750e-02
7.105750024671453957e+01
-9.490672500535829670e+00
1.028688880430280150e+01
4.639861786004507849e+01
-2.896098804371835200e+00
3.617206527340749034e+01
2.592188167862885706e+01
1.882117576777454460e+01
-1.112204003252618634e+01
7.673639394463527275e+00
-7.157509881762983639e+00
-2.359679159854709951e+01
2.977078388302196998e+01
2.304966554052861127e+01
-1.612125414097530296e+00
9.335319153854049645e+00
2.158055668703378061e+00
1.150314571918230300e+01
2.504041740486703205e+01
9.207817972328744105e+00
2.394750474467532442e+01
-1.344695165488030852e+01
4.059731900193341403e+01
-2.410807532563445932e-01
-1.383144406245834546e+01
-2.097988823567116157e+01
-7.181157805413054263e+00
-2.584257923543233915e+01
-6.558441413643969042e+00
-1.079140408896675751e+01
-2.927208658455686674e+00
1.943452623925999490e+01
-1.042339655053651981e+01
-1.061473724337343327e+00
1.890622938470573189e+01
2.657088090746790243e+01
2.429976492662225596e+01
3.783200460779232799e+01
1.212243767570796393e+01
4.007167830468114289e+01
7.174970144052383603e+01
2.258309506095552877e+01
4.698005348395722791e+01
3.905274647457511961e+00
1.124118856956971868e+01
9.414954814285247053e+00
4.441049101677090505e+01
1.646067072573072565e+01
5.699000875226424512e+01
8.176467539723320854e+00
-3.807674239831175811e+00
4.729411941784600515e+01
8.750171803652092350e+00
-5.302157104518521180e+00
1.755079294421334524e+01
1.635404458927121496e+01
5.958228511479724432e+01
8.025650817228303424e+00
2.246741491424250370e+01
3.210265975887726597e+01
-3.310528613100295559e+00
-3.320361261177647094e+01
1.767383649913172050e+01
3.276146386088660734e+01
-8.670974567860227467e+00
3.440532427286802886e+01
4.565467249708760278e+01
4.180282459408887874e+00
2.511720705184965396e+01
9.110837091464794923e+00
4.851100185972532586e+01
4.914250806175145314e+00
5.182004945125336803e+01
6.104128765986470029e+01
3.840611006341039513e+01
3.259945863277027911e+01
2.216157269464605761e+01
2.160499982900618576e+01
2.050274015205655331e-01
-1.777497150413098126e+01
2.911999847127380292e+01
-5.353387287381146109e-01
3.948407821544733309e+01
3.224340571588427906e+01
-7.325507125133338349e+00
1.795976066832736251e-01
-2.252568985078568886e+01
1.065026231466893307e+02
4.700330309229981651e+01
2.985632801251660950e+01
4.759546446651165752e+01
6.326839705965140581e+01
2.493050816432863570e+01
6.997698833091209281e+01
1.075185187526703245e+01
2.792424783526037402e+00
-1.177933187101984913e-01
-1.403634426445074723e+01
1.608571790229414944e+01
3.033937028770908739e+01
4.830365726626521194e+01
3.513217721047413988e+01
4.209777781410558362e+00
3.350559875854736447e+01
-1.915371547553083786e+01
1.191065852759706445e+01
1.223814718604568341e+01
1.292059217525058301e+01
3.728564679056774622e+01
-7.884241562360411848e+00
3.706043638126307371e+01
-1.785111510209419095e+01
1.622973239068489804e+01
-2.117096167828066200e+00
5.622618891351322645e+01
-6.412531592873236264e+00
2.420233232723948902e+01
1.204269716150738745e+01
2.137066939894170403e+01
7.573295237702527771e+00
4.891164161359336049e+01
7.607344529690408308e+00
5.050780909140242159e+01
3.369659151434598243e+01
7.525398230393550492e+00
4.499001639704407296e+01
4.995875527387608983e+00
-1.010690587305722232e+01
2.233054564174990730e+01
4.593622373122870783e+01
1.039512892166758462e+00
2.760516225942993174e+01
-3.267686752693922614e+00
-6.198371368744446386e-01
1.361631334433731411e+01
2.744729995306756720e+01
3.567580382055894006e+01
-4.434368448810410257e+00
3.183003020980263997e+00
-1.599390277012710015e+01
1.171045154625379148e+01
9.413866931777910452e+00
-1.405958879986266652e+01
2.991491366954156916e+01
3.232394392616262380e+00
2.580758851977488888e+01
8.771014684659650840e+00
2.872262927416007372e+01
2.824441117283839020e+01
1.902314202666954657e+01
-2.528952388411615004e+01
9.696842441834977677e+00
1.568703655791473928e+01
4.196421118225087099e+01
2.428862474153751450e+01
-5.611060240505576502e-01
2.430075660111166513e+01
2.701583958256862772e+01
-1.749638406828304937e+01
-1.624348873704574103e+01
-1.376358684316997127e+01
7.856551711844763197e+00
2.230717235132994247e+01
2.851880900131289920e+01
3.984039526189660307e+01
1.873845464447330045e+01
-1.658679146149722783e+01
-6.766754260362002071e+01
1.329346922122284269e+01
2.060575207782736840e+01
7.658156363413342049e+00
-5.715640720968107047e+00
1.052171507170385567e+01
1.766883535422470786e+00
2.117508516912946348e+01
8.605130256917634668e+00
2.052902211423347012e+01
2.210099428088876294e+01
3.871433668427027186e+00
-1.340725073633213427e+01
1.926528925977502738e+01
1.874163554216410432e+01
4.784258506965693414e+01
1.204527390675413301e+01
2.070888656738218003e+01
2.308372610095821642e+01
3.783044366641370004e+01
7.226731244026302292e+00
4.609086078903612105e+00
1.808879211881319904e+01
5.282427725983693989e+01
-5.559146525988854393e+00
-8.932115372339190174e+00
2.125731443333172521e+01
2.842683553524327777e+01
1.240392919713799103e+01
2.445240596424264368e+01
-1.939047884589601978e+00
3.948827477400357111e+01
9.025154856885796661e+00
3.482689548474485974e+01
-2.040607375263238765e+01
2.612329137355320796e+01
1.725617323925147772e+00
2.482502630426134260e+01
-2.918396184155760409e-01
1.878566981768049260e+01
-1.667434259606402236e+00
2.099032611026767725e+01
2.166780875029164477e+01
3.477139731430966663e+01
4.282624045167416682e+00
-4.262066228260156464e+00
-4.094017510988365416e+00
3.668101454843420584e+01
2.199403414134815193e+01
3.751845241882308812e+01
-9.726608777848866794e+00
8.506652927467770553e+01
2.379193940277531283e+01
8.115755922455622340e+01
3.124393155428152014e+01
4.759240750013468357e+00
4.321419749834927160e-01
-2.120298746301781279e+00
1.423406307335183918e+01
7.812290390323310518e+00
1.120911124170985573e+01
1.390444484931281188e+01
1.703415684695973198e+01
1.821815340541532890e+01
5.223928822238792691e+01
6.600419967961425272e+00
3.560117256701383326e+01
5.298654841506243329e+00
4.906150739187243204e+01
4.075154598194791333e+01
-1.949180179265934498e+01
6.197420919773370507e+00
3.529434539982027275e+00
1.077067186860973358e+01
-2.367100963251402845e-01
1.135103864486417358e+01
1.897279743902308624e+01
1.272418665366255475e+01
1.978728822551688893e+01
1.765709295052369399e+01
7.226422038207030774e+00
1.009837204988695980e+01
1.505464000985382178e+01
-3.202938892675743432e+01
3.929592214297959174e+01
1.053374173053896534e+01
4.316972398107879627e+01
1.276204976810941005e+01
9.631933496667673467e+01
6.369084088362546581e+00
1.011882902501335479e+01
3.394635264894631632e+01
2.279347512974959500e+01
1.585723146663769967e+01
1.700779860628998819e+01
-9.594101636668451505e+00
3.797298911359476392e+01
2.866867675822736317e+01
1.328097523789879375e+01
5.076507308704544030e+00
-9.803420715451487411e-01
1.918815611367679708e+01
-9.109562310295594045e+00
-3.383878587592807463e+00
1.601841328604921344e+01
1.901103832505508962e+00
2.504723151351253563e+01
-7.750574132943945926e-01
1.814367430671786607e+01
9.743132397645517528e+00
4.139517751917703947e+01
1.276352877014912757e+01
4.044027711174388173e+01
3.892117258768668364e+01
-2.441574932248462915e+01
-1.812689258495996825e+01
2.904893073834724504e+00
2.330060238052220356e+01
-2.673227922050418925e+00
2.266529420507762893e+01
-8.769832232975030450e+00
7.432451366055633457e+01
-1.597268861660948858e+01
1.259051119251881268e+01
5.138740420423441435e+01
-9.127576566808080827e+00
1.208128036799083560e+01
2.276719599171884667e+01
2.577048316887949397e+01
3.165521257730019755e+01
3.951053291150559232e+01
1.829785033187852861e+01
4.006382695345040190e+01
2.043508399338336190e+01
1.327233716550369280e+01
2.664773557688275929e+01
3.284917929266735115e+01
-6.885571832243130075e+00
4.594123715029296307e+01
3.489872173880920769e+01
2.910625607822063898e+01
-1.903878729068122055e+00
1.954301861943093144e+01
3.978504605425359841e+01
2.531403572859612083e+01
3.336850145717502159e+01
2.884576462959590870e+01
-1.495666416463830473e+01
-5.132386513439213616e+01
2.433931722570945055e+01
6.791586446951360045e+00
8.628150855773739636e+00
1.319809034399267489e+01
2.226769041876415400e+01
2.925045189676128032e+00
3.602153997581415013e+01
7.258694796048899889e+00
2.636407201395623900e+01
2.100740771590464462e+01
-9.979418864728437200e+00
5.276858446535749891e+01
8.456601425990351117e+01
1.582825021725179759e+01
3.437367752186654002e+01
2.313034149275006968e+01
4.630423782677825173e+00
5.174993529476036969e+01
7.000632252225845065e+00
-6.330866205990488993e+00
5.129037832356457827e+00
1.344103954978883309e+01
1.495549689423665285e+01
1.880112658900148759e+01
-8.319832683895931780e+00
2.248049845845858030e+01
2.524798929783265322e+01
1.640851249414228263e+01
3.273778422186440551e+00
8.921460622332697099e+00
2.788638680506109324e+01
2.135360873971161766e+01
-1.228715300463148097e+01
2.729411680574358101e+01
4.426760961243619619e+01
-4.223932124592565174e+00
2.303089696656287444e+01
1.294818915521491753e+01
2.471434588552144263e+00
1.971880342774382555e+01
3.797569035458727171e+01
1.790378286401398356e+01
5.592000252454287335e+00
1.426863751598183150e+01
-9.565717403791573759e-01
6.252074911853120653e+01
2.637010871152174474e-01
1.072739302920777860e+01
1.862226173603171731e+01
6.178746998387475742e+01
5.966893747666489389e+00
5.030303796398724359e+01
2.529024234531046034e+01
1.723101011781562164e+01
-5.180385004159067108e+00
-4.465604673093540811e+00
2.716403287152817470e+01
2.140931659753233873e+01
2.839966979319559215e+01
3.343772454795342242e+01
2.410926638439521241e+01
1.803090270039474419e+01
5.045307069394078070e+01
-9.537736787545789241e+00
1.903072700904226622e+01
1.254472634660479002e+01
6.726751173319494015e+00
4.311980700349632656e+01
-4.838067069917339325e+01
2.407230795176578653e+01
-2.270476305694698738e+01
2.063195685188746609e+01
8.925389302935155200e+00
-3.121814818585691143e+01
-4.212479608041110879e+00
-1.145054804681763727e+01
1.435821874635997020e+01
1.032688358547784802e+01
-3.278691091681281478e+00
1.207825222356952999e+01
8.822202989056220801e+00
2.449358786081889150e+01
7.512569042363581140e+00
7.748750123169915405e+00
1.000767794375332542e+01
9.767222789721698106e+00
1.906069591004054331e+01
1.257933225558781132e+01
1.220401768960438105e+01
1.937871979201203487e+01
4.259328640213155381e+01
3.323821343516348747e+01
2.233409764360826699e+01
5.148591868843204367e+01
2.073961732602179353e+01
4.149500301400792068e+01
3.008573025812535207e+01
-2.933263158536455251e+00
4.248311438314635780e+01
7.867849308210136172e+00
7.470387997294925242e+01
3.182215942002296316e+01
2.632183709055293974e+01
2.476359782435105572e+00
2.994983604325693705e+01
1.427154411735968864e+01
7.518081987293418145e+00
2.105494868460040436e+01
1.988505288958096173e+01
1.044306666986794241e+01
1.194953267965017396e+01
2.581206167719953015e+01
3.230890188281586006e+01
-1.902664203962611822e-01
6.144306802683823676e+00
-9.518841147879882669e+00
6.008148201168454250e+01
1.477707789121674153e+01
2.422700437395356943e+01
1.913430036417629765e+01
3.434540332422978182e+00
2.132365668567400618e+01
-6.242532398928410942e-01
1.317048544937645893e+01
1.505537156514250796e+00
1.172830901625653865e+01
2.582501481543660304e+01
1.370768643421424215e+01
3.366790102159652065e+01
4.859764220277332569e+00
-5.951171180286582540e+00
3.658965299764888357e+01
2.459688774300576597e+01
3.098128195772162030e+00
1.138050151324961234e+01
7.052475462000183271e+00
5.059136528575885805e+00
7.408112426765215730e+01
-4.433255884154545612e+01
1.402367420355203542e+01
4.482013534828243451e+01
1.991265750019179137e+01
2.111739627510133488e+01
1.304801594694421674e+01
3.246720557937883456e+01
1.533761081491879175e+01
3.069183044681265571e+00
3.772530878617844863e+00
-5.411364483154081029e+00
3.291390836005834331e+01
3.251918210682406141e+01
1.120254171755102846e+01
2.941848471329904413e+01
1.254523552314989843e+01
1.311987592338465092e+01
3.107484236453061044e+00
1.878087678908355684e+01
4.527606036984110460e+01
1.757038241952403723e+01
2.434880720993250236e+01
1.334021405650489100e+00
3.597831664909843141e+01
1.605583714090488101e+01
2.382331337764346912e+01
4.689518874240333446e+01
2.713768723469524247e+01
3.318074946409018011e+00
-1.613171377302364107e+01
3.212224300568935575e+01
2.496007329533506791e+01
1.515899190574743471e+01
2.193490104036902721e+01
2.178917756649633120e+01
2.363478327652216393e+01
-1.185829514195340550e+00
-8.953780183221020650e-01
3.598809511331295141e+01
1.065625012792503767e+01
3.104476184622076573e+01
-1.246925605583770746e+01
2.359818572564645933e+01
3.785900254444680257e+00
-1.732544686813476886e+01
1.797678207717953569e+01
-8.106100441667432932e+00
1.394765927772265535e+01
2.945976026776973811e+01
2.195815146524149242e+01
-1.660943427413338469e+01
3.330410179740913890e+01
1.203533453061720593e+01
1.116386606772962686e+01
3.337943341579795486e+01
1.160917796892214326e+01
1.218422052952532475e+01
1.360544442381686103e+01
2.336170639096889090e+01
5.897949960909887324e+00
-1.799196875098690640e+00
2.402880168725278054e+01
5.564099760322507748e+00
9.136126927309415890e+00
1.191944083903645257e+01
1.314908364350887382e+01
1.001166480201415965e+01
2.287380962776773785e+01
9.904187444377345884e+00
3.053026302648395074e+01
1.523455669487637998e+01
1.614116591127531208e+01
2.513690036288205221e+01
-9.498388102266623889e+00
9.318915407978964893e+00
3.963136388221716544e+01
-8.318032099438354976e+00
2.945917936081492172e+01
2.918308968326029884e+01
-1.047208112276518577e+01
4.163459666130088976e+01
5.576609504040135334e-01
3.890058108388565472e+01
-1.958871110527381632e+01
6.022944504513345976e+01
3.408585818244340260e+01
2.401076043890645195e+01
2.374316996033141791e+01
1.123988878724210849e+01
3.549242392358981135e+01
1.575784465964829195e+01
9.765543586046671720e+00
3.214014882522531735e+01
1.742717142824539422e+01
3.686218658459663899e+00
7.910146127421921136e+00
-2.933569974640317213e+00
1.187574341466746120e+00
8.531563856971432713e+00
7.494319448743226530e+00
1.098474094902280385e+01
1.453536065873713667e+01
2.472659797175425211e+01
2.264480635698126321e+01
-2.823271406914568615e+01
1.131489523429890021e+01
-4.034910289273678785e+00
2.989762627707697717e+01
1.904825405641872393e+01
1.289048448160712468e+01
8.241187572655171323e+00
4.397361530856350242e+01
1.783892527578960241e+01
-6.420756338013060116e+00
3.184871983688786301e+01
2.247952803827646306e+01
1.408548544820549964e+01
1.319363264904913535e+01
1.106921392674337667e+01
8.262794843795919775e-01
3.064750521664528549e+00
2.678555530754115566e+01
8.348324655680551487e+00
1.519293539234615587e+01
2.740014664637570974e+01
1.161026009294165817e+01
2.750848639287188391e+01
-1.946088807884994054e+01
4.605788869462026724e+01
3.340289383326531691e+00
3.592736185092883261e+01
2.555698876725818280e+01
-1.607300254374617410e+01
3.364359760533757537e+01
-7.974234828146030907e+00
1.067831260933770920e+01
-2.230200130055877139e+00
2.389123926170212187e+01
-8.775134908432228542e+00
1.782565810442677545e+01
3.338436709580346218e+01
-2.021088685402133933e+00
2.863929351563054126e+01
2.463402286056324542e+01
1.259541670989264261e+01
3.524282476805890951e+01
-2.317006055526896091e+00
2.474885239404153836e+00
3.488475528933925318e+01
2.265835313998055867e+01
2.511112406780542017e+01
1.630765670510366405e+01
2.132342939497682011e+01
4.436134761106063706e+01
1.972339389938159471e+01
2.044768282304092466e+01
-2.948438360548115611e+01
2.835161996886592917e+01
2.504592943027475727e+01
1.285872621139336580e+01
3.218627428034249505e+01
1.569445106765152786e+01
1.857597546429254010e+01
1.142168747134238771e+00
2.766140062503737695e+01
3.216536164548031707e+01
1.270415234120940440e+01
1.546569618789282430e+01
5.214156624187721079e+00
1.639470653779328657e+01
6.430628889027037332e+00
2.284637560757466446e+01
1.229268767516095373e+01
2.429198185892964545e+01
2.349911950869501709e+01
6.227553314489817637e-01
2.102333040223637894e+01
3.147748557708285588e+01
3.601939225491912921e+00
-1.258113936695113111e+01
-2.555901345335520602e+00
4.354021667479932489e+01
2.480301579401223933e+01
1.753203936203797753e+01
3.356002628247436803e+01
-2.615201219953107170e+00
-5.072568789272754231e+00
3.734617997865433381e+01
9.256974282493285244e+00
4.815748120742716765e+01
6.996676480095109696e+01
-2.889284804033462706e+01
1.405318617609851195e+01
2.146981282950085301e+01
6.305137307642398881e+00
-2.235428351538399738e+01
-7.757178252441374156e+00
1.490261535809205817e+01
7.888971332918266910e+00
1.264858725235814241e+01
1.813418339330127083e+00
2.491131860334854764e+01
1.850951130907289155e+01
-4.609403490495083133e-01
2.703177921326796707e+01
2.198195666649684199e+01
2.043126352740175378e+01
-8.242757315922620620e+00
2.600069924708684965e+01
4.399258808966948209e-01
1.577621165450669238e+01
2.716817313326877326e+01
1.298462563483862908e+01
3.600694522160001299e+01
1.209770273865731482e+01
1.046811768572703016e+01
1.198261502349418706e+01
3.166205084915640811e+01
-1.220805375841655049e+01
5.698813596237487289e+00
1.161077595047684952e+01
3.608911000286350657e+01
4.180272857085184057e+01
3.447759166520063090e+00
8.823065230001349235e+00
2.437557673152148041e+01
9.630017183023021232e+00
-1.148897307976861626e+00
3.903446678074797660e+01
3.228972987832595720e+01
3.979264769351250663e+01
-1.576548068235611311e+01
-1.580245558796935157e+01
9.578379085235734891e+00
2.075707650399342796e+01
3.195185170428411325e+01
4.731969979215840283e+01
1.439742934955084763e+01
2.049059269149898554e+01
-2.195512879454104649e+01
-1.017772577627891195e+00
-5.858516442669788660e+00
9.871896275605596571e+00
3.241267384407152008e+01
1.308666906064132718e+01
-2.879281574326427062e+00
-4.902761520182188804e+00
1.605040960576419451e+01
5.037264220340981069e+01
1.744626388847340337e+01
1.333532062701195642e+01
2.058408120438738464e+01
8.606275551014672232e+00
1.096181098087743422e+01
1.921740893723580612e+01
5.362101267857492104e+01
3.900272197873528768e+01
3.811108072147925441e+01
2.029781867286386188e+01
2.756838310746931597e+01
5.835654755007384153e+01
7.545484704816745491e+00
2.784200167344702592e+01
-2.370128896686903630e+00
2.783939869754528473e+01
3.317133276162675060e+00
1.516333792982265827e+01
1.375388558918760751e+01
2.052428359943336389e+01
8.021666762734980693e+00
2.285155696422767946e+01
-2.901407079737765571e-01
4.386789346808969015e+01
2.648505028668793670e+01
-2.725898013566286693e+01
3.505508760607978047e+01
1.394151627886683542e+01
2.716497509440283409e+01
4.973611828744315844e+00
1.566576416575141018e+01
-2.492714400903819438e+01
2.163271774491034449e+01
1.982099115813463897e+01
2.080617862617031477e+01
-2.479437077239840193e+00
2.549122170992320235e+01
1.704638460743308315e+01
-1.060779302593726214e+00
7.582508486028768857e+01
3.199776122321416949e+01
2.155304361847057493e+01
4.485707346570073639e+01
-3.357340556439321944e+00
1.246735343798196816e+01
2.846348556405055774e+01
1.799664999247458042e+01
1.360698564014764500e+01
5.820620990736783185e+00
4.697282877635267084e-01
1.634698731386652071e+01
3.460376790967029592e+01
1.906362986057967746e+01
7.171044486238937310e+00
-5.743800939794709848e-01
-1.619698012406687582e+01
2.532610029298713528e+01
7.583901513728903865e+01
2.767967117607369687e+01
2.404212099280704962e+01
-2.695905683064165004e+01
1.974686976954126649e+01
1.678872979655891839e+01
4.983462546765910162e+00
1.094860779867249434e+01
-1.188709042289884366e+01
8.707924238087027646e+00
-1.111021359590782964e+00
2.145422857143346462e+01
-6.693780754172198755e+00
3.500168876090616976e+01
-2.297434984156946314e+01
3.079828834303653196e+01
7.963453821187902903e+00
1.843474892052299197e-02
1.852236102684104679e+01
1.526567536842925676e+01
1.668554136629614604e+01
4.366625238260280639e+01
3.187244188237455234e+01
2.610539162623662790e+01
5.487363764036039981e+00
1.758516195348820332e+01
3.084328994142756386e+01
-9.356419683766112882e+00
-1.118731080708277048e+01
3.223143304170541512e+01
1.100818927496681532e+01
1.037485120387101389e+01
3.746910119471417033e+01
3.041258634761798874e+01
2.432399160184003861e+01
6.962288946916412158e+01
3.328112497851074636e+01
5.517228813885917305e+01
1.626982949939907996e+00
1.733243594581400515e+01
3.811302410067867896e+01
2.187398230095401885e+01
1.551327969100320558e+01
2.552074324908523550e+01
2.363287461646347509e+01
1.953451639874241152e+01
5.095838485584692990e+01
2.385431307769064091e+00
3.472521228346695210e+01
2.538350301575253454e+01
-6.235393328354916775e+00
9.442094651205632516e+00
5.084255552481231888e+01
-3.416983505238526675e-01
-3.181199386915036342e+00
3.041613604780592084e+01
-3.255871215255182705e+01
7.418590990510432803e+00
1.180458922759896723e+00
1.472679380503881852e+01
1.458132191643697340e+00
2.954281954736041627e+01
1.928037180295425301e+01
3.077773740005214620e+01
2.479647612279694613e+01
3.372063749869446525e+01
1.312475616139541046e+01
1.949580960085675940e+01
1.249254315853890063e+01
1.607194442973954907e+01
4.993024931577210168e-01
1.992459441952203392e+01
-2.906467410131519102e+01
4.023904099526573930e+01
1.166649272216407418e+01
-2.124485828820404265e+00
1.873010146229714934e+01
3.532240029035472872e+01
-4.900933536467398710e+00
1.346652543378176503e+01
3.139939832900865468e+01
6.377631666113284581e+00
1.982438760368073360e+01
-5.937387662204542949e+00
2.468355637429818472e+01
1.374618029964296184e+01
2.054272359477226217e+01
4.999109087315313360e+01
6.289907787929598726e+01
7.817212433593515186e+01
2.661314285566731996e+01
9.044820653418150869e+01
3.448823238301446992e+01
-5.084521077409439727e+01
4.153991266470158195e+01
3.508041110174558952e+01
2.679746231804353584e+01
-1.969686863577940272e+01
1.291922160294003774e+01
1.631381125051319003e+01
1.383002058766723685e+01
-9.392230385815945937e+00
-1.806107355652563484e+01
5.883946102500322795e+00
5.919456258435440787e+01
1.457563544135094524e+01
2.994158535543351007e+01
3.748902586426775940e+01
4.031264155489583345e+01
2.576565875946975837e+01
4.747286746673324842e-01
1.985605733064979006e+01
1.000427670729633078e+01
1.989924092346951667e+00
2.753635795819596055e+00
-1.112165081106113718e+01
5.196634356462116955e+01
2.097518371092193235e+01
1.544806730845831311e+00
5.967402107573427372e-01
-1.478031931159051737e+00
1.121385216253620598e+01
3.923396668458352821e+01
2.275596784259671779e+01
1.962387611013706135e+01
1.321960023351567770e+01
3.528499945747386590e+01
1.999563478336863298e+01
2.687988823304913311e+01
1.400044873928174027e+01
1.118880617348986384e+01
5.828163568632124480e+00
1.947994854722860225e+01
2.050982221833331920e+01
3.979262666582130947e+01
4.324312324227895488e+01
7.107159471149421393e+01
3.806565707029331946e+01
1.302195109394869377e+00
1.340768751186003982e+01
2.211487678601234563e+01
1.643664261939779792e+01
2.607053802444647772e+01
-1.362462001013001966e+01
2.606509825586684670e+01
6.349070547319792013e+01
1.299291215938479205e+01
7.599017882004188706e+00
1.840145870008709394e+01
2.388048237045988742e+01
4.045214326842442532e+00
1.813482008887232411e+01
1.165432769998468387e+01
1.609691113020712550e+01
4.430831697817058057e+01
3.458750954213310536e+01
-9.451700076762200808e+00
-9.073540843443769432e+00
7.132146902102007857e-01
-1.037722462648368804e+01
1.079145031592479143e+01
-8.556351618254531388e+00
-4.212610064125623666e+00
3.475290597248973157e+00
2.399801456039028835e+01
7.468243372195175311e+00
1.536117618448805011e+01
4.085198415153668350e+01
-2.220309090441613620e+00
5.804785980971531245e+01
-1.398717356117874289e+00
3.073520426153353213e+01
2.325148625963400661e+01
7.596404814543301853e+00
-6.313468949835968402e+00
8.685938594839916149e+00
-5.719085267645592552e+00
-6.951293199373825615e+00
1.863050549087616758e+01
-1.379054127450731926e+01
3.098225695304236638e+01
-6.360782735209362215e+00
1.140037232369760289e+00
4.429007058586480028e+00
-2.526024851392274684e+01
5.769586316157151629e+01
4.689510609441147437e+01
2.020868395821220531e+01
5.402745245252939199e+00
1.327257668776775645e+00
7.236013505224875075e+00
6.288299321549997956e+01
5.398794208730691935e+00
4.056605085010340872e+01
2.967657553624905376e+01
3.995467574029632374e+01
2.373645119722175423e+01
1.045464731130598679e+01
3.423928996449751594e+01
4.991849759025446787e+01
2.560189648747526547e+01
7.199397514548261157e+00
8.257556419523455205e+00
3.637760103354170838e+01
1.916898584914807913e+01
-6.227450181791052586e+00
2.811556787026893289e+01
1.979229422567296126e+01
1.736063649671098830e+00
2.905198543028105007e+01
5.879092388214736786e+01
2.126221995479002302e+01
6.482314659014612346e+01
3.193219016899562845e+01
1.924126175617819356e+01
4.166721036957792279e-01
3.665438867976502024e+01
1.068309397467431943e+01
7.738470489274019926e+00
1.443833207695758247e+01
2.123408920574405556e+00
-4.096131873847632221e+00
3.372118605698882732e+01
1.844323259267772031e+01
1.082980416618909736e+01
1.682479791587855544e+01
2.057483754526020903e+01
7.828300604376055460e+00
2.434503094539395818e+01
1.190571436794007809e+01
1.335463275595946087e+01
4.646373644832827665e+01
4.537866885981516774e+00
6.075784593512214116e+01
4.520514189150619089e+00
2.158685636199327362e+01
3.489042597805975277e+01
1.009813541018545280e+01
1.121624269966833154e+01
2.190734437706673532e+01
3.630196753257135356e+01
1.833020935776442428e+00
3.533288854655433653e+01
3.549254754125455236e+01
-3.258201389716379737e+00
9.555654077451276152e+00
2.308102053083045391e+01
4.017352706464430412e+01
4.486224184852234842e+00
1.977792909159769508e+01
2.085028948565831186e+01
2.270016259567405825e+01
-4.111572747368082759e+00
2.024920684363411993e+01
1.752264834845746933e+01
1.132665880066348407e+01
1.025512464579128036e+01
-1.165808054555614959e+01
-2.968444793338665022e+01
4.395606068082327056e+01
2.773865552933342826e+01
2.685990633863891119e+01
-4.205276411282920179e+00
3.722573398668804145e+01
5.396829611813518568e+01
1.097339300880499735e+01
3.729682368913695001e+01
2.255625658387414489e+01
3.237436281997644016e+01
1.353444575212813206e+01
2.717517235341219362e+01
-9.188225029365931107e+00
-1.253838727853001700e+01
-1.737840799906765810e+01
-2.150985085667739938e+00
-4.376509479643708289e+00
5.500175371496869303e+01
-5.425135429932915088e+00
1.156573123006276660e+01
4.587447314638360751e+01
-1.344186842348995370e+01
-1.574663505500235416e+01
1.274219101932640896e+01
1.811849820390086307e+01
1.449832161137540432e+01
2.119738282171850230e+01
5.393953039184229858e+00
-1.396918582265475450e+01
6.154772002177780976e+00
1.049168722103547502e+01
1.902261041412602793e+01
6.323990557597490181e+00
2.014627896532241991e+01
-1.017170757151632188e+01
4.106725844965818339e+01
6.558562317636145167e-01
-1.839745864733091452e+01
4.298623255932007936e+01
2.454242337485772651e+01
4.528425413301356883e+01
6.639591387929757005e+00
8.843009247968495856e+00
2.592823300428950262e+00
1.199430036232450192e+01
3.701304976665782220e+01
2.276052457707206145e+01
7.902395406015916279e-01
1.038963236346192076e+01
1.206135358500394616e+01
6.438339435264617805e+01
5.830660254559639100e+01
4.009178180640302003e+01
-5.624415908778495066e-01
-3.853950371622855897e+01
-2.017929243059981559e+00
-2.018960532636473459e+00
1.667129051440661414e+01
-2.027069905812307837e+00
2.431202094749241738e+01
-4.624202816228670798e+00
8.959362991865365444e+00
9.722645470731919204e+00
3.114355750982676341e+01
-1.972797483936933105e+00
-7.562302371359610476e-01
2.059471673169781525e+01
1.411002328708035058e+01
2.174605876106678437e+01
2.475371031704531433e+00
-5.806100656807096527e+01
-1.943432912172649196e+01
1.460612669616376635e+01
-2.328706552915909356e+01
4.877637819135266284e+00
5.172817026663913964e+00
2.143973076537363553e+01
-7.409396628297244547e-01
5.668431064255431195e+00
5.437907462618824184e+01
1.968466270625463466e+01
3.030882620854422527e+01
8.149906552730122655e+00
-2.905155077790720242e+00
3.234782075856960404e+01
2.603620304918799278e+01
1.345196444683189796e+01
9.006188015899258659e+00
7.908873826401581653e+00
1.486509235050851174e+01
9.624786378493849881e+00
-1.144859015413468128e+01
3.620834711641055748e+00
2.670659868455928176e+01
5.523874237174695168e+00
2.266440817993710510e+01
-6.873703375838687180e+00
-3.835633363189522527e+00
2.441128264753380250e+01
-1.732935927132221110e+01
2.621310317701779979e+01
1.962453761637475935e+01
2.856323090073988524e+01
2.485955335260636900e+01
8.577192100157491339e+00
1.130738689814135789e+01
2.137893229789526828e+01
1.759819251003337470e+01
1.810516860067381373e+01
1.875561002829068613e+01
3.028160278823985152e+01
2.286306186110802940e+01
1.982129188376798723e+01
1.910458853574930060e-01
2.840908132512686990e+01
-3.282815446270571869e+00
-3.811489983086481459e+00
1.085241072018358999e+01
3.658502842267694177e+01
1.191147046192140557e+01
1.345190187267994730e+01
1.624379489946703004e+01
2.199146762230115826e+01
3.042076956677830424e+01
1.160166646167141025e+01
1.336853452800085584e+01
2.280376641641012014e+01
2.154147602682374796e+01
3.966367507638379308e+00
8.834689201019177318e+00
9.824224741289274476e+00
2.609376736619496739e+01
9.591368168834154773e+00
2.522160478419428387e+01
5.820879823942340181e+01
-1.746175362049049085e+01
2.227303327760470353e+01
-1.660434806507844030e+00
1.893114090653881476e+01
1.813447247637771298e+01
1.711291584303085855e+01
-1.157459371484153365e+01
2.121745446528683843e+01
-8.520059176877037288e+00
2.270238652088512055e+01
1.011951818514516432e+01
2.619116672051161743e+01
1.791912827718487122e+01
3.830541245050477528e+01
-3.465875823167955616e+00
3.191508387012534342e+01
2.225138540012443045e+00
-2.046373455588624068e+01
2.634156449533441702e+01
1.656234667881020428e+01
-1.885029198172816223e+00
3.516960565237553737e+01
1.678419648281489174e+01
-2.750880352828581010e+00
2.542185235395030674e+01
3.974911642306206971e+00
2.264237405692013638e+01
-7.647154229930421820e+00
1.712006970586104515e+01
2.060612251521128613e+01
2.670680939869121318e+01
9.785895871049165251e+00
1.021818746985991488e+01
2.697754329198124523e+01
-6.215557490482485292e+00
3.959647750846686165e+01
8.391139127198083969e+00
1.338843724433405846e+01
1.940038811150433062e+01
7.877915570582237237e+00
2.258546164897162001e+01
4.244904616089766591e+01
1.285089190048080354e+01
2.045617843170582972e+01
2.330225506556124060e+01
1.364172316156772524e+01
-1.335327346615639854e+01
1.660330174906271949e+01
1.063265374910588434e+01
2.295644496878727026e+01
2.692004596442554387e+01
4.137071944644332433e+01
3.102725095176618453e+01
4.848409225030659542e+01
4.652932383581568843e+01
1.121601503684005330e+01
1.196390669072471091e+01
1.509526587548615240e+01
4.374474755935844783e+00
7.313768133199415544e+00
1.059436807500507705e+01
1.538721481325579177e+01
1.459907390402135263e+01
6.926079620857633401e+00
-2.843780896070683184e+00
1.070469361348823512e+01
2.254271106290379123e+01
-2.093293780136411897e+01
2.884962165891313646e+01
1.400885886102864752e+01
-4.602205686293103781e-01
8.251120721108700096e+00
2.703428941883235836e+01
3.435489792214175964e+01
3.156447924956899342e+01
3.677349298056969218e+01
4.143241033806326357e+00
3.154211098289503923e+01
4.472781928186771339e+00
2.433017771189636846e+01
7.515291150642712026e+00
3.593590346914114164e+00
3.725081496548165205e+01
1.988493593950048322e+01
-4.496054228177719381e-01
-1.500471986490126142e+00
2.668021554648576199e+01
2.461787417479580498e+01
-1.314480452068467642e+01
1.677229747700986806e+01
-3.882094768082225755e+00
3.816374537845648263e+01
1.537893360272217436e+01
2.201745279779812137e+01
3.203621047133103161e+01
-9.133101968034154083e-01
1.651088280095404315e+01
1.442648607340269606e+01
-8.191524883082383468e+00
3.181666063805922562e+01
9.699182393682287184e+00
2.933082494722069100e+01
3.567012543840561278e+01
-9.632682265943941502e-01
-7.791925561345507845e+00
2.532221716289112123e+01
1.909963033499840890e+01
3.989621164788591301e+00
3.871874017711799354e+01
4.485688927411138849e+01
2.533058620170654507e+01
2.318155581016217326e+01
3.168642255454289014e+01
2.395203211231660134e+01
2.205992678585016620e+01
7.656908574852848481e+00
1.874521516807289956e+01
1.634248278592494685e+01
4.024479495370191273e+01
-6.014532575575984197e+00
1.099298743617468688e+01
1.039524939558508088e+01
1.769906210053776618e+01
1.331043124988763537e+01
2.325237445056196606e+01
2.563882670804505892e+01
1.953323491450668570e+01
5.891706023404450931e+00
3.966755877470868086e+01
-1.199006061105234977e+01
2.049442998547252515e+01
1.869665698666119980e+00
1.970020620375430198e+01
1.344379671391061315e+01
1.735335247568978545e+01
2.157085317658012258e+01
1.939163296754939481e+01
2.845416981668684642e+01
4.257425399695114976e+01
2.571955198418183386e+01
4.619773851227942174e+01
1.307066659349666260e+01
3.601203706244921676e+01
-1.141763943804327752e+01
1.859992852777526551e+01
5.893200897623316337e+00
2.463892159788489522e+01
2.933060665770353381e+01
1.217936666948885538e+01
5.832519737499911372e+00
2.803649805937081041e+01
1.956637764692821690e+00
-3.554529540945416954e-01
1.608916547160406552e+00
1.415435910473503078e+01
5.818910248609727276e+00
2.959089855508644007e+00
1.979146470373756372e+01
3.769540017465656945e+01
2.187707065935868656e+01
3.914568980614347993e-01
2.097670113757843779e+01
2.665611736360737183e+01
5.978324329351698552e+00
2.095024743515287113e+01
1.526496565771335234e+01
8.386540795937236226e+00
3.038337965657973427e+01
4.403218689812977260e+00
1.383899554880011706e+01
2.755012526482008184e+01
3.077155600474979025e+01
2.404299732914402199e+01
1.181880229212435296e+01
1.575228414917599551e+01
2.789466759531588735e+01
7.941940853825357749e-01
1.024269492367242407e+01
5.522408182850908176e+00
1.956658453863259695e+01
2.485354661500638684e+01
-1.121967242098978446e+01
1.689415030443085897e+01
1.509890797794705364e+01
1.874988043835084284e+01
1.880235150186113202e+01
2.008110827651978170e+01
1.916055215943660528e+01
7.760465755056433323e+00
9.932268351907573845e-01
1.128873556303627268e+01
3.875275252597740661e+01
1.982710864488198155e+01
-6.385152767157162401e+00
1.660272524992442911e+01
3.120054387006460672e+01
3.865516258417386553e+00
2.849283138630858403e+01
4.238985033239247002e+01
8.978328813445275003e+00
2.122327358049514245e+01
-4.114350474574667516e+00
2.674062609687978664e+01
2.317796310684600769e+01
2.845483645177388610e+01
2.760872635581585399e+01
1.009220396845256928e+01
1.756064310801695427e+01
4.817091166757663245e+00
2.470656931411794233e+01
1.367209839858932519e+01
9.767976560540258646e+00
-1.154076710947762763e+00
2.762458564238482950e+01
1.418915503301234438e+01
-9.605572194566107669e-01
-1.165774472660805472e+01
-1.293796778466788311e+00
2.680555935404402135e+01
2.422570665194474770e+01
2.676887350449444725e+01
1.119217503653822021e+01
1.565993297754003777e+01
1.530345596508396433e+01
2.521882732120940318e+01
1.335736523751266702e+01
3.215456171018446696e+01
-3.276376434660083703e+01
6.393166569006836397e+01
3.736413541643965885e+00
1.864853329402441418e+01
1.384561003959226255e+01
-6.299343715847403047e+00
9.526106877432290787e+00
2.289905861640730222e+01
2.403384338271804310e+01
8.659849993970812676e+00
1.984655234624864661e+01
4.877823247546531960e+00
4.559093097354862678e+00
-4.158239099569609465e-01
1.949671687724181979e+01
9.719002951734855955e+00
9.289371948660360090e+00
2.177087116046848791e+00
3.038613051947098853e+01
1.508982038933590530e+01
7.351154475284005230e-01
1.474978914326014312e+01
1.462259827873638329e+01
2.485819121785966246e+01
4.790196468535711460e+00
2.227789205842946529e+01
1.986783957251359212e+01
1.909783098545497992e+01
2.599210418757127172e+01
1.671918370202192250e-01
2.132910204332238635e+01
7.008819690307216632e+00
2.154841116866400341e+01
8.389851985233057974e+00
2.365599506011299269e+01
1.642161394683428455e+01
5.228629524104736248e+00
6.375977431602207091e+00
1.434473075716729085e+01
2.191540813196784399e+01
-3.589141771610498211e+01
3.726582743298781963e+01
1.090760409191395652e+01
1.739166221669834300e+01
1.248237976193131793e+01
2.966680417063980002e+00
1.087287947373872399e+01
2.799072292151159047e+01
1.542103712184627007e+01
5.976383597640566592e-01
2.152596222714298690e+01
1.596656026558157748e+01
1.690871896262249052e+01
7.627175175476633484e+00
2.643579894133077346e+01
2.204333938224806744e+01
-2.034509717057176204e+00
1.245129532105834436e+01
2.278005073073272513e+01
-2.097091922029427025e+01
1.397323463359295381e+01
7.347564210726547529e+00
8.045513850283914081e+00
9.083486067382981588e+00
5.199228950175836417e+00
2.169670599232496500e+01
3.595772404133401068e+01
1.208777744285436562e+01
3.744896676667122648e+01
1.565217891851837528e+01
-1.154364288865103561e+00
-3.483230182659038832e+00
2.484133514509911578e+01
1.097124853573076209e+01
1.573594854440864665e+00
3.524470161080637354e+01
1.783147874008546196e+01
5.862252101395117876e-01
2.082050098656332437e+01
1.025741431803990977e+01
1.300612965958810818e+01
1.969705142854899904e+01
8.120288714612449610e+00
1.009991837437866025e+01
-5.411286907090570253e+00
2.030271207153901969e-01
-7.443061316964385554e+00
1.348067755853731065e+01
3.951570725859426148e+00
8.353034252047482511e+00
4.223246648761292477e+01
2.188882020934106976e+01
1.438419582977572730e+01
2.794209804437872435e+01
9.303843015570123498e-02
3.110904025336537160e+01
8.946503545491259146e+00
1.298384165967199522e+01
1.727813989450163845e+01
2.511924729802092671e+01
1.000644096077483702e+01
3.280812108073818933e+01
1.004325924202234965e+01
2.291462312860629780e+01
1.306348563853598321e+01
2.862024641225643151e+01
2.316394661175371894e+01
1.518820530409933056e+01
9.152944393918946986e+00
2.691444525725198744e+01
2.057989043991081601e+01
8.679930371984657000e+00
-1.336231998655933495e+01
3.462427385978465111e+00
2.527235943356014758e+01
4.613104284273642008e+01
1.534631723796757896e+01
3.916918981262322319e+01
1.018850451128904133e+01
8.145574108859801044e+00
1.455740074609281010e+00
2.635906515001396144e+01
3.085825191141499602e+01
1.060189704467969918e+01
3.007943518653305404e+01
9.468763158292235360e+00
9.561920425196056783e+00
1.139160517843722964e+01
1.071117452496816114e+00
4.641349902355626611e+00
3.127835750019110961e+01
2.230641285612807678e+01
1.653741063029675118e+01
2.043755929114636061e+01
2.057846213579730943e+01
2.471555467304769849e+01
1.707757960265297470e+01
2.261404117501182398e+01
1.627655168696624699e+01
1.093821688234668343e+01
2.404611721726472950e+01
2.501093920253364189e+01
2.539667472378006607e+01
2.329343114526412251e+01
3.696744637771327291e+01
5.123670600712964429e+00
1.959871368803369052e+01
2.891560130766168157e+01
7.976069360935612806e+00
2.532673725878066762e+01
1.728917096754444316e+01
5.761443627185462191e+01
1.163872729339976608e+01
8.236088908581260526e+00
3.598796414374804797e+00
1.612664566025550172e+01
2.871841183926984797e+01
-1.641903962353648438e+00
-4.631770585216489877e+00
3.552130529910901657e+01
4.242770442547754328e+01
2.685830784365536772e+01
2.375859417683993513e+01
1.898461082854515780e+01
1.767589612421688017e+01
1.101994146429996135e+01
1.548979188729378187e+01
3.569692868210898951e+01
6.356043898380802304e+00
2.406487484702335422e+01
5.114642097312479052e+01
5.864903986531223978e+01
2.984496279530283402e+01
1.826175088482007780e+01
2.565717059303960212e+01
1.587195151151134809e+01
2.074747244330471574e+01
1.120021050793446094e+01
9.857605284319866712e+00
2.417218101475968339e+01
1.590372252684756837e+01
5.817195954043725692e+00
4.215074098267399094e+00
2.430945514294531051e+01
-4.530750816030177930e-01
1.943337645474237974e+01
1.002926710365866647e+01
1.291619907927701405e+01
3.098120198069707953e+01
9.374196028546876391e+00
1.943390602675110657e+01
2.318641734187522374e+01
-5.618613738328981810e+00
1.058880376772129672e+01
3.188181411106350538e+01
1.472412693724116828e+01
5.347503654386838434e+01
2.527228410797959413e+01
2.499492842156930550e+01
2.397845697774538110e+01
2.671375119455931113e+01
2.867759921968236370e+01
1.038088324614365199e+01
8.155641226292296153e+00
2.021023694677414539e+01
4.034238840973506512e+01
9.657393473595540456e+00
9.822399625463587469e+00
2.097234601038609014e+01
8.740118790322521036e+00
3.026269412160615957e+01
3.598269806256894299e+01
2.542530120662261339e+01
1.830487375516207393e+01
1.696616165180975244e+01
2.175321226226816407e+01
1.667067561572479661e+01
1.157332848939946501e+01
1.575326225645894240e+01
2.960667842555804441e+01
1.511065798732317944e+00
1.995473684035554385e+01
1.058624307439143308e+01
1.234515364803332282e+01
-1.428385491740895574e+00
2.614747950913962171e+01
2.220305519662685967e+01
3.314643864396084894e+01
2.578282338295523601e+01
2.192974938614805325e+01
1.324974225526751681e+01
1.440319543107846201e+01
1.764545645389268813e+01
3.379426891088402130e+01
-1.752079433982704160e+00
1.185444354381065857e+01
1.870268409769178319e+01
2.785379103504439513e+01
8.388979603628746062e+00
1.878867299348361186e+01
2.623722864415285727e+01
2.057075729580096990e+01
2.103359900624351297e+00
1.439568809425416873e+01
2.740387312057934821e+01
1.468551881333765330e+01
1.990582486339708979e+01
8.310001473707018249e-02
1.628834473772447922e+01
1.769555300603706272e+01
1.699934357858699840e+01
-3.717662508052466563e+00
1.310939792544397342e+01
9.390814207188633134e+00
2.014046721506526083e+01
1.606503978098407970e+01
4.371316983386043020e+00
1.576041772937373864e+01
2.083238416664773851e+01
1.643724436253218357e+01
1.999050396537059981e+01
1.702444195617967182e+01
1.559763690941270475e+01
1.806768864250176065e+01
1.994215019350784601e+00
3.121978015720800670e+01
5.823689161116661239e+00
4.443528980781995585e+01
-3.541402687581637565e+00
2.075938505010003965e+01
2.752975361617092886e+00
1.527727470478811966e+01
4.022908153246537211e+01
2.480799305941666688e+01
2.196444543997073495e+01
1.685214518931554650e+01
3.688400336651987743e+01
3.041861668274027153e+00
1.831465091804151513e+01
2.333326125858902600e+01
1.935678669807698071e+01
-1.026530268352091468e+01
2.980630230070666187e+00
-1.977665546984574974e-02
2.030258460552427380e+01
8.223981447848299098e+00
1.079789175369909060e+01
2.180489024823730304e+01
-4.971353454105980063e+00
3.417060958133351534e+01
1.243076863008676902e+01
1.442360976433751674e+01
-5.926778498787584226e+00
1.079231111738304172e+01
1.049080068241902453e+01
1.742893430650496711e+01
2.028260099505125780e+01
1.349258063642021632e+01
2.247135682005436053e+01
2.173412437116512308e+01
1.967485704124838009e+01
2.914316187730386787e+01
2.418757798879299514e+01
1.464780797178545235e+01
4.838710949078761203e+00
-3.628181806396483466e+00
1.606112642062246820e+01
6.343071982169099954e+00
2.094975146835972168e+01
9.756275172402128604e+00
1.079646220274914548e+01
2.340292770761263341e+01
2.364545509178308436e+01
-5.166248912528555337e+00
1.871766882700140400e+01
1.279770782015932085e+01
-5.509076086218765766e+00
-4.907608576464763672e+00
-3.334045212880102582e+00
2.393170296907449313e+01
2.171808295788396137e+01
1.725750047891795802e+01
3.398825215235528674e+01
1.639761676807882651e+01
2.212686641562404688e+01
2.091380005044887014e+01
1.980014177620096660e+01
2.657542508997644859e+01
1.390374325625655771e+01
1.359446780555786560e+01
1.143626617872918771e+01
2.325849085290783691e+01
5.218245253079734525e+00
1.021604370003694484e+01
2.665088774608588906e+01
6.668976619288081054e+00
8.398289757344848283e+00
6.015840806735205604e+00
1.300927608142050040e+01
1.449068690881352950e+01
5.020507531472576446e+00
1.293959684941947330e+01
1.718873681960810273e+01
6.571552651895286701e+00
-4.848505834588792140e+00
1.296027931612535156e+01
2.918600935295817322e+01
1.039884191419768200e+01
6.005033102930019240e+00
2.719502282717722252e+01
2.121644494620010590e+01
2.251130786034490683e+00
7.911538095809600435e+00
-1.213710490977142342e+00
1.371742253289580660e+01
6.957860861855930779e+00
2.272989330356297444e+01
2.022405132290583651e+01
2.660782159467525787e+01
2.944524831551859023e+01
6.899832024048871304e+00
1.345767004774378073e+01
2.693162731961475487e+01
9.833362126155801519e+00
2.829284267781446971e+01
2.335180375282249798e+01
1.134272401218310478e+01
2.968684101104461703e+01
1.499220488720815680e+01
3.674717907050201404e+01
2.210150647515502342e+01
7.412106067255207265e+00
9.808704109537698557e+00
-4.459773597376791798e+00
1.447290917877763228e+01
1.608665293509692518e+01
5.420005863125091139e+00
-5.675323003811168832e+00
2.511056808894615600e+01
1.186709078491822389e+01
2.311358855592624906e+01
2.314869215183683693e+01
1.415663566762069259e+01
3.502485886702871198e+01
1.386890336880478181e+01
2.922186727005849249e+00
1.691971271776389329e+01
1.866521172413577290e+01
1.101520163781943040e+01
7.389001279662267940e+00
1.110505773544900165e+01
9.834497956348725367e+00
2.242747112726799941e+01
8.619452720683423053e+00
1.888421657534862419e+01
2.616423204190335383e+01
2.200855016650279339e+01
1.102247824849149183e+01
1.434554437319157039e+01
1.935068866983328206e+01
1.225160626765870120e+00
1.614815186050535090e+00
1.418293117228245315e+01
3.025050397666620228e+01
1.981660393051360813e+01
-8.959901464451373698e+00
2.483464946305518595e+01
-4.311240230256512262e+00
5.688623469777015274e+00
2.744954661129469287e+01
2.117936795176796139e+01
1.930393309319583395e+01
3.589582399848652017e+01
1.184467483450759495e+01
2.260007735328711576e+00
1.899961903995622237e+01
6.525543105699814994e+00
3.758660913124865388e+00
-1.737490863545403386e+00
8.125454509503743594e+00
1.164328307243348348e+01
2.921606175650367732e+01
-1.676466107154043428e+00
9.997906357141202349e+00
1.436791393002872930e+01
2.806025399525974962e+01
2.507669336610079114e+01
1.662643445455723779e+01
1.192966966136233253e+01
1.137148968182747311e+01
8.334849742891591973e+00
2.444673009797151053e+01
2.844942058376490834e+01
2.606583778488788994e+01
2.074593512312848986e+01
1.675162806832754114e+01
3.626075127612001125e+00
8.041634135647548476e+00
-2.666493709222038433e+00
3.489181460972421434e+00
2.626794112249183044e+01
2.661985322818063437e+00
5.757780894322909404e+00
3.339962780526280994e+01
2.291534779419155754e+01
2.904788596790645272e+01
3.733561652007509224e+01
2.483649344987740193e+01
8.985001528785794278e+00
2.431160849689441505e+01
1.151554374111912971e+01
1.343257277265163019e+01
1.583352448339269003e+01
2.045112975510901876e+01
2.929591996748106908e+01
1.789292939094055157e+01
2.427708857085207939e+01
5.610798358029359889e+00
3.226019743152367170e+01
1.441658838061350423e+01
3.816855827210003937e+00
3.570720911835547184e+00
1.626668986472134648e+01
2.184302385375391253e+01
2.334888288171096704e+01
1.061985955473067733e+01
1.221410761195396333e+01
-4.619994093218014797e+00
2.349730243037241451e+01
5.557343099986505663e+00
2.053900668860403655e+01
-1.954829143973947581e+00
1.390424700424340188e+01
1.828564842789609557e+01
5.558618271523506849e+00
8.378744396633535985e+00
1.667540802628380803e+01
1.489962692202477434e+01
1.268991953702720465e+01
-7.176323537022952337e+00
3.531778556346162645e+01
2.710750564159852161e+00
2.831015107940973863e+01
2.319437651192505712e+01
4.574500712061346519e+01
1.851778407650492753e+01
-1.426829291217497797e+00
8.222545418211238299e+00
1.437326823551420851e+01
-2.237153614098133403e+00
1.510868603966350143e+01
2.465558136808837730e+01
2.128034977527666882e+01
-1.377559953381545554e+01
1.237159346093167045e+01
8.670129228558103307e+00
2.159935642904253683e+01
2.087709965677453994e+01
2.972512018229129893e+01
5.709750556476812733e+00
5.442865379287324501e+00
2.066086168569942316e+00
1.301862980009433457e+01
1.207542756876467926e+01
2.380349367136993521e+01
2.450652410022894756e+01
5.734135192842815698e+00
2.605087001094572940e+01
9.107271777316690020e-01
3.217022154300066106e+00
1.724024918244618831e+01
1.493711326577664877e+01
2.672306013598269203e+01
7.874269484495966864e+00
3.691536440901174387e+00
2.612156342766985517e+01
2.111198465502876687e+01
1.981383265170697072e+01
1.263252226987305171e+01
1.170300977739546866e+01
2.365207250916019888e+01
-9.880633110298628452e+00
2.147049535328592285e+01
1.893904235297580030e+01
1.548802518282575136e+01
6.898703293430079597e+00
2.701290361473392210e+01
2.571931007298604399e+01
1.932927246770169205e+01
1.010472758395770221e+01
2.300623505466116825e+01
1.545057813745172126e+01
1.670828287924891242e+01
1.373092088717839410e+01
1.671536030243355242e+01
3.410181280327206466e+00
1.718624018448684154e+01
4.814542969424216778e+00
1.483686828484585618e+01
1.369227689912395007e+01
3.120726341141937610e+01
1.836288406891665304e+01
2.195384653943428788e+01
8.434270286032806041e+00
1.575188900058883412e+01
1.158455957313404028e+01
1.748195631037968667e+01
1.419418210548533921e+01
1.454701515095900533e+01
2.885495901018815701e+00
-3.210009588875387010e+00
1.480366556272728396e+01
1.026009993552400701e+01
4.669245238279101429e+00
1.162496400855010847e+01
-2.495705884680241127e+00
3.178645986047878935e+01
-4.259869777395564938e+00
3.416264656302406877e+01
8.692527099394787626e+00
2.335675475039167281e+00
-1.148606057738419395e-01
2.654187738589980228e+01
1.501966491089276801e+01
2.271941442936324762e+01
3.140804673919128476e+01
9.090903215019007888e+00
-1.531490473106107686e+01
9.055618687051303795e+00
-1.218638628285951597e+00
3.202788740854879279e+01
9.569100960115385135e+00
2.886335916962230641e+01
1.074077719164734290e+01
2.535700569257660675e+01
2.290688739976838662e+01
2.256663573330815709e+01
1.237156743995566899e+01
1.628189159259399332e+01
2.407554981826482532e+01
9.939121349558238450e+00
2.206525428745717932e+01
7.118480205090585322e+00
-6.233244541882665857e+00
1.101079377432858664e+00
1.095409213499106116e+01
2.307398106551782746e+01
2.377486979501853881e+01
1.280728883231186188e+01
1.906378110522676295e+01
4.462384045993728066e+00
1.269808088858188455e+01
2.897408400334391843e+01
5.760986691490900924e+00
3.362956332522669101e+01
1.916321730960243030e+01
1.909050061523098663e+01
1.194398727986154363e+01
1.238297985374533283e+00
2.507207925405515425e+01
1.308205790316586103e+01
2.003252689287387867e+01
1.523410170764751825e+00
2.414720382957230171e+01
2.874389859955266502e+01
2.341639428534126921e+01
-3.497133728698703692e+01
1.095413281080666934e+01
4.154385124709190791e+01
4.178513194604814629e+00
1.042525767623261146e+01
9.919258213056744822e+00
1.850476499275688269e+01
1.572092347972673565e+01
6.017359142507240577e+00
1.822028016028432518e+01
3.171105300188486709e+01
2.899240221951733076e+01
2.636659077666723050e+01
4.957122540425411117e+00
-3.308118927804908793e+00
5.740990340082088750e+00
1.739213080736899286e+00
1.725736096129300989e+01
1.633583350972387649e+01
5.268836003725832384e+00
3.585050857471768637e+01
1.300585440178740804e+01
2.919798113993725863e+01
2.042525386806293497e+01
3.063580768275574684e+01
5.330656544384417117e+01
1.226507527947382847e+01
1.230430042280517355e+01
3.288284222188947581e+01
-3.916086909032809871e+00
2.269136296600251512e-01
1.911782441331016358e+01
-5.678822633413965093e+00
1.346855202381177463e+01
1.127654361934024330e+01
1.813409625866922781e+01
2.420842222710660963e+00
1.828140494219945822e+01
-1.056022412385202003e+01
1.143565325402351718e+01
2.371459492777842826e+01
3.590645429408482414e+01
1.917833495178773617e+01
1.727862544173445158e+01
4.502894499382747995e-02
8.094889366111841511e+00
2.591391407634733923e+01
2.700937631025622565e+01
2.893570942612146268e+01
2.569215359806560528e+01
2.192881850822363532e+01
1.618307107463418149e+01
2.988713822176890744e+00
1.062848863528476961e+01
3.130666905717594517e+01
4.682654861023158333e+01
4.609438708893540593e+01
3.108515970790693217e+01
2.380547256673252932e+01
2.510365891440997643e+01
3.544410060420227637e+01
2.942403778294614725e+01
5.100054180598588971e+01
5.157109283864852500e+01
2.742192816762030105e+01
1.794938410908064697e+01
1.768707165528561376e+01
4.762083819081388469e+01
3.534082878744899858e+01
3.343020977921648296e+01
1.819426708453058694e+01
2.305225870872553884e+01
4.604086798102619582e+01
3.549031179728453367e+01
4.182257596953309076e+01
2.933998954734350306e+01
6.526216430905137145e+00
4.821494418547754179e+00
1.195177293184474721e+01
2.654380480628522676e+01
2.567677932688017961e+01
3.654896706326016442e+01
4.544598120268356922e+01
8.048350893885496760e+01
3.841592635230849595e+01
4.485162218530205536e+01
2.929550803294230477e+01
1.203010622842046651e+01
6.653019921268288783e+00
2.818846988818899035e+01
2.017384458082958076e+00
2.157307288157590719e+01
2.249460917833087237e+01
4.686168042714362514e+01
2.876636650362735637e+01
6.264023821299225858e+01
5.001337034370974521e+01
7.076194174139912718e+01
5.998862550353656786e+01
6.715425090716459522e+01
4.185533217058690525e+01
2.554616256861509171e+01
4.028202355828110370e+01
3.007481475476671307e+01
2.095600396615979122e+01
3.277826789126539353e+01
4.103400093136914961e+01
3.143705489924138163e+01
1.312953905523236031e+01
3.595197446895357984e+01
1.610804507541491404e+01
3.942865177150359557e+01
2.879133176024430441e+01
4.809145820915696845e+01
2.825294119403429605e+01
1.653601259471331630e+01
1.685226652040440598e+01
2.472107226420780179e+01
1.528771775435875924e+01
1.700304532296820170e+01
3.086435044459547683e+01
6.136627092281775830e+00
2.245720021601246330e+01
1.781917432503085763e+01
1.703385317949970812e+01
2.416354937605427722e+01
1.499779648577815649e+01
3.712353357103616247e+00
9.223178299128051094e+00
2.915615313808972076e+01
3.463017541724030224e+01
1.205790887517527565e+01
7.042625330408824880e-01
1.893304836790200341e+00
2.128913506076532158e+01
2.676552032661403047e+01
1.150246268686944973e+01
7.566494054507264977e+00
3.259008881287923032e+01
1.204440568861632777e+01
1.885213229468615737e+01
8.994532820739856049e+00
7.900507804468015038e+00
1.345385796443717652e+01
4.465799217979053992e-01
2.512972507289367741e+01
-8.218739098735419191e-01
1.672680365434066729e+01
5.980811746997598988e+00
1.955847742637397246e+01
1.154233093076060257e+01
1.439652213627370259e+01
2.782872048400318477e+01
2.516994509936404256e+01
-6.632175361578742212e+00
7.883723308401263452e+00
2.282823191554838616e+01
1.236763120492997459e+01
1.488953961415816529e+01
2.463045430071159103e+01
1.866725567149061860e+01
1.457463655519747370e+01
1.195077098554155448e+01
4.550535768715858964e+00
4.156521438961628689e+01
2.852791031399833699e+00
2.634646648803754232e+01
1.972371962482640484e+01
3.410967607373883226e+01
6.057378637414631228e+00
1.099867024667906534e+01
3.570932168191708911e+01
8.786786602890597209e+00
1.275224807581497899e+01
2.805805617663921225e+00
2.113614936194698402e+01
1.262543973831376931e+01
1.983306647247942323e+01
2.017642015087980667e+01
1.853800291809715617e+01
4.614423991817496074e+01
1.616215687478895902e+01
1.876055786042437035e+01
1.423808655078414986e+01
3.310933477648563894e+01
4.859468638645184058e+01
1.304876306486865900e+01
2.124651083690140752e+01
1.810045956960296820e+01
2.846539532737789813e+00
1.962728331188784026e+01
1.867454383776455984e+01
-1.336872807548783015e+00
1.127969543484887183e+01
1.630145992883732475e+01
4.597233225796699685e+01
7.160348744015587741e+00
1.695769147125184872e+01
-5.649250883574996607e-01
2.015598797036464163e+01
1.213909369310007591e+01
1.605638799794646232e+01
3.691935273210898316e+00
-5.696734846219307258e+00
1.617293834495628957e+01
1.153906755790065475e+01
1.080236736806425313e+01
4.093607833386414541e-01
2.871959013279008843e+01
3.482146305839684430e+01
5.011723691431219407e+01
1.845338876126915650e+01
-5.348480514947627995e+00
3.488006563563757823e+01
5.452363837544764280e+00
-1.273506149430464873e+01
7.150273536739578439e+00
4.709081611971858194e+01
2.639188470407915332e+01
7.401243361401205867e+00
-2.050038749066878552e+00
3.519262004983525571e+01
1.849078900729734443e+01
4.767293589513290186e+01
1.397638506143000114e+01
2.748570090072784566e+01
2.037591234775713289e+01
1.931696161086626518e+01
1.396908724314671524e+01
1.364697331728082652e+01
4.082083162194211212e+01
2.917094895968517676e+01
1.112059378032038737e+01
8.616392299710287972e+00
3.649818288742049077e+01
2.612755350611255523e+00
1.238345778124698349e+01
2.307969158165079904e+01
2.564401701873673289e+01
3.703292814904919794e+01
2.058486506490297785e+01
2.660241929930010230e+01
1.272466101454342358e+01
1.974588081199615530e+01
2.137142089551201707e+01
8.031075968868425008e+00
2.352638083867895702e+01
2.055641828803494775e+00
3.582680153896322395e+01
1.544506109358502854e+01
-3.371024964671391899e+00
5.895998684363469522e+00
1.623513106321007982e+01
1.266800345237881764e+01
1.037810161074777504e+01
1.036412468176015444e+01
1.440702336179518461e+01
1.269361624253544463e+01
-1.189820691132220531e+01
1.881025840228413415e+01
2.255984635753346623e+01
-9.748803660355918055e-01
6.172215699716097070e+00
2.004629234615855893e+01
-2.022338408806253085e+01
6.709385564495976340e+00
-1.043338755273000373e+01
3.827203767017677905e+01
9.770018579406848147e+00
1.607429286832255855e+01
4.346706756330130261e+00
-1.500242244196122954e+00
2.175583338329971639e+01
-3.634262287004126790e+00
2.531408241421238614e+01
5.865086347843039505e+01
6.471578386969127905e+00
1.723154499370496850e+01
2.032099378935798129e+01
1.396975639279760628e+01
2.988965148185601350e+01
3.121319260533568496e+01
3.569488556140685276e+00
6.249387059509796671e+00
1.076624377716442815e+01
2.447829479394544450e+01
1.938726487367701523e+01
1.267341060677653175e+01
4.693689273796062267e+00
3.492477418875211015e+01
4.481883450314937534e+01
2.826583822470992047e+00
1.715859731506493446e+01
1.296847403681127275e-01
2.923419331817952838e+01
1.225137203011123610e+01
4.383726973463797094e+01
3.598022930695442767e+01
2.989720344463157176e+01
1.173791281172096745e+01
2.899942797060978705e+01
1.635966897323485014e+01
-8.555292761743288565e+00
1.790832721646481929e+01
3.933205486580053645e+00
9.733108764127997858e+00
2.171612377065049415e+01
2.259033539425897885e+01
2.928085138994235948e+00
1.693352406578457092e+01
3.974948964198596002e+00
3.514383540286843299e+01
8.488685210857845220e+00
1.484829104716885517e+01
9.708322889888123086e+00
3.285563616112298746e+00
2.741581652008429515e+00
3.039085124810152649e+01
-8.395539931360591623e+00
4.788054772421272531e+01
4.306517366692948201e+01
-4.053390729755424360e+00
5.510203936398749391e+00
2.373568777192679846e+01
9.202137245241546637e+00
1.379276769115010559e+01
4.390755109155341174e+00
2.225281380656027608e+01
2.731907798011414101e+01
8.147786239431834332e+00
1.438336080671682993e+01
2.908942775216995358e+01
2.473987182311403288e+01
8.640646258990482664e+00
-3.930816894099437064e+01
2.103832236301969871e+01
1.724285727226879317e+01
2.621697109740055254e+01
3.428811043544450854e+01
7.901885087740593505e+00
2.915660186571944124e+01
1.622294619239221802e+01
1.721948717990031952e+01
9.318171927155541212e+00
1.627645183298995590e+01
-2.629576693385612174e+00
4.728230186365792065e+00
1.190624077981461681e+01
3.275427538473016398e+01
7.848524175701451888e+00
3.781035556713550250e+01
1.822829500402795233e+01
8.685641322574285894e+00
2.420049403351525541e+01
2.469260586755987674e+01
4.350669081078845579e+01
3.542037401685924891e+01
1.614892429579944988e+01
3.148830556897595301e+01
5.334963862923171263e+00
2.464197381333052661e+01
-1.391309131517490982e+01
2.762844378886091334e+01
3.818220266702724075e+01
5.488194788625197162e+00
3.850176346288469276e+00
8.273549360023928045e+00
4.896418252174557040e+01
-1.432667632384760381e+01
2.325566649629701743e+01
8.253433343140567757e+00
-1.161457854713366444e+01
2.095143403377632652e+01
2.856814304264289461e+01
1.262205964626185839e+01
1.273806322670237634e+01
1.612473485995737832e+01
-7.100494353446894280e+00
2.764510507549664453e+01
3.640184428828212049e+01
3.433570258525416818e+01
1.462344044541567101e+01
1.830166880024041731e+01
2.565306693449209163e+01
2.761171168855105407e+01
8.004966801973482760e+00
1.975852494134940329e+01
1.886775454788963913e+01
3.386682691542419832e+01
5.849275513314790231e+00
2.693152391871242912e+01
1.102453978372753518e+01
-2.341697427676485432e+01
1.669690966476190042e+01
3.592404204625383102e+01
1.829762569682157647e+01
-2.441428084651763442e+01
1.515543343807667753e+01
1.582373009385654861e+01
1.309786514465177731e+01
9.530768210411785901e+00
3.235342752363902008e+01
1.273071292247077047e+01
1.626500975217132350e+01
1.863778684690654330e+01
1.107040825230245318e+01
2.259574397688783876e+00
2.644121858258131752e+01
1.524653099349578156e+00
1.305045142502616606e+01
2.511544312798421785e+01
2.248716960007084964e+01
8.337712253081113190e+00
-1.711299363133920437e+01
-3.793225508350383635e+00
7.433961134661665859e+00
1.774508638510603475e+00
1.826820810206670487e+01
1.353096609088977154e+01
2.608503234872325649e+01
5.580274724466057990e+01
-1.769274664936035890e+01
1.955008892493106032e+01
2.074024954216543648e+01
6.658796603795839708e+00
1.847824207934217000e+01
1.060203768204189956e+01
-2.170989161258864897e+01
-9.605606636582166402e+00
2.287757685136934782e+01
9.200992383723141543e+00
4.187056187128041174e+00
3.769380610833628964e+00
6.860232999509992879e+00
1.996527231501666222e+01
3.133425001842640611e+01
1.537730199568086320e+00
3.215448602694523927e+00
6.288136714466141086e+00
1.954010146678551152e+01
1.267749495431634088e+01
3.827225333200878765e+01
3.525946114459848957e+01
1.444376570244259028e+01
3.048866577980889048e+01
-6.460406222799463194e+00
6.301694385798080944e+00
1.160298569824025883e+01
8.700511201855839261e+00
1.603194455465973078e+01
6.438789335893398302e+00
5.964384648634744934e+00
3.689537915308792293e+01
7.374614262176706347e+00
1.915879787861084083e+01
-1.274849372504352374e+00
4.434552460903926629e-01
1.662680484430098460e+01
7.324554236456989997e+00
2.150548012905908024e+01
2.118963132432819663e+01
1.018794222755139600e+01
1.549932958565794117e+01
1.148797456485879565e+01
2.381213196964465340e+01
2.780729268217610084e+01
3.517922118270925580e+01
1.653613998208770752e+01
2.194860351706686075e+01
3.743005229733530115e+00
2.418044147376892994e+01
1.532988798007991171e+01
-3.227497257310133705e+00
1.635045145285464940e+01
9.493939280121242774e+00
3.002170914736069918e+01
9.548541481577336398e+00
-1.807063331354013869e+01
2.711390932053724612e+01
2.390606010726981623e+01
-3.261012680862148017e+00
-1.290379478695875548e-01
3.108662732670134687e+01
2.892146893740988745e+01
1.505488829626935043e+01
2.195981938595877381e+01
3.815034527689552135e+01
2.775680089620357194e+01
3.605937912303391002e+00
2.270989502838963503e+01
1.032364990718282982e+01
-6.873269147407945923e+00
1.863267553236719110e+01
1.157065992014914535e+01
5.769849999840882759e+00
3.319915325802574202e+00
2.130641889613529116e+01
2.083263063798339942e+01
3.537281754073908502e+01
7.232734439662108272e+00
3.313337914990299993e+01
1.863746067585664434e+01
3.398021863456153824e+01
2.974928726147511071e+01
1.219693752231319195e+01
1.139052830844062392e+01
1.360321319042569499e+01
1.973867910919480551e+01
1.455697270542719401e+01
1.068493314294163810e+01
1.180459928528619784e+01
4.552964832450825838e+00
2.421801612572665618e+01
6.310506546921491378e+00
1.644508045779910788e+01
2.043208404490814445e+01
2.152879561046614754e+01
1.289850554712401909e+01
1.831689781929083694e+01
1.986390554101390649e+00
1.733409233380749015e+01
1.552625892278032183e+01
1.675698759076549393e+01
3.687043733802733314e+00
1.796485897441522894e+01
2.301493959402915124e+00
2.775929960219956172e+01
1.462220491383009247e+01
1.162266840856014483e+01
-1.819263606278237688e+00
2.056006446779727526e+01
2.867405387523523075e+01
4.753120153122035063e+00
4.925024136886351656e+00
1.641322316581655372e+01
4.820918816482764768e+00
2.650146157299044347e+01
-4.492132614255055501e+00
3.509608392797339604e+01
1.444798483967476876e+01
1.046626304963741561e+01
1.249882601095379897e+01
3.263227792397008997e+00
9.081780816176539872e+00
1.925758560110112683e+01
3.761036216741451454e+01
3.727151429981958586e+01
-6.434699324123148045e+00
8.189378358229696175e+00
4.123753392294380760e+00
2.321314068972463218e+01
1.510948227349466144e+01
4.605568864813662344e+00
1.503324484249276338e+00
2.500889315528036860e+01
1.648359427088851348e+01
1.370449564232067985e-01
2.541648760636241633e+01
4.672392265552626611e+01
7.899802485730249124e+00
-1.601471494879316992e+01
4.396435936383500831e+00
1.420092090417416664e+01
1.589357940374208233e+01
1.061308114923848933e+01
2.027026285985170517e+01
1.222555794678340035e+01
4.738329472496798900e+01
6.277446902352018299e+00
3.911081861351508593e-01
5.236468269932881725e+01
1.061412749688154022e+01
-1.345432748781821886e+01
-5.698473244253936087e+00
4.051165386445640593e+01
1.501432712321500773e+01
1.390067399887201027e+01
4.273266067606296303e+01
1.743461557054309452e+01
-1.279927661174151865e+01
2.461613809577804801e+01
2.169624487659602607e+01
3.587457368888946618e+00
4.050578888886322204e+01
2.648893323224069718e+01
4.678738944332179983e+01
8.941599210112620710e-01
2.287874755364313017e+01
3.714451416692144292e+00
7.576021973804464515e+00
5.792067720935604314e+01
1.932488103892255538e+01
2.108893856393183341e+01
3.568910058181353406e+01
3.115770557308631439e+01
2.189576260298747457e+01
2.056957850311783886e+01
-3.462341232681787062e-01
6.377967500093457254e+00
1.591056203690107118e+01
1.799318579777065708e+01
1.088177753427959260e+01
2.030953073899899763e+01
-1.936214151075595424e+01
2.978088324136343701e+01
-1.144969657983764222e+01
3.496569359934876786e+01
1.926456828845443781e+00
-8.697682455560240555e-01
1.657010277262985198e+01
1.382902571701869121e+01
1.774514973805375462e+01
2.173686940800570966e+01
-4.955152932964632839e+01
5.042447844023806880e+01
-3.831458004262696448e+00
-4.348030256060636134e+01
1.566814058359722317e+01
4.070203979560020002e+01
-2.364944180656365802e+00
-3.826581386279919172e+01
1.771290906198314730e+01
2.523468219988115635e+01
1.911718261285635378e+01
2.577184829105676300e+01
6.687783580950654283e+00
1.141015460603297704e+01
-1.182755752824929374e+01
-1.819652274097879996e+00
2.853026557434212407e+01
8.813959890829632826e+00
1.448485448518386498e+01
2.058222120595784688e+01
1.184725644795197752e+01
1.836603048840225938e+01
-6.325355006815414072e-02
4.744542352649965267e-01
-1.023471562938466661e+01
6.616148672545314469e-01
2.383247325196675703e+01
2.157165667856951785e+01
-2.554300330776090533e+00
3.494670613283513916e+01
2.752291901595248191e+01
1.688560014616370708e+01
3.055548141614312030e+01
2.192699576095138525e+01
3.037297889397462924e+00
1.835374618429057136e+01
-1.102885757413624646e+01
8.249060380692885275e+00
7.367466908367852341e-01
2.297460989005847054e+01
-1.131290057491622036e+00
2.652128614975194409e+01
-1.125317264639015491e+00
2.253804439751922928e+01
6.543676094321369874e+00
4.124310629101989889e+01
-2.135282933164842945e+01
2.314668446022707116e+01
8.679976093139723403e+00
3.387726519873284659e+00
1.140228935254575404e+01
-1.372971771939290875e-03
2.766625344504431538e+01
2.423786278290562990e+01
-1.210082563239438258e+01
2.481193739485759409e+01
-2.321819873334403184e+01
-1.970105908271783335e+00
1.537061799212762736e+01
1.394540005000833105e+01
1.181545347742905250e+01
6.845220349793578407e+00
2.007649622609729434e+01
2.493344197324323375e+01
4.037731649457090555e+01
2.164870806463655128e+01
1.558355470070283211e+01
1.869006763930575232e+01
3.186897390627905224e+00
-5.575072900648798679e+00
1.601047647200885038e+01
1.118470099529303141e+01
2.718839403268695776e+01
4.840987789447117606e+00
5.411918567501345478e+00
8.035721552448695348e+00
2.026828717836439964e+01
1.209573959789457476e+01
1.162102327289136561e+01
2.863650860405287801e+01
4.009120130614257960e+01
4.359390730009262427e+01
2.374788683890484720e+01
1.475090924909621570e+01
4.274924019933403940e+01
5.174620445179321848e+00
2.025285861912326624e+01
6.023736146289291327e+00
3.293440636049842496e+00
2.177689876993900597e+01
-2.397526596306075675e+00
7.773907603855531256e+00
1.083681683745513169e+01
1.622424146113232979e+01
5.142951640686131753e+00
1.210835749464601818e+01
9.471812666131668834e+00
-6.405433362427025656e+00
9.344628026593751358e+00
2.172521713929859288e+01
1.644136648241329368e+01
3.542673997610270220e+01
3.579477225972085819e+01
1.614853791121430504e+01
3.817576396625786117e+01
2.497481079753168842e+01
-6.534713774044128343e+00
-1.312370558738149739e+01
3.472038902781408609e+01
-1.465327227320856096e+01
-1.284528148807157777e+01
5.086958677196820489e+00
1.507321630404643109e+01
8.038974770539260462e+00
6.240678353011119839e-02
4.723507163555338728e+00
1.040553078454864000e+01
1.433776420155589371e+01
1.064071363920197300e+00
2.032350171950296414e+01
3.283870559981708936e+01
2.571125470154941084e+01
2.158716493008178361e+01
-3.026438872758402709e+01
2.454204304369580569e+01
6.334428450882643169e+00
1.094232570673723792e+01
4.792955832381110781e+00
2.874298020172408741e+01
2.353329050242770748e+01
2.442076237770060487e+01
3.577399869505396168e+01
2.053264827289972061e+01
-3.906389992676547962e+00
-3.107774836264049156e+00
-5.841723342441614619e+00
1.343248072215097366e+01
-8.015411881336614641e+00
-7.721197054098354329e-01
-9.675504750843106905e+00
-2.948382004886023822e+01
-4.305333420100783570e+00
4.559013813236149559e+01
-1.740846970776246394e-01
9.838186875239774309e+00
-2.047458661856224893e+01
3.349881912400508099e+01
1.504195317637974760e+01
2.648481299304720693e+01
2.068220519372838950e+01
1.906096347967228510e+01
9.030252821480685199e+00
9.318242838728405530e-01
-2.763063066983260541e+00
3.967189727212202754e+00
3.178653753091148104e+01
1.694434855543576290e+01
1.080729686173860848e+01
2.372876573629405783e+01
1.729765543957011431e+01
7.235094104911520496e+00
6.044084570568283077e+00
-1.485644060279207324e+01
1.312567076917996900e+01
-1.001622383657969095e+01
2.995704103531809892e+01
2.689125218008639706e+01
9.642676089979211440e+00
-1.635840452982936455e+00
2.401466258408482801e+01
7.467544159450228314e+00
2.445574041237875917e+00
-2.337243338407221316e+00
2.902451954243347032e+01
1.515393927203248126e+01
1.564290637085575675e+01
2.067709590052655599e+01
1.437445564784999519e+00
9.616523885706627084e+00
1.902654491764929290e+00
1.909193214971053010e+01
1.238984348624541809e+01
1.503176493915835366e+01
2.677746206057615908e+01
4.461625268315697213e+01
2.133619662665093131e+01
2.050495780674982882e+01
2.932140269515205588e+01
4.298616899008439418e+01
1.216993885663679187e+01
-1.499811191145517952e+01
7.884437243008903806e-01
2.804275155921949292e+01
1.606233819585160205e+01
2.418121171090251664e+01
1.328909792019329039e+01
1.304138864822653687e+01
1.528311835820884568e+01
6.530621504542366118e+00
1.365127551570951070e+01
2.183770475517289000e+01
-3.338929156567626677e+00
2.584231835386833964e+01
1.493477726881971890e+01
2.670020392684784127e+01
1.701227349136177125e+01
1.676140739333581209e+00
5.281695818027751343e+00
-1.707489108599220984e+01
1.318998569712661606e+00
7.201428828181303032e+00
-1.344946996816052831e+01
2.663176124640076381e+01
6.300051252632556498e+01
-1.602988064324147643e+01
2.494872730557116114e+01
4.603778371672486713e+01
5.126563483857139403e+01
2.918884423690459329e+01
1.687437159657120844e+01
3.601879516069723053e+01
6.280908057228779739e+01
-1.626557998817148132e+00
3.160473119487980398e+01
1.850240454183633787e+01
2.045995382453130773e+01
2.080024775536409720e+01
3.863933721423754264e+01
-2.532659123024291858e+00
1.689934479159848024e+01
-5.433454211547282142e+00
2.456227661586434152e+01
3.015778628099239711e+01
-9.033348340554240963e+00
1.545201549156321796e+01
1.625453709854521733e+01
1.895414233704851981e+01
3.016656866595087649e+01
1.735473907477238953e+00
1.442188131159067588e+01
1.849431815087172026e+01
1.024071213490739574e+01
-1.025392940555423493e+01
5.139004620956916014e+00
2.394424601522517548e+01
2.165042423872692723e+01
3.406475542481163643e+01
3.434363944435435201e+01
-7.593855252074188655e+00
4.045690341382994859e+01
4.076852864381300634e+01
8.999987391127024239e+01
4.229021485745691677e+01
-8.227017373974277348e+00
6.013378151735015997e+00
2.854732121510110687e+01
-1.117621498751839582e+01
3.116722296202056697e+01
2.288308047808782320e+01
-9.693244312246140026e+00
-4.078995878556604282e+00
-6.000306259768176886e+00
1.331971791881442613e+01
2.450003158235762868e+01
-8.573391789912054861e+00
3.054473318253210223e+01
-2.927098551772234458e+01
-1.478299526772387296e+01
-1.323938298863749807e+00
-1.419361601609406165e+00
3.367866153920749639e+01
1.707963673144663019e+00
1.899153513193213172e+01
4.148279350248110120e+01
6.798605810862426324e+01
7.494765406372229677e+01
5.413688688780641911e+00
8.024986481004223293e+00
1.767584715531823036e+01
2.656601154561922584e+01
2.808184923261825716e+01
-7.756658178089846700e+00
1.321780491881286679e+01
1.413155717696544933e+01
7.526566561463005200e+01
1.531910276829754025e+01
-4.801792474789728260e+00
1.584749104423259958e+01
-1.515885483086765007e+01
1.872069914985392103e+01
-3.152956298168562199e+01
-7.098527750366596223e+00
-6.855058515512962458e+01
3.490612997520199201e+01
5.126176936440204557e+00
8.202876224895224055e+00
6.334572387011111516e+01
1.894498800773218505e+01
2.536242627939764560e+01
1.988784449304882074e+01
1.151121678733307441e+01
-9.417481054239200233e+00
1.404776674431926864e+01
-6.324207891537039217e-01
2.844745716165191141e+01
1.201822970298746540e+01
9.324544310800142455e+00
2.026696763944741519e+01
4.119434018096801964e+01
2.613424270618096656e+01
3.555226024050908507e+01
6.883503593656458008e+01
5.752917155570128216e+01
-1.460807562647883628e+01
2.829223495918288123e+01
1.011975094406853515e+00
2.594537331533892655e+01
1.087121078013581155e+01
2.298074409463062295e+01
-1.234298807781790686e+01
3.097288477225731640e+00
1.603677391602719737e+01
-3.224717850509186690e+01
6.119116406326892132e-01
1.027538241351346038e+01
-1.223295490228660753e+01
6.637538150787737834e+01
9.721447121881546138e+00
1.147027684971928352e+01
9.992484411569257929e-01
1.557801539519116396e+01
-2.297281953551070899e+01
-1.698749284797768411e+01
-2.641791216819896704e+00
5.744503366807917644e+01
1.806526647434639798e+01
-2.062916139808633176e+01
1.343454038590234312e+01
9.779977704322694976e+00
2.331803174976415960e+01
6.542570863098019274e+00
-1.871205393789851357e+01
1.380615042237284129e+01
3.351973326584962365e+01
-3.098176302911312519e+00
8.253473453004557925e+00
5.018049102646794779e+01
-3.652587428285032800e+00
-2.341292247329867848e+01
4.692135588310888394e+00
4.035199429742886679e+01
1.641991403529596383e+01
-8.230308816819981388e+00
1.318328984695970085e+01
1.589527069775111556e+01
1.518709693679937800e+01
2.728534871613518220e+01
-1.058636769856876825e+00
-4.241663496638459208e-02
1.181798626292707155e+01
3.050486608648906639e+00
2.123459309983725873e+01
-5.896943997490673439e-01
3.508282080967354233e+01
3.091677576768586988e+01
8.707551294725549340e+00
5.428669389850622196e+00
1.518363461281351334e+01
1.550419306132118002e+01
2.609724377217386859e+01
7.809094099677135858e+00
9.257337712818280551e+00
1.953914077362096435e+01
2.437620517663959419e+01
1.991535225839387024e+00
1.205486804147604118e-02
6.438961447820774175e+00
3.609890558304451602e+00
1.309303165574700145e+01
2.787330458978277647e+01
-3.371166045267166567e+00
1.980076789953210437e+01
-1.346516632372816957e+01
1.654410626222393432e+00
6.020266629724036811e+00
-9.570124682924703308e-01
2.737160762524715807e+01
1.061471762958859344e+01
2.870900019258534996e+00
1.924442199418528787e+01
1.648476043923673018e+01
3.000786913132920120e+01
5.618296653024802367e+01
2.924309153995426414e+01
7.346884032064387782e+00
2.002433258270846039e+01
6.804244923317565252e+00
-3.211017597437670901e+00
2.310398654913475269e+01
-1.205749296313801011e+00
1.664969894889620505e+01
3.355426381466411101e+01
2.326166315442248234e+01
4.836169875014838482e+01
-2.545314901007905917e+00
1.062293974588648737e+01
7.596539185730692090e+00
1.357219200595239528e+01
1.535513737781266030e+01
1.281434597319123547e+01
1.401029063345213288e+01
7.287085705353586462e+00
1.936943874890256723e+01
-8.123736373498712027e+00
-4.982607532385053872e+01
2.870126477568097911e+01
2.456104215541236258e+01
1.647866866046229006e+01
-2.981127020622096779e+00
1.235558114966207377e+01
4.963994746510927314e+01
1.405252024872344130e+01
-7.120643505409415042e+00
4.880862922281942673e+01
-1.304363874299636450e+01
3.426923543310088860e+00
3.011248463952819776e+01
1.770193316038610121e+01
3.679655495632059115e+01
5.071420758595567690e+01
5.722351888562590361e+00
2.112371593293600114e+01
