9.924946350459165956e+00
8.304258474146664071e+00
1.571710114236679345e+01
8.353106141714681243e+00
9.316842959427523496e+00
1.154376003893711378e+01
1.754106808442800158e+01
1.585975796939448657e+01
1.425006413869818367e+01
1.123348030497015593e+01
4.796762274920912006e+00
1.193198450047922776e+01
1.548746629686947074e+01
1.185098774510134945e+01
1.075735913254633758e+01
9.852667816204387918e+00
8.094037571612128446e+00
8.042795476265256482e+00
1.894399802910110253e+01
1.237874695673056813e+01
9.895923770457679680e+00
1.553869747804514034e+01
1.347848290806919280e+01
1.162723421126513301e+01
1.793257290308164187e+01
1.972482399654037266e+01
1.715576113293388261e+01
1.249903831942612165e+01
1.427835750263407633e+01
9.301808154340831081e+00
8.601257332818388335e+00
1.527026867793421694e+01
1.276663548272754056e+01
5.522537129864067751e+00
1.112987697939963994e+01
1.562520252397297327e+01
1.181788313291293058e+01
4.832352469084225888e+00
7.867711787871717988e+00
1.222492475153723923e+01
1.344097829131428234e+01
8.388790221084644116e+00
6.034785458828070048e+00
1.032299979632550979e+01
8.288289859547921523e+00
1.010150093932696791e+01
1.512106444110344938e+01
1.082781358744501432e+01
1.004440651452580902e+01
1.414000937529831248e+01
8.755195979589279531e+00
6.874156103298965093e+00
8.232544070068913200e+00
7.215104941526657711e+00
1.183782002030896052e+01
1.282955859334575166e+01
1.346342763789636265e+01
4.055456320389043690e+00
9.461578531522773616e+00
1.002150747203851644e+01
1.671199677219971491e+01
1.324347323737984716e+01
1.073014968881746434e+01
1.235000333986245558e+01
1.039439763247144555e+01
1.165917928949112969e+01
1.423236699103657443e+01
8.055854262933152654e+00
1.430193720046301564e+01
1.445059463007293843e+01
9.517906751633743667e+00
1.199322090462901791e+01
1.270802599242262687e+01
1.553757844549882172e+01
2.136115922461357641e+01
1.540516463419507076e+01
1.791240634569804158e+01
1.625225886539505638e+01
1.265605826400333811e+01
1.311249961232157801e+01
1.275622823117630311e+01
1.894613688145439312e+01
1.688079438062553805e+01
1.493521087235947675e+01
1.106084353800293130e+01
1.279463072036689653e+01
1.270520074833275714e+01
1.447369395423601013e+01
1.039948682991784956e+01
1.478547663824253711e+01
1.299672218522353617e+01
1.900527694348421193e+01
1.246465727410389412e+01
1.133826743379068880e+01
6.476336690432999532e+00
1.307641201974582401e+01
1.055618623584198623e+01
1.144279111439634278e+01
1.171402715162832209e+01
1.339186110665395724e+01
1.206564939437896555e+01
1.567326820963874390e+01
9.753772461032983898e+00
1.340362037620642255e+01
1.229579349725892712e+01
1.003962422352447170e+01
1.123589251712120252e+01
1.228643743081629403e+01
1.240555544041725966e+01
1.743165386309834020e+01
1.780866196933676449e+01
1.290342061778358662e+01
1.552563070252645439e+01
1.660224689635864337e+01
1.623690384653423990e+01
1.457661576468597886e+01
1.090676843348173364e+01
1.043893172218047738e+01
1.335431955407436888e+01
9.342741404386460502e+00
1.444400492582752449e+01
1.598446439629589122e+01
1.010280142982142770e+01
1.533681592509879899e+01
1.352890785145294750e+01
1.575989456566027158e+01
1.241194938662539471e+01
1.048434307210797201e+01
1.097436666314531983e+01
8.324245952212606880e+00
1.420556784845656573e+01
1.211006300909364342e+01
7.758548846905440222e+00
1.100159642834687546e+01
1.238499134429821602e+01
9.437797581245414236e+00
1.237854376411662116e+01
9.566837231033334277e+00
1.050506219663184559e+01
1.520477795195684045e+01
9.549829051439798988e+00
1.211312339358258328e+01
1.553173755353160779e+01
1.325692119684693537e+01
1.552941016395479856e+01
1.419515425197377567e+01
1.557947840510908222e+01
1.109235812759233575e+01
1.164206100782074849e+01
5.009964731470114785e+00
8.281687949840327079e+00
9.869812400218677340e+00
9.868972609464440993e+00
5.778584638938975893e+00
1.011582851000336802e+01
1.173498525274467141e+01
1.331392352789017153e+01
1.102454308693643981e+01
1.047333862994503662e+01
1.513674487431073246e+01
8.192826626380140809e+00
7.513875994436263639e+00
1.116979898267883442e+01
7.806782095708067359e+00
9.393678203367933577e+00
8.883081460376221372e+00
1.128352156423502883e+01
1.092868767803668995e+01
1.075205087171116247e+01
8.022806836767596650e+00
1.113178215504956903e+01
1.077905817269486377e+01
1.190287798868125790e+01
1.248709178080192750e+01
1.320061304473391139e+01
6.701549440810667946e+00
8.641570861575024409e+00
1.189822336918431134e+01
9.906447252395709668e+00
7.470646959273823384e+00
9.362344218052887967e+00
1.221926505199082236e+01
1.443892717739543663e+01
1.318735172674696443e+01
8.393422154546685832e+00
1.012891546331594306e+01
1.211062337640898967e+01
1.401137263541253830e+01
1.638971940712957576e+01
1.230547849231654922e+01
1.541143189464928120e+01
1.405371424293389104e+01
1.233799581593213190e+01
1.401955390493085041e+01
1.281609337705371843e+01
9.477876353844113311e+00
1.281686724637154740e+01
1.657160527585859100e+01
1.085297119484477157e+01
1.286164581272940310e+01
1.494831550338562565e+01
1.528341863055875294e+01
8.432392384338806224e+00
9.697815039878527443e+00
8.581128694737431672e+00
1.155628060157448544e+01
1.167985843991675310e+01
7.384144433838709887e+00
8.255832049556438790e+00
1.573002138716720033e+01
1.444213727540995151e+01
1.191045973680280312e+01
1.657612645758640824e+01
1.063571862431520287e+01
1.027935220279261230e+01
1.068984692717733154e+01
1.056313868010645329e+01
1.378763164434400856e+01
9.826938602311088289e+00
1.544085414738697537e+01
1.469209805140920899e+01
1.615027335363560823e+01
1.380605227794968215e+01
1.244517941892543256e+01
1.136752446397868610e+01
1.370628880998797250e+01
1.505310516589498704e+01
1.209676451548246057e+01
1.330315081048459902e+01
1.279084595013743453e+01
8.156313245735843154e+00
7.671255431109226919e+00
1.256352249757253681e+01
1.345895276043791178e+01
1.350953802466694498e+01
1.219414199809767041e+01
9.546796276054074326e+00
1.240245392914635048e+01
1.339318386504933756e+01
1.375757988873600723e+01
1.287890177309283857e+01
1.265962936251148285e+01
1.310423392412422317e+01
1.039167207667211734e+01
1.422509807484459188e+01
9.813069296090693783e+00
1.287144372751628296e+01
1.188171425650583757e+01
1.311035244416945567e+01
1.441675745235007966e+01
1.405333828512028482e+01
1.272029575402292956e+01
1.297244644077867903e+01
8.253401943909885574e+00
1.040445762460641710e+01
1.260959170165303611e+01
1.241652101674901587e+01
1.098595717085435552e+01
1.249034093359073516e+01
1.156459561493510435e+01
8.544409968884652429e+00
1.400118457887165313e+01
1.613690397517988373e+01
1.297034942419433357e+01
8.282629383994475347e+00
1.804270974417165618e+01
1.060705068897239833e+01
1.299519491839653540e+01
1.628039017174447878e+01
1.687961511021627814e+01
1.807326905369949088e+01
1.598789677046681135e+01
1.244156246731223803e+01
1.583362138640914907e+01
1.446119957126703781e+01
1.427240775635828385e+01
1.381077924711366833e+01
1.302158132133856228e+01
1.105620806417701729e+01
1.277332510688432166e+01
1.411975024262383727e+01
1.212090760263590106e+01
1.830901789530290102e+01
1.202838352041965919e+01
1.195598858518871843e+01
1.503541995591959335e+01
1.128598038572382123e+01
1.369190838419375034e+01
1.295000750649982280e+01
1.292438556169359387e+01
1.482179471743610755e+01
1.015425793543976241e+01
1.393951629668963399e+01
8.038939054387363115e+00
1.150802413628339949e+01
1.345990698362803784e+01
1.484321469774388724e+01
9.580332458756746661e+00
1.501420545979128818e+01
1.784055034321477962e+01
9.056319941445650556e+00
1.033561665332721979e+01
1.351149328504121527e+01
1.397561064740372316e+01
1.143918119998954452e+01
8.947270868459803239e+00
9.782085169435402960e+00
8.900409711364824616e+00
1.542416871420788738e+01
1.051057309633304726e+01
1.161072904400161931e+01
1.329459953659456239e+01
1.150670771021824557e+01
6.884097619620274777e+00
6.986025422834234888e+00
8.687104815826161897e+00
1.286187562422601438e+01
1.104688949153288924e+01
8.076565135991012667e+00
9.284884859243415889e+00
1.141017439333647943e+01
1.416471502237660651e+01
1.074731407267624306e+01
1.124795858415325611e+01
1.212002600652348505e+01
1.181879620132043485e+01
1.105149009490244438e+01
1.470860599516298350e+01
1.494194981738978178e+01
1.107602898225156451e+01
1.130281017132188914e+01
1.422535718477792166e+01
1.453128852643019542e+01
9.697023656260151725e+00
1.032387157366568076e+01
1.519592650150798541e+01
1.414052382241584560e+01
1.735129258795162599e+01
2.057120651407649703e+01
2.003085641227935554e+01
2.193048076863485818e+01
1.951196476960849324e+01
2.459162566741024492e+01
2.205163277652008702e+01
1.796153979628614650e+01
1.688946762268162871e+01
1.196602834524093595e+01
1.518704884138509392e+01
1.099673284298064146e+01
9.099733913802149132e+00
9.615114960701914626e+00
1.251430440752367979e+01
1.232609249875458879e+01
1.164101153800870669e+01
1.349635726412332914e+01
1.194516480907760148e+01
1.411790546632778032e+01
1.289734420169377849e+01
1.493998033887045196e+01
1.135361747952606848e+01
1.345499916113011096e+01
9.969781652278898676e+00
1.005825047283027374e+01
9.900955999087473813e+00
1.083167431906769984e+01
1.102419092512365495e+01
1.420939991072155806e+01
9.905271860003827200e+00
8.826583771635352349e+00
1.302618149036213246e+01
1.768030202430342968e+01
1.312783324071572189e+01
1.478995454883388483e+01
1.217739456457466751e+01
1.277880819736529183e+01
1.265424164495862946e+01
1.037422170095028839e+01
7.791676209739893721e+00
1.120691689730454499e+01
1.470864664291068280e+01
1.422800754858198147e+01
1.302441466656612334e+01
1.405570839466939326e+01
1.431715379076107908e+01
1.274398198106291069e+01
1.615887387709203793e+01
1.632902685617215255e+01
1.535267715810885747e+01
1.036335324704949734e+01
1.448543825104558280e+01
1.356139322832291505e+01
1.194726243246450537e+01
1.096701742858938822e+01
1.570366326023439640e+01
1.294748029443413451e+01
1.275667225721616127e+01
1.252723261854350589e+01
1.364050751156929309e+01
1.430338034529079749e+01
1.641609375361959877e+01
1.449639830777235261e+01
1.586147267188539089e+01
1.754794194671112351e+01
1.428330872839154608e+01
1.381602692661716780e+01
1.799171985225148873e+01
1.580621952872693115e+01
1.535844644342021859e+01
1.671670917628562947e+01
1.341929589371584086e+01
1.722139991148473825e+01
1.169608647631450360e+01
1.287366678142104348e+01
1.389217491977996133e+01
8.668759968122031978e+00
1.189835526638102969e+01
1.416779591569527952e+01
8.639339076830964359e+00
9.397337702575141449e+00
1.330676102988367404e+01
1.264648443316649917e+01
1.133213503593495730e+01
9.827476799818958497e+00
1.340916104144261389e+01
1.401199778317281819e+01
1.263102378857535335e+01
1.506783275824978752e+01
7.516586961573375802e+00
1.413471824832364376e+01
1.417498031908625222e+01
1.485309866981075544e+01
1.411399711995207440e+01
1.614123795605390654e+01
1.275598127672834714e+01
1.365819433741439326e+01
1.578506639980450643e+01
1.389272255574244319e+01
1.623982462739583710e+01
1.064598633657542415e+01
1.312227292610816853e+01
1.429366549074131854e+01
1.490744314847391472e+01
1.199705151240915413e+01
1.244677726406757401e+01
1.340931125389567846e+01
1.268753402411985753e+01
1.370621067175624042e+01
1.320166746455354279e+01
1.272963098831645468e+01
1.135761764738155577e+01
1.647711237766941395e+01
1.638024250301684503e+01
1.075767410821149106e+01
1.530135945997216318e+01
1.287016265163300943e+01
1.074440978020713189e+01
1.153319966468705537e+01
1.336878087268929960e+01
1.255220669958871227e+01
1.316097676209066769e+01
1.287556957335919350e+01
1.113574972356417270e+01
1.053570806839896434e+01
9.386337577161357970e+00
1.624725664935700564e+01
1.223605048722531663e+01
1.010602066940111321e+01
7.769324206798778221e+00
8.967088318881270226e+00
1.133614514917801586e+01
1.060282979562344607e+01
1.011907826562683610e+01
9.019897661687769741e+00
1.302242202312843311e+01
1.277950704884629118e+01
1.039059022271173127e+01
1.453139226409551910e+01
1.408525629408146784e+01
1.507238244997243726e+01
1.261442362892156055e+01
1.445372777487602001e+01
1.494093417171271909e+01
1.553641895665351136e+01
1.248609370848772571e+01
1.309384599227666612e+01
1.413031158164841372e+01
1.479333004483491543e+01
1.644737432338243721e+01
1.363428817546273208e+01
1.268670462398559273e+01
1.647210700513888781e+01
1.207366541436461560e+01
1.168781360031897876e+01
1.499811699634215678e+01
1.425873921441584180e+01
1.165680770067393190e+01
1.363144866880217521e+01
1.417530970729051809e+01
1.371615528778961490e+01
1.236581961789718065e+01
1.668575344960530060e+01
2.173999629777524945e+01
1.537826702922431643e+01
1.444031523897109892e+01
1.849090313102807670e+01
1.373088194062657408e+01
1.453670938487019981e+01
1.392409173543692980e+01
1.666843837284334739e+01
1.122370871343712118e+01
1.268385377463140351e+01
1.463840141846529619e+01
1.481739720318268105e+01
1.549555224140660314e+01
1.296504296557758451e+01
1.555656267586997643e+01
1.310612064556750589e+01
1.302962767112273745e+01
1.231426900000322178e+01
1.241719370266060452e+01
1.143138654315574598e+01
1.435156516049874220e+01
1.558868161136173214e+01
9.609612081950915652e+00
1.518871262120062227e+01
1.098425774627282081e+01
1.439274285988222601e+01
1.197797813612201168e+01
1.069731092313199383e+01
1.187930003806406809e+01
1.598748635848260768e+01
1.594237833212092070e+01
1.512095913992537533e+01
1.604462809693297487e+01
1.652042226557018978e+01
1.751668860573616371e+01
1.615804637809598177e+01
1.468319066123452643e+01
1.428093080897004974e+01
1.524975183392807132e+01
1.301718172894675440e+01
1.211210222770048262e+01
1.558915577603623781e+01
1.569829725496386885e+01
1.137781643732028414e+01
1.468575889891585184e+01
1.624612947809564645e+01
1.792381024870915240e+01
1.853921549724357831e+01
1.625945244392453048e+01
1.608066704968879890e+01
1.645605469097348816e+01
1.862231107482334380e+01
2.034229046271864050e+01
1.771268556836368901e+01
1.459400648455022420e+01
1.420286529494897820e+01
1.748179910483342780e+01
1.948190867579008412e+01
1.605892694689222466e+01
1.306275645215175096e+01
1.624595739409633310e+01
1.587563858914933590e+01
1.316565950152743270e+01
1.522619481704810518e+01
1.660965275102059024e+01
1.163963417063611949e+01
1.572991658507995538e+01
1.468510889654047169e+01
1.330066877587164775e+01
1.260357083216380225e+01
2.911305689285570431e+00
9.279335956944848363e+00
7.691300853228297818e+00
1.035324102998259121e+01
9.403084537663065845e+00
7.164487458192723146e+00
9.575601756584816826e+00
8.206946736855405433e+00
9.691511673887903910e+00
1.105164678080226714e+01
1.177213056063905583e+01
1.291587362545849516e+01
1.508042553777659123e+01
1.401953360418632499e+01
1.593308825962946074e+01
1.149062182619938710e+01
1.470743191635862246e+01
1.117881432544559495e+01
1.411499184332370760e+01
1.579823017408595476e+01
1.669091414036591203e+01
1.319159081514205489e+01
1.303463510270842640e+01
1.494951665611568892e+01
1.461878226724997276e+01
1.576570226846470391e+01
1.723045125411265133e+01
1.537320640158288754e+01
1.319638141535207332e+01
1.962851014446286513e+01
1.455215016954495688e+01
1.462867297943074085e+01
1.598231188439992501e+01
1.360700720145414699e+01
1.416829890221126398e+01
9.623077941244467581e+00
1.286486269125158444e+01
1.376546803360932003e+01
1.052271131158358486e+01
1.155965803188452234e+01
9.501193353949956233e+00
7.805683205653195955e+00
1.300280193751356528e+01
8.107928835202907081e+00
1.321157327409022031e+01
9.297515696859973033e+00
1.087916496752470152e+01
1.172028786724127158e+01
1.108167229973549084e+01
1.294191090750417850e+01
1.450763987589328252e+01
1.094740250218143629e+01
1.780118407793019131e+01
1.693394246403681436e+01
1.507183341359353079e+01
1.749653407619064183e+01
1.636808316640304284e+01
1.870089042072698859e+01
1.540802782256869108e+01
1.651502380144943416e+01
1.269778494255473333e+01
1.702744834600141033e+01
1.891145156790830129e+01
1.989397877263809278e+01
1.973910494713177144e+01
1.772160059618274985e+01
1.946945206492247138e+01
1.972107396261358048e+01
1.740892530198009069e+01
1.481547832455432889e+01
1.519903467141075204e+01
1.872273869880815766e+01
1.707672539951862589e+01
1.896943255201537326e+01
1.664336032141803656e+01
1.721474168654755132e+01
1.549366570398478693e+01
1.670747001288269828e+01
1.921168699667837743e+01
1.672513663838635978e+01
1.809510998376628521e+01
1.757693244456944370e+01
1.603518261755519347e+01
1.574041835298044845e+01
1.621565923096399686e+01
1.785538900340451107e+01
1.945560222044221277e+01
1.780231609640192403e+01
1.700882005179963130e+01
2.148772487658090569e+01
1.924753801276568410e+01
1.472949293351660849e+01
2.210619878717215059e+01
1.874807333245626495e+01
1.494637345785852922e+01
2.165117428871646510e+01
1.998490537375776199e+01
1.759734337073625099e+01
1.472627997102049768e+01
2.003436356242285399e+01
1.806044090942780045e+01
2.237036692059381338e+01
1.779728073081162876e+01
1.717157670882236786e+01
1.936274451836639798e+01
1.654381445605301337e+01
1.823772773173422124e+01
1.639970384162240080e+01
1.985048266083879653e+01
1.896047854552612932e+01
1.731344519698263795e+01
1.673679115164671671e+01
1.666233678058305756e+01
1.631814727756981398e+01
1.714881905867540723e+01
1.929151120973909528e+01
1.999935717615719710e+01
1.963551025060651156e+01
2.075292662313117020e+01
2.232086795460747908e+01
1.888274666379853883e+01
2.037612293192114876e+01
2.016848142308325365e+01
2.083103075142502192e+01
1.928945672551514789e+01
1.683353606110128098e+01
1.590445642815313398e+01
1.852184143261342086e+01
1.733878622382676227e+01
1.667464023423573494e+01
1.766288097563428749e+01
1.553292747306841015e+01
1.581785506593864632e+01
1.579670178012530357e+01
1.867340922177256601e+01
1.792518984345495525e+01
1.702732580634662796e+01
1.480296636921189446e+01
1.490767452266930881e+01
2.133355297233813985e+01
1.865246217304534326e+01
1.832897847509027045e+01
1.780461116516115183e+01
1.907524886163851363e+01
1.685938220705050838e+01
1.767945386984262512e+01
1.617549919932294600e+01
1.716919180894921482e+01
1.947018856995899583e+01
1.923923690116449947e+01
1.743249492972184100e+01
1.725311731097006174e+01
2.012604610230428293e+01
2.171129979573047208e+01
1.838712845359954429e+01
1.632159756143161999e+01
1.943202482989890356e+01
1.383188039613069265e+01
1.581946004747966050e+01
1.705059618214692918e+01
1.976035924999836624e+01
2.034605959874123471e+01
1.510849468476012092e+01
1.661395299286370175e+01
1.616103028936068498e+01
1.835781100859346537e+01
2.122781936318683549e+01
1.930760452525484894e+01
1.869454745853996513e+01
1.758744940673133783e+01
1.912018026144146532e+01
2.076206499589028454e+01
2.035250410255467202e+01
2.010854425320881944e+01
1.675363413078769526e+01
1.952304192833364738e+01
1.748120774975130232e+01
1.612373444912973852e+01
1.809647974236482426e+01
1.765628122951901346e+01
1.362602322665400933e+01
1.527142042591264293e+01
1.643333401040426978e+01
1.420739059059021692e+01
1.364054371989222858e+01
1.369110325109463844e+01
1.315109389074211776e+01
1.790151268500058990e+01
1.610246923609784986e+01
1.786447410341795816e+01
1.555245382861821035e+01
1.417698485687375864e+01
1.529300424797338920e+01
1.643267390548067297e+01
1.854539656626450750e+01
2.018959111130805439e+01
1.838289327440241294e+01
1.543714402225656812e+01
1.613500545315589108e+01
1.744433968581704164e+01
1.553132660304782497e+01
1.585367847489699855e+01
1.832373124248372775e+01
1.883890612304960754e+01
1.741851603652447267e+01
1.777220231112205084e+01
1.703911365410926138e+01
2.173587541805865442e+01
2.098761008920094184e+01
1.837540665388072014e+01
2.163921335670552537e+01
1.807126493421936431e+01
1.820741806381428418e+01
1.895983204242539699e+01
2.002839994026188819e+01
1.645535922503576742e+01
1.529647026807107579e+01
1.540254197385291945e+01
1.835708876321881178e+01
1.542335575230744737e+01
1.931140471114470003e+01
1.476639733259528242e+01
1.724969500366732333e+01
1.933643465938942541e+01
1.770306299414043139e+01
2.226239678343566908e+01
1.841850997748359120e+01
1.756057850080114591e+01
1.724937829335732076e+01
1.995919824354674788e+01
1.883125994595179264e+01
1.520928763612790213e+01
1.699042480100795771e+01
1.863018134203538168e+01
2.129909460978903724e+01
1.549228631641762455e+01
1.874506259356848048e+01
1.802857559317706659e+01
1.774707183429212876e+01
1.814133000122954797e+01
1.661217093311698179e+01
1.885038537003969239e+01
1.860866162299847204e+01
1.886892060932581927e+01
1.840267677756661868e+01
1.840454545361139438e+01
1.633220906875373402e+01
1.842224442452154776e+01
1.737126610900337198e+01
1.473196854971876490e+01
1.720151440970488110e+01
1.737180257272721917e+01
1.607943972386851073e+01
1.668161692027330645e+01
1.851055884377421634e+01
1.945663652280286371e+01
1.723396573973857926e+01
1.817888087641882322e+01
1.788307542691683594e+01
1.698696612633918690e+01
1.532957442582006635e+01
1.768191579121293344e+01
1.757431486233683771e+01
1.807757072957256739e+01
1.579678168830322349e+01
1.570762651406563037e+01
1.918202406656634906e+01
1.918273301861298563e+01
1.859054320075847144e+01
1.652197741640732431e+01
1.568306915322097339e+01
1.581456181939101491e+01
2.010118092237561171e+01
1.957299346001626716e+01
1.873996213860598203e+01
1.945978132314003872e+01
2.126574892246064863e+01
1.774121908185005125e+01
1.671226348178544185e+01
1.773495833042680303e+01
1.814164079854212375e+01
1.736416786597505535e+01
1.950995773135810651e+01
1.873220674232997851e+01
1.717411959301108482e+01
1.922266924960592149e+01
1.698800051837133651e+01
1.868845629342924042e+01
1.910593990215421556e+01
1.859559900510689090e+01
1.648000528628811878e+01
1.654977713481516233e+01
1.822759222708392457e+01
1.709498303259526253e+01
1.972906835592372943e+01
1.756392624645164702e+01
1.783115262523982736e+01
1.987318929073806473e+01
2.044337804643568290e+01
1.865837151097499813e+01
1.988799639455151436e+01
1.940497049912906036e+01
1.703261173171480891e+01
1.720970810960395880e+01
1.899751259356755639e+01
1.994876375373924304e+01
1.956252117685819059e+01
1.812429075978779380e+01
2.079824425976424962e+01
1.952464834982111697e+01
1.998844768432780938e+01
1.919446085095820109e+01
1.731819958796305059e+01
1.700148924893663249e+01
1.613063107120725803e+01
1.704057139032772383e+01
1.547379288098843908e+01
1.449404994941368585e+01
1.572508407941169750e+01
1.715652493925757938e+01
1.966869776200136499e+01
2.038556242656851225e+01
2.086191520933398635e+01
1.891045738968142942e+01
1.987065358884795785e+01
1.850262083030970217e+01
1.650834316162802651e+01
1.681519961572764288e+01
1.839881850793732809e+01
1.935829337255565363e+01
1.899114618946328292e+01
2.162329168227228138e+01
2.133624133390091870e+01
1.926099384387829971e+01
1.983946921885018000e+01
2.028136341188844582e+01
1.975443723264872276e+01
1.714223476641693011e+01
1.718588754109898531e+01
1.686720969200502651e+01
2.069465892073113977e+01
1.801389097048306454e+01
1.621911865238992689e+01
2.082864493739998224e+01
1.939237566122667644e+01
2.104347202145095608e+01
1.540758804047981201e+01
1.734440400998304099e+01
1.596393385068149406e+01
1.865826913109601293e+01
2.123247923027688344e+01
2.047309926615401920e+01
1.536377392514834739e+01
2.036723378417173791e+01
2.083018140045347266e+01
1.989937561122571452e+01
2.103363404847641149e+01
2.218977379066406641e+01
1.768315262100708907e+01
1.766296830177851263e+01
1.910517806162129517e+01
1.927707135186776100e+01
1.641151424185856911e+01
1.856522202934685950e+01
1.711612826828784861e+01
2.010704754832369900e+01
1.686941111469167609e+01
1.740674612995870518e+01
2.243178269608266362e+01
2.236450285200715271e+01
2.259987067358805390e+01
1.916333376316284998e+01
1.953261271590789860e+01
1.767167125389120130e+01
1.829950184342468944e+01
2.123798047482114981e+01
2.030433831770640296e+01
1.681514215045755023e+01
1.795332980168558734e+01
1.854998090406204625e+01
1.420032429041934030e+01
1.709898997062241932e+01
1.883900043311870220e+01
1.866604725286424582e+01
2.045733880384238290e+01
1.697001645314351137e+01
1.840477313077337129e+01
1.726970500875239622e+01
1.530343389527145170e+01
1.549015072628651168e+01
1.653768862289343033e+01
1.523180148495814734e+01
1.372474841457664851e+01
1.347239073822982824e+01
1.761756448480454296e+01
1.488731559885572686e+01
1.730076432860508362e+01
1.683570830543320440e+01
1.596383062323963742e+01
1.527094834714999116e+01
1.300935354339820016e+01
1.505173320936052939e+01
1.864055585397935744e+01
1.580932319287161114e+01
1.955807864499539050e+01
1.743300319371590845e+01
2.109718536080488960e+01
2.058590682790167037e+01
1.934646501136840158e+01
2.088276632146490996e+01
2.468923599037553274e+01
2.005266975876700997e+01
1.894930369402554149e+01
1.811008214834601304e+01
1.751245430162707351e+01
1.750983085086970448e+01
1.800196870771985758e+01
1.593634185144144588e+01
1.626629712630159474e+01
1.847891027176746093e+01
1.605627709848140228e+01
1.800692521202799057e+01
2.090775911797328135e+01
2.063692694032439690e+01
1.935202800284874058e+01
1.873902858568290952e+01
1.839318219992605918e+01
1.900854784177196777e+01
2.006423569030282295e+01
1.870827406375110513e+01
2.144167607956536870e+01
2.013165599168466002e+01
1.738242311878472179e+01
2.155308636991689042e+01
1.983412142913629594e+01
1.846516309221082608e+01
1.962852985117105575e+01
1.875576137656016940e+01
1.864445095077467229e+01
1.989766390458314405e+01
2.051994884739969649e+01
1.753919353544039339e+01
1.968992089801765033e+01
1.629662796481737530e+01
1.962611962236513108e+01
2.040385302410215118e+01
2.105279579880310337e+01
2.015054855234183506e+01
1.846408066237561840e+01
2.131433238486350135e+01
1.497850039606373151e+01
2.266302704898914300e+01
2.262525205090644675e+01
2.072736806139139532e+01
2.016687523342731581e+01
2.344296835561731385e+01
1.910136562125484616e+01
2.144193836470866188e+01
2.004915979011645177e+01
1.985797823682452190e+01
2.071224562491909182e+01
2.068468606486348804e+01
1.861597613870556600e+01
1.860462484628924074e+01
1.868492297288216974e+01
2.135004652028614913e+01
1.980803631639275153e+01
2.044751895844440881e+01
1.807341138027040373e+01
2.221355791811592795e+01
2.145253125869708555e+01
2.049367827473107795e+01
2.002798436952430450e+01
1.939365535291532439e+01
1.603636155934672658e+01
2.025405952901605033e+01
1.672752583815647398e+01
1.765356236565689940e+01
1.981643327404550092e+01
1.864671204419529715e+01
2.026754499454082037e+01
1.852747292181740590e+01
1.691123448745553404e+01
1.900957193953889757e+01
1.820287535274857049e+01
2.110591363602117454e+01
2.015213130640130146e+01
1.859754047425826329e+01
2.053018303028482450e+01
1.968098407238392511e+01
2.230484846880172967e+01
2.243236711680801321e+01
2.178240893893884333e+01
2.089383632158062909e+01
1.770329457393290795e+01
1.936251276050350612e+01
1.567492136600663422e+01
1.758878535382143582e+01
2.049318657693197565e+01
1.883063469668404366e+01
2.197085104039052439e+01
2.083294182186877563e+01
1.851774005276267587e+01
2.100354525151247032e+01
2.079475632972221888e+01
1.967572629644359239e+01
2.026671804151679623e+01
2.301961733782644970e+01
1.894358342918603810e+01
2.030519860471081017e+01
2.313939595299850538e+01
2.076001229052990738e+01
2.093571203669593217e+01
1.807249603135930016e+01
2.059451099830220500e+01
2.037331782433878402e+01
2.131417002670006156e+01
2.349345984039790380e+01
2.118590223268708783e+01
1.930422310641408146e+01
1.976901664081623267e+01
2.057880706874332333e+01
1.873463779645586769e+01
1.995268285374240591e+01
1.962895790961892217e+01
2.506806008234082128e+01
2.170607758225849437e+01
2.116481183333360860e+01
2.098820021355811605e+01
1.978463491816892983e+01
1.981720676313491580e+01
1.936963846046928950e+01
2.034199978111873364e+01
2.184943389263052183e+01
2.177748913738541958e+01
2.612812146114108103e+01
2.020075345776223230e+01
2.156853339543918935e+01
2.084537272812389830e+01
2.095602086876975889e+01
1.907465453695484214e+01
2.140744321736954348e+01
2.146282003155187823e+01
2.191160958522870317e+01
2.224165630805740435e+01
2.076326121314527029e+01
1.881332086829425876e+01
1.812807220821809295e+01
2.238954739487400403e+01
1.543581323177828679e+01
1.829005770581330381e+01
2.092498696245343837e+01
2.279352740956410273e+01
1.916354875042691219e+01
2.076886109282759207e+01
2.183249369442519239e+01
1.876484293195382946e+01
1.884148857957458389e+01
2.253063501096352539e+01
2.312825763499729703e+01
2.117715822159729555e+01
2.169529992938196727e+01
2.205717042306352127e+01
2.295274189108137364e+01
2.209634188373385300e+01
2.173816070025804947e+01
1.987344464262986676e+01
1.972878681962037462e+01
2.279990675499404418e+01
2.051711317868129925e+01
1.888403350620603049e+01
1.954477269486131519e+01
1.669647542899513226e+01
1.928507496655177178e+01
2.390758624295899182e+01
2.309672636941446555e+01
2.132099053848191161e+01
2.620716587466516501e+01
2.234767826706495697e+01
2.360554434799549739e+01
2.124519627719262971e+01
2.058898259544069731e+01
2.353261748766777117e+01
2.121057946360138402e+01
1.936953250371041690e+01
2.171060838163941753e+01
2.436083240167829800e+01
2.398548539275450864e+01
2.363440181054241762e+01
2.390475389104543069e+01
2.066496900248889546e+01
2.292760841937327143e+01
2.071040723711471188e+01
2.364587544214469972e+01
2.296498426715688623e+01
2.494579210793075319e+01
2.318681240504523089e+01
2.231416697550141492e+01
1.925699186880202518e+01
2.382430217547537055e+01
2.094932294276829765e+01
2.185959966684326616e+01
2.197414834559073071e+01
2.308684960271087405e+01
2.513003595796928025e+01
2.229297335237028932e+01
2.256244962296747403e+01
1.846585074129590254e+01
2.111606966354535686e+01
2.303089368995112807e+01
2.218774819063839843e+01
2.446464110439078610e+01
2.352199706717939520e+01
2.016665285806744734e+01
2.049512002324098958e+01
2.359260023745930468e+01
2.060511107246738050e+01
2.253896574961905230e+01
1.985864705387814766e+01
1.923747832453118178e+01
1.842063594955917338e+01
1.978218784312204903e+01
1.999347716105480544e+01
2.219957263795432212e+01
2.234208607036675431e+01
2.381811443050241550e+01
2.077056015291261204e+01
2.243259100249247950e+01
2.318359621626432698e+01
2.348739333344801850e+01
2.111384864844497855e+01
1.884887143327409831e+01
2.338021602434678314e+01
2.439437016106516509e+01
1.997618009682208751e+01
2.444898909657258201e+01
2.473815767311324976e+01
2.390684904520776399e+01
1.858453878844571605e+01
2.160094308690522524e+01
2.181168556480729492e+01
2.182793323007492958e+01
2.118105033475028165e+01
2.201921656273849948e+01
2.298675513456113961e+01
2.470930903536515899e+01
2.267231511157581636e+01
2.278064944670919800e+01
2.298613578475198338e+01
2.467826060369171870e+01
2.349095023926016168e+01
2.317440626928492975e+01
2.188807168122997737e+01
2.336236937233243438e+01
2.271023324028162094e+01
2.319894205962810929e+01
2.348926097028790494e+01
2.459959415617221268e+01
2.100485853156899907e+01
2.193192603585814737e+01
2.320580102504646902e+01
2.287131544977969000e+01
2.182280591249791968e+01
2.134635570476934419e+01
2.424264417310038411e+01
2.045700282290510685e+01
2.030248322392792915e+01
2.409829202212783983e+01
2.106582386951220087e+01
1.987649679700607663e+01
2.078276504898490273e+01
2.283672694914878321e+01
1.991175722011107396e+01
2.260075181204848249e+01
1.905965246039662730e+01
2.228639791120113145e+01
2.147451236381203543e+01
2.073552157378123084e+01
2.326725809516365828e+01
2.028907417551728898e+01
2.372587850559250811e+01
1.928923731673365793e+01
2.260402768625203151e+01
2.187232309993244428e+01
2.149311390854847659e+01
2.365374566101552389e+01
2.217476295860266333e+01
2.079484255282066130e+01
2.238093734947379687e+01
2.435588821917634306e+01
2.438173177178141415e+01
2.055666076156402511e+01
2.117634113362702664e+01
2.110084134098680053e+01
2.226664151777711709e+01
2.498885115153301939e+01
2.142244737685678047e+01
2.152790298034494043e+01
2.151986334476116269e+01
2.382223557368227418e+01
2.285168793430340983e+01
2.423748338911385503e+01
2.281805122159088484e+01
2.439969650261827283e+01
2.300515191661231640e+01
2.367003689949744327e+01
2.637121461810123080e+01
2.115581916074030033e+01
2.225348971289160716e+01
2.347887550292749026e+01
2.329942519857475602e+01
2.214039427191557508e+01
2.351870624490325312e+01
2.398800309628935779e+01
2.371959642598342555e+01
2.167099231082262278e+01
2.277248198539918178e+01
2.180607205358831635e+01
1.986683052928102811e+01
2.271856086660114471e+01
2.152914044641663338e+01
2.169197421661693426e+01
2.313812155693414141e+01
2.147584777505769793e+01
2.167656485917912335e+01
2.254216773319160083e+01
1.953335826415992216e+01
2.346259981229152203e+01
2.285335256750913757e+01
2.144193706239463282e+01
2.419692343632564047e+01
2.309476892310289387e+01
2.219923941422836933e+01
1.875064521318553545e+01
2.378551922892571113e+01
2.034895862292648161e+01
2.042418283564770576e+01
2.576194932892975586e+01
2.256172358679084411e+01
2.155878869649210827e+01
2.360839981189031533e+01
2.306924656221837822e+01
2.467946719202080530e+01
2.226644713228042605e+01
2.124675340648006028e+01
2.061915793252703821e+01
1.944982453726418470e+01
2.146895453997973746e+01
2.388831304733768235e+01
2.147446850595349943e+01
2.036164620063281205e+01
2.140457498197708830e+01
2.474220397177946040e+01
2.314560154949559845e+01
2.240420287210366723e+01
2.061252671368293932e+01
2.492773637482483906e+01
2.265367690112972454e+01
2.040837705566411486e+01
2.246359628774665396e+01
2.229533514356604229e+01
2.512429342716563241e+01
2.240384906550814748e+01
2.159269053977697439e+01
2.586960691079728747e+01
2.517523412306665875e+01
2.337521552283605430e+01
1.940641818494840010e+01
2.326372322831026906e+01
2.111353928707941918e+01
2.230773248784157303e+01
2.150513036684386492e+01
2.466953215380063824e+01
2.637739842927095424e+01
2.173829244212416256e+01
2.080506010951286200e+01
2.163914162466568314e+01
2.068340132383406882e+01
2.256063612908801730e+01
2.300313376803816823e+01
2.181682431825010582e+01
2.139025435845602630e+01
2.173372375070445628e+01
2.144160086391277176e+01
2.101093295289086882e+01
2.101748862729911238e+01
2.238034675210453628e+01
2.251056103046304457e+01
2.474297623055992545e+01
2.190191695040877207e+01
2.233984875712372187e+01
2.162913704018190231e+01
2.320621758722474937e+01
2.280994084611281991e+01
2.295924377035159480e+01
2.360536408432916389e+01
2.321688489274502487e+01
2.309837653385249467e+01
2.422949074863526064e+01
2.359523615694047649e+01
2.413690126711672335e+01
2.044724761567246674e+01
2.105745646406196059e+01
2.201220485297515594e+01
2.064544751180860160e+01
2.266075540174022507e+01
2.142294553048565220e+01
2.252679994960507770e+01
1.894410253991684101e+01
2.056783181849301201e+01
2.303229603610203924e+01
2.532706607799860876e+01
2.384923290775980576e+01
2.334556618109644432e+01
2.475610837759148808e+01
2.165899070716107389e+01
2.329897922781324482e+01
2.700932059808922858e+01
2.202592552658296654e+01
2.342540675003615647e+01
2.264989026945616502e+01
2.191456104692147377e+01
2.387730094318138541e+01
2.213282541126501712e+01
2.380565875428255040e+01
1.955627510448911721e+01
2.513927105669446505e+01
2.332089284989473654e+01
2.181997746688142925e+01
2.573536526842863381e+01
2.491518885321482202e+01
2.401572098721525705e+01
2.431808052063284720e+01
2.117601966201901220e+01
2.334138521324347337e+01
2.202242567895891057e+01
2.269089789777966359e+01
2.510188092356023049e+01
2.497226295564605891e+01
2.463873871468761223e+01
2.505566302371231302e+01
1.953827843013434773e+01
2.602687184872043602e+01
2.385048932367800134e+01
2.460090327394659937e+01
2.300986348061254816e+01
2.329276364833090796e+01
2.197736316266256651e+01
2.402881167968362774e+01
2.538556278253930287e+01
2.535090641155775160e+01
2.541350300143272989e+01
2.637931291340683870e+01
2.369131931382438339e+01
2.151472459634310752e+01
2.075066578099976056e+01
2.421030662326741734e+01
2.456357049193909248e+01
2.076980646203028158e+01
2.130060001386933521e+01
2.230371024128269752e+01
2.434826358994032702e+01
2.593465385068128981e+01
2.717736004567310459e+01
2.280413532279997568e+01
2.463035615015469659e+01
2.555163314062994218e+01
2.193193413337458253e+01
2.480633435636068285e+01
2.260049518335032914e+01
2.318205082308713116e+01
2.254031797858609565e+01
2.629508269769967654e+01
2.631679153890866729e+01
2.342951589906860832e+01
2.427959364158094502e+01
2.293111117465611670e+01
2.612366534127086837e+01
2.263912118245034577e+01
2.371315714053199386e+01
2.464226369802008776e+01
2.468016298033548495e+01
2.321716928813285818e+01
2.346891776746370084e+01
2.607696564634931136e+01
2.562263094784328032e+01
2.678764259083883914e+01
2.573855275498437933e+01
2.720510521964699890e+01
2.448667114676160494e+01
2.580784016331625352e+01
2.748908052356165044e+01
2.298667533507910576e+01
2.135922330749435361e+01
2.511530608734302561e+01
2.337133863191015237e+01
2.377858976200308305e+01
2.596003055068162979e+01
2.403058917912170500e+01
2.353039753153608515e+01
2.323540147210105289e+01
2.392297763027974611e+01
2.271096403205456937e+01
2.373010401718835638e+01
2.484350712463195521e+01
2.499034631730133782e+01
2.519703973864938007e+01
2.326129903414032896e+01
2.404149974798376377e+01
2.305390085036383141e+01
2.375685640902334583e+01
2.500214075312791806e+01
2.501886943296613097e+01
2.450488860028355020e+01
2.373882095292688277e+01
2.444459883091131758e+01
2.349969131710855308e+01
1.900161940828079210e+01
1.963783671809006748e+01
2.217655714242957998e+01
2.317592407565879498e+01
2.818379547297604049e+01
2.625784264667317558e+01
2.547102957414961111e+01
2.796091984266647756e+01
2.916760856134497715e+01
2.648099923545854040e+01
2.333975823315269338e+01
2.170081322413957281e+01
2.373375833176707062e+01
1.867379817475823245e+01
2.033017128010267527e+01
2.078377746739893439e+01
2.058614801496858249e+01
2.216515637388990712e+01
2.589260094307538651e+01
2.248537554725402643e+01
2.336346969854222166e+01
2.293348116315154783e+01
2.401818233423930593e+01
2.293564094582204760e+01
2.485185161665802767e+01
2.649221492046763160e+01
2.334848685823229886e+01
2.121390806362048664e+01
2.225451329233145614e+01
2.047294900048216704e+01
2.284880739403038419e+01
2.024623783915352249e+01
2.089073036271609496e+01
2.111138557718933484e+01
2.258090409862191805e+01
2.045887112589901946e+01
2.306163652797891928e+01
2.432270296305033952e+01
2.345264635633714789e+01
2.521249515652923279e+01
2.437280211661581575e+01
1.982964630532280381e+01
2.235942488866977484e+01
2.316462351639822970e+01
2.169435772234964688e+01
2.290992456283261092e+01
2.376543935064888302e+01
2.323121187950088640e+01
2.209164410407655410e+01
2.276253089215884273e+01
2.578254763628527968e+01
2.380543601514500196e+01
2.373281155743028137e+01
2.326839959169947392e+01
2.409116997110260883e+01
2.381732384206211250e+01
2.247856670734033813e+01
2.314310915480986353e+01
2.303553209925028256e+01
2.092351189510209508e+01
2.065937358261608381e+01
2.128301457938652419e+01
2.221391080697342346e+01
2.390396549826415651e+01
2.259952107891376372e+01
2.296527264917612499e+01
2.298507780040223736e+01
2.257567954429227797e+01
2.955535398706124184e+01
2.593545751486835726e+01
2.268456552811312577e+01
2.166316431737824644e+01
2.199310477152765131e+01
2.325983427237875034e+01
2.466555216906169434e+01
2.225324280939931754e+01
2.192192429912956086e+01
2.220698529840734992e+01
2.300010641276768553e+01
2.544972706371808613e+01
2.408029992712675948e+01
2.437142067057299499e+01
2.746535117264241421e+01
2.294990045250185773e+01
2.553623676203834947e+01
2.846459131106197304e+01
2.521410290154645040e+01
2.354353712439713675e+01
2.703645381008244186e+01
2.384078487974606730e+01
2.671728744562647861e+01
2.733771250197920466e+01
2.745485992296977074e+01
2.475968531158706298e+01
2.721553447381209878e+01
2.714965875936173489e+01
2.494979387853739183e+01
2.437251899312403225e+01
2.424950289614668009e+01
2.432474131324878286e+01
2.411902150861048355e+01
2.311244280096207859e+01
2.633486664754027728e+01
2.319748927134979510e+01
2.355105218169897086e+01
2.377586467431007478e+01
2.351927184887941991e+01
2.199457023381761900e+01
2.383795528746686898e+01
2.430590729340699951e+01
2.351462225171203002e+01
2.342382656909972738e+01
2.293598175952027063e+01
2.275332742449142032e+01
2.500148931345830050e+01
2.347966260252055548e+01
2.299556725927090639e+01
2.431228064525472732e+01
2.188191400616426563e+01
2.200357785618400541e+01
2.375103088597779788e+01
2.279272937355892736e+01
2.340200794791757843e+01
2.443611938920500393e+01
2.273275491760656308e+01
2.463287748302091273e+01
2.410528559276014704e+01
2.654095078758999904e+01
2.358040913235356939e+01
2.735208993045607428e+01
2.741867497564273037e+01
3.080116584431982218e+01
3.132734045287668323e+01
2.923287761112083416e+01
3.710065604901796377e+01
3.229966573990238032e+01
3.265780364310905526e+01
2.657770887254965331e+01
2.518400942312225865e+01
2.373036338745876250e+01
2.369026771464810466e+01
2.433635475338178011e+01
2.221577260863618974e+01
2.313460953629087413e+01
2.092252881293185496e+01
2.273551289110604756e+01
2.534568339718917329e+01
2.243277253502928303e+01
2.133176883280226832e+01
2.152676942898886736e+01
2.146579431889639977e+01
2.166645440627072361e+01
2.500617891805335447e+01
2.194151713365669210e+01
2.300066474797365856e+01
2.377947517417759826e+01
2.337684670675147203e+01
2.300655964004367604e+01
2.095337004242315970e+01
2.807311863929944806e+01
4.875033591966563762e+01
2.572825907838841886e+01
9.447700711036931764e+00
1.888086577807790079e+01
2.021345120873293411e+01
2.195046376421109002e+01
1.940614979023077069e+01
2.043426764019083208e+01
2.235693253188309271e+01
2.149883633645799463e+01
2.360364994001795935e+01
1.926673785500595670e+01
2.103660495275815734e+01
2.167139580762773576e+01
2.367163229545278824e+01
2.247723653162383073e+01
2.525944218035481015e+01
2.462371216808275420e+01
2.175668957814288618e+01
2.144483413605272304e+01
2.446645603356326504e+01
2.116536075382229143e+01
2.290959236541180033e+01
2.432267237288881745e+01
2.013061911367989154e+01
2.236210521873661961e+01
2.185933195377038629e+01
1.964782371034231190e+01
2.149881187891909562e+01
2.085251908680490374e+01
2.411586846507443838e+01
2.252965730947920164e+01
2.472774455495884638e+01
1.948833998905512033e+01
2.326352887172330597e+01
2.054046983165571305e+01
2.118457819171679901e+01
2.161250392069636916e+01
2.211010660155537977e+01
2.302396394059373819e+01
2.092302006003833270e+01
2.117495152650393919e+01
2.150640831100265160e+01
2.178002035761469912e+01
2.223325162662594678e+01
2.341374856616522848e+01
2.490636548205294787e+01
2.401374928024419830e+01
2.463964601400830645e+01
2.153807806493052013e+01
2.345740343092218438e+01
2.201892406372389033e+01
2.257900187590503549e+01
2.495821698884492079e+01
2.085660672777640912e+01
1.932262672913540413e+01
2.318720657940816920e+01
2.140387076320217474e+01
2.256574669749299034e+01
2.287524567796021913e+01
1.887149081116213978e+01
2.076341431290730455e+01
2.056984454855100708e+01
2.271457815487098841e+01
2.369206976250066532e+01
1.991157508273309418e+01
2.417337999848810171e+01
2.350900380313511207e+01
2.123386923367581858e+01
2.346153281362542842e+01
2.453082097834995778e+01
2.205006368891677937e+01
1.983974269762405385e+01
2.607312472729925190e+01
2.171024159276103660e+01
2.484906946710263043e+01
2.068521549136598736e+01
2.239727280134290766e+01
2.203607252623831059e+01
2.509918967211979890e+01
2.200480321870976397e+01
2.068857117347612018e+01
2.413779664674870773e+01
2.282056798387861107e+01
2.202367060366453799e+01
1.986110620517022696e+01
2.187924556056174907e+01
1.952774850492695080e+01
2.317697172511473980e+01
1.948630211324290329e+01
2.243691901710559833e+01
2.297095500023365489e+01
2.108840810443602720e+01
1.840125476133779614e+01
2.165003891593505969e+01
2.198420846207932655e+01
2.112280942290376728e+01
2.183778880425194657e+01
1.655562076928862680e+01
2.371038620880617387e+01
2.207569122773492865e+01
2.128067627958539276e+01
2.330156834294065860e+01
2.166075080193980540e+01
2.026782874200322127e+01
2.455227716857349662e+01
2.242648174029991992e+01
2.233102922828506465e+01
2.102271452091638437e+01
2.153044257974118025e+01
1.792840459209640613e+01
1.802570219489540904e+01
1.919466536372362242e+01
1.831381671393135235e+01
1.651396238482320200e+01
1.652058916684777756e+01
1.942126340009009411e+01
2.048989266863680214e+01
1.881159281974570163e+01
2.020719531596109420e+01
1.791098523211515214e+01
2.086318965542071524e+01
2.150912179979032857e+01
1.790895435549849779e+01
1.822002674841281689e+01
2.104156875546516403e+01
2.185280403526003568e+01
2.030640182133049976e+01
1.821321597231248646e+01
2.244011551939007276e+01
1.776721773985048003e+01
2.148622345842501602e+01
2.032230215701135378e+01
1.930228887040322761e+01
2.094831321589041906e+01
2.108818601920645719e+01
1.862026347293072348e+01
2.218438900742236797e+01
1.964470005013001597e+01
2.488848943853642837e+01
2.407871654954102425e+01
2.420105127612088936e+01
2.124139473881901097e+01
2.050840973615198237e+01
2.036403378549582399e+01
2.068815730709651035e+01
2.270788083788366407e+01
2.034461332736477956e+01
2.128482991337695296e+01
1.973082478097374448e+01
2.054154372858000244e+01
2.292476341221184200e+01
2.194487503847134491e+01
2.251166899621208017e+01
2.361891563272178374e+01
2.123130731640206648e+01
2.198406146208808565e+01
2.166057621532000965e+01
1.942689393173965229e+01
2.315592525572462890e+01
2.170740515264339621e+01
2.154863696026014352e+01
1.991436520502341878e+01
2.139713261419476709e+01
2.130360950466198844e+01
2.120827162623199413e+01
2.297322813051601997e+01
2.193709585476249657e+01
2.168689735872207081e+01
1.907031482623979812e+01
2.110318803684054956e+01
2.325972098652338715e+01
2.538076042503863050e+01
2.206958520714066552e+01
2.156670641153771584e+01
2.580531336983848689e+01
2.308246736220569062e+01
2.248925293455997476e+01
2.371073203808421326e+01
1.856308890493950159e+01
2.235862198948377610e+01
2.363901697663967383e+01
1.966623484709360170e+01
2.208686866077210809e+01
2.450373509282690421e+01
2.545186799427980162e+01
2.331222368872635187e+01
2.272016800494963462e+01
2.444072954545067233e+01
1.662073554354322980e+01
2.421169786958219206e+01
2.022039963837759302e+01
2.293021515295623658e+01
1.723042128834570619e+01
1.865575090319481077e+01
2.015301163538781992e+01
2.258835425779792061e+01
1.951569202248770551e+01
2.230123817676254205e+01
2.029668741817998878e+01
2.132387460246350130e+01
2.596108667260649838e+01
2.352271080440286610e+01
2.454033308105725553e+01
2.138522304674388153e+01
2.196337971047789139e+01
2.439712932236873399e+01
1.814167358285643417e+01
2.083158241422354351e+01
2.569400067782539665e+01
2.205602775842940844e+01
2.138644979049103867e+01
2.460155781750937720e+01
2.297869109062106219e+01
2.305628175167325722e+01
2.435698292150966182e+01
2.568578821477705887e+01
2.380729316651001426e+01
2.573450397128687328e+01
2.546447633257227494e+01
2.373165718524310464e+01
2.128921851832870615e+01
2.360532048835167629e+01
2.467557867931003202e+01
1.916068248009688446e+01
2.176460916198950102e+01
2.548944042792556530e+01
2.353602762678595539e+01
2.498329958371442672e+01
2.517975027178611214e+01
2.670713849215185931e+01
2.425958459107282295e+01
2.364565211246441123e+01
2.572117556518497139e+01
2.134089498909709448e+01
2.478097790433786685e+01
2.350909728895175377e+01
2.370238157969858150e+01
2.057306857383865051e+01
2.300083862301325865e+01
2.270022882180784052e+01
2.356457285014052161e+01
2.015772862865694393e+01
2.286447043723709172e+01
2.299885487306152854e+01
2.148227221585787561e+01
2.117317035319391394e+01
2.138865509935717313e+01
2.603646441839747894e+01
2.541359308373195347e+01
2.064525028641046944e+01
2.315511650274552125e+01
2.325486342035357623e+01
2.455631245402415175e+01
2.319532852360144659e+01
2.403652092251698491e+01
2.105882906746485617e+01
2.047256919692302901e+01
2.068258832290204197e+01
2.205940821783157446e+01
2.301377044283562512e+01
2.469981625682290982e+01
2.158639417335855626e+01
2.236404579938190551e+01
2.184661831208268268e+01
2.296500687711703037e+01
2.377207540261589713e+01
2.282911420414816916e+01
2.192744209128030519e+01
2.369222442887615188e+01
2.387949552455935276e+01
2.414934886287966620e+01
2.356108805833231656e+01
2.101309363496253724e+01
2.319008105919549223e+01
2.060626076369998572e+01
2.076889345865087932e+01
1.764821939123576300e+01
2.087968674876264785e+01
1.955340152766530082e+01
2.144168796354651718e+01
2.273564304209823916e+01
2.026806072861977626e+01
2.294660616322964231e+01
2.253852919742817562e+01
2.142343520772447008e+01
2.490355856421597380e+01
2.252417620254042063e+01
1.966228939714635260e+01
2.210769707288887176e+01
2.104674952321139259e+01
2.144921191323137677e+01
2.331408319294754605e+01
2.353035366165622477e+01
2.266045598145986517e+01
2.116013211699226559e+01
2.218221498418954596e+01
2.184141482226343101e+01
2.071999623846754446e+01
1.953613350594762466e+01
2.032718881338931993e+01
1.951498643599452265e+01
2.106835522498935021e+01
2.296137395906420053e+01
2.270647075397080172e+01
2.053518010589229092e+01
1.992042098677618611e+01
1.917352949450832966e+01
2.181566073650314053e+01
2.231695914613288423e+01
2.136654047159616709e+01
2.183126017243781547e+01
2.229612068934660840e+01
1.982065938951200224e+01
2.210877484736385767e+01
2.035462988168054821e+01
2.272210903567793494e+01
2.249922471998132423e+01
2.330866005329625779e+01
2.465909438071849280e+01
2.249632844548514043e+01
2.193771640826077274e+01
2.283456013251015193e+01
1.997261531035068671e+01
2.173262022050562337e+01
2.396389193655861405e+01
2.271176598390689705e+01
2.372782332482262291e+01
2.398449761687353288e+01
1.863617238497039352e+01
2.048015449221571060e+01
2.004848358492159477e+01
2.160597467129493054e+01
2.348088013467871349e+01
2.226060793194668364e+01
1.999876129333019037e+01
2.206080188696162736e+01
2.502314271435035309e+01
2.431341726059156372e+01
2.261627943682076491e+01
2.229921905003412874e+01
2.309408788353310271e+01
2.371402773750497062e+01
2.095267229945765664e+01
2.069545648653256720e+01
2.358402032629789602e+01
2.217835905378943906e+01
2.260888522841083415e+01
2.305982083311717190e+01
2.236322705219920692e+01
2.259908859136127290e+01
2.173669460606075532e+01
2.088611678443024289e+01
2.229960874385284342e+01
2.246351355783450643e+01
2.163424112814820433e+01
2.095892817884890036e+01
2.307188465367443442e+01
2.477677284616459730e+01
2.019563717170372641e+01
2.159325959078065793e+01
2.090973918382636043e+01
2.085902366399259833e+01
2.021602786393956563e+01
2.026147152295308018e+01
2.287983111749323584e+01
2.218637834764851746e+01
2.040573216108233368e+01
2.235775568850625561e+01
2.072283046738909462e+01
1.890755009925689478e+01
2.095697582617017218e+01
2.283731042226701646e+01
2.241997931430113766e+01
2.040407739550067845e+01
2.376747210030766766e+01
2.164355155860062041e+01
2.160237761281327096e+01
2.050500596795581032e+01
2.060540667834985840e+01
2.242038929170671580e+01
2.407107283596076996e+01
2.201035063981998618e+01
1.968629115675783225e+01
2.273002205704662870e+01
2.313583996313750646e+01
2.272804203900171771e+01
2.190743726033781869e+01
2.295425013954807980e+01
2.062672265656156512e+01
2.166609141458339138e+01
2.414594593927082755e+01
2.167911112441625576e+01
2.259786460649607065e+01
2.225898426806711683e+01
2.238937730927482406e+01
2.176355663633131599e+01
2.129226677017202363e+01
2.170208021519006181e+01
2.245219730471279007e+01
2.290286184355187871e+01
2.106306197689442428e+01
2.183629707324551461e+01
2.394185279549935430e+01
2.231295045310599434e+01
1.974366023595592168e+01
2.237971808684014619e+01
2.265926720731014044e+01
2.400396857772499004e+01
2.449799025088973536e+01
2.355839005116364859e+01
2.523338783744301494e+01
2.159427154406703409e+01
2.096677592484710928e+01
2.226192884786148696e+01
2.253896096609509314e+01
2.245109426996241098e+01
2.425446207575606294e+01
2.339792908408056249e+01
2.369935869433659548e+01
2.357460765599045516e+01
2.435498218254895519e+01
2.088450883022409243e+01
2.382892573388673796e+01
2.620607575293163904e+01
2.161877147500155516e+01
2.256600064090619640e+01
2.284607338300339308e+01
2.259832544628295992e+01
2.510438508174761552e+01
2.287744369146093248e+01
2.276849838052130792e+01
2.275197564074385426e+01
2.395272338348963714e+01
2.544890272410329501e+01
2.116114777627837640e+01
2.174502402081714791e+01
2.315870254291776931e+01
2.266050980473999843e+01
2.191781916967034149e+01
2.198131249064402581e+01
2.127201264887872867e+01
2.391387668446984094e+01
2.343326324421596141e+01
2.406872178413579988e+01
2.231507634109945570e+01
1.966321749289654974e+01
2.241574340404051213e+01
2.445565455196339499e+01
2.368245834717102838e+01
2.253656965313127003e+01
2.251063823270283493e+01
2.227249609618641202e+01
2.380895418218911885e+01
2.001078630770921407e+01
1.995621603082918583e+01
2.484073781140646986e+01
2.282945527107690609e+01
2.274641529031369913e+01
2.307604085049711529e+01
2.248566552501391058e+01
2.110411702114206633e+01
2.294424223163547438e+01
2.103031901749718102e+01
2.038362252681849540e+01
2.423558868221303442e+01
2.111639571642622926e+01
2.214554056302254637e+01
2.595024492371240754e+01
2.412041552426111934e+01
2.440898580297859510e+01
2.293236174343085310e+01
2.416565409052888214e+01
2.211921419879020689e+01
2.338153526066751553e+01
2.455064340043899662e+01
2.051589105612008623e+01
2.313041750333865920e+01
2.127248914538045099e+01
2.258743086495013941e+01
2.311520139860247980e+01
2.126706590757209980e+01
2.307172628577384899e+01
2.241716456582573258e+01
2.248322016974899995e+01
2.213057338708514621e+01
2.391065293343818610e+01
2.251795183035018866e+01
2.334617031842804735e+01
2.266806118886489685e+01
2.108446754818008273e+01
2.266058758741228019e+01
2.173178651431657826e+01
2.278251563694978188e+01
2.287214638545540168e+01
2.195420324579154681e+01
2.243816376278463665e+01
2.432210288317649471e+01
2.287251063506920090e+01
2.371402722470332236e+01
2.525139404367325824e+01
2.416229737417222623e+01
2.138713568862080194e+01
2.170387160051562603e+01
2.379385640580562722e+01
2.384261734564677937e+01
2.224709759136278109e+01
2.395537876648135622e+01
2.302287557654299732e+01
2.175386820031868851e+01
2.321878259158226143e+01
2.427742362022591749e+01
2.565979800624588947e+01
2.656159603440762140e+01
2.250048586541549156e+01
2.560159742460583843e+01
2.382461349140206508e+01
2.424806842816297703e+01
2.430177233314996244e+01
2.508302845508201884e+01
2.474697751015816038e+01
2.351013811031464940e+01
2.170274287486293829e+01
2.347807281689542336e+01
2.299876302687516727e+01
2.138006978268071379e+01
2.241732724242149999e+01
2.313034846861734195e+01
2.185208434774129671e+01
2.425154268808624636e+01
2.337621064427000306e+01
2.415162000508148310e+01
2.274846573776426339e+01
2.106358749450976120e+01
2.321696326753270867e+01
2.288855301821604726e+01
2.421712776135543521e+01
2.307020797282059377e+01
2.300897949605343129e+01
2.161415089406356316e+01
2.395233695398301066e+01
2.446721480061899712e+01
2.147740514155507086e+01
2.327244355672218035e+01
2.327429896337633508e+01
2.066359329352684071e+01
2.167988605412681835e+01
2.431982963834586187e+01
2.086905980249819237e+01
2.277477589896066590e+01
2.479622353699127046e+01
2.619313141448092708e+01
2.534854272001176412e+01
2.328837973452702315e+01
2.314666792864711553e+01
2.700572577914223871e+01
2.449967156129761392e+01
2.260732642289439553e+01
2.498880605359246587e+01
2.444664114708412939e+01
2.510662842565453090e+01
2.144839921946629957e+01
2.361085507444324705e+01
2.423881307393086360e+01
2.481630196509083675e+01
2.703598624897106717e+01
2.491509205439646379e+01
2.569422874966386772e+01
2.300333838782974993e+01
2.461842099561798491e+01
2.464900756977242935e+01
2.400121772364796158e+01
2.341356254027052941e+01
2.482667007272539550e+01
2.529621458314293747e+01
2.206762541048673754e+01
2.180874834079286728e+01
2.307396521814844803e+01
2.235135110364429778e+01
2.493816190813404532e+01
2.365499667426899677e+01
2.349201816592868752e+01
2.180578603990420206e+01
2.257820719831576639e+01
2.285267726613443173e+01
2.145533995115506087e+01
2.427654869800991477e+01
2.498795203281412114e+01
2.167496183429940970e+01
2.565621627748346256e+01
2.612162335599159846e+01
2.572019997811481673e+01
2.418452433696254644e+01
2.532412928998108015e+01
2.503494808147749850e+01
2.608066153581521363e+01
2.289882844608046142e+01
2.302242693741461821e+01
2.463022238561069344e+01
2.269358418441823488e+01
2.301537171054320652e+01
2.313249267246638041e+01
2.334772836921831640e+01
2.346922995404960588e+01
2.233953612790611132e+01
2.357081045309964296e+01
2.417451986716949008e+01
2.321692425084199130e+01
2.254535507820614626e+01
2.564677071789527574e+01
2.326446331523158051e+01
2.422639522244378441e+01
2.338300734510166379e+01
2.717507474647206678e+01
2.907982844242975773e+01
2.281422308382076380e+01
2.298111160917480333e+01
2.456629527953096570e+01
2.040680502453914258e+01
2.064494407845782220e+01
2.586105380358412020e+01
2.386110287440989097e+01
2.332162260061131676e+01
2.339530503855652199e+01
2.077706752150048430e+01
2.240584641084712558e+01
2.336292332643280645e+01
2.441503467132594452e+01
2.298987622248850826e+01
2.506010834126021791e+01
2.424282470382220467e+01
2.239735592017640897e+01
2.385936656048410143e+01
2.498619729832676484e+01
2.479249006701374469e+01
2.525928373050275511e+01
2.356363919356233438e+01
2.449186560592521289e+01
2.493055201332106563e+01
2.386567854602755645e+01
2.368799448882435854e+01
2.585440350132668641e+01
2.588708306685781935e+01
2.638862655466541796e+01
2.707945760134483493e+01
2.345429850692573837e+01
2.364579285283653221e+01
2.492417124505737647e+01
2.266750929588260277e+01
2.335960193208911306e+01
2.352125489328822638e+01
2.295894903387375408e+01
2.123435063116188815e+01
2.313369600773628321e+01
2.199211312841199017e+01
2.394138501312095357e+01
2.188944559357323527e+01
2.414834534667079424e+01
2.232773474742553077e+01
2.224716656012187599e+01
2.398519817557241396e+01
2.267195560988794156e+01
2.244339731875474442e+01
2.400335305038770883e+01
2.361656134343543911e+01
2.374098305403837728e+01
2.157787525186013511e+01
2.384333790789643714e+01
2.524019607822171807e+01
2.420118810761184491e+01
2.401162652261394470e+01
2.385310456926017864e+01
2.503373056430468679e+01
2.239624709338243846e+01
2.348690158281810980e+01
2.398670030495094707e+01
1.991165092028976957e+01
2.151866583542770428e+01
2.201028020712715261e+01
2.005030297658513661e+01
2.088085181309439875e+01
2.079510939709503603e+01
1.986346189795407113e+01
1.993843219546142365e+01
2.051922102168399320e+01
2.080984348326252942e+01
2.181471061356216978e+01
2.020176803801566834e+01
2.226539069396178760e+01
2.329010774038478715e+01
2.127291369230519535e+01
2.409518960198584736e+01
2.491058151618339167e+01
2.396678527895325672e+01
2.203762126194713389e+01
2.182291291198949068e+01
2.452574755140025786e+01
2.523367549117378772e+01
2.401242425389597557e+01
2.368783624713768177e+01
2.301778247386004850e+01
2.373363905287351017e+01
2.351774404904880456e+01
2.316352991146188955e+01
2.513381727839330892e+01
2.300074358631668758e+01
2.230427923595618367e+01
2.355592153949785938e+01
2.183938335932859687e+01
2.459761214984866839e+01
2.448865021735801761e+01
2.412218932619598633e+01
2.254433007319333271e+01
2.461780918972054266e+01
2.286312962302825724e+01
2.227779862785084575e+01
2.331496454304188859e+01
2.303936761393509514e+01
2.266977060712761016e+01
2.194497103405621274e+01
2.295490210802786635e+01
2.381110811615403833e+01
2.426039260817032073e+01
2.413432433145645817e+01
2.158973832155415451e+01
2.215541186494435877e+01
2.372540748084392348e+01
2.439214696087778833e+01
2.302371034282650442e+01
2.506128056079425548e+01
2.425165204450566847e+01
2.441262953398844360e+01
2.278502938902089170e+01
2.190878112475219552e+01
2.529420811173737249e+01
2.444522547443425609e+01
2.461385069683291249e+01
2.259650787346178546e+01
2.357764464990981779e+01
2.508649875026484466e+01
2.403005494127554442e+01
2.359619926007105306e+01
2.424151950498041330e+01
2.332490210411129183e+01
2.395382029648770228e+01
2.528806500699994331e+01
2.372073755455593158e+01
2.505420661727062281e+01
2.340965418112224938e+01
2.508999422544406599e+01
2.421779022551974592e+01
2.421759047977701229e+01
2.321864911318503033e+01
2.338198205652190609e+01
2.396403902429640098e+01
2.436416094400320631e+01
2.412543991529674514e+01
2.550697377132971866e+01
2.351800664250319883e+01
2.493150775345041126e+01
2.491136693550910763e+01
2.442059664951573339e+01
2.393706233002540529e+01
2.179556610326438104e+01
2.350548595781874894e+01
2.381557660260751774e+01
2.292040032898835022e+01
2.354514050381517265e+01
2.440949058879855116e+01
2.444228741047136211e+01
2.241258305716523580e+01
2.361472433676496863e+01
2.307294790762727033e+01
2.215123574929866379e+01
2.386408191978301829e+01
2.398921376736629085e+01
2.291876312726852660e+01
2.254551291222789544e+01
2.157723234374895682e+01
2.468235337242717264e+01
2.359776397115109603e+01
2.439364524346260410e+01
2.375937734357302844e+01
2.579936147245588884e+01
2.362686290971597813e+01
2.536092628355126166e+01
2.347918918155967916e+01
2.557695665245736194e+01
2.362802263367621691e+01
2.518570172049408384e+01
2.319663600252457414e+01
2.525242966810213119e+01
2.389513698976245948e+01
2.482399292049311512e+01
2.455102989647106071e+01
2.475184089253490427e+01
2.411811871708534838e+01
2.574359856580800709e+01
2.479381141687004586e+01
2.364139009747980680e+01
2.359619978904047244e+01
2.357255490615513338e+01
2.317400625138936476e+01
2.418681625811692015e+01
2.461627167456943610e+01
2.483890165201396272e+01
2.490431866299210384e+01
2.499230635683802504e+01
2.478468646756472538e+01
2.600302958105041640e+01
2.483134325689912814e+01
2.610465743737271538e+01
2.478586487503686087e+01
2.376354718206203742e+01
2.527499967003381443e+01
2.456983127996741345e+01
2.366138316576885359e+01
2.399926023106042550e+01
2.551454176569449928e+01
2.409056027498470698e+01
2.512131078069153034e+01
2.129386554213998650e+01
2.433736987212086689e+01
2.390398055745819761e+01
2.460078253737448861e+01
2.489051993148548547e+01
2.498851718045305859e+01
2.544410718441294605e+01
2.590947762377915353e+01
2.496692452899632286e+01
2.337706130833097617e+01
2.384888882292598211e+01
2.522121091368513390e+01
2.380561128001349758e+01
2.289733964997187243e+01
2.220460532660166209e+01
2.336577407925384264e+01
2.428367194111781302e+01
2.478398402087087504e+01
2.344358540818936376e+01
2.494959378857560495e+01
2.554267601469546989e+01
2.541934732456209645e+01
2.380407093969374088e+01
2.377816854805736568e+01
2.430988620662983379e+01
2.415050062038319467e+01
2.294877010580682253e+01
2.392459851314255204e+01
2.241649100477975409e+01
2.364840189660046121e+01
2.212029206436803008e+01
2.407953558963822260e+01
2.429642724812960353e+01
2.406411706636484737e+01
2.315751005626393066e+01
2.403401604104992728e+01
2.349247899057058930e+01
2.311057224461754700e+01
2.410068017389997763e+01
2.497697168560405956e+01
2.279738392463823615e+01
2.475158495765361266e+01
2.235148234020772762e+01
2.492904083293503703e+01
2.366031665009802154e+01
2.255883598354945363e+01
2.384297058165838834e+01
2.574243813078124532e+01
2.528987287846929277e+01
2.328780415592514785e+01
2.394548617862984941e+01
2.370960598189263635e+01
2.366701461520632677e+01
2.193947439847478975e+01
2.222795919274004461e+01
2.283562310371750570e+01
2.148869056087017526e+01
2.148461072498123414e+01
2.236424846478749018e+01
2.296878158336607001e+01
2.327461629386086273e+01
2.427198679454585317e+01
2.239934232401909853e+01
2.243623175523992685e+01
2.408978014526197953e+01
2.344813826280950764e+01
2.487022287342461979e+01
2.484884966898765057e+01
2.504115440724023145e+01
2.190440710806637625e+01
2.435393873666450659e+01
2.242316801672391691e+01
2.459280394439468864e+01
2.366359750509100124e+01
2.502786210309130510e+01
2.314771061547135034e+01
2.148030787818566267e+01
2.402623903962521368e+01
2.364111036511552655e+01
2.163165755778181421e+01
2.238776398216872110e+01
2.658026514431577780e+01
2.129073603885075627e+01
2.533833185027759427e+01
2.329176692871115151e+01
2.202422867257407546e+01
2.471942581949199536e+01
2.422605955257505173e+01
2.343077685727595494e+01
2.536471782049492774e+01
2.364335983180582801e+01
2.436831848041701676e+01
2.092948910835515974e+01
2.128110409186687235e+01
2.372069422076056711e+01
2.330799022425711442e+01
2.390925071836219828e+01
2.240008368370422076e+01
2.561356655463291077e+01
2.434836564758598598e+01
2.176160992421796792e+01
2.446011000342155128e+01
2.145448965364501959e+01
2.134086494318180982e+01
2.244834908764406123e+01
2.281753495464496950e+01
2.208578566100339202e+01
2.495267476099401449e+01
2.330333598440875775e+01
2.215405531072362777e+01
2.344578586231612505e+01
2.176327184018320793e+01
2.297245584311507827e+01
2.169693667786098601e+01
2.260676968139484089e+01
2.270648236807615561e+01
2.470756410545225279e+01
2.260695833963500334e+01
2.119153339917673762e+01
2.402664244282486194e+01
2.067897109045731341e+01
2.069844432906943155e+01
2.373972550308685214e+01
2.200961438158236660e+01
2.192133796180406691e+01
2.336115318440852562e+01
2.233053449232614085e+01
2.244248081041989451e+01
2.213893004954811872e+01
2.184469370353988893e+01
2.312256780126299560e+01
2.273371387969746138e+01
2.573994383712489054e+01
2.334004466597351879e+01
2.536144961183164526e+01
2.242465546929409470e+01
2.538958222592254543e+01
2.335178970519267594e+01
2.498504676065984142e+01
2.128674625348679328e+01
2.531085073844028344e+01
2.266578991185887659e+01
2.285800520235987321e+01
2.399564394360118769e+01
2.508320852187597083e+01
2.314368358244067991e+01
2.542769525331758018e+01
2.594829733187964393e+01
2.381751209538592207e+01
2.396562099722311601e+01
2.347005366399764981e+01
2.421647511325458169e+01
2.598122005346677454e+01
2.655407120640036567e+01
2.527657706825193173e+01
2.143958311675749684e+01
2.323103643149450903e+01
2.372157403666734155e+01
2.412946305913631306e+01
2.272324867281684391e+01
2.297838878717161393e+01
2.234784857271544922e+01
2.228971815845587301e+01
2.116251948919185111e+01
2.109788833610903325e+01
2.430809561222156390e+01
2.256219476940145796e+01
2.123664380232033366e+01
2.484838452727924007e+01
2.392109449272154365e+01
2.158686009471417577e+01
2.466581125132839958e+01
2.398413918352660090e+01
2.508856296348207593e+01
2.428140463859023868e+01
2.316234253696143597e+01
2.357756813031144461e+01
2.364101074336725716e+01
2.380288280465344997e+01
2.614670439870544527e+01
2.392066581184363017e+01
2.472369831540135365e+01
2.410129288978097506e+01
2.268929797681913030e+01
2.337784569119378730e+01
2.477017814311695076e+01
2.434769756490698711e+01
2.565941483391514666e+01
2.573160014839194432e+01
2.501526614470790832e+01
2.262114600784587282e+01
2.465897290881178350e+01
2.518070428446596054e+01
2.481564223837379046e+01
2.607020479238240185e+01
2.426958955722752975e+01
2.498249921099819915e+01
2.417319506386503747e+01
2.658509295777346892e+01
2.434894185610451700e+01
2.381246411434234744e+01
2.387060767938602268e+01
2.624829027670480386e+01
2.402564476761551049e+01
2.658108967907600118e+01
2.707044229479382480e+01
2.753659160792579996e+01
2.445433025112943071e+01
2.415514630619361824e+01
2.553329054125533659e+01
2.497463915798882184e+01
2.526392786552618119e+01
2.399141804598470529e+01
2.515707058585127243e+01
2.536887863484720640e+01
2.510595789345379103e+01
2.526192488649694567e+01
2.354968735801572421e+01
2.432709379208759159e+01
2.482218873584293206e+01
2.610259722667838034e+01
2.537614675681329501e+01
2.634813163932670577e+01
2.592900216918861389e+01
2.590031499258148884e+01
2.769577196542548592e+01
2.732518500162291630e+01
2.751018720520344374e+01
2.512324639244812730e+01
2.464866439764201544e+01
2.729563018241832495e+01
2.530498938403027154e+01
2.762962218728332076e+01
2.613330611213908483e+01
2.714119053879960575e+01
2.861684200159834646e+01
2.674255748596687354e+01
2.847044955416079759e+01
2.623794766451661786e+01
2.681570175580643678e+01
2.621866596545453021e+01
2.818096003162935048e+01
2.523604407798166349e+01
2.591644356559076812e+01
2.845195479269542105e+01
2.823930195206578375e+01
2.850773187995608637e+01
2.686786589827379856e+01
2.769388895603395540e+01
2.823126019123994368e+01
3.059426847959078444e+01
2.702534737044918955e+01
2.836054007307997438e+01
2.948425937054376433e+01
2.736089709417524318e+01
2.534071777417980798e+01
2.794507651985279040e+01
2.823953516380817419e+01
2.984019339676769178e+01
2.798150096507712092e+01
2.699502619474331055e+01
2.812262693623619114e+01
2.953742785448809016e+01
2.849869082705516732e+01
2.744749239398993623e+01
2.664811013863740286e+01
2.827017524986629482e+01
2.805960875663232557e+01
2.877169200341896982e+01
2.723136488723469384e+01
2.995359836362430173e+01
2.775654299805037084e+01
3.082395969990443874e+01
2.848904434971807120e+01
2.697370315334914537e+01
2.885131558132771801e+01
2.984788735320636377e+01
2.727017151029457764e+01
2.807912076058670081e+01
2.829333752637870347e+01
2.833623762167351501e+01
2.802271520859968490e+01
2.852373380087165700e+01
3.034701042262595294e+01
2.849010745704314118e+01
3.023306756937658690e+01
3.031829626663667909e+01
3.083229510118989225e+01
3.097040221856771325e+01
3.218094311351101311e+01
3.125145223580868148e+01
2.926962615639304488e+01
3.100114955154964136e+01
3.115321667788091631e+01
3.226289174304315566e+01
3.139138955960973831e+01
3.214166891687919758e+01
3.008053136961185103e+01
3.292783089658948370e+01
3.251477721672346632e+01
3.217794254031684886e+01
3.060599337090558691e+01
3.353794438119178523e+01
3.124377313704911430e+01
3.401883817748453964e+01
3.218966544995242884e+01
3.122371260786954394e+01
3.312736157854198638e+01
3.149852384562844421e+01
3.107161372871718541e+01
3.310363063193641864e+01
3.260925251716101769e+01
3.245601833629329036e+01
3.274963941273389167e+01
3.351158553141640795e+01
3.435898523057610277e+01
3.338301666279286195e+01
3.563419268399493944e+01
3.340420155875658992e+01
3.299997669350288021e+01
3.506050923159819632e+01
3.456407644335497054e+01
3.237103125492534161e+01
3.359833404609936736e+01
3.278151992519892133e+01
3.668199653595433318e+01
4.961872440292964370e+01
5.451222011251057609e+01
5.004083992036601813e+01
4.924663111102916702e+01
5.446902585751558945e+01
5.518323651730181467e+01
4.943519510288292196e+01
3.845770373945622111e+01
2.783237992642954950e+01
3.234763322859048884e+01
3.250119218216089223e+01
3.025337932418690556e+01
3.127463406271535362e+01
3.513483077820129807e+01
4.137463648744142830e+01
4.074738423253498354e+01
4.123646684966113440e+01
4.507753777098750447e+01
4.301345184417371570e+01
4.238654059544745678e+01
3.580292698001425578e+01
2.980233571358381894e+01
2.900731372029677146e+01
2.770159184020402421e+01
2.722407757701002851e+01
2.462167923678922321e+01
2.768218514297509714e+01
2.617994956797807049e+01
2.545970241427881220e+01
2.639098355314568423e+01
2.527605387358302025e+01
2.655279531107985491e+01
2.631944771141963102e+01
2.677871808435811474e+01
2.824721592280626226e+01
2.654614340438102360e+01
2.678843494416833337e+01
2.734543065519515892e+01
2.694555174678534826e+01
2.577973612271143367e+01
2.912566012886860634e+01
2.830464954122221144e+01
2.743857373237834452e+01
2.438772530374611591e+01
2.734378088800790252e+01
2.519317036358852491e+01
2.638232313908135396e+01
3.398507721902246459e+01
3.190226396663615915e+01
2.219073918192930961e+01
2.478496562855083951e+01
2.661102541881020755e+01
2.430664119862572647e+01
2.570122410206863961e+01
2.417346556786716505e+01
2.580702602625896702e+01
2.495953066102367757e+01
2.842265667311762911e+01
2.829550178973807562e+01
2.657459060893103597e+01
2.562072310793454122e+01
2.490485098510089301e+01
2.496361557402424936e+01
2.696107482429890467e+01
2.393080603002683659e+01
2.691557960360722745e+01
2.640024111561982068e+01
2.605646235439907343e+01
2.580944853878402867e+01
2.525302590657551605e+01
2.602231126106482151e+01
2.466683424652322287e+01
2.422463028802932428e+01
2.521414124962118208e+01
2.507938181175742542e+01
2.359810311045693254e+01
2.450627748986373433e+01
2.522742661701322575e+01
2.540465965728751385e+01
2.453267134000354943e+01
2.657269966589361943e+01
2.123283198135271022e+01
2.497823763636687033e+01
2.676300460787037494e+01
2.675220022696394295e+01
2.273999895471542843e+01
2.520653463752583079e+01
2.261112313586481903e+01
2.532294253031887266e+01
2.404392834021199121e+01
2.339153159862320663e+01
2.344049861365205700e+01
2.553221357067531727e+01
2.450800795403896615e+01
2.336156825664511061e+01
2.226473451465563969e+01
2.323330773847704833e+01
2.369153727368290419e+01
2.355459258376691878e+01
2.433760865211093716e+01
2.564034236243333709e+01
2.864275768192615601e+01
2.766109566552331600e+01
2.752056551798209227e+01
2.747361659449001436e+01
2.756776717662410903e+01
2.674489165402847490e+01
2.608387442502598930e+01
2.436523141489214694e+01
2.369515650877283974e+01
2.717072482312908477e+01
2.847455660100262875e+01
2.833964679760760674e+01
2.809935481941786151e+01
2.700894254011429041e+01
2.719216022184210502e+01
2.498912839398391128e+01
2.445330280946958723e+01
2.286101417908207267e+01
2.341620187136530262e+01
2.329290962778508955e+01
2.438565202019865907e+01
2.375475055777807398e+01
2.372662046318704299e+01
2.506977822841092518e+01
2.468244630669831352e+01
2.535099182817972618e+01
2.262144871844281369e+01
2.256059054855634471e+01
2.426646648657906979e+01
2.522793124174157597e+01
2.577373722024160685e+01
2.508288192729112609e+01
2.299698044460304303e+01
2.295789191404370655e+01
2.499378591903022695e+01
2.411218073331804845e+01
2.336162729264648164e+01
2.399613919639994108e+01
2.309094471083705002e+01
2.196497653523822535e+01
2.285199562773753712e+01
2.370400083213271358e+01
2.390400738914348722e+01
2.342973777948997594e+01
2.298359240313875063e+01
2.472684433034098461e+01
2.370986710322269886e+01
2.611524773418808465e+01
2.278314536879751273e+01
2.180899594569832445e+01
2.389472152593766907e+01
2.358885910941426189e+01
2.598760020899495515e+01
2.483987012724382382e+01
2.519414272405027333e+01
2.174538921298021776e+01
2.292820602860133405e+01
2.358486228631012693e+01
2.349993785672539559e+01
2.483395051973818113e+01
2.519208568337272425e+01
2.277349778527859314e+01
2.335588317508781842e+01
2.336521544053642430e+01
2.452534109998664391e+01
2.359582495747724096e+01
2.376093835422051370e+01
2.273484488115669322e+01
2.533311992674407875e+01
2.274744457465052605e+01
2.793902724215890032e+01
2.331738276240936969e+01
2.446733673623903016e+01
2.386688098723855589e+01
2.382069022194573904e+01
2.326918240111949387e+01
2.439839520143065243e+01
2.248636365339179122e+01
2.435676031190061508e+01
2.280522950540284910e+01
2.541052361903694745e+01
2.813910484716062754e+01
2.127131860341185288e+01
2.353554834824285891e+01
2.231435212732495188e+01
2.167005968254464321e+01
2.269555685639393161e+01
2.409225002096837898e+01
2.404923263694257685e+01
2.322307684985111464e+01
2.466079294866173299e+01
2.534453065296861496e+01
2.163128241807791952e+01
2.265304362466814680e+01
2.282946709565218413e+01
1.766369379862622324e+01
2.394581840992833222e+01
2.577051929499467775e+01
2.066610829850899833e+01
2.796193039542664138e+01
2.251320175597893680e+01
2.455389747670040279e+01
2.432065720722593127e+01
2.685144672686891099e+01
2.501863719739414549e+01
2.314484076065512497e+01
2.297982702305050395e+01
2.479892348957815074e+01
2.401116160250520437e+01
2.235030383284325239e+01
2.513158259813578965e+01
2.638478758476959030e+01
2.629328488464483016e+01
2.660320990364774119e+01
2.556718933091023160e+01
2.157352825666986362e+01
2.395315311167301431e+01
2.623241998541803355e+01
2.334321467570615383e+01
2.444040554585538061e+01
2.319969933552825836e+01
2.314872339161538761e+01
2.602589166527855014e+01
2.180096939432666403e+01
2.377812203697266824e+01
2.372680623481515028e+01
2.673013070212136810e+01
2.253200476001263652e+01
2.305593561256408108e+01
2.341793935943826455e+01
2.335823209130051836e+01
2.178304394960850843e+01
2.553688196163702173e+01
2.200610888369395468e+01
2.454867486039569968e+01
2.348217360230771433e+01
2.275069430476658994e+01
2.166145430795303994e+01
2.376798920493164857e+01
2.345531210868514904e+01
2.324354955546257173e+01
2.307669192375477252e+01
2.394111745563376203e+01
2.342291103228223648e+01
2.422571509053421579e+01
2.390740052394991011e+01
2.420860867474700129e+01
2.404096849155920879e+01
2.448105923112040827e+01
2.405271693255934196e+01
2.393069998459452563e+01
2.366289632521097985e+01
2.269360366094122838e+01
2.225635140346527052e+01
2.221506826748359131e+01
2.539084258321767962e+01
2.359124571545623184e+01
2.239267460203504356e+01
2.309699977421074024e+01
2.400533557030123077e+01
2.389464010156375906e+01
2.733437751503417346e+01
2.067195840805388229e+01
2.232974544404343220e+01
2.718956821824179571e+01
2.163855166954484233e+01
2.109628438338570788e+01
2.446228787744500366e+01
2.429558637099852803e+01
2.243609937706441215e+01
2.219522279068709736e+01
2.252350431271216635e+01
2.471588198295041039e+01
2.367232953481643776e+01
2.400155121872371566e+01
2.163497189514983177e+01
2.395923956663015630e+01
2.270269445780420625e+01
2.482773275738295737e+01
2.437449649871687285e+01
2.307046145794833691e+01
2.707332609843877691e+01
2.480603581935089963e+01
2.336672884263696304e+01
2.447024074345903699e+01
2.005242332408710126e+01
2.633088882782303486e+01
2.064352283472086569e+01
2.636102537242388166e+01
2.225755028937027546e+01
2.154430764325237391e+01
2.206658690281838986e+01
2.003374589035319886e+01
2.222242820658930995e+01
2.159122653263422364e+01
2.542617129942980370e+01
2.666396583900854367e+01
2.414380718759537459e+01
2.428275028387982815e+01
2.631621233483057765e+01
2.313264404839110711e+01
2.031197731007740970e+01
2.403615831848409456e+01
2.467087121019989837e+01
2.260660493603788623e+01
2.596270377033309629e+01
2.637565155672712791e+01
2.678821805387633859e+01
2.233143569878178880e+01
2.409616913514256709e+01
2.552197270208216295e+01
2.480236851629792127e+01
2.501405246934940863e+01
2.422894002796004642e+01
2.704879858862916819e+01
2.397679205667089164e+01
2.273479067402723430e+01
2.050053177206560662e+01
2.135745024636752021e+01
2.279577746937435734e+01
2.498998847078985719e+01
2.526238665173039877e+01
2.465580065018583511e+01
2.035358906792212252e+01
2.361473991354780466e+01
2.070080469109418431e+01
2.058376455804019045e+01
2.243063461841391515e+01
2.373399846157687776e+01
2.382232291184351070e+01
2.245003810310821990e+01
2.066271413019296332e+01
2.312166966851186700e+01
2.187743489146230758e+01
2.565730436564655292e+01
2.114755944665433418e+01
1.941791530334226223e+01
2.212065330129109597e+01
2.500723257742723149e+01
2.441586636753423534e+01
2.408091393816348713e+01
2.075670424097654987e+01
2.445776149999302973e+01
2.363783607496148420e+01
1.955617759541148359e+01
2.323631599045962304e+01
2.266319700342222632e+01
2.086722773742068782e+01
2.618692335799451598e+01
2.705629571762294816e+01
2.196754835426338204e+01
2.143176621492514400e+01
1.967640383655582426e+01
2.203426390960028414e+01
2.267067217205740093e+01
2.245988194890218992e+01
2.116939595875640023e+01
2.206855367944732293e+01
2.139134415342421391e+01
2.361725431502117090e+01
2.384347255739895388e+01
2.013949825098871216e+01
1.995581736419573105e+01
2.057940355032578239e+01
2.058701250928463367e+01
2.137347598233623813e+01
1.776715448288170407e+01
2.136449212940318532e+01
2.133854910873728272e+01
2.309613662065126860e+01
2.160502898190756937e+01
2.299287430901109275e+01
2.487065724358276597e+01
2.513096092477714905e+01
1.799251003606707755e+01
2.037030385243991404e+01
2.196456032281132664e+01
2.327444761425287112e+01
2.100873618957455236e+01
2.230942817373652787e+01
2.086885738854306993e+01
2.061003342242256053e+01
2.122818345793795558e+01
2.705099561304095701e+01
2.115047331283560439e+01
2.115054891167623552e+01
2.039701328382414047e+01
2.166278653182554592e+01
2.246787939194337014e+01
2.163924839790723453e+01
2.043678560140217826e+01
2.530991097545797075e+01
2.428067340446839140e+01
2.279938036692523085e+01
1.934201964819616748e+01
2.277958654310663533e+01
2.038208227781732518e+01
2.286233112874944595e+01
2.149792862601452015e+01
2.265575796777806161e+01
2.306359093336903854e+01
2.600395757175314770e+01
2.030341042383258454e+01
2.150434704794946583e+01
2.122294226821971108e+01
2.037239241973595583e+01
2.157641454056397379e+01
2.128522192296193438e+01
2.442169584256648207e+01
2.321330873093539893e+01
2.216837773115338450e+01
2.072957881359226562e+01
2.144666429864117063e+01
2.191439307567078032e+01
2.373497827030774232e+01
2.372883125869399024e+01
2.267792896808002467e+01
2.355076659930578487e+01
1.908653434541157878e+01
2.446521372317230814e+01
2.016150977804281297e+01
2.137750754333466574e+01
2.172487982054959232e+01
2.250717617033073381e+01
2.401772779707215122e+01
2.287704997181366906e+01
2.074678575218142385e+01
2.598294575440341347e+01
2.073199862019864526e+01
2.120551094434792105e+01
2.300682215213906545e+01
2.265301831751171946e+01
2.317058462508139627e+01
2.263628597932930830e+01
2.706153487546739456e+01
2.265321098818182932e+01
2.224209137913272016e+01
2.126698700666507946e+01
2.139653644589137826e+01
2.366170456084049434e+01
2.193862243960207792e+01
2.101546816878754598e+01
2.259190039969442054e+01
2.252104210125276396e+01
2.426330406245396887e+01
2.244412064293123876e+01
2.381941831452345326e+01
2.357139366021525362e+01
2.249581855662411556e+01
2.210581058934025833e+01
2.093097759387635648e+01
2.319176812727504711e+01
2.090177073244336725e+01
2.439583376781287427e+01
2.250864800615168804e+01
2.175136983682000746e+01
2.189024654597630715e+01
2.313768398620652889e+01
2.210751342384671858e+01
2.456647674134282511e+01
2.164497285253183279e+01
2.551108845994119179e+01
2.474690533377464163e+01
2.235062346252281174e+01
2.455738917134304700e+01
2.325964542318967432e+01
2.305998810286570233e+01
2.184770007444241102e+01
2.390571751325084193e+01
2.379688932494425302e+01
2.379150227749663671e+01
2.329729200182439186e+01
2.271801697886598603e+01
2.474896759205826768e+01
2.432601322329272975e+01
2.400308452919078306e+01
2.357793178700912051e+01
2.333492253256246940e+01
2.147403728749823060e+01
2.126871946088342824e+01
2.406211075442764269e+01
2.249755803053387027e+01
2.222324242169976216e+01
2.324860204092885851e+01
2.109539136266965897e+01
2.295371266963099544e+01
2.104935389173411409e+01
2.423171783136510982e+01
2.277719925726962913e+01
2.614322419456950541e+01
2.409435680534640767e+01
2.569000072114775080e+01
2.124233570991197340e+01
2.493407578185467699e+01
2.370855257718318043e+01
2.044707299092976882e+01
2.313799842789805794e+01
2.177525884434877312e+01
2.309591158449699222e+01
2.354965617503705033e+01
2.328882044302853416e+01
2.210120312260969300e+01
2.123293663891542238e+01
2.230244413176837881e+01
2.313178745772060196e+01
2.144139585643934254e+01
2.167097764429119877e+01
2.298253309801591726e+01
2.454755962225287647e+01
2.350258811258128588e+01
2.464558326638447028e+01
2.416332252559701388e+01
2.473020748388259449e+01
2.403287904036188749e+01
2.527780699818045207e+01
2.434155264361132254e+01
2.206876768292050528e+01
2.277123259182591042e+01
2.142446509388198450e+01
2.491603308623941970e+01
2.285942424799423733e+01
2.552134956031386537e+01
2.333275527093961799e+01
2.597297667498982321e+01
2.464725431361694774e+01
2.126453373222978627e+01
2.695031462149655255e+01
2.223232373331410372e+01
2.388768927523967278e+01
2.352336597273073338e+01
2.115481679875265897e+01
2.522125037480339316e+01
2.277596255836325057e+01
2.422858933657786551e+01
2.395443134644806094e+01
2.399422571700970863e+01
2.349059480315153081e+01
2.245959479967362427e+01
2.219163753337029377e+01
2.313181191253891100e+01
2.442417961153071460e+01
2.460664854340284435e+01
2.229755012187094820e+01
2.098159533343587313e+01
2.439472229663308411e+01
2.214188775887172511e+01
2.317300621997494048e+01
2.390925931147323169e+01
2.505517469530098396e+01
2.269495022248520044e+01
2.251825507343182053e+01
2.609863782692329792e+01
2.233184609862971470e+01
2.285868132000510045e+01
2.587146644435019383e+01
2.246330996781954070e+01
2.317299359209649268e+01
2.308481667982731622e+01
2.466486538666498518e+01
2.579420219530873837e+01
2.557064246540960895e+01
2.285651870439661337e+01
2.272900593752096299e+01
2.410530167078553987e+01
2.463423013021192531e+01
2.394075471379693809e+01
2.305024264446747040e+01
2.433746049851925974e+01
2.528160230317984158e+01
3.303190348114916475e+01
2.700178399429191956e+01
1.935334509780720680e+01
2.033050169651463435e+01
2.451960116196327988e+01
2.719175666567030092e+01
1.967370960785983058e+01
2.342601600606040080e+01
2.666806456030538541e+01
2.589161846523607124e+01
2.932140346298951528e+01
2.130892385488595764e+01
2.279064352234461310e+01
2.196114707919142717e+01
2.362484310944858024e+01
2.064990872275303246e+01
2.825933981194828704e+01
2.478350035875618573e+01
2.396892576946283882e+01
2.523275928674156177e+01
2.554612469355091875e+01
2.477163879621148013e+01
2.567657511289566585e+01
2.227058032475964922e+01
2.445776472147005975e+01
2.405306696950578527e+01
2.005900542759839311e+01
2.391632320291120450e+01
2.459712678897043858e+01
2.400606007336163827e+01
2.474325647744253232e+01
2.641605599627654755e+01
2.565142160255960846e+01
3.219964574300534821e+01
2.310690775165259581e+01
2.958959693496037247e+01
2.213474869316030436e+01
2.201211028368476263e+01
2.729200652681097239e+01
2.445083106078248392e+01
2.444195320008891770e+01
2.343395989478816333e+01
2.494703387630057634e+01
2.496224357860773679e+01
2.587587918137743159e+01
2.653416990046506996e+01
2.307085923478507183e+01
2.317714936958193306e+01
2.621859109938124277e+01
2.353807044191806597e+01
2.261675489422458796e+01
2.382144719807626032e+01
2.394257390460695589e+01
2.870529349819900489e+01
2.564009672073234825e+01
2.299573441754633762e+01
2.295531904234090703e+01
2.213540384711927800e+01
2.299790050298040001e+01
2.148533023080978666e+01
2.394333719670765959e+01
2.761660078371917137e+01
2.276866678251654363e+01
2.663875961108099943e+01
1.944800862065010705e+01
2.502179832261504089e+01
2.369684523265893006e+01
2.189933049525254560e+01
2.324051412051498744e+01
1.937968970433706772e+01
2.410430892531750757e+01
2.612591486182879663e+01
2.196418321840733157e+01
2.297887831164698724e+01
2.323220878331572337e+01
2.271571391183666222e+01
2.668859421377898755e+01
2.914877536268093294e+01
3.014135096918235490e+01
2.817232482970224439e+01
2.122489357555452827e+01
2.065345464119137375e+01
2.296288256599544297e+01
1.908508397510153998e+01
2.101747770191077791e+01
2.228668993388937380e+01
2.171994863237905093e+01
2.303183289440059411e+01
2.205275934628900458e+01
2.707604549435941976e+01
2.526603771161691370e+01
2.001075751432359695e+01
2.117804497882967141e+01
2.209531423752658696e+01
2.304571346782557484e+01
2.691035134853587962e+01
2.757509911057216101e+01
2.374237239441665537e+01
2.017580284067388519e+01
2.298409427074897238e+01
2.281578293815179848e+01
2.260719022087294050e+01
2.286240345720187150e+01
2.265461149221863124e+01
2.353251048528407097e+01
2.509373327310958501e+01
2.284235209139474065e+01
2.151508815642118577e+01
2.171329165627453150e+01
2.250699044274180594e+01
2.284656633736467768e+01
2.451950565644061797e+01
2.308968871960263414e+01
1.987244169482124434e+01
1.902303812600391808e+01
2.186566325477526007e+01
2.658388807956281852e+01
2.748227711822924846e+01
2.334568981133721266e+01
2.043928235335813071e+01
2.066586351769313623e+01
2.076317985726866766e+01
2.065244358766892674e+01
2.275441827357150970e+01
2.094054931812672038e+01
2.117009230484154614e+01
2.160477441750354899e+01
2.161141375422620925e+01
1.988088662121774775e+01
2.217512529668765708e+01
2.364505890391628995e+01
2.334678810716749098e+01
2.120457213784951023e+01
2.153933737308259566e+01
2.361690636798749310e+01
1.825233357934951428e+01
2.143031065633338628e+01
2.239277324695729021e+01
2.173687497264210222e+01
2.361154026755727386e+01
2.541005748653780216e+01
2.154759022166816607e+01
1.912069891318672887e+01
1.967665592034819966e+01
2.004931002012014218e+01
2.015971774472689049e+01
2.303360872859496311e+01
2.027992001800166832e+01
2.231211082076711349e+01
2.181281078456695965e+01
2.118438377996618982e+01
2.361209819486563077e+01
2.235714562207168399e+01
2.026635747344815996e+01
2.174333454939728583e+01
2.210793806858341171e+01
2.088013996538758832e+01
1.806699309676093179e+01
2.315578669819213076e+01
2.279413864050404470e+01
2.028786215446115193e+01
2.362337335888622647e+01
2.180279105474733825e+01
2.144571664168137204e+01
2.088282135260583416e+01
2.230369611869524249e+01
2.045120368284051438e+01
2.276967442630640548e+01
2.040019991638158814e+01
1.921657685149006056e+01
2.430511444090838680e+01
2.353813663302446457e+01
2.652306440677794441e+01
2.269285333178939013e+01
2.124833508334101495e+01
2.242047819409460985e+01
2.280335211020753405e+01
2.225526285556691164e+01
2.518896932545977307e+01
2.215314721120452646e+01
1.863797590380319136e+01
2.358989520167412479e+01
2.107670456939995418e+01
1.988920335093838077e+01
1.897014239266799507e+01
2.278066299031693376e+01
2.104565884802933695e+01
2.185913358158285646e+01
2.529809280483987166e+01
2.320322618291216443e+01
2.290971215451827447e+01
2.146813398102027293e+01
2.319738799441649846e+01
2.169075583105053440e+01
2.060106251760704055e+01
2.290454680577424540e+01
2.199914788530665533e+01
2.358215099442982776e+01
2.103743766670287485e+01
2.459233243889128318e+01
2.349332451310236181e+01
2.262204847560653320e+01
2.067667279626897070e+01
1.925376163424289189e+01
2.148066290901198627e+01
2.023263652041915961e+01
2.056351912839473428e+01
1.782293636652447688e+01
2.166310437068221617e+01
1.933945464372879286e+01
2.166609573414537593e+01
2.178084283819926625e+01
2.195288037164810646e+01
2.145929664739310283e+01
2.229033552401175200e+01
2.193062340318723358e+01
1.981902441922753155e+01
2.298413895947211927e+01
2.268221075429343614e+01
2.150437294253842069e+01
2.374062797215048093e+01
2.392800000547135042e+01
2.340035327692056555e+01
2.146861817012199936e+01
2.026347335305834463e+01
2.306862820718422569e+01
2.202019339537708831e+01
2.352453398006241159e+01
2.177469598641624415e+01
2.116297654581953225e+01
2.351175939791681557e+01
2.311763670053877107e+01
2.101460030978624260e+01
2.209852702413562042e+01
2.079398293563508560e+01
2.611965972388591695e+01
2.096765479206527516e+01
2.244656643981592126e+01
2.016898831149514137e+01
1.974375153347102341e+01
2.169138180576418051e+01
1.957984758977687889e+01
2.418738101984050459e+01
2.232716649504789075e+01
2.487922505164048204e+01
2.475494505916585197e+01
2.133426284006743145e+01
2.246457966809305162e+01
2.098687395391879562e+01
2.086961625668870468e+01
2.793487822384944863e+01
2.036482382697090898e+01
1.956285526391373963e+01
2.369582883974432974e+01
2.380033788558458241e+01
2.170297237087712361e+01
1.854935708143138129e+01
2.096232951109313447e+01
1.992048644370052912e+01
2.368116552365097860e+01
2.417014664165478166e+01
2.642605248120859329e+01
1.886658842408550996e+01
2.132350952625651175e+01
1.922713748189819682e+01
2.136222488793884722e+01
1.882796924071318045e+01
2.310669280827739058e+01
2.327559437881071602e+01
2.258684176914208663e+01
2.259040008685865075e+01
2.156152258012816958e+01
2.362140244411786227e+01
2.238265468477360187e+01
2.161070899006800516e+01
2.388056073146570668e+01
2.584118979400042804e+01
3.165750060077029460e+01
3.342059462182252361e+01
2.398149912043789556e+01
2.260445578179657389e+01
1.702331827659437735e+01
2.070767157347127707e+01
2.570315726863297456e+01
2.337839779052775313e+01
1.877757834964176453e+01
2.184240896503451168e+01
2.037616477614098187e+01
2.003892127501460152e+01
2.279468416457660496e+01
2.256378002550943052e+01
1.943220670673578709e+01
1.775602697823820364e+01
2.127649717809900309e+01
2.047653314468254138e+01
2.337180695375785078e+01
2.132961190165410059e+01
2.697354161526257244e+01
2.320526212109097486e+01
1.906816199753120600e+01
2.299721159439740603e+01
1.931476264655228547e+01
2.111746791085645469e+01
2.003949010425728616e+01
2.075700164654234214e+01
2.716172979953703503e+01
2.505334661282028463e+01
1.960496007350702996e+01
2.668426790891293976e+01
1.994440961182890959e+01
2.282664311382562161e+01
2.205363373806705596e+01
1.772543953127504679e+01
2.354601165422302600e+01
2.210894455252004320e+01
3.030243156517233771e+01
3.034436279735219344e+01
2.647007033368513973e+01
1.810225320121312365e+01
2.363921413882676958e+01
2.034964438566555600e+01
2.545743051196737028e+01
2.618135820085557697e+01
2.807544043142658907e+01
2.706828969425543363e+01
3.127642319937621451e+01
1.993671699470451486e+01
2.224822270992691031e+01
1.710928354796929085e+01
2.186352856802691491e+01
2.232582585861542057e+01
1.927161848320173476e+01
2.357085183229242631e+01
2.175637939987786851e+01
2.259946556203047763e+01
2.231950757064676338e+01
2.503417286547452747e+01
2.308236126734138693e+01
2.022761248168643533e+01
2.147428834379986284e+01
1.985062996675807057e+01
2.070203844098464785e+01
2.029093568324694985e+01
2.162583459459716906e+01
2.614251083150731603e+01
2.125545920212056927e+01
2.375407821061923741e+01
2.061010325668425125e+01
2.185923383913300455e+01
2.152278922396030225e+01
2.347016653383031581e+01
2.064641130294211990e+01
2.497708371945642369e+01
2.415032943355373973e+01
2.430372502688472736e+01
2.095583132375961810e+01
2.745904150365442931e+01
1.661506417297955451e+01
2.182602461293731011e+01
2.331830082722475339e+01
2.305130006954118116e+01
2.186599475502109868e+01
1.948890365157562243e+01
2.272505582179028139e+01
2.331425255623256021e+01
2.021059947154442682e+01
2.385244927538779081e+01
2.311095663113590248e+01
2.108865237227598044e+01
1.952602307687453020e+01
2.203570372465468807e+01
2.225285286440381682e+01
2.177346172214149433e+01
2.098203641932490271e+01
2.192530288847287778e+01
2.082934284513368084e+01
2.340473087878440950e+01
2.541823243924811138e+01
2.002437688952617023e+01
2.179335575529144009e+01
2.069297391889607951e+01
2.079247371686765433e+01
2.040997750803471789e+01
2.710362278330471852e+01
2.275030925288753281e+01
2.416187280649231894e+01
2.317932447822707687e+01
2.026997769954726891e+01
2.571568626652983625e+01
1.939788335997718249e+01
2.275875256430488136e+01
2.035586417411553128e+01
2.361199946340091671e+01
1.962560174741452101e+01
2.077543374269264476e+01
2.130104122856759119e+01
2.059605345489868355e+01
1.730433669870487989e+01
2.016425612021204117e+01
2.370183554010523608e+01
2.019357500629550373e+01
2.500563028038142122e+01
1.980784048317138257e+01
1.857362470683910161e+01
2.222224953361401134e+01
2.208701322705079662e+01
2.338389534420938531e+01
2.377825745836668148e+01
2.547750328421221866e+01
1.780736297922429401e+01
2.387699265621814604e+01
1.987222492898529680e+01
1.811407817960644095e+01
2.289074396126243371e+01
2.608691434869583503e+01
2.020091908058507357e+01
2.513017873134334579e+01
2.437383422340159100e+01
1.914710689897908935e+01
1.790922296332890440e+01
2.024719325979550177e+01
2.207957130334584406e+01
2.283919638888282577e+01
2.155364498749617042e+01
1.956079874372430183e+01
2.476986456610038800e+01
2.233342455364128298e+01
2.297560783553244690e+01
2.444460233519816228e+01
2.319430154670239830e+01
2.336527564517484734e+01
1.970932425953890998e+01
2.191647372290623608e+01
2.349111542956442023e+01
1.959298269973328388e+01
1.921859090324165109e+01
1.921745111378621118e+01
2.519214879744532354e+01
2.143841792390894341e+01
1.755852197796067315e+01
2.206460079476263303e+01
2.559090796515013366e+01
2.173667080695863518e+01
2.435276682513526225e+01
2.251837019679201291e+01
2.225996333783801617e+01
2.041366130630375508e+01
1.791228284065673293e+01
1.760988470618104529e+01
2.245309998891188386e+01
2.222043287738968331e+01
