1.763664079138161966e+01
2.660950987102478393e+01
3.525775583386207046e+01
1.490856593333442248e+01
2.287066372754675925e+01
2.159961111939666623e+01
2.712475992521777002e+01
2.717611542873953567e+01
2.818506296966600999e+01
2.786200287557139177e+01
2.414157249369281644e+01
2.258196805960578857e+01
2.458350213081979163e+01
2.392796529889691470e+01
2.389437209635472215e+01
1.518131983432411758e+01
2.607364924438699916e+01
2.915249679958215978e+01
2.085300453567146306e+01
2.276399504070566948e+01
2.001895813268083657e+01
2.555531297884007813e+01
2.802400503514514440e+01
2.986090162820965332e+01
2.637358963488354036e+01
3.293419410007160053e+01
2.728393051351137544e+01
1.922767203151818904e+01
2.730161464680486461e+01
2.406781009777983371e+01
2.295922507786056954e+01
2.589759611772004533e+01
2.607120736487208745e+01
1.671350114602576298e+01
2.021772053961964133e+01
2.428121368351360587e+01
2.290690091821113938e+01
3.358434757427458806e+01
3.859524856384047098e+01
3.536319396866986153e+01
4.072847032790796362e+01
5.772628322858398064e+01
6.462808200767086930e+01
4.846024860184488148e+01
4.467142660524898190e+01
3.364987297353531659e+01
2.511154819338476685e+01
1.708218364076066464e+01
1.654423541776395012e+01
1.859892359447409049e+01
1.732634213465562212e+01
9.559413684460343674e+00
1.888280352214939484e+01
2.437194831666784722e+01
2.368225917615922427e+01
3.228857800071028805e+01
3.056212196024993588e+01
3.282527726335419516e+01
2.370879962730903401e+01
2.213182392594464076e+01
1.818660627823527776e+01
2.210454970212497727e+01
2.293202652365472716e+01
2.058106280265417709e+01
1.523046059100914640e+01
1.697644526930133679e+01
2.158886359836963464e+01
1.968749679828083998e+01
1.939791212157657796e+01
2.145342841572347581e+01
2.737336573277514518e+01
2.670064417595691708e+01
2.776058636553320369e+01
2.917580315771292732e+01
3.247791402535597882e+01
2.370969390048969316e+01
2.553654921846743164e+01
2.303820248803581094e+01
3.102368269537910095e+01
2.677263975381615779e+01
2.252417527079186854e+01
2.371226233743929512e+01
2.700464135226009432e+01
2.648958442516692813e+01
2.709990183086108217e+01
2.794034728903505282e+01
3.107790704864750353e+01
2.785743836071578627e+01
2.481533920517774661e+01
2.425533024665340065e+01
2.325973444605554263e+01
2.235351262552050144e+01
2.641286583389107179e+01
2.237708645246813077e+01
2.694867495094858612e+01
2.965064515776319709e+01
2.931035037103791296e+01
2.960504197981002505e+01
3.614769234892008143e+01
2.580282882147211510e+01
2.731319640909796576e+01
3.610896514600794660e+01
3.177643323351415816e+01
2.984935126275786388e+01
3.106167587119200491e+01
2.617554879079959562e+01
3.127316375319498576e+01
3.046775711705172185e+01
3.054060174348954604e+01
2.982107902917301345e+01
3.078076499505487718e+01
3.010050086400515568e+01
2.576437978889828173e+01
2.989822423644469751e+01
3.533626792978682118e+01
2.327665461863431773e+01
2.210851780776494024e+01
2.505449766734163930e+01
1.986655237237495086e+01
2.233124384469425294e+01
2.181336629945944594e+01
2.017754446063572260e+01
2.550575707578672180e+01
2.457101040221846944e+01
2.320768055133305197e+01
2.108973356453185133e+01
2.635589900223745730e+01
1.999176387070475869e+01
2.179501669994249724e+01
2.937867784409701954e+01
2.746791144323131562e+01
3.068843639292035874e+01
2.720906572957511571e+01
2.734649847862024075e+01
2.912058619724124497e+01
2.806301343011108074e+01
3.480824094143333980e+01
3.542931777269893701e+01
3.049419841494820105e+01
2.946863919140302457e+01
3.232217376729738589e+01
3.276402527412290056e+01
2.602298554209861692e+01
2.637027610819485091e+01
2.574709021596920522e+01
2.677413007792038258e+01
2.151679646948691271e+01
2.573135886449600562e+01
2.792410364004024359e+01
2.640177563873758260e+01
2.622835893172306498e+01
2.006285363086435680e+01
2.492203468307539893e+01
2.831978546363646743e+01
2.306805008304782589e+01
2.202200048834142976e+01
2.208473763875444362e+01
2.230490299182745062e+01
2.677127097175044668e+01
2.780729791208116808e+01
2.281157874412284770e+01
1.988344894617232583e+01
2.041195218168233438e+01
2.098590970267265732e+01
1.245524263025088452e+01
1.985930761534001832e+01
1.747017862572256419e+01
1.987400620725079747e+01
1.880733765450259654e+01
2.093723551745873479e+01
1.657013105074209136e+01
1.798626643174653239e+01
1.897438041136230069e+01
2.332407663817730281e+01
2.441709668523952459e+01
3.021377249284197930e+01
2.611959029035691415e+01
3.273304352975630138e+01
3.156441682153771922e+01
3.030610856058086711e+01
2.603991417456983370e+01
2.497962287072482468e+01
2.410078727694904188e+01
3.437333558172939973e+01
3.150690669709526048e+01
3.343645211310613519e+01
2.947237672807290210e+01
2.880301477940493982e+01
2.842475102702404399e+01
2.638514518767922112e+01
2.679827762647687095e+01
2.652100926926953406e+01
2.878090777606839978e+01
2.816124796823748966e+01
2.501682395244496604e+01
2.685629104263737332e+01
2.924593501329881917e+01
3.607427280737141473e+01
3.770676130438928908e+01
3.115054912656244213e+01
3.077148773705439666e+01
3.697050835594234286e+01
3.246219333511846372e+01
3.038754543366733074e+01
3.284887326100222538e+01
3.339630990209320771e+01
2.203719660604088304e+01
3.104143936365277767e+01
3.047272606740709122e+01
2.417018084264465116e+01
3.329136418620956306e+01
3.436770894237719887e+01
2.684144859875089750e+01
3.042553658474957956e+01
3.354965398970920631e+01
2.863535205929506944e+01
2.748521107761452953e+01
2.980848628805629019e+01
2.700441593036198640e+01
2.556751575838550039e+01
2.721734028066689959e+01
2.328827690691923991e+01
2.239914778090813385e+01
2.307830731428337501e+01
2.285589012114295571e+01
2.132995336626939320e+01
2.238821835019642137e+01
2.469771536975244430e+01
2.725120538441123585e+01
2.886395831537645762e+01
2.253481980104325899e+01
2.793017136949262635e+01
2.982383599236332117e+01
3.227041196424937652e+01
3.054676711884820151e+01
2.888230436184581507e+01
3.240642569355885882e+01
3.008955061626698679e+01
2.926497314596735677e+01
3.009974998221723297e+01
3.115016777000684556e+01
3.617833616182450385e+01
2.954091626195494769e+01
2.810483253103214452e+01
2.695498849515368889e+01
3.011040981216306278e+01
3.659699125749229154e+01
3.102153903040473537e+01
3.260180879062205861e+01
4.024405510683391896e+01
3.493680952346880986e+01
3.335470564749117273e+01
3.409347955050068180e+01
3.691305420663822190e+01
3.977155087630198693e+01
3.572485435735882220e+01
2.850069523308883390e+01
3.229666773605615049e+01
3.551293762744533922e+01
3.339610704839617483e+01
2.734789659693970876e+01
2.401584143331174559e+01
3.545289611744371427e+01
3.093288503643981713e+01
3.126849406296748413e+01
3.167192586381185038e+01
3.071921366466069614e+01
2.669957832502776185e+01
2.724262802774208225e+01
2.365921993681801538e+01
2.401999085106874787e+01
2.476110539991485027e+01
1.771184459481797546e+01
1.738256814088854085e+01
1.507106915838105365e+01
1.294908943453097372e+01
1.153121155178107138e+01
1.417521897646803097e+01
2.045838858388351866e+01
2.421841979899352637e+01
2.122290251289861374e+01
2.813394031201438850e+01
2.715566874009939369e+01
2.705388224479640868e+01
2.568891443783994077e+01
2.982294296497497399e+01
2.612245733779369772e+01
2.775587000350952138e+01
2.578516502033204816e+01
2.966843556697464734e+01
3.212886630660889153e+01
3.078169209126937744e+01
3.313485668065366951e+01
3.752881435329539528e+01
3.262766636219845395e+01
3.743991505451516844e+01
3.678269875192598448e+01
3.420415399124051703e+01
3.075715628129567847e+01
3.457393470614803732e+01
3.215456639213728351e+01
3.014132282936807172e+01
3.374161386762928316e+01
3.388223318436315168e+01
3.032552798849983944e+01
2.646895412152735361e+01
2.517886680681291622e+01
2.651895884800172709e+01
2.303567043197592668e+01
2.409942357356365505e+01
1.972841050865745771e+01
2.119689944936942538e+01
1.455170645047259192e+01
1.044216843930488636e+01
1.129943355187735676e+01
1.411799291667622747e+01
1.781945303792769764e+01
1.932100878630430429e+01
2.125597396230629954e+01
2.239385452981997915e+01
2.824089923015430514e+01
2.621012268726661532e+01
2.798940507289880131e+01
3.329680328690336211e+01
3.496702690151400361e+01
3.008086589112199860e+01
3.144214390191501707e+01
3.251208034304823258e+01
3.306180999772760742e+01
3.329351411128094185e+01
3.388572336068173030e+01
3.164027667598677596e+01
3.195732766393605573e+01
3.836250646320068114e+01
3.320784600634014083e+01
3.918259347640299239e+01
3.871936261987869443e+01
3.648279218676485414e+01
3.883194888298083924e+01
3.820290228208416750e+01
3.840909876636635545e+01
3.879772743958661607e+01
4.035144145142037075e+01
3.361413698618471813e+01
3.900695093229216326e+01
4.164227489848657626e+01
3.872986071364507410e+01
4.101633812369765764e+01
3.921478249644984260e+01
4.042187344627454593e+01
4.669540483651660878e+01
3.668386482866410603e+01
3.842076312070133781e+01
3.380170998816763017e+01
3.860497470233002559e+01
3.829027870519245624e+01
3.906523404029777424e+01
4.053698699400543148e+01
4.302940894539458583e+01
3.655749702504480325e+01
4.118953212661550367e+01
4.472352294940665729e+01
4.561355830077521034e+01
3.944356351843111241e+01
4.046974224268094389e+01
4.455479669719155567e+01
4.219429500898088747e+01
4.300400804057279913e+01
4.028174550357878303e+01
3.945108480695684250e+01
4.143010575530577455e+01
4.159815092738925557e+01
4.458558856157763728e+01
4.481897965884013502e+01
4.166755154096355085e+01
4.161127243717720603e+01
3.817425519654277366e+01
4.160888212058718949e+01
4.112555583275180027e+01
3.964976377201255531e+01
3.964951629452606596e+01
4.060717385157302317e+01
3.509174478961981691e+01
3.623011337595428216e+01
4.333141370351319921e+01
3.864855904688572963e+01
3.614098285834058544e+01
4.258674166970894248e+01
4.524114443934473684e+01
4.538874488508508165e+01
4.161370211125187524e+01
4.277545810321836939e+01
4.364097674738909660e+01
4.585148006875207471e+01
4.180751211844092552e+01
3.945391060997163635e+01
3.691781231609903813e+01
4.098960131419303821e+01
3.913439014366843338e+01
4.194755976625446436e+01
4.673690225371089468e+01
4.591208568798327860e+01
4.235329371457078906e+01
4.222641369250691668e+01
3.962850530763270740e+01
3.824108563126394955e+01
4.018696776147413630e+01
4.497974097036764363e+01
3.649196923803829407e+01
3.982368508317372147e+01
4.050333278872101062e+01
3.813950585052256059e+01
3.759616714245579772e+01
4.081776870668959134e+01
3.452165532882967369e+01
4.003233157129525921e+01
3.610830538069618001e+01
3.623510256859380263e+01
3.960500249100144288e+01
4.111120778886007798e+01
4.128160930413932306e+01
3.749892716972865969e+01
4.375436038289363694e+01
3.911564731385969651e+01
4.011340781494382668e+01
4.127551232802501602e+01
4.048025966721066737e+01
4.147270035965742352e+01
4.420049436031118972e+01
3.820764553420561072e+01
4.154157929613291600e+01
3.605570847863364747e+01
3.497827728199932551e+01
4.262934204448678344e+01
3.678352437574978495e+01
4.128618620780387971e+01
4.310751383051852770e+01
4.576567759217006426e+01
4.453576046238386965e+01
4.102897247875058184e+01
4.393340531956551587e+01
4.225172058478328552e+01
4.279057185989419310e+01
4.796543685942688739e+01
4.050683238914280082e+01
4.284547166724991030e+01
3.779581197826324512e+01
4.416266901560738489e+01
3.994708819062965688e+01
3.993830146433855077e+01
3.571442696863800137e+01
3.963509448012570147e+01
3.555028996152761778e+01
3.556640977066432185e+01
3.848380364830533296e+01
3.294840411194800112e+01
3.220833135866705277e+01
3.434794367249961056e+01
3.261440984008103072e+01
3.568533604237168788e+01
3.528997915697166121e+01
3.796263352893134169e+01
3.780651171786182374e+01
3.810115861111959390e+01
3.630454749232269762e+01
4.000434436855611864e+01
4.493955549359833412e+01
4.082485977464975235e+01
3.883381039364993370e+01
4.348233271981315795e+01
4.444120141697451487e+01
4.377702159915470048e+01
4.511941445357943792e+01
4.265523551684333370e+01
4.425601844610594782e+01
4.608910317857145600e+01
4.254104742623037794e+01
3.777758491550658704e+01
4.194497423185750051e+01
4.125292254738688769e+01
4.191981034430669695e+01
4.149079327036775311e+01
4.129939191652148622e+01
4.252970181750531964e+01
4.500502653405157361e+01
4.146346641969157076e+01
3.927964599962076164e+01
3.640562571586167451e+01
4.108040758728125752e+01
4.336627779901292001e+01
4.275436814689005161e+01
4.445417716372233485e+01
4.811109329859558414e+01
4.423244369674448251e+01
3.829214577454487056e+01
4.312261555855371853e+01
4.449995141248673036e+01
4.310431496161413634e+01
3.964088458114296287e+01
4.078612678016467896e+01
4.195151164165337576e+01
3.897589870898830355e+01
4.134009079828549460e+01
4.149115660470752687e+01
4.311587995111568716e+01
3.847486913634951122e+01
4.574065239431408258e+01
4.692297105173248895e+01
4.296141253136610061e+01
4.336333586481042346e+01
4.281315967222455043e+01
4.192727584257114160e+01
4.229410074715178780e+01
4.138775394824883591e+01
4.284937598580883389e+01
4.573155433922910618e+01
5.071484518813283415e+01
4.192276839625120033e+01
4.487961521975461920e+01
5.057966486826249053e+01
4.912566524340380880e+01
4.638535684264066816e+01
4.566073988623995206e+01
4.746467645162860549e+01
4.429707619466257285e+01
4.855103176622904471e+01
4.263942421034934682e+01
4.531113990243779455e+01
4.251783309997249205e+01
4.323410484002413057e+01
3.874456855879430606e+01
3.948658675020467967e+01
3.924481198740902954e+01
3.852166452987018630e+01
3.915469831924681898e+01
3.693178376271438168e+01
4.118027828917987421e+01
4.225355112529523893e+01
4.166505691722985461e+01
4.322949690932075839e+01
5.032176595220743565e+01
4.532879360224499976e+01
4.294971303819355057e+01
4.043792069593195748e+01
4.176398246794039437e+01
4.400893776106333632e+01
4.122803280994120456e+01
4.291691361948642225e+01
4.622826179079581976e+01
3.665861145944268173e+01
4.211812642046213284e+01
4.214928463357303912e+01
4.248238617806477180e+01
4.333817460822474033e+01
4.565003300364476502e+01
3.911214080567413021e+01
4.580323679702306805e+01
4.431316393037569412e+01
4.074427955593975526e+01
3.716918477817143440e+01
3.889356746282447830e+01
4.106046599966813204e+01
3.925227361846503982e+01
4.938684802057046852e+01
4.461347830066751641e+01
4.445713615600411117e+01
4.544942687693778538e+01
4.035455501609769158e+01
4.670953513202202600e+01
4.404779997019263504e+01
4.227517616434474945e+01
4.374649407935938683e+01
4.513322593992543830e+01
4.739702390503023821e+01
4.477472634269956586e+01
4.700936141805724588e+01
4.684050618484540962e+01
4.247759563932979177e+01
4.325754530893485139e+01
4.756813068173622128e+01
4.790198681185883345e+01
4.406927139088976730e+01
4.730441823918793887e+01
4.269857512893435825e+01
4.383620762656111935e+01
3.804015921978167114e+01
3.986062627371911304e+01
3.636566074265240189e+01
3.679334525271992362e+01
3.922141352635503608e+01
4.056284814524111937e+01
4.364753400680379514e+01
4.130287041813095072e+01
4.780161282964611047e+01
4.534792458987441677e+01
4.760216370505244043e+01
4.061893862152894741e+01
4.327819073409953887e+01
4.029630000284025471e+01
4.688811957912596284e+01
4.046455594759650864e+01
4.182608394025432830e+01
4.560545065241635143e+01
4.657295539155753517e+01
4.163088065695771434e+01
4.702170473831498754e+01
4.763438226501099848e+01
4.530445824868561289e+01
4.223684170787446845e+01
4.185703557587454071e+01
4.171006940376379646e+01
4.333225191448644154e+01
4.340202755563045400e+01
4.258787173497934475e+01
4.254202208735348023e+01
4.593840835199210204e+01
4.640077008398098002e+01
4.304240542778399714e+01
4.362492181145258741e+01
4.401235707571857603e+01
4.395747335398891664e+01
3.712889266633183638e+01
4.156339435803143800e+01
4.647216034361299108e+01
4.688698549548440297e+01
5.088279857808444007e+01
4.820921088544115918e+01
4.820726814377594849e+01
4.582131573767249932e+01
4.371088919668845563e+01
3.621534383385033351e+01
4.430109616905890846e+01
4.080509842487220595e+01
4.213159843809051353e+01
4.054205473469928478e+01
4.007080072212232835e+01
4.079693641048382347e+01
4.218038168795609266e+01
4.420329183710848753e+01
4.001694679621392225e+01
4.218823178918960082e+01
4.474983462792726385e+01
4.793507365746155813e+01
4.123023498947452481e+01
4.379014852534845659e+01
4.559819030138372398e+01
4.346939853673322318e+01
4.358336131012234205e+01
3.850761288947813199e+01
4.500447665644016837e+01
4.218879464830072834e+01
3.777634175743521183e+01
3.856503862795646853e+01
3.994288050957321445e+01
3.765735104301601410e+01
4.203664976560980193e+01
4.532559883919099519e+01
4.129068341035764433e+01
3.753501190257698994e+01
3.649415589568135942e+01
3.916291740429899448e+01
3.481260395122665585e+01
3.690960761860180384e+01
3.416986382663483113e+01
3.117540391761719221e+01
3.461743679061496692e+01
3.554441453515647709e+01
3.069336022928331786e+01
3.719938998039273059e+01
3.601806255368464349e+01
3.375092954779875498e+01
3.766633223573738576e+01
3.363825042233425222e+01
3.475395760595122141e+01
4.006297843532261282e+01
4.076518913293370616e+01
4.204045389195758986e+01
4.720406480064468013e+01
5.226485701967577313e+01
5.175200119355529438e+01
5.127271630126478641e+01
5.000251931438274511e+01
5.298064517469892820e+01
4.432584438444110475e+01
4.021081761572932578e+01
4.324856689130652398e+01
4.235977293038612856e+01
3.786022655728058339e+01
4.292015807475795697e+01
4.217217613156354616e+01
4.588687332811674224e+01
4.352165257494326767e+01
4.537354836202150921e+01
4.498806030415517654e+01
4.700130521956278074e+01
4.828956044557984484e+01
4.310938678961284864e+01
4.397268776532272483e+01
4.185534003363843425e+01
4.389581152362843142e+01
3.893991463575619605e+01
3.854701312424634807e+01
3.834199278439218261e+01
4.289197479269154911e+01
3.944393745196259005e+01
3.793428438044236373e+01
4.077710742707578362e+01
3.897343572823100288e+01
4.193036816870581163e+01
4.168415767837499430e+01
4.610530572886337097e+01
4.644620559486818223e+01
4.776975695095538299e+01
4.406624108502405335e+01
4.737686580152202964e+01
4.467098064820719827e+01
4.368072259983219396e+01
4.863091132396576199e+01
4.640057562124944468e+01
5.306661450991010298e+01
5.038815111405805425e+01
4.527483737562700838e+01
4.822602139116239783e+01
5.191761340640443478e+01
5.151685690027007780e+01
4.889126539703623564e+01
5.036447820694856148e+01
5.028445275102035339e+01
5.093440561285750334e+01
4.673829229528587348e+01
4.976036556139573719e+01
4.592116184294248882e+01
5.036073404591351732e+01
4.682094480323873853e+01
4.525734128326631378e+01
4.616539897576244300e+01
4.196197741046121621e+01
4.484747607087356869e+01
4.566219798989572354e+01
4.686232031958724775e+01
4.683637802920267035e+01
4.661334347837254199e+01
4.770548531983215668e+01
4.508670097368025154e+01
4.216663762271836191e+01
4.285985087591969034e+01
4.238954941997015169e+01
3.910210121743557465e+01
4.086755285118335479e+01
4.471168780666191367e+01
4.744830936424673951e+01
4.589031916539203593e+01
5.017308650771758494e+01
4.760327155313417791e+01
4.679098049082617905e+01
4.335573639207225938e+01
5.032027012416379108e+01
4.733896674999125764e+01
4.938144411738072392e+01
5.410311837949899427e+01
5.085922833707324742e+01
4.880602486934802897e+01
4.772164446208268629e+01
4.408800258255850224e+01
4.554178013172209916e+01
4.517509258311127951e+01
4.611565587584056658e+01
4.621000658023374541e+01
4.436903230782246510e+01
4.415905879399512912e+01
4.768390910573893393e+01
5.341887472348544463e+01
5.437124629196129177e+01
5.139931681448452139e+01
4.933237692174013489e+01
4.699671715694753971e+01
4.865301787887455731e+01
5.154736055914870718e+01
4.695034734107325392e+01
4.678462086394884523e+01
5.432567057518571829e+01
5.500728650946531673e+01
5.166987333809417038e+01
5.035334418389308553e+01
5.006243232805293530e+01
5.278955641674289012e+01
4.576605292216888188e+01
4.997352037854179940e+01
5.106657151457050503e+01
5.015720431116972833e+01
4.848702722600329906e+01
4.615167382462600187e+01
4.985912026201121705e+01
5.057082387764338449e+01
4.757939003623744867e+01
5.067616453628396300e+01
4.814825071776876797e+01
4.915326809689086929e+01
4.919311109632585755e+01
4.806985007475832106e+01
5.256071265370292878e+01
5.095530490733674611e+01
5.499257044329295496e+01
5.198278513218696162e+01
5.168454388844060787e+01
5.241916265567260069e+01
5.539904434251864274e+01
4.735687253689260956e+01
5.300303881243207371e+01
5.373861293481172652e+01
4.792927729921622415e+01
5.153502624520623243e+01
5.284273642154339257e+01
5.177101555850548920e+01
4.873380014523723247e+01
5.391259287421381430e+01
4.921733787651267278e+01
4.902984907712203722e+01
5.007411026829034029e+01
4.949726336640627267e+01
5.080358574722299636e+01
4.602772418590415526e+01
4.146547692939351037e+01
4.974320308343103392e+01
5.242796609230688176e+01
4.769505872954177050e+01
5.388039630610072805e+01
5.081162133196601616e+01
5.029141436864794201e+01
5.070468271007048600e+01
4.998313454719382065e+01
5.187719239675045912e+01
5.546352377263688282e+01
5.347098139291721708e+01
5.148859988981785563e+01
5.131829892367404256e+01
5.575318478666630284e+01
5.957964822324649390e+01
5.535661081086156798e+01
5.834723168261550086e+01
5.062971159956384781e+01
5.126597372886502058e+01
5.750631840147069340e+01
5.372071626402727418e+01
5.399531328428047061e+01
5.649825140984229677e+01
5.321623606905181703e+01
5.121009616584984769e+01
5.481593763866752766e+01
5.859363819193595901e+01
5.294051412997571049e+01
5.853513216468282110e+01
5.513495921031495328e+01
5.552419879737767872e+01
5.365245368918631641e+01
4.946863522605070074e+01
5.199634193108651914e+01
5.581839035161802798e+01
5.241943484269115316e+01
5.634320312726035951e+01
5.702558056260424024e+01
6.885526916440026923e+01
5.526901982177852801e+01
5.769152399942166909e+01
6.037415173265716106e+01
5.812103847290016034e+01
5.672635525500589893e+01
5.995759047917273676e+01
6.689044404127727717e+01
5.802693402579478743e+01
5.924927678225212446e+01
5.558942686644543585e+01
5.689514364023396809e+01
5.353917508758748767e+01
5.556606313032897759e+01
5.261843916650216357e+01
5.586180900448395903e+01
6.084477696199023455e+01
5.699958908385379885e+01
5.672953996566460688e+01
5.553717566558853491e+01
5.113121546065662670e+01
4.845580410042361308e+01
5.159139496667879143e+01
5.059173744989656996e+01
5.472632747269658893e+01
4.873752478837785418e+01
4.719303505856074565e+01
4.738884937986343004e+01
5.578452564412191350e+01
4.938947793203590919e+01
4.941450470108285487e+01
5.340330645791519970e+01
5.301670487584594582e+01
4.983955419231749318e+01
5.077052925854135168e+01
5.161484855969285945e+01
5.797527165698758012e+01
5.388698904113338273e+01
5.656422840470192881e+01
5.625104339621633898e+01
5.772899690882439927e+01
5.557074744639418640e+01
5.563614168182870401e+01
5.198498027817331035e+01
5.698095484975561220e+01
5.448006483027676694e+01
5.293260822786913167e+01
5.375467052695415049e+01
5.774765821527235232e+01
5.458887051514692246e+01
5.885054282875016440e+01
5.576259769886815576e+01
5.670637777933950474e+01
5.331342836855905887e+01
5.925203055249041739e+01
5.972140049710890253e+01
5.757162405004364558e+01
5.923134194119192841e+01
6.141040316049495829e+01
6.201036824430992311e+01
5.558654992126306382e+01
5.695127331822615702e+01
5.792905181527570591e+01
5.963382341901620975e+01
5.898392689871836581e+01
5.462493645792766728e+01
5.304140281211394381e+01
5.966908630353140097e+01
6.124239372334136533e+01
5.900227817421885845e+01
5.852184168794082098e+01
5.997644725414496492e+01
5.500353484781189195e+01
5.432851185842097408e+01
5.683761436403746359e+01
5.203892922268303067e+01
5.791056514195441451e+01
5.222391418700057386e+01
5.437044125840512265e+01
5.774803974658624384e+01
5.254415452873311665e+01
5.875718323411506105e+01
5.894991284959458255e+01
5.756457285745494090e+01
5.837745444736407308e+01
5.702538210007181618e+01
5.835438182247429495e+01
5.509914969134560891e+01
5.329626572601659973e+01
5.515793800772362943e+01
5.629729576125972557e+01
6.029174946134484259e+01
5.644111358763260000e+01
5.270681962049858527e+01
5.570003559589816433e+01
5.534222294702397704e+01
5.445856143315343445e+01
5.707671705582273347e+01
5.824691712917370978e+01
5.371208391870923293e+01
5.546616674327781737e+01
5.695521803568476571e+01
6.215704102641583972e+01
5.674385716262351309e+01
5.764250412930972089e+01
6.365530673333822165e+01
5.861650222840623314e+01
6.392709885595094477e+01
5.997639228405424205e+01
5.931800636403641391e+01
5.989848547223233055e+01
5.702056165255931575e+01
6.013893105282845397e+01
5.989550708302450488e+01
5.982339197819979404e+01
5.820630213141715359e+01
5.908585034227127863e+01
6.214546363638852000e+01
5.760248209411214049e+01
5.898348296915131783e+01
5.930544743975957545e+01
5.705464088259648747e+01
5.885221082060957087e+01
5.917298764548524304e+01
5.494476271551364732e+01
5.766977374388823563e+01
5.830537350346839531e+01
6.076483854227499393e+01
5.968268688104158315e+01
5.930039132906639310e+01
5.713188305442666604e+01
5.795787635954064854e+01
6.109296249499834630e+01
5.539480983359612054e+01
5.856678048635433953e+01
5.734417191590630125e+01
5.287837105145081296e+01
5.242399032958115868e+01
5.513537919934816500e+01
5.909228249685375545e+01
5.653149875994284201e+01
5.239516565711269891e+01
5.720144874570409854e+01
5.703027117083502873e+01
5.781608492077883454e+01
5.874195044286496170e+01
5.698337230235706130e+01
5.899682469794449702e+01
6.248324928958381719e+01
6.282319970940972809e+01
6.329459383668316264e+01
6.013036443988035984e+01
6.173257766155862925e+01
6.390860581318024458e+01
5.746386169678155653e+01
5.154966477207221942e+01
5.567025828458938008e+01
5.344423679424038198e+01
5.365137442667115408e+01
5.443655453639799191e+01
5.494377129486651512e+01
5.470030651729902615e+01
5.566382804584777944e+01
6.006986735912944653e+01
5.784451777841401565e+01
5.761147727357470671e+01
6.057204780718532788e+01
6.041460902601051686e+01
5.736496586646897100e+01
6.062607837993774496e+01
5.192595644565348323e+01
5.810214925729697200e+01
5.485334183183640988e+01
5.749304598446763492e+01
5.902303641053537575e+01
5.858639317288380255e+01
5.907473993670327417e+01
5.353818720373618589e+01
5.627907098978810296e+01
5.474841791263862234e+01
6.142196093777520360e+01
5.999447658200445943e+01
5.853053872282195869e+01
5.695803091880775781e+01
6.083182965884475379e+01
5.429969367499833766e+01
5.810385527999077482e+01
5.563131942089322735e+01
5.629898189436407563e+01
5.452929230417916528e+01
5.664788548023712877e+01
5.451503040078075202e+01
5.874790093257584545e+01
5.639822411735648444e+01
5.525389546490104209e+01
5.714398609161497689e+01
5.950891242836319606e+01
5.471059756769076188e+01
6.016675197805095365e+01
6.063696195102770758e+01
5.814183214142714462e+01
6.164818887095120203e+01
5.584981975296685874e+01
5.734182739762285763e+01
5.675793131010430415e+01
5.884655170316334960e+01
6.264776871860912877e+01
6.174058478479370393e+01
5.872399987389166398e+01
6.316883073423281303e+01
5.917327256862662210e+01
5.897424350274337712e+01
5.870332815261379267e+01
5.545853129043350549e+01
5.727718644332306042e+01
5.550371483805789552e+01
5.793337121988470528e+01
5.963925028504723969e+01
6.078120096463584332e+01
5.551341298860280915e+01
5.886697740589207939e+01
5.485422066977476163e+01
5.582061885235293630e+01
5.598716466603084285e+01
5.794829024325397171e+01
6.195023401886624015e+01
5.839232840293268367e+01
5.690882452218313858e+01
6.210894338279460669e+01
6.457484144760550748e+01
6.134640033682624249e+01
6.019340680345762706e+01
5.920402910196840196e+01
6.163115359128657644e+01
6.229067191345536258e+01
6.310835058267664266e+01
6.211728368034792425e+01
5.508625793527177450e+01
5.732044024812698524e+01
5.846142463509058018e+01
5.972744083908535373e+01
6.042178091910616899e+01
6.077503475340263606e+01
6.201392568468533995e+01
6.078237424327647886e+01
5.716531239204629600e+01
5.756808769193131781e+01
5.477087343316570411e+01
6.064035516697313710e+01
5.804768586529628038e+01
5.702161271994140179e+01
6.031846669396547611e+01
6.070121465251919801e+01
6.528212001098417261e+01
5.926272274193414091e+01
6.192260498469151742e+01
6.147792748271324825e+01
5.705774076345819168e+01
6.364500725524090541e+01
6.532698196177666716e+01
6.696188420228835980e+01
5.865505426764123342e+01
6.124744586616191100e+01
6.496937838472699411e+01
6.391607672657639228e+01
6.254684213963084005e+01
5.906983486560427110e+01
6.135394636385907319e+01
5.725370269093608755e+01
6.095389918445675903e+01
6.481021239821764368e+01
6.060073906101836627e+01
6.272900609529620652e+01
5.880550535937604906e+01
5.943430659481352762e+01
6.623265613190157808e+01
6.508986458922649376e+01
6.329021143843258557e+01
5.789065537978326148e+01
6.075952106600097125e+01
6.003297212197807653e+01
5.663422444113309240e+01
6.047163679923868784e+01
6.559746525236619163e+01
6.003861385077892265e+01
6.690500237064453870e+01
6.055274674695279202e+01
5.910195839050557254e+01
6.080007742245056335e+01
6.444685258022026630e+01
6.449935685866546464e+01
5.932447819455135374e+01
6.782573757164249173e+01
6.538565488540345427e+01
6.206817739709869386e+01
6.523187990866676955e+01
6.385393085457920392e+01
6.708796463881870409e+01
6.305159842714707708e+01
5.655138334939357492e+01
5.847453631373698357e+01
6.297397746121365003e+01
5.990626126628062309e+01
6.385715039530597892e+01
6.061268737603016632e+01
5.500516177823351427e+01
6.334805117361549520e+01
5.875869472716546227e+01
5.895248089652787371e+01
6.328289794419001879e+01
6.551649910650313302e+01
6.306756066456370746e+01
6.218118130723566139e+01
6.031978804827556218e+01
5.671543145251479956e+01
6.066095882774931169e+01
5.786738192975727912e+01
6.173339943262675433e+01
5.946003149868132454e+01
5.744063311802642602e+01
6.134878691711423926e+01
6.189131713758754216e+01
6.064692873153677510e+01
5.999450531216292148e+01
6.082084129171693831e+01
6.107037119773008271e+01
5.862709757919554932e+01
5.655016512808424523e+01
5.740265822401052986e+01
5.610622919312140056e+01
5.459565573588372445e+01
5.522892122267665371e+01
5.872896311769216737e+01
6.370489607056240544e+01
6.853501536305417119e+01
6.002198857362100171e+01
5.872998777448819396e+01
5.426088238066951419e+01
5.456079654092278020e+01
5.526823609729628117e+01
5.349505562051213303e+01
5.844057367189037677e+01
5.153270382370100577e+01
5.586241458885229605e+01
5.831069868008285084e+01
5.710969612920239769e+01
5.829512689278016069e+01
6.214124926199744436e+01
5.955677019227496771e+01
5.668649290631179838e+01
5.732877213940243166e+01
6.138767341925199617e+01
5.796838795907181918e+01
6.416712480522910766e+01
5.603869424703370328e+01
6.017996506528750444e+01
5.617082835616667325e+01
5.641573275398712184e+01
6.119069963296423253e+01
5.776742367394777489e+01
5.977326190283059049e+01
6.104931610485744642e+01
5.876150335318990159e+01
6.446430901755350362e+01
6.730675794258389999e+01
6.428876870384532083e+01
6.734273754385822031e+01
6.368719803557534931e+01
6.461035172275090588e+01
6.045354913606474412e+01
6.324998251539659577e+01
6.131274139083802055e+01
6.088820359089300638e+01
6.837215611376041124e+01
6.461870087729050738e+01
5.950444996694832156e+01
6.371458818918561207e+01
6.327029049297257757e+01
6.099302843285642695e+01
5.868975834480578868e+01
6.105663743235347596e+01
6.176479157772585893e+01
6.113276474882908929e+01
5.534050823864549784e+01
5.960556025800224234e+01
5.594510487503850982e+01
5.458188279462087422e+01
5.487335576941316617e+01
5.515078497551039050e+01
5.645453213403781945e+01
6.084979464524838733e+01
6.296289416850623155e+01
6.268558677370021570e+01
6.368307847162461854e+01
6.559691515949668883e+01
6.477129043377784967e+01
6.545443215245545332e+01
6.078715820648544366e+01
6.638063096693844045e+01
6.363625311963417630e+01
6.217391069326865249e+01
6.086746484301191629e+01
6.314086344292586261e+01
6.132873555056806225e+01
6.603997849827158007e+01
6.312495985723607816e+01
6.507082270531950030e+01
6.531363218858419373e+01
6.740833112634665270e+01
6.414323031084450122e+01
6.344948883644600812e+01
6.725249476214453637e+01
6.712040789220776560e+01
6.996278986546822409e+01
6.257539575038477864e+01
6.796420915281788666e+01
6.480794418762113196e+01
6.805118386026519772e+01
6.528629450696205083e+01
7.006801848784130016e+01
7.163105401745198719e+01
6.648717979128048228e+01
6.435327913295159874e+01
6.768917393527070203e+01
6.813342146664368215e+01
6.683197015605935576e+01
6.345145400930618251e+01
6.175596824639676896e+01
6.421390490108923643e+01
6.496663521786472018e+01
6.632788944689002619e+01
5.740299089684398837e+01
6.839199972711510611e+01
6.458847155795820072e+01
6.677434087734897616e+01
6.482076986363344417e+01
6.530541660487052980e+01
6.142268500545322496e+01
5.800532870823796117e+01
5.584768797581803312e+01
5.386682327618952115e+01
5.660360001929991114e+01
5.484090357765762747e+01
6.094019232973983691e+01
5.942356434520485919e+01
6.252363252242224689e+01
6.360972470410288793e+01
6.035232248956301504e+01
6.030688554503620225e+01
5.948448446938338918e+01
6.385480168866043016e+01
6.215831195836844358e+01
6.411915285631089034e+01
6.444824553448808047e+01
6.220564035228085231e+01
6.304088285912869338e+01
6.047648555043976160e+01
6.592818730225457102e+01
6.844130706783300866e+01
6.762079801227281450e+01
7.096578922162505876e+01
8.100125983389952466e+01
7.637290591686446817e+01
6.908684746139824995e+01
6.671486383539871667e+01
6.035659333108483793e+01
5.787109250892080325e+01
6.289798516466473899e+01
6.078907042508427594e+01
5.900959157015920908e+01
5.774675020882614973e+01
5.425747643740324833e+01
5.754093483017190636e+01
5.406472217869954022e+01
5.863906979792767515e+01
5.937062011636985659e+01
5.428275722868444575e+01
5.726478054528755024e+01
5.798596656889887413e+01
6.380322516265780308e+01
5.810984736483236190e+01
6.163261216543195786e+01
5.825139865330485378e+01
6.117413909290721818e+01
5.887028969978969428e+01
6.059897232484001961e+01
6.139442828957157161e+01
6.012508153800563093e+01
5.953358072685713154e+01
5.952229688659735984e+01
5.487186749467809221e+01
5.541303502941038772e+01
5.630364060711857377e+01
5.854296940189178144e+01
6.445997471528072253e+01
6.123526336309961948e+01
6.300288039618182268e+01
5.979209131911231623e+01
6.053859829114951907e+01
6.080185842252777206e+01
5.900476639756850972e+01
6.311490803687554063e+01
6.237148858762637360e+01
6.011643592346340625e+01
6.452757979452370307e+01
6.496249607544028493e+01
6.725242632202522941e+01
6.274729967131932540e+01
6.830847958910104012e+01
6.534407184684037873e+01
6.111238743585797550e+01
6.511922833497983731e+01
6.580420748251982843e+01
6.266857499231386441e+01
6.487531383781978889e+01
6.362782945013781699e+01
6.151074944568249236e+01
6.405673415694467110e+01
6.279336944414526300e+01
6.413090515733082952e+01
6.648604085060567570e+01
6.208913297474924775e+01
6.325321119987236784e+01
5.975139483477181557e+01
6.047909455083426877e+01
6.229979602358616830e+01
5.747799614711750138e+01
6.052104485877504203e+01
6.350372300804658465e+01
6.198164746493831956e+01
5.929349658898263442e+01
6.448708142953012157e+01
6.014009100627021098e+01
6.512102880658535753e+01
6.358226877511388153e+01
6.307263224842532168e+01
6.016948882867081494e+01
6.373573839168854249e+01
6.895779234257570067e+01
5.984755798836827267e+01
5.797188849747290362e+01
6.011079624795659981e+01
6.346549260463424957e+01
6.095030244133559449e+01
6.076210803431498420e+01
6.240628574851828603e+01
6.125261612077357398e+01
6.154839767499613856e+01
5.831337253863156889e+01
6.261294819154542068e+01
6.106482765817818148e+01
5.750110646311111395e+01
6.308611719451944566e+01
6.382738509924101322e+01
6.534486977225543569e+01
6.709219686032764685e+01
6.373567119813459669e+01
6.159965992791345712e+01
6.676662862359809480e+01
6.514803751366399354e+01
5.892870434323975815e+01
6.303323959013446398e+01
6.270917045527922085e+01
6.116295747562129748e+01
6.060605433823060650e+01
5.714911427416176792e+01
6.179812220925639110e+01
6.138151957323713503e+01
5.815977132687257978e+01
6.157666020396307260e+01
6.667830307643947663e+01
6.283151375936748906e+01
6.742136282661769542e+01
6.157773316033117794e+01
5.957908592047711949e+01
6.155365852739018351e+01
6.446788377184932983e+01
6.448253265708163440e+01
6.295292830907781934e+01
6.023230748088202091e+01
6.009802960592713816e+01
5.778125794362939160e+01
6.400032871167836390e+01
5.656107992119693506e+01
6.015973586742109802e+01
5.595842612357974133e+01
6.251502100595460831e+01
5.914262724846638974e+01
5.594657314861250086e+01
6.188051331364606966e+01
6.523397683674554060e+01
5.675573195140965765e+01
6.010154443190877771e+01
6.495290459295621588e+01
6.411738691433484405e+01
6.156298772599173219e+01
5.850634472051624613e+01
5.461428371972316143e+01
5.518291626175275866e+01
5.385296635254099584e+01
5.042700014153457744e+01
5.281230454389280737e+01
4.995772260531541775e+01
5.147544467179425709e+01
4.915327729111432120e+01
5.592954803116024465e+01
5.825303924181487503e+01
6.147045821082180339e+01
6.257475715586790699e+01
5.782372064419639912e+01
6.100266212920237763e+01
5.446363872424372943e+01
5.139660052975593629e+01
5.548005414499385779e+01
5.585534181068158688e+01
6.323919694738419395e+01
5.739832109311347352e+01
6.302705221552051995e+01
6.335145209664810295e+01
6.188422246538348759e+01
5.994757246202387080e+01
6.367406595341093833e+01
6.194569309557089554e+01
6.409247543502908684e+01
6.365621620257790170e+01
6.369108755503369679e+01
6.546120147889702423e+01
6.718238299321423312e+01
6.283346500887929409e+01
6.101872971457251538e+01
5.956935803434559062e+01
5.785172032233246142e+01
6.190546384062707830e+01
5.572728548553624961e+01
5.825461300448004920e+01
6.342780034015310520e+01
6.497568187360668901e+01
6.935722447037647953e+01
6.475183009995767236e+01
6.552839899206782093e+01
6.321979031724377762e+01
7.099203942000018230e+01
7.015964047061265774e+01
7.053117227456782246e+01
6.809084930857888196e+01
6.390183828141046263e+01
6.373599880738778012e+01
6.313919315710278113e+01
6.017133851827634317e+01
6.188423777796404579e+01
6.272549902882257555e+01
6.037568535905452194e+01
6.439754547188525180e+01
6.601935440335749661e+01
6.567530039830643318e+01
6.239287487354407347e+01
6.568210815909060329e+01
6.791318364893155035e+01
6.288621711565130568e+01
6.602845178925299763e+01
7.219983413997583455e+01
7.159846927118047688e+01
6.815345777971840846e+01
6.461540561924847736e+01
6.455922466355467293e+01
6.622694076742685354e+01
6.428118694171317316e+01
6.423131851638650858e+01
6.236139039110432947e+01
6.359785812864656407e+01
6.601940585995848210e+01
6.693218049288434202e+01
6.553752137535771283e+01
6.766227993295393617e+01
6.567040254380313513e+01
6.590085006719617411e+01
7.101024132004181411e+01
6.578410705395150160e+01
6.198486476164108439e+01
6.147348628263088699e+01
6.010613660195194541e+01
5.548072154166570868e+01
5.820537770837111680e+01
5.949830160525494449e+01
5.475257775504393720e+01
5.889771430886248993e+01
5.925379293431966232e+01
5.870378085332419715e+01
6.327339850948798983e+01
6.777562616363562142e+01
6.354830237380213731e+01
6.731643971552813355e+01
6.697999658126451550e+01
6.761297210686696246e+01
6.789583425693696483e+01
6.639377431941771590e+01
6.758502861046979149e+01
7.078778143915670285e+01
7.068657647483743744e+01
7.693337591717259727e+01
7.429211457813367758e+01
7.380862212214377394e+01
7.419164406559676195e+01
6.867860334439166081e+01
7.133613608426533403e+01
6.913309427647442362e+01
6.840291056319392737e+01
6.278085095167863727e+01
6.360360377834862078e+01
6.280478613388545028e+01
7.036238760801110459e+01
6.412374900275028722e+01
7.236042330063739314e+01
6.888772382804241090e+01
7.016109031420180031e+01
7.160019558312980337e+01
7.783487912190436475e+01
7.188003877201080627e+01
7.385535682342845121e+01
7.081898334900972714e+01
7.468505241776649939e+01
7.713520789348453377e+01
7.112649027023931581e+01
7.136170902182523434e+01
7.016655280302413189e+01
7.227180952748578591e+01
7.170504396625536003e+01
7.153349864352016141e+01
6.948948644813197006e+01
6.396588595245505360e+01
6.524428158328214522e+01
6.480953678201906598e+01
6.248557571859751647e+01
6.245121709574627999e+01
6.491349565326567017e+01
6.855894214481101301e+01
7.131225851547407046e+01
7.308611895342741605e+01
7.173642091775685969e+01
6.804654824690608450e+01
7.214985701137450747e+01
7.047597552889523342e+01
6.422436785726839048e+01
6.890253189588989358e+01
7.144110782728236586e+01
7.083409104328774220e+01
7.276935261874618277e+01
7.082971612566272768e+01
7.105727963201373143e+01
7.230266083974214553e+01
7.304787488751438218e+01
7.051357781259356727e+01
7.288749518867129495e+01
7.033622204828415647e+01
7.163431702541404889e+01
7.747063789858813720e+01
7.534344507810597236e+01
8.206571512352299180e+01
6.952171859754668048e+01
7.182663259353192586e+01
7.067738482917206966e+01
7.214267176702878714e+01
7.435964182136901002e+01
6.871117760284043641e+01
6.889043460727704371e+01
7.068768149729488925e+01
6.237443430247559917e+01
6.795372342300255752e+01
7.216997187353734944e+01
7.064258192288416183e+01
7.126825649073047941e+01
7.121875014950919081e+01
7.060556238315996325e+01
7.190857048492067349e+01
7.367870319881704688e+01
7.480366361223758531e+01
7.258887071529414925e+01
7.339110314354903153e+01
7.537018386285348015e+01
7.554672786030090492e+01
7.068164209494125316e+01
6.777684917955960486e+01
6.531805733368041444e+01
7.225702505933151087e+01
6.663837934540239871e+01
6.904638011170783329e+01
6.736610639932638378e+01
6.987016334877830559e+01
6.883177710960252682e+01
6.871078844500057414e+01
7.077855870947404071e+01
6.700297499467897921e+01
6.801314755028604964e+01
6.769455630517299483e+01
6.367312371413733985e+01
6.695658014495933230e+01
6.716560574825651031e+01
6.638627869189888031e+01
6.799556964064389319e+01
6.204941594523001669e+01
2.824157586842882139e+01
9.378938422722255552e+01
8.695845610741500309e+01
4.896792288716002872e+01
7.366353740164591102e+01
7.319334243538166618e+01
7.009890263013431877e+01
7.268835320349572271e+01
6.900708424888733816e+01
7.358128829051983644e+01
7.114565230718426392e+01
7.049056148451636261e+01
7.379465578612010290e+01
6.727202401855522851e+01
6.850864672132325950e+01
6.799015869313907956e+01
7.567670817668239636e+01
6.685924342576613810e+01
6.397736775564193579e+01
6.953910168517244017e+01
7.444985264684378024e+01
7.437159996317468824e+01
7.498144685498307638e+01
7.590763406546335545e+01
7.508704670909666845e+01
7.665485159910591051e+01
6.731083823276090072e+01
7.059196019305530001e+01
7.005189584523925816e+01
7.002535537243576869e+01
7.191168616991033957e+01
7.149794458911951267e+01
6.830442972800383927e+01
6.930388029245600023e+01
6.640653907236506370e+01
6.471756909560437521e+01
6.265535488113959417e+01
6.666027800274534343e+01
7.076224608406243988e+01
6.793797151036530124e+01
7.485312183657572405e+01
6.928640430065473765e+01
7.171377412339768398e+01
7.027976338553017399e+01
7.258864761121004960e+01
6.966278473731669862e+01
7.464438537758941550e+01
7.202807142561306364e+01
7.121529124176349512e+01
6.597897863564030274e+01
6.942596649086056004e+01
6.770026083854624233e+01
6.970680404990356749e+01
6.881789370595292610e+01
6.673667386205907803e+01
7.230830708086915593e+01
7.199993367819077150e+01
7.165418309485247050e+01
6.815409463430124504e+01
7.114492066957740235e+01
7.273475256597295413e+01
7.672743140419113672e+01
7.204391758410751834e+01
7.215289418112895703e+01
7.379100189483811789e+01
7.237902070415994160e+01
7.410528276292224348e+01
7.430489189694435481e+01
7.185995146780322784e+01
6.984777951551394892e+01
7.027892200699800185e+01
7.253870907960303782e+01
7.450461534131791552e+01
6.972406117692494831e+01
7.260351723742029151e+01
7.061337461243545022e+01
7.125121012106605178e+01
7.322543365486828293e+01
6.917186820214988074e+01
6.951152606601415584e+01
7.286000756386390265e+01
6.551018732801676947e+01
7.021834020503010265e+01
7.015671988011915516e+01
7.045489720089062757e+01
7.012767110293849271e+01
7.443137787126832450e+01
7.224990386751147753e+01
7.819596249211019767e+01
7.327920115925260802e+01
6.859626440152945293e+01
6.915280999549939622e+01
6.898024408524960904e+01
7.313115356424431468e+01
7.406866952244952529e+01
7.186271122028898617e+01
7.135235896361791674e+01
6.885347274249818383e+01
7.149487984641444882e+01
6.941113312059107443e+01
7.316007753999794261e+01
6.992358325592715573e+01
7.252029614599838681e+01
7.423598956124176595e+01
7.434546769644182973e+01
7.564937387813471048e+01
7.549854032591939301e+01
7.619553787354342944e+01
7.511297859200676896e+01
7.760900525811828743e+01
7.404684767083702468e+01
7.740600867109122873e+01
7.578367573985411809e+01
7.033249298781889536e+01
7.623431848294097790e+01
7.613349335223455228e+01
7.456982285915769637e+01
7.217089485293476514e+01
7.709058772295963990e+01
7.229632655939045094e+01
7.274862174235593670e+01
7.225455369043427822e+01
7.110315491428809764e+01
7.021857340114560486e+01
7.266198999856275975e+01
7.301528737048502649e+01
7.587029955619573229e+01
7.483564039972613102e+01
7.286868392158633867e+01
7.647976507086130482e+01
7.049557102224926552e+01
7.563530521977546073e+01
7.914131742316808982e+01
7.589565567782233302e+01
7.512325782846468769e+01
7.540980770734294936e+01
7.065695676092452970e+01
7.033534934937253524e+01
7.112319496457791956e+01
6.662717253036710474e+01
6.895649732026656409e+01
6.973323644523898679e+01
6.806587826241360517e+01
6.952737534421432031e+01
7.635605721367745957e+01
6.952933627127289640e+01
7.391233010278584459e+01
7.056732661987813060e+01
7.066217914742956907e+01
7.019405818095773952e+01
7.346901803456492530e+01
7.273444232738238213e+01
7.691949157080473753e+01
7.383740766488979546e+01
7.917945196776074113e+01
7.233355289377428221e+01
7.592343972257373252e+01
7.251558996681360725e+01
7.267222795737099261e+01
7.419163671144228545e+01
6.898563130930234877e+01
7.365241678333028119e+01
7.531726301358681042e+01
7.210461330353251697e+01
7.623554374131572331e+01
7.147816307010131709e+01
7.559678993621297138e+01
7.294137315805164690e+01
7.062527786655465434e+01
7.596049620195546481e+01
7.842311894344501866e+01
7.118474034966857289e+01
7.405043769840446544e+01
7.049674906288157672e+01
7.270810739453798988e+01
7.373270004300590585e+01
7.480345241105463572e+01
6.967598988899577250e+01
7.373278901501544169e+01
7.394834113138333009e+01
7.259143206713650898e+01
7.141998559767779398e+01
7.500751013131852574e+01
7.667183735791012111e+01
7.305969050462888958e+01
7.211602071320811547e+01
7.654762518434449703e+01
7.135976590023314259e+01
7.571833051107947199e+01
7.833919832661425176e+01
7.249731853411790894e+01
7.305840642148422148e+01
7.335118782500586576e+01
7.138610462028714210e+01
7.034413218015491509e+01
7.207432044899647394e+01
6.981354695955077716e+01
7.159445922144587371e+01
7.076284006940348092e+01
7.578715781908542226e+01
7.233914947419323482e+01
7.133855147686603004e+01
7.563435687155146070e+01
7.330960310602088725e+01
7.312931557079294009e+01
7.591991698296365598e+01
7.665293185634519091e+01
8.276505827308581331e+01
7.781984542791887804e+01
7.615792824019821694e+01
7.576587336178032217e+01
7.357197632411674704e+01
7.609135276111733504e+01
7.503317447971038234e+01
6.986057027550177168e+01
7.267865466967916177e+01
7.281753227664673034e+01
7.377084856702522586e+01
7.341274450524380768e+01
7.410617249152568320e+01
7.838726059833668103e+01
7.302516196057953834e+01
7.050865049225912173e+01
8.153502135432447062e+01
7.704962723945880043e+01
7.241723283777308495e+01
7.034423891866086365e+01
7.061549802796608333e+01
7.112581112835893293e+01
7.338855723240959605e+01
7.165021672846715717e+01
6.875699637990798863e+01
7.052219977075300505e+01
7.494703019585961101e+01
7.356467579008428004e+01
7.370750847181751908e+01
7.268936671539778160e+01
7.305778844393972804e+01
7.161834057222213801e+01
7.818181456650962957e+01
7.987230160986727867e+01
7.554424705956867570e+01
7.329642380719069195e+01
7.352545458225436903e+01
7.562872285496449365e+01
7.757886761668021336e+01
7.592571696736784759e+01
7.722283321487303454e+01
7.849721825032405320e+01
7.994062422597991713e+01
7.625629721422801310e+01
7.877055393608088707e+01
8.063978414344343548e+01
7.891340759752677059e+01
8.129761075923622116e+01
7.813748375996935636e+01
7.928932518577909150e+01
7.977313375686354391e+01
7.858376475413913909e+01
7.683378529432216908e+01
7.629032270806303018e+01
7.918015086823955073e+01
7.755339808524853140e+01
7.683338624294285069e+01
7.497111184592731092e+01
7.550998024504833950e+01
7.520075346304412278e+01
8.118492381566773020e+01
7.776276291945940500e+01
7.702952522569241012e+01
7.643683864308013653e+01
7.861347605909429603e+01
7.805046096845472903e+01
7.944945506656273437e+01
7.935068255403699311e+01
8.115438739543846225e+01
8.270646844112083329e+01
7.865460442299092847e+01
7.669647919924854307e+01
7.644862998510389218e+01
8.097521249186313241e+01
7.842398856695272968e+01
7.798326506149466297e+01
7.625111998341388642e+01
7.581334587692674631e+01
7.514527515605254848e+01
7.096013396106881999e+01
7.404626674119457164e+01
7.212912581523995925e+01
7.270686707131731907e+01
7.411805364896380866e+01
7.359401838986295274e+01
7.567737500963096409e+01
7.649724371141587653e+01
7.726149099844406010e+01
7.722237550184675570e+01
7.981162120595570286e+01
7.846842786617969523e+01
8.293533080487235054e+01
8.114884334319373238e+01
8.015354148962141778e+01
8.037985443467603375e+01
8.067579878406257876e+01
8.058392989032041953e+01
8.031532673328840133e+01
7.943414292641357122e+01
7.747593893721951019e+01
7.961929911474997823e+01
7.471316171083628888e+01
7.960392177870210162e+01
8.464441725794236504e+01
8.283832559103619531e+01
8.188384718813627217e+01
7.821971004770752245e+01
7.654953143879349398e+01
7.686319787182196706e+01
7.808337758522239369e+01
7.488593028031139909e+01
7.829255061948389027e+01
8.069758396089468988e+01
8.167392871946371713e+01
8.217619048028795703e+01
7.451691463388478098e+01
8.277875791641874059e+01
7.957257277543610030e+01
7.956689088819388189e+01
7.838844416162413609e+01
7.920730622488008521e+01
7.839490694397147763e+01
8.359687737289596043e+01
7.759867754653825500e+01
7.708768326742770682e+01
8.025367540665718025e+01
7.944817171408493550e+01
7.652756049563244289e+01
7.587406410487862729e+01
7.617859605018099955e+01
7.702690257713845767e+01
7.528462508912285500e+01
7.619268346243271139e+01
7.499389632557920038e+01
7.601704656637403446e+01
7.632742293426358060e+01
7.411911255844334789e+01
7.902988104437160644e+01
7.507349721463931758e+01
7.592930083044058165e+01
7.489512942276680008e+01
7.823829602468913436e+01
7.792860822331185489e+01
7.891917560319197378e+01
7.590617162735686918e+01
7.652738765624839345e+01
7.901882065098149610e+01
8.056628821588824962e+01
8.205329040520196315e+01
7.553058831480313984e+01
8.111258038672208670e+01
7.973318073330337086e+01
7.863220128232934769e+01
7.753281254346396167e+01
7.436946201554781055e+01
7.371251797990443322e+01
7.522615729702981469e+01
7.368541799955215765e+01
7.260087743426079498e+01
6.292393338868389918e+01
5.384519414409562188e+01
5.632736108152764132e+01
5.889261136125869456e+01
6.528828347076249372e+01
5.908935220495833107e+01
5.881278727137043916e+01
6.243496827510580260e+01
6.838669712189769712e+01
7.225923401185858097e+01
7.411466363613264718e+01
7.384866492686754214e+01
7.761584147841676895e+01
7.830719112837431339e+01
7.721085997638279252e+01
7.937122807598561280e+01
8.234066737177808193e+01
7.512639246484364719e+01
7.654820482184935315e+01
7.827159688312880803e+01
7.732265122477055286e+01
7.475313663561476574e+01
7.581259250027899554e+01
7.724776818619913854e+01
8.086755934426219028e+01
7.727952485011519457e+01
7.852398581024380064e+01
7.751872971520288047e+01
7.391539838805991280e+01
7.484607245482185078e+01
7.558523830894382911e+01
7.650563382965582093e+01
7.441293747958935967e+01
7.480937258039794813e+01
7.798105218388943172e+01
8.002802098367564554e+01
7.790442589143700047e+01
8.033655977647192969e+01
7.660664663234621230e+01
7.515248435665853322e+01
8.296348213130646343e+01
7.727172698244638127e+01
7.574705303253588795e+01
7.668707765627036110e+01
7.775783742669108278e+01
7.737651406426637379e+01
7.574192237332849231e+01
7.528965417024116391e+01
7.533294061725754887e+01
7.720329616690904118e+01
7.534814479110383445e+01
7.819259119163781691e+01
8.200348373995824147e+01
7.561928662563691717e+01
8.171349316564894139e+01
7.908847133148765352e+01
7.542385640078418874e+01
7.791316144367011987e+01
8.046524695456845677e+01
8.235573646024472794e+01
8.367924026339483135e+01
8.230575447179154480e+01
7.876837592019880674e+01
7.703421245267021789e+01
7.535887574870520211e+01
7.508378039133729942e+01
7.501734699483041879e+01
7.985984743636400651e+01
7.953159710320312570e+01
7.662272044711161811e+01
7.779324850532927371e+01
7.766157728635863577e+01
8.159318880889756542e+01
7.710322097006553577e+01
7.730384847470519105e+01
7.742934425439553081e+01
7.881557729817210145e+01
8.047754691641368652e+01
7.182857788576424696e+01
7.642583517444769825e+01
7.757829942792551492e+01
7.487633467006936883e+01
7.692568755257397584e+01
7.354519272911981886e+01
7.907001880961176710e+01
7.710656619593966354e+01
7.505640040098710131e+01
7.306095969833597792e+01
7.753475507592267491e+01
7.690675743959654653e+01
7.780139692524831219e+01
7.746986206389182428e+01
7.457316606638892154e+01
7.657071548142573647e+01
7.797970770138802266e+01
7.933611499104171116e+01
7.311202156277694542e+01
7.735347736204940361e+01
7.843047854853119816e+01
7.841549177522442449e+01
7.970435075201397979e+01
8.203606698634654038e+01
7.914136577983877885e+01
8.151807614196096097e+01
8.129495414404452447e+01
8.036107190027456681e+01
7.899526681926442961e+01
8.516162130890982951e+01
8.135706204463917857e+01
8.139244382093474428e+01
8.059991869760156646e+01
7.888660728551867862e+01
7.791371722816656131e+01
8.282380097735931201e+01
7.899366156552056850e+01
7.997553954136304810e+01
8.196850747751922484e+01
7.839464704889982727e+01
8.196430583550662163e+01
8.246294196701984447e+01
7.947619582383913439e+01
7.898188018680177436e+01
7.641959771561485582e+01
8.656848939536595822e+01
8.050969107680994341e+01
8.363301381363815779e+01
7.765042149759639756e+01
7.678531875008570751e+01
7.828604320913598258e+01
7.603920319751070167e+01
7.878345920585407214e+01
8.044653691341500235e+01
8.354387410880033826e+01
8.237314667205133389e+01
8.211338359244759033e+01
8.670269370196820091e+01
8.712908712662851940e+01
8.540455016357094564e+01
8.107850144312537566e+01
8.293489168250620480e+01
8.162716418322014533e+01
7.434935293967369319e+01
8.070101113923730907e+01
8.076856798442369723e+01
7.753553161434710717e+01
8.033306154995163695e+01
7.848404240551582234e+01
8.183597976975504196e+01
7.997952630104471439e+01
8.016073048270908430e+01
7.730566528695165118e+01
8.122791085092519836e+01
8.279143963413048368e+01
8.014464685559963186e+01
7.612567289224251965e+01
7.528968571024465462e+01
7.661688339304608064e+01
8.114573472062050996e+01
8.015799269519945369e+01
7.996701545411885093e+01
8.050901629902287482e+01
8.042324584082186334e+01
8.103901701481139241e+01
7.704717588386819216e+01
7.741775297000279465e+01
7.831449999523458416e+01
7.446134256368729609e+01
7.763328594318961962e+01
7.712877251591736183e+01
7.769260058590205631e+01
7.709740756643297743e+01
8.067247577903438582e+01
7.756132974796331325e+01
7.907828639438980645e+01
7.722370899751628315e+01
7.598484873506890835e+01
7.946882614368844600e+01
7.881761023114754039e+01
7.639460156960205950e+01
7.809776745987593927e+01
7.650120113253213106e+01
7.318655710073343812e+01
7.595567236994773452e+01
7.638025815605784885e+01
7.908412099010952545e+01
7.925747920691516413e+01
8.689279302078008982e+01
8.037877880646593098e+01
7.807039088039046248e+01
7.973065793728672190e+01
7.700636749813270399e+01
7.670186132123367884e+01
7.765877612488067427e+01
7.843058357542524561e+01
7.544769273811012056e+01
7.582702682114511106e+01
7.598463427840454187e+01
7.359900429819292356e+01
7.059175976757910576e+01
7.582900173121723242e+01
7.081117169714902104e+01
7.457435069207970457e+01
7.656122239792641437e+01
7.455822748990262028e+01
7.420388395834544326e+01
7.702934631850456526e+01
7.565301000028820511e+01
7.607653525372805348e+01
7.629496229646801453e+01
7.753692922129192766e+01
7.920327581267480355e+01
7.821751523094111747e+01
8.094085767767970196e+01
7.597080638920665763e+01
7.822059510556611883e+01
7.925469355623077661e+01
7.689005381544006923e+01
7.697900827639134036e+01
7.667471123800366684e+01
7.736033139711918238e+01
7.612063051968267757e+01
7.849229971275131845e+01
7.451867577044122015e+01
7.849928782301577712e+01
7.982699775800001873e+01
8.450942854229577961e+01
7.709282438203135257e+01
7.675241226125920946e+01
8.129545079575251521e+01
7.980044678634848765e+01
8.275170700462986417e+01
8.099791769141850750e+01
7.731416615680878124e+01
7.749396822089246939e+01
7.650854340768179895e+01
7.424188968566613767e+01
7.433567418764276624e+01
8.043151565582421370e+01
7.345860112387835272e+01
7.756831829063636974e+01
7.235762996777835099e+01
8.130863478636082675e+01
7.915546329016108018e+01
7.945625202327642000e+01
7.642871322453713390e+01
7.217704158407569537e+01
7.315612286112651930e+01
7.465349894848485235e+01
7.613221625551942395e+01
7.614086842308371672e+01
7.609173720371634886e+01
7.492736782402448625e+01
7.471516212637263266e+01
7.632156687515026761e+01
7.586244028284478702e+01
7.236485798281161408e+01
7.189382793768871238e+01
7.521728240086423511e+01
7.996722381665578894e+01
7.500160076732537107e+01
7.350784143999536013e+01
7.073202591100645975e+01
7.055689727894727525e+01
7.130227493693320184e+01
7.386082234575744110e+01
7.593634295778220178e+01
7.458118281644350134e+01
7.712070779793728548e+01
7.504434191264110154e+01
7.622935698829708429e+01
7.943914512501602587e+01
7.751101740668448770e+01
7.645787622683941720e+01
7.445159026850096495e+01
7.805783355882500985e+01
7.337070996073313722e+01
7.751023597805151155e+01
7.729391249285296794e+01
7.583753678377038909e+01
7.393935902453478093e+01
7.280344867563978539e+01
7.865960434255197242e+01
7.447575002745031725e+01
7.970086967012112211e+01
7.952635018187029914e+01
7.637487967476383233e+01
8.023467162819272858e+01
7.648410548762197436e+01
7.801033098435311786e+01
8.088969240367136138e+01
7.884978742072925684e+01
8.077081906869734951e+01
8.432302242267810755e+01
8.626382955030507560e+01
8.687339426396376041e+01
8.777183739725002454e+01
8.161407558741268531e+01
7.878165939695698228e+01
7.976136279534830464e+01
7.925327847005117121e+01
8.450992102305919218e+01
7.767075432607184382e+01
7.920565668109809110e+01
7.504854850384671749e+01
7.791206388116412995e+01
7.686909066230703047e+01
7.809480953050886853e+01
8.202328460659035159e+01
7.607758455315845936e+01
7.968438379057066356e+01
7.747682911995835298e+01
8.044322407205538639e+01
8.026371936914478056e+01
7.989800027912495750e+01
7.988959156328952815e+01
8.027252370054401354e+01
7.730459188195446529e+01
7.640207901036788485e+01
7.991236297437464486e+01
7.585807962923820469e+01
7.811602988622419730e+01
7.624359101517887893e+01
8.239359199212718465e+01
7.800769986204308282e+01
7.871862352524161111e+01
7.690053204139999821e+01
7.688123075795111561e+01
7.790128375638175839e+01
7.985353188949466130e+01
7.364007361063201529e+01
7.979949790394512377e+01
7.879569650103177025e+01
7.794675659267183221e+01
7.573344977952179136e+01
8.133127174981066787e+01
7.843897084018709620e+01
8.192817598709925164e+01
7.919759951356640215e+01
7.922231859314184987e+01
7.684276337419339598e+01
8.042866421759732987e+01
8.479500871480800583e+01
8.163481965314517197e+01
7.693630893779581470e+01
7.976163782331680352e+01
8.656386479955975233e+01
7.967066146485670686e+01
8.253187930498016556e+01
7.851265177596826561e+01
8.155944121390737678e+01
8.241556036894779425e+01
8.153685989850491467e+01
8.357197227087931424e+01
8.036440803169401192e+01
7.978430843231160452e+01
7.846832844020926245e+01
8.039890795394671841e+01
8.151110095221200424e+01
8.027371871969646122e+01
7.957750787263931613e+01
7.959454003097485497e+01
7.784908094843063964e+01
8.176266832339247514e+01
7.976547010801903070e+01
7.983727219725294333e+01
7.857498742327001651e+01
8.168713511815199979e+01
7.544776012515323771e+01
7.972205111327753002e+01
7.909292255957677753e+01
7.956712493629983385e+01
7.973327918233410116e+01
8.097373717505848845e+01
8.161539355612492841e+01
7.725394623380093151e+01
7.763133462751197555e+01
7.586965311878400087e+01
8.091841167812850699e+01
8.293652099582803316e+01
7.826547927456913101e+01
8.538023925618645649e+01
8.267216134336531752e+01
8.358354352065833837e+01
8.092087177244479790e+01
8.135439024954223441e+01
8.248990445611755717e+01
7.827939924835888519e+01
8.474840549821541913e+01
8.379025286245430948e+01
8.081263037649388536e+01
8.378896366620375602e+01
8.520079254505773747e+01
8.280270334267559917e+01
8.356921557994451177e+01
8.034555434227422666e+01
8.016161048816071855e+01
7.970481669218601439e+01
7.911038158544234022e+01
7.627335529673874248e+01
7.926859252114748244e+01
8.546186639049261657e+01
8.241431664147080483e+01
8.209660592536238255e+01
8.555219073083037529e+01
7.772081801863848227e+01
8.066298085401213314e+01
7.911567368968849223e+01
8.196735414723690383e+01
8.097876308869946627e+01
8.347685069737555352e+01
8.192317916784398335e+01
8.059534780423517475e+01
8.374153854092296001e+01
8.513450563738555843e+01
8.081704838811815250e+01
8.336051811690553848e+01
8.491957953176978435e+01
7.971911807593191668e+01
8.381398420711514063e+01
8.536785978825584209e+01
8.269740301046334707e+01
8.482779405641426251e+01
8.560263553925449287e+01
8.039879549203394049e+01
7.805016102617008755e+01
7.911967555626580406e+01
7.793413984412129025e+01
7.549096564560750267e+01
7.948426954890797447e+01
8.091055615113772603e+01
8.665300173875458256e+01
9.051257485215202792e+01
8.671554530015697537e+01
8.703810832890791005e+01
8.730753950222729998e+01
8.799432399100550128e+01
8.852950735380899516e+01
8.571530627263383906e+01
9.099315487016748705e+01
9.071677666789707928e+01
9.409415384746471034e+01
8.860805002211455417e+01
9.347411247552956581e+01
8.565071177821113224e+01
8.933473065753564413e+01
9.311262602214327444e+01
8.912092545335340787e+01
8.798760020939324988e+01
9.185404120395115513e+01
9.289136030230586982e+01
9.040808090359895743e+01
9.259162114809890909e+01
8.974242328967068261e+01
8.487483971802257088e+01
9.144497263692284150e+01
9.403303921709331803e+01
9.666863949093482233e+01
9.796414868285093291e+01
1.012370226033761611e+02
9.871124493043592452e+01
1.052982355832576360e+02
1.108569254121061078e+02
1.081182031303452931e+02
1.070416987292483810e+02
9.671694440227595635e+01
9.660343377104113927e+01
9.398255142004136076e+01
9.277007076658905760e+01
9.696088054289717206e+01
1.120103932263368591e+02
1.335574471184574463e+02
1.459986420912710514e+02
1.468350056539158004e+02
1.311353287281594078e+02
1.110021590601084398e+02
9.543783604875210358e+01
8.993325437496537234e+01
8.750689552063597887e+01
9.228320967359422866e+01
8.777985884284470330e+01
9.169631856912786816e+01
1.027822931508296591e+02
1.030464341239406281e+02
1.155145114762051435e+02
1.326939847087361102e+02
1.460246749005374340e+02
1.275574260798235571e+02
1.146447716662866014e+02
1.050695798761506126e+02
9.913840098955139979e+01
9.021694948182870633e+01
9.256773288966341795e+01
9.038492743956471998e+01
8.929314268519411257e+01
8.783704024250360476e+01
9.377184089272861911e+01
9.262194669570298799e+01
9.016369817529466957e+01
9.223955485766042273e+01
8.611502816489337420e+01
9.129766562754390691e+01
9.171862839804649070e+01
9.168624577858480507e+01
9.626127734718455997e+01
8.995451214491203018e+01
9.143935582192351319e+01
9.272833307804683045e+01
9.684898872036100670e+01
9.215709046127557258e+01
9.507451179957280374e+01
9.220762590548679327e+01
9.453217212998930563e+01
9.385160421183384472e+01
9.200057257038457692e+01
8.977590090004338208e+01
9.036872122291505605e+01
8.880583990851351928e+01
8.829283853016414696e+01
9.281415691327160289e+01
9.146024208362490526e+01
8.640657846898598393e+01
9.145975585797678775e+01
8.887841422181016071e+01
8.982498353719854833e+01
8.524906194736014697e+01
9.008427187807205883e+01
8.927853781317141113e+01
8.553712383790433194e+01
9.275427413135072641e+01
9.333850782731244067e+01
9.131193458297525467e+01
8.401979885590232300e+01
8.825908220796351600e+01
8.805828534506891003e+01
9.204822784557013904e+01
8.730704887809940828e+01
8.653933418143412837e+01
8.289768014779232885e+01
8.166632243918944312e+01
8.521997361366315715e+01
8.385705402378965800e+01
8.276872712228274054e+01
8.491772771388222907e+01
8.575725773693388021e+01
8.762289967276679192e+01
8.297078688769656196e+01
8.502346157961885353e+01
8.852062336851339808e+01
8.453307475392550430e+01
8.644135560464769696e+01
8.547824161241561569e+01
8.634135482935775485e+01
8.313713366252525816e+01
8.473422996833616594e+01
8.345978267919292648e+01
8.347447592832817520e+01
8.524825041907325840e+01
8.685159690580476877e+01
8.390246105786030739e+01
8.270917724516372971e+01
8.425639483814158837e+01
8.422744142017587876e+01
7.934649462232148664e+01
8.424898627433155696e+01
8.428932695903334604e+01
8.401108805374975930e+01
8.212135127245525723e+01
8.707646986460599692e+01
8.082147796460455424e+01
8.556686269389481936e+01
9.643484518394342331e+01
9.648821834898375016e+01
1.036369008174412301e+02
9.659902785523742352e+01
9.157868284680563420e+01
8.562783645012812883e+01
8.634165282008027020e+01
8.325822375789346097e+01
8.239369759203411547e+01
8.923111298895385346e+01
9.760206448520378331e+01
9.369043118810452597e+01
9.388779765644400754e+01
9.269238142262688029e+01
8.458412592255058371e+01
8.091559257860176047e+01
8.016132276685583236e+01
7.942157482784593014e+01
7.939715048853666701e+01
8.139351993950450037e+01
8.894718535531779935e+01
8.130616048993427114e+01
7.778055745050936309e+01
7.961940758602155199e+01
8.154911060833495640e+01
8.183839925757715150e+01
8.207572336087912390e+01
8.104186480830630046e+01
8.073947046057692489e+01
8.086221178420855438e+01
8.541059878947019968e+01
8.144771606638154537e+01
8.097037391078025337e+01
8.305227863929205512e+01
8.320429552456994315e+01
8.189168364295936442e+01
7.994425149951976550e+01
8.207203824578947149e+01
8.622103994158148055e+01
8.629806234045322810e+01
8.233167930521076983e+01
8.660497253002763784e+01
8.388785142879657997e+01
8.367886295404098007e+01
7.889685933540607721e+01
8.285956739937604709e+01
8.092767128384002717e+01
8.397492333013167354e+01
8.381677996570908817e+01
7.655817263192001576e+01
8.314252644526948188e+01
8.075297588218778344e+01
7.962395395312086066e+01
7.822179387112454663e+01
8.090540315930459769e+01
8.156408947272059606e+01
8.444600061690171344e+01
8.491416208294882040e+01
8.491993929392661755e+01
8.186134194737347514e+01
8.170269997116245975e+01
8.094478440859450075e+01
8.107530889169348143e+01
8.113629138945191244e+01
8.299060673720019565e+01
8.331856417549103355e+01
8.225468068881208694e+01
8.197734113954585666e+01
8.057054872189802097e+01
8.327244151840278619e+01
8.346852103758178032e+01
8.256756066537104743e+01
8.514098603054654291e+01
8.833339367471874937e+01
8.213826028398996471e+01
8.213796049739254101e+01
8.436941796684521933e+01
8.278232347379432099e+01
8.169014973335521290e+01
8.441239944084885849e+01
8.136556740975892410e+01
8.142672913363378484e+01
7.982461898351888863e+01
8.198158861847454659e+01
8.523739468604524916e+01
8.079351565123812406e+01
8.248358947326090629e+01
8.109439679699873693e+01
8.216966130452753703e+01
7.855077024216335246e+01
8.427443263109350369e+01
8.090459053809753698e+01
8.301547391179113333e+01
8.012541184310811104e+01
8.167050354102356380e+01
7.930289507215032074e+01
8.468504904144170098e+01
8.252413422133811594e+01
8.503470335393629398e+01
8.361960345172974485e+01
7.894707745966819346e+01
8.390377741042328807e+01
8.469046557789857843e+01
8.276030636715731248e+01
8.163606066772045722e+01
8.221329800925042264e+01
8.366787045160580760e+01
8.581196813266217305e+01
7.810508192489206181e+01
8.344533152717140467e+01
8.389975501188142459e+01
8.642421394397430845e+01
8.551950973731263161e+01
8.569778604619256157e+01
8.785458435619024442e+01
8.677256185931419452e+01
8.164797612445585173e+01
8.430417694932975792e+01
8.427906977963587565e+01
8.479485636580636765e+01
8.426254166346477348e+01
8.400811815249450376e+01
8.687760580458927961e+01
8.544884498303996168e+01
8.338931825629892103e+01
8.499229659045684571e+01
8.344569579202924103e+01
8.669720092711085613e+01
8.480941834729654261e+01
8.413010219084820562e+01
8.445004951635547741e+01
8.083738545809472953e+01
8.804803311603862426e+01
8.524505978524844352e+01
8.310818920311830027e+01
8.113765763656856222e+01
8.207795835623011271e+01
8.817717762353869659e+01
8.261232826805880336e+01
8.343030416212650380e+01
8.682683029877647130e+01
8.791143438272953858e+01
8.562684016362750583e+01
8.441365086343395774e+01
8.339915679250910330e+01
8.436910573127329371e+01
8.207047648044765253e+01
8.352518443415753779e+01
8.192746676244973969e+01
8.592050829744457019e+01
8.425855324792321710e+01
8.333244135314640744e+01
8.245776536830783243e+01
8.813648406593884488e+01
8.337916875827332319e+01
8.760113792135577171e+01
8.607016865254090021e+01
8.684666060025278966e+01
8.605300403561709288e+01
8.882467519584022853e+01
8.473787756083903844e+01
8.476250396337242421e+01
8.562004919887145604e+01
8.345731970405680045e+01
8.430602851854233393e+01
8.261551757766402204e+01
8.280196758677067237e+01
8.170017025118742993e+01
8.137344107577500552e+01
8.074539672895876663e+01
8.349148624354967296e+01
8.210341471730181695e+01
8.517738684390303661e+01
8.557824025465951934e+01
8.811587999846545927e+01
8.294412387871871317e+01
8.446549450483932731e+01
8.467535086926912413e+01
8.675904491462344481e+01
8.409395087651753897e+01
8.539688288267687710e+01
8.470788302991957153e+01
7.890314032486227802e+01
8.284951427038934924e+01
8.542157519596842974e+01
8.261664594437168319e+01
7.904825590267874702e+01
8.355959873678993688e+01
8.576158357728576220e+01
8.347768052303941033e+01
8.272225848685174299e+01
8.339920359259798488e+01
8.439923445957150250e+01
8.488946645754614906e+01
8.626796569122606684e+01
8.642279843767005332e+01
8.421421012406656814e+01
8.201909134096237608e+01
8.901931821834514835e+01
8.518434485440967308e+01
9.003279197330061834e+01
8.456791550367526611e+01
8.911398592680416186e+01
8.397783112639140768e+01
8.564091887729381369e+01
8.378148215691570044e+01
8.301198133354057518e+01
8.597025335368684296e+01
8.796959863593582440e+01
8.645571491770233763e+01
9.230869832977823819e+01
8.725007238326598724e+01
8.741217441493695617e+01
8.696100588477254689e+01
8.554146424023575435e+01
8.535912506415395740e+01
8.221880818909640709e+01
8.264159778079455521e+01
7.797959467520995247e+01
7.942562500759410682e+01
8.403759362105920161e+01
8.512075072324304870e+01
8.033995291739610423e+01
7.980136057115842618e+01
8.063729338825407922e+01
7.729207493388166483e+01
8.064194182048908033e+01
7.997653182109783643e+01
8.488241835468885199e+01
8.509030635148299382e+01
8.362769865129871505e+01
8.648265388532371389e+01
8.406118456431950392e+01
8.510919751965397495e+01
8.184648509099886837e+01
8.286767391849159026e+01
8.050605847611139154e+01
7.716921186697435076e+01
7.554923669696309219e+01
7.919481528579994745e+01
7.989714949257502496e+01
8.007688478890007389e+01
7.851127975306253859e+01
8.172931617452064756e+01
8.002411059490607670e+01
8.189311190065841117e+01
7.812478751006263167e+01
8.343746072489329890e+01
8.072813846922264247e+01
8.009745103287366419e+01
7.653459806347638050e+01
7.877432447556623174e+01
8.216705144739151478e+01
8.100006207426517335e+01
8.390214233241520958e+01
7.991677748650899105e+01
7.834362089930728246e+01
8.162072398614324698e+01
7.866426884461479574e+01
7.615873654527166536e+01
8.282926296025046042e+01
7.920238711058968306e+01
7.878879440798553446e+01
8.016496729531029075e+01
8.095969011073350430e+01
8.100429884799781632e+01
7.822576971860823392e+01
7.799643881273351553e+01
7.796851881500468551e+01
7.981934325062653102e+01
7.924571166529054267e+01
8.019157847275772610e+01
7.950589376038340106e+01
7.581997848554748032e+01
7.914580913241034921e+01
7.876065863636517861e+01
8.076235867356052722e+01
8.058111744440334689e+01
8.237933007094909499e+01
8.127181704491202652e+01
7.973464693256163116e+01
7.945707190993630320e+01
7.905161189226556928e+01
8.180614170822600784e+01
7.957750489218533119e+01
7.800056140406898919e+01
7.907894196096438577e+01
7.984885369326360660e+01
8.032560381417891904e+01
8.458691600218536166e+01
7.818369430123183861e+01
8.010689405674470720e+01
7.925201772653488774e+01
8.096877572168440906e+01
8.127416113131739905e+01
8.294831226017096526e+01
7.840208461291271647e+01
7.665633143215409007e+01
7.980790057132870174e+01
8.013626031963578100e+01
7.780711251346544088e+01
8.151545087692952052e+01
7.742682918826749017e+01
7.643607469035615054e+01
8.163838043188597737e+01
7.660849950306264589e+01
7.937893232132503840e+01
8.360186333269246006e+01
7.806884309249997500e+01
7.560126368993833523e+01
8.014348886654788373e+01
7.931526650387552024e+01
8.444392874084311984e+01
7.533492542336711040e+01
8.107237970883922173e+01
8.154118307707383906e+01
7.786425171268309953e+01
8.444653496332409759e+01
7.935087781768810089e+01
8.117943774945656799e+01
8.094869801663119802e+01
8.343813548433131189e+01
8.291785016278680587e+01
8.212787650858490451e+01
8.156416294966317082e+01
8.108797580583656384e+01
8.319311051678506885e+01
8.037008221192560598e+01
8.294726302257215877e+01
8.290334644367445094e+01
8.333505169589061268e+01
8.125111585506485312e+01
8.388957510414905983e+01
8.129342762954030377e+01
7.930225633494522697e+01
8.311931253940119291e+01
8.462569040436130763e+01
8.198548826483848018e+01
8.700988191840174579e+01
8.372626568152095672e+01
8.507324391157058585e+01
8.672692132527301112e+01
7.983754237772815543e+01
8.148729365007820036e+01
8.450652378492893035e+01
7.901441692772556280e+01
8.606110620136787759e+01
8.593975817841733544e+01
8.153111362902842529e+01
8.705264085482201608e+01
8.638706880924350173e+01
8.186566051116980702e+01
8.374522758130261479e+01
8.088649667141372390e+01
7.859283131273241452e+01
8.492491046982515002e+01
8.045399859612976456e+01
7.968588033930051040e+01
8.257046666118539235e+01
8.014671137983353333e+01
8.276782397931901869e+01
8.581238924641115773e+01
8.016305425164023291e+01
8.479034092856038285e+01
8.657093001332097515e+01
8.791078462435235963e+01
9.036824134746098025e+01
8.309832563737053590e+01
8.495308948884895983e+01
8.460116656715753436e+01
8.485944855630727091e+01
8.690852216237783523e+01
7.957093929279302813e+01
8.506399862296134984e+01
8.750356450698656374e+01
8.620877718696164038e+01
8.438732750847543684e+01
8.893385831654050833e+01
8.860736805562768836e+01
8.772017732362709808e+01
8.561606409876753787e+01
8.556132722267436463e+01
8.402949736593490115e+01
8.574032895342537586e+01
8.881831822050961023e+01
8.772724505622997526e+01
8.802524429086831503e+01
9.064812445659725881e+01
8.948175445093060887e+01
8.981710056709191292e+01
8.203097583024747053e+01
8.918566062661618332e+01
8.797020530988523035e+01
8.698203811337313596e+01
8.905754504011835593e+01
8.890984238380336535e+01
8.801996871224687879e+01
8.653508064261944810e+01
8.764047751790870677e+01
8.448084839587707506e+01
8.337991983892483461e+01
8.357385289398555983e+01
8.791731287667012396e+01
9.014518748856208674e+01
8.863514326959932532e+01
8.727315971790233107e+01
9.187439278840872703e+01
8.863393637873323883e+01
8.605042242527231622e+01
9.239110958198938306e+01
9.226232316471234185e+01
9.140518624188821661e+01
8.232667731181034299e+01
8.802005301145985072e+01
8.596017387282422817e+01
8.401223388945990678e+01
8.734063336590955373e+01
8.234795060451622817e+01
8.152083868722287718e+01
8.891491050791319140e+01
8.645956770731524443e+01
9.103308756589849793e+01
9.016250519542244035e+01
9.088154043796065196e+01
8.600917807096236345e+01
9.072022143027147933e+01
9.168945326234170068e+01
8.935813147372476806e+01
8.324853565091429175e+01
8.651405429882208864e+01
8.610144933870711270e+01
8.831788972990517550e+01
8.550911297894352003e+01
8.400488118819257011e+01
8.773690241632753839e+01
8.160667646366256633e+01
8.480769243844289917e+01
8.815502137878772260e+01
8.432782974912542784e+01
8.619171413390304792e+01
9.114564686498208346e+01
8.554410049416834738e+01
9.120613225697361770e+01
8.878655574685112128e+01
8.794513827893361224e+01
8.605378592211583566e+01
8.999812321306063723e+01
8.738673679346247525e+01
8.646921869611905720e+01
8.661381122412552713e+01
8.684596614544007309e+01
8.942493603442194683e+01
8.698809836125091977e+01
9.045707303849322045e+01
8.962822098050158104e+01
8.864032155699997872e+01
8.976648084577558961e+01
8.980691728636961102e+01
8.856219681880583039e+01
9.189638283519644801e+01
9.186188181745500003e+01
9.086068233168900576e+01
9.064035077515812588e+01
9.006883817359820910e+01
9.332154793735026033e+01
8.929338244155265158e+01
9.023885458476334520e+01
8.840163835049615670e+01
8.825386767218897432e+01
8.618410171591708036e+01
9.047406708051171620e+01
8.648405862156836577e+01
9.210791486279349272e+01
9.051518207656367565e+01
9.000619693150441947e+01
8.638918342308716092e+01
8.790656672902147761e+01
8.761854433693473254e+01
8.915622773397738854e+01
9.057601154795777632e+01
8.727172426371002700e+01
9.113296676918803030e+01
8.952674130747918468e+01
9.135641466825806845e+01
9.162822036274667425e+01
8.824955526152120910e+01
9.027974757894457980e+01
8.503230052302490094e+01
8.899771293387011895e+01
9.194952753556522396e+01
9.487274344602364806e+01
9.157698849073976533e+01
8.881400941553097539e+01
8.887692023360142457e+01
9.146739909418883485e+01
9.520525735175989723e+01
8.937650553661201513e+01
8.873127250710750502e+01
9.249680097604894513e+01
9.521070185675016262e+01
8.774893867276280446e+01
9.358123419285763589e+01
9.051520974675443654e+01
9.270131203888141158e+01
9.155747660461979365e+01
9.284337911536972854e+01
8.978462784822593790e+01
8.668556647185705799e+01
9.152489830079444744e+01
9.311506004070552933e+01
9.012345912691992567e+01
9.244591085764625404e+01
9.301406707084242953e+01
9.165649346263440123e+01
8.916955987376165638e+01
8.749588103277673667e+01
8.768516200040861008e+01
8.912311158996639904e+01
9.675740747354289795e+01
9.677865758220410441e+01
9.116483690730747469e+01
9.383684430303895851e+01
9.116536633019862279e+01
8.973127237431059200e+01
8.732886498296315381e+01
9.415958166039690980e+01
9.593300583157689232e+01
9.145401040048957952e+01
9.211260112514015930e+01
9.145317563845783582e+01
8.804499988653347486e+01
8.770545007107855895e+01
8.484656921141780117e+01
8.512825890544753804e+01
9.098274653272508772e+01
9.269636446536956953e+01
8.888360137663245553e+01
8.597321567211228910e+01
8.694716789281270053e+01
8.511717465267435045e+01
8.765030068840763988e+01
8.449958159396166479e+01
9.015713707481853589e+01
8.817149370255728513e+01
8.780394514973681908e+01
9.073406350440851043e+01
8.634130678746645060e+01
8.646671882462682390e+01
8.521890359126375358e+01
8.879377182189965367e+01
8.540033761515775268e+01
9.007551487047916794e+01
8.318484045203007327e+01
8.923895084277948797e+01
8.769040172397467359e+01
8.731061299070742621e+01
9.160143592508906352e+01
8.926763514131549471e+01
8.705392692510693564e+01
8.121806091026408581e+01
8.795591670997885103e+01
8.470914341011744852e+01
8.361801012471602235e+01
8.504146162775668927e+01
8.938646706287691757e+01
8.659698487644091358e+01
8.362225699272789825e+01
8.755855896997366017e+01
8.247413538586134507e+01
8.745991279136292462e+01
8.851458967033084946e+01
8.080750657979469054e+01
8.333533170181472371e+01
8.177568181100193101e+01
7.779269098810405580e+01
7.658386591417149702e+01
8.045835365370211889e+01
8.052815852978865507e+01
8.211628428365582977e+01
7.921205976422885442e+01
8.085800354258316247e+01
8.483262143202212258e+01
8.204383617581885346e+01
8.931115776645073367e+01
8.655997220968940553e+01
8.432853996805295083e+01
7.775523404451973875e+01
8.380857351711352976e+01
8.095968085322536467e+01
8.940839730852529499e+01
8.413007122041014441e+01
8.376133845125698940e+01
8.098268467659403314e+01
8.180924139581469490e+01
8.393864392760538351e+01
8.270154971998825033e+01
8.677977724987084684e+01
8.572243547013927412e+01
8.392247036798541160e+01
8.427548075495568014e+01
8.243252480680135363e+01
8.595155209554923204e+01
8.438372272670562779e+01
8.630123273377785154e+01
8.144676246193819225e+01
7.958288319090036111e+01
8.692596135478756025e+01
8.482044425685135991e+01
8.712953448206953055e+01
8.200447515931092823e+01
8.379471752605685708e+01
8.358099699282770700e+01
8.651942865814457662e+01
8.556769190212379783e+01
8.522557734142593233e+01
8.867157761147880990e+01
8.365776046087350437e+01
8.786669869924976695e+01
8.595057926906858370e+01
8.699562158919522403e+01
8.577100664879860403e+01
8.477073690903156944e+01
8.418571509271134801e+01
8.916002367978337873e+01
8.215536803802879717e+01
8.481440011949634084e+01
8.775681172149904796e+01
8.962254920097061017e+01
9.445168733988488441e+01
8.288451878967310904e+01
8.506552875090802956e+01
8.564918321887574848e+01
8.796007621332610427e+01
8.533816576129478904e+01
8.326323491325310044e+01
8.580409217125286148e+01
8.035715191234734789e+01
8.893009986294022440e+01
8.224100120224282762e+01
8.758303241328142974e+01
8.644003207172768555e+01
8.453233561299171583e+01
8.753035811511186637e+01
9.217348068309227926e+01
8.596296427027914433e+01
8.432788115110450633e+01
8.588769454999159336e+01
8.884305149243620292e+01
8.911866083599109345e+01
8.570818210161372974e+01
8.640940215404344826e+01
8.608212118867666618e+01
8.482737877709919871e+01
9.107178555916205198e+01
8.732104676651627528e+01
8.807204686576660890e+01
8.648027727330463676e+01
8.403119719854241509e+01
8.805882158583924024e+01
9.012042893847964820e+01
8.908141729293612343e+01
8.986340915782422201e+01
9.162247962653354705e+01
8.675410972238591967e+01
9.056455152520724994e+01
8.499604545866587557e+01
9.166018391939491039e+01
8.868329279404061083e+01
8.666675498561528457e+01
8.442609328968801208e+01
8.279294738330763437e+01
8.323662573543933263e+01
8.147220386165371053e+01
8.586806775327463015e+01
8.733495039539278082e+01
8.988964887346303101e+01
9.026471823184338916e+01
9.293989605450569513e+01
8.664022824947709012e+01
8.074033662280122314e+01
8.798952110326835907e+01
9.046605652430000077e+01
8.473528805923294271e+01
8.625405610055928207e+01
8.792372949209564581e+01
8.813047826061756496e+01
8.754576882341018518e+01
8.851921313196693575e+01
9.099342587420034079e+01
8.096990767464396299e+01
8.828898640695405220e+01
8.397990977650006528e+01
8.802104859202054854e+01
8.540159830669553287e+01
8.709627657356534769e+01
8.746299944152298167e+01
8.701419784216730591e+01
8.449151110321611213e+01
8.704287419728844100e+01
8.702614367972084608e+01
8.539625294018387081e+01
9.131938876194759303e+01
8.632872251340339176e+01
8.578590343472026802e+01
8.586205692184925908e+01
8.821468089918741384e+01
8.703844953092126957e+01
8.705113394335667465e+01
8.687319898578667221e+01
8.877927574700720470e+01
8.675226830994520810e+01
8.557550342134533139e+01
8.509872844386515567e+01
7.906656613559914604e+01
7.951991573202163011e+01
8.260665997106174530e+01
8.347930936763596321e+01
8.440542864390023681e+01
8.947005728980656158e+01
8.498929665594532423e+01
8.304936288670174349e+01
8.595950761491783965e+01
8.030684114166186305e+01
8.193216601667852217e+01
8.221836691842742084e+01
8.797036203696180223e+01
8.446193133804686681e+01
8.415510985624196394e+01
8.142180256155117490e+01
8.382432215189713531e+01
8.631601836019810037e+01
8.665396229899324965e+01
8.466723789260895217e+01
8.210046497022976553e+01
8.761000499684948295e+01
8.787257392190852556e+01
8.605911024184175062e+01
8.979442499975537828e+01
8.749583015825392351e+01
8.872933672467027577e+01
8.331848363458493623e+01
8.464391103826190488e+01
8.987292312945459116e+01
8.360711494206694283e+01
8.306562526215041942e+01
8.890264308813821970e+01
8.586844018924703903e+01
9.409834044108646367e+01
8.879703361899903769e+01
9.192914949464467611e+01
8.586440422621116397e+01
8.918431345768856033e+01
8.829856953742736891e+01
8.886279413965596063e+01
8.707009376380324284e+01
8.780217023959225742e+01
8.882265134987007116e+01
8.654695875635974289e+01
8.995934273756192567e+01
8.777865426771187174e+01
8.680498356972056229e+01
8.956124418176241875e+01
8.555401761344431577e+01
8.512651957658285085e+01
9.018956099553234651e+01
8.485333651950180922e+01
8.632442547682911993e+01
9.018044066878448461e+01
8.963675088168945138e+01
8.617209452076126297e+01
8.480757812631648562e+01
9.198604545652982267e+01
9.021883059075409506e+01
9.103064297594565346e+01
8.502947136778072945e+01
8.735556596916521244e+01
8.782350160376148551e+01
8.814396841361904933e+01
9.126550943513500158e+01
8.734825726866284867e+01
8.976846948366976164e+01
9.024080154812457977e+01
9.341791036084484290e+01
8.597783823690623706e+01
8.567331373648639214e+01
8.273668107869156074e+01
8.456316836512664281e+01
8.470725367950299756e+01
9.006102829548048305e+01
8.401241539133084757e+01
8.834028264667446706e+01
8.967598085472189950e+01
9.141923095518755815e+01
9.026293419794140505e+01
8.950755064737884936e+01
8.606606219376472211e+01
8.681839659570384526e+01
8.557627031785509075e+01
8.639464372110333557e+01
9.091015839946138044e+01
8.542421089499336517e+01
8.464857679901257370e+01
8.759481080316007251e+01
9.100654742801627606e+01
9.120727144633491434e+01
8.438080268677713036e+01
8.695388470776146050e+01
8.800168017810105425e+01
8.908881557667604056e+01
8.926051945749948402e+01
8.931440539053669170e+01
8.258457414531774532e+01
8.912516202056427517e+01
8.398543671889780171e+01
8.538993812615805723e+01
8.659976446662155070e+01
9.215696408365329262e+01
9.088320019221660573e+01
9.283048818402841107e+01
9.127424915729011445e+01
9.391110821746354986e+01
9.208811730892563219e+01
9.193975109742389407e+01
8.735946374513511614e+01
8.746323257773983073e+01
8.577726510865083753e+01
8.656536631636257084e+01
9.227646268750622482e+01
9.241389867458707386e+01
9.135172274547095128e+01
8.862224198804052833e+01
9.149350550457508291e+01
9.009872206750056023e+01
8.932892013603584758e+01
9.030799204919395606e+01
9.284400475098986760e+01
9.297226531480292522e+01
9.127723706354468902e+01
8.805476861300206792e+01
8.983176877396917348e+01
9.188763676299953431e+01
9.186405639508417664e+01
9.311944534219209402e+01
9.917470066564601439e+01
9.693162669961247957e+01
9.114153347908380454e+01
8.871219882370154153e+01
8.913664385514691446e+01
8.907878856368570553e+01
9.212804237031852495e+01
9.139533800224499771e+01
8.998554146413017918e+01
8.841109702394344083e+01
9.696401685315727548e+01
9.190653952798297155e+01
9.342036936812182546e+01
9.082420845242420171e+01
8.988048865100384432e+01
8.907071624707290880e+01
8.625735317577073147e+01
7.637912325230385591e+01
8.731116054747177202e+01
8.960302780060412431e+01
8.835510949365358613e+01
9.193939091650565842e+01
9.119050524673700409e+01
8.532183748350693975e+01
9.237951754235621138e+01
8.974788153100892885e+01
8.509559528242655801e+01
8.607122635131653965e+01
8.922588865623659160e+01
9.092487689833123454e+01
8.774833711531100278e+01
8.873095496664582527e+01
8.698384775583478756e+01
9.214698643782813292e+01
9.345799017020243582e+01
8.750445985792666193e+01
8.444672825885510292e+01
8.754917254319431663e+01
8.791003386714876910e+01
8.825003967564927621e+01
9.112837247228307547e+01
9.373776560729109519e+01
9.320324721989557304e+01
8.999540572359555313e+01
8.817390520039579371e+01
8.906187745317515692e+01
9.330516484574417291e+01
9.089383658110639885e+01
8.900647747688354627e+01
9.421159146355307712e+01
9.106404720586557744e+01
8.441571231683266774e+01
9.282913241913493607e+01
9.019817339965388214e+01
9.923494171555263677e+01
9.158322109339403028e+01
8.666477314320088965e+01
8.928185171012546562e+01
9.292582194693135023e+01
9.036656943525200347e+01
8.951868046671881984e+01
9.020308578639929920e+01
8.970023342603121819e+01
8.669516485190098365e+01
8.834746700645246165e+01
9.134505687266677398e+01
8.709857956661984701e+01
8.904556546311525267e+01
9.077706419766492729e+01
9.057701115638093370e+01
8.922711088382806111e+01
9.025875547750764838e+01
8.927775732488494498e+01
8.454419410260935308e+01
9.059397071811629587e+01
8.423459828431177243e+01
8.596674331683799153e+01
9.075539876448850407e+01
8.923435802887816237e+01
8.510162339550170429e+01
9.253246810749715223e+01
8.733609655508409730e+01
8.887988710980661722e+01
8.219324304438958961e+01
8.513824358972100015e+01
8.598808610483689563e+01
8.732520029560713226e+01
9.394525599473422517e+01
8.810910723458950145e+01
8.619170409457456117e+01
9.072661578574850694e+01
8.650077925651558530e+01
8.689100144574210560e+01
8.579959754642548830e+01
9.088719417971928749e+01
8.563179035678834339e+01
8.339852691037677346e+01
8.908943361359310131e+01
8.451695006293189749e+01
9.104956047920063611e+01
8.254477023593068452e+01
8.402170374238362172e+01
8.814590200391340602e+01
7.959063214073400161e+01
8.794238280114386441e+01
8.754727928816409133e+01
8.687908553871386630e+01
8.564105345342687770e+01
8.584058130367087358e+01
8.798891234542298889e+01
8.898977195872613777e+01
8.780884508174686687e+01
8.533708162036558065e+01
8.504325465530590122e+01
8.854605546069146271e+01
9.127246917927027425e+01
9.103304273131772106e+01
8.885215856976461168e+01
8.236028257640012384e+01
9.066840994523653308e+01
9.095892391700081703e+01
8.566905419287070345e+01
8.426742788097810433e+01
8.164903492237232285e+01
8.311671045698051330e+01
8.161685584653704950e+01
8.515094244704590665e+01
9.006038594355560178e+01
9.184212745602795280e+01
8.420961676886945213e+01
8.856724924150165634e+01
8.806283676979427355e+01
1.040924097195758975e+02
7.924101514608167918e+01
9.039488809311315265e+01
9.479012045446677348e+01
9.181103757765656326e+01
8.568262896978569643e+01
8.684539659614998186e+01
8.622699516109680928e+01
8.599997694336701670e+01
8.679125722646082863e+01
8.744027290000627772e+01
8.895941367688308787e+01
9.199073379620952551e+01
8.817576756511503788e+01
9.123997418868972886e+01
8.258490210081652094e+01
7.949053183593227345e+01
8.361290527648763771e+01
8.576670853718745491e+01
8.409283329817648678e+01
7.900142164396963551e+01
8.533407197405662714e+01
8.072918693528417577e+01
8.303234407914845860e+01
8.515505630095915990e+01
8.723300300204259372e+01
8.367264111897910084e+01
8.470488156200055130e+01
8.371644149251653744e+01
8.217393112822347234e+01
8.433426169496837588e+01
8.692903337050539392e+01
8.393398037673925671e+01
8.639671645951577261e+01
8.735393288286581992e+01
8.500363886887716092e+01
8.619112608770339534e+01
8.176071333684073750e+01
8.629463684320931804e+01
8.639762277102236965e+01
8.513329546299746653e+01
8.713834385591061960e+01
8.483265579287949265e+01
8.720896679602805079e+01
9.035834244869974441e+01
8.435978791711546876e+01
8.159861035420613007e+01
7.783663114139137917e+01
7.209505636940950524e+01
7.898140738151077755e+01
8.512123916293255377e+01
8.850384446389232096e+01
9.285969751104613579e+01
8.335845497422789663e+01
8.563169132877028744e+01
7.965953276185362597e+01
8.852138266875367378e+01
8.204825507561663755e+01
8.477741819779055277e+01
8.939036712282626240e+01
8.796207741597937968e+01
7.844099532752032644e+01
8.498576715775030266e+01
8.763034741223825108e+01
8.573969435835090280e+01
8.381418711368306163e+01
8.868299983330680902e+01
7.925708742093311798e+01
8.181994341959833150e+01
7.450051285864125816e+01
6.275401048340016530e+01
6.345036493500326458e+01
6.595080215915280064e+01
6.940496027320811834e+01
7.739220420086924435e+01
8.331533505293752739e+01
8.376022441219087966e+01
8.220382320085388983e+01
8.575573945095389661e+01
8.304754308497314241e+01
8.087442455410959496e+01
8.376579016798849864e+01
8.901599600030807835e+01
9.027756397319748771e+01
9.426348671310954330e+01
9.082246456617895092e+01
8.899857460645773699e+01
8.768489626664543835e+01
8.702844836171274778e+01
9.220719585165699073e+01
8.745713116841758961e+01
8.671541272378030385e+01
8.775794217673598041e+01
8.822087770304577248e+01
9.114956513954771822e+01
8.714010980759854874e+01
9.134511219984037211e+01
8.915138387596483938e+01
8.849669963006854800e+01
8.290641319593780167e+01
8.706789277302823393e+01
8.680666898111805097e+01
8.663584216521701364e+01
8.660952682535391034e+01
8.850495281626048438e+01
8.528983863798977438e+01
8.912210079174646182e+01
8.853454917174660466e+01
8.838596995775615994e+01
8.943932147557217149e+01
9.041945107800435721e+01
8.619052891220466961e+01
9.665273156040086633e+01
8.270909857285883504e+01
9.049082223040194606e+01
8.068949987906729859e+01
9.214277637592986991e+01
8.644732863657915800e+01
9.081230072983150592e+01
8.664876761391361981e+01
9.467160270049629389e+01
9.787592414687885878e+01
9.155882889629080523e+01
9.388569991443975482e+01
9.300493070781237748e+01
8.903383649566494284e+01
8.552848969789876321e+01
9.144408328425531352e+01
8.323282156043376290e+01
9.083340749669271474e+01
7.419841111005351308e+01
7.644512128836889531e+01
7.036165498768596649e+01
7.517352641721267048e+01
7.339488822095113107e+01
7.961275276842174264e+01
8.093064882428225815e+01
8.256248090080720203e+01
8.292592650792839493e+01
7.888199307541994187e+01
9.151035848141964379e+01
8.054047260722762758e+01
8.402457172351148529e+01
8.098276138989501760e+01
8.802002020959321271e+01
8.564937897226151620e+01
9.167067286920928382e+01
9.256023537010791813e+01
8.809717715871128974e+01
9.219485179526208185e+01
8.997063309055093328e+01
8.999826952563002180e+01
8.570023837138434430e+01
9.132582310782515833e+01
9.312975516489179029e+01
8.649533055148702942e+01
8.704408563535100996e+01
9.223648040278237659e+01
9.144644284643601395e+01
9.383562489934959672e+01
8.978930391621577201e+01
9.921129720130343799e+01
9.400748465259115960e+01
9.979941086500508618e+01
9.037793855165296009e+01
9.468606723921510593e+01
8.936651143472697356e+01
9.076949683785393574e+01
7.937133010330327920e+01
8.827838951047151284e+01
8.747427640365130230e+01
8.735642509221764840e+01
8.743261397315642114e+01
8.853526337800850854e+01
8.423867539318715103e+01
8.458777396562126683e+01
8.619859020674579142e+01
8.486566138727043551e+01
8.994416157963023295e+01
9.025814851550261153e+01
9.454475855797461747e+01
9.537533647865397768e+01
9.403165015563723728e+01
9.211610082169956115e+01
8.979408708579660470e+01
9.074220752828568948e+01
8.859547330727055225e+01
8.482696397058406035e+01
8.967442456303199094e+01
8.440211830210081700e+01
9.348718844868240296e+01
9.225777420246852500e+01
9.476904154561546534e+01
9.129134153645210858e+01
9.289888344816445453e+01
9.398165136136275066e+01
9.116489364943132045e+01
9.142209296374417704e+01
9.057748865129400428e+01
8.818054332614907764e+01
9.156524432379777068e+01
8.652124261183956833e+01
8.346364712371973837e+01
8.195777304583417333e+01
8.556080664108834810e+01
9.179040238290239984e+01
9.459681252569347976e+01
9.211080528544225388e+01
9.354032300046991111e+01
9.088701360802659224e+01
8.621530800600280031e+01
9.397152527045581394e+01
9.583580035149243770e+01
9.129510302600616001e+01
9.428502715631957187e+01
9.382940633324716373e+01
9.402778810139194832e+01
9.538997481085326058e+01
8.751811247008127737e+01
8.692743359405000092e+01
9.110694046142458546e+01
9.168516712115857104e+01
9.417517299189044877e+01
9.020493895912755988e+01
9.422507091549012159e+01
9.147897610479178354e+01
9.576589741993232963e+01
9.521145415021616998e+01
9.205173690894602601e+01
9.293806432443098231e+01
8.896908198983513216e+01
9.001446740041446049e+01
8.250694228102042871e+01
8.715958301651312468e+01
8.462051878971895746e+01
8.989904911173194080e+01
9.119485951089843923e+01
8.586901647256536307e+01
8.781695545357372623e+01
9.165432444511601773e+01
8.853891119172044455e+01
9.323710370817099147e+01
8.711934385107632295e+01
9.237915018605663420e+01
9.316275795346766131e+01
9.495429708504072153e+01
9.134158115290888702e+01
9.409211176542251565e+01
9.289819181544561388e+01
8.912937173327748042e+01
9.232789236128080290e+01
8.480513490423032863e+01
9.004251898186170422e+01
8.674437736552302169e+01
8.903671367936442493e+01
9.040492018500799531e+01
8.329098389243546308e+01
8.905404950507382011e+01
9.408605074120862355e+01
8.416276655724654177e+01
9.242263247006290783e+01
8.533961904100959828e+01
8.971708143765140164e+01
9.333309929453579912e+01
9.433322480544237010e+01
8.651655395024154416e+01
9.045971352733552351e+01
8.883439638809598193e+01
1.006943711715522483e+02
