2.531949098883741200e+00
1.033068078163115722e+01
1.130016857338933889e+01
5.678699289258215543e+00
8.186481041438025130e+00
1.269242518128760366e+01
8.742676188411989457e+00
1.007363614787038486e+01
5.045398629017295633e+00
4.532221872050953948e+00
1.338269552785993355e-01
5.836887129405570640e+00
4.705716132475001423e+00
4.573587029473355159e+00
5.100431288690215226e+00
1.236479972064205235e+01
6.904508469329142528e-01
5.380189555826514258e+00
4.170506225172841752e+00
5.199774931098877673e+00
9.508239536519306867e+00
6.768790627581032560e+00
8.075751074263575191e+00
9.270310060960740728e+00
9.544264436099823001e-01
5.788296286101777710e+00
6.863012324165180367e+00
5.161248835200090035e+00
3.623488234673282626e+00
7.677045569466263153e+00
4.632115333034271032e+00
9.001002261793363601e+00
9.355641716381851936e+00
6.124295965482181359e+00
9.830260143175094001e+00
5.149583618408822616e+00
3.980296004732942983e+00
7.923812748550474794e+00
4.953404874400485269e+00
5.417215232151125548e+00
6.088448973203921533e+00
7.044028340242106445e+00
3.765865416446839475e+00
4.852523726290489670e+00
6.453097448641596401e+00
2.396139543147326467e+00
7.989581533444641614e+00
7.665736329891949197e+00
2.940097210679176509e+00
1.245716725973461614e+00
2.404712948963669827e+00
5.428345525627751300e+00
4.853058942075588078e+00
6.924686414823495895e+00
1.064666849758174294e+01
4.774412337015898622e+00
1.106488115580654963e+01
1.023802972236791220e+01
5.310174146999411704e+00
3.931906703716751661e+00
3.198230891347247251e+00
1.058626616403672749e+01
5.343721706594732446e+00
7.383958807228760968e+00
9.162188748164894037e+00
6.525913469837896663e+00
4.321711483171929657e+00
5.732876863674823298e+00
8.124373766094313609e+00
8.336308861320606667e+00
4.695024666360541055e+00
6.995607174547869178e+00
4.620874888036237138e+00
4.851806893834543999e+00
7.003497730510354735e+00
7.660252962326222104e+00
4.270068499611556767e+00
4.257842324703316805e+00
6.419263664222782495e+00
8.389275458741359159e+00
1.536602919041185622e+00
6.556437569305352930e+00
4.799950942715080160e+00
8.092984907647100101e+00
5.110937381227635079e+00
5.905851669550634675e+00
6.144185229039869967e+00
5.096376277730474413e+00
5.308954088375842595e+00
8.386459168101708883e+00
8.657371459480811993e+00
5.068267612436531344e+00
3.734140459676262402e+00
3.218040128612240203e+00
6.285385953859561781e+00
1.439183349131407663e+00
7.376951669311260673e+00
5.078383988489111545e+00
5.720814834899524470e+00
4.712099647147701909e+00
4.641050188744117122e+00
5.964581206394278468e+00
5.016441428200227648e+00
6.789945232138218323e+00
5.750093128748227755e+00
8.196883967113317127e+00
4.612727071678348167e+00
1.609113289626667775e+00
8.188611587173811657e+00
7.205607946761753979e+00
7.661824224149046181e+00
7.242201046195752667e+00
4.746855322950501055e+00
9.082141540513553934e+00
7.920431453592430060e+00
6.596641569606640942e+00
3.579479982238715774e+00
9.562771633713111896e+00
8.430089215194310981e+00
6.849806406044455898e+00
4.074709492769255093e+00
7.930963492984420604e+00
5.061249990045466163e+00
3.352893892649285057e+00
6.598246230676320323e+00
6.124881565749030976e+00
3.412558045555385444e+00
2.809935659978928690e+00
3.508863144575749438e+00
2.259268037855396205e+00
3.129757723819445836e+00
5.454326338921382522e+00
5.783659601139639506e+00
6.036628761541598998e+00
7.573547796169591173e+00
8.927409267024406958e+00
5.581107764158169005e+00
4.490000811965221494e+00
5.378928553737120311e+00
4.460636448726724268e+00
3.302135312252425514e+00
7.088036871697825703e+00
5.553050064331649160e+00
6.537309163555311109e+00
5.992633614728266167e+00
6.909750812463926195e+00
4.266338423142634007e+00
2.909148441934049423e+00
3.446920020384752092e+00
6.551812887717839651e+00
6.175631028784943410e+00
6.825808611018111094e+00
4.255098507595681312e+00
5.916303806685687228e+00
3.595091796870537593e+00
7.747477871258445781e+00
6.325030476936372104e+00
5.048391319480002970e+00
8.238905355709214007e+00
8.038336873587814679e+00
4.893786942534628537e+00
6.528329991219909090e+00
6.539661839401022192e+00
5.517807564871350046e+00
7.035799751050339168e+00
5.194563789722632663e+00
5.153222703122004589e+00
8.158837818577497458e+00
3.153018721781793321e+00
4.859790677337772813e+00
5.862428498943325295e+00
8.126177044712409980e+00
5.427008656032933587e+00
8.328443924568624368e+00
3.249495993180904652e+00
4.897350642300925649e+00
6.424309300058035355e+00
2.989843432937100420e+00
7.180332461388168497e+00
3.970349981541112072e+00
4.991379558985390652e+00
3.256022216208865672e+00
7.199438080278093288e+00
4.177333229581449814e+00
7.236550190541126248e+00
7.585522216415447438e+00
6.380180259908934559e+00
4.311330356893067872e+00
6.183291772738921388e+00
5.245286534956870028e+00
6.752079638631937719e+00
7.054284223199685400e+00
5.340119527912650099e+00
3.522531761133782968e+00
1.918397999118927055e+00
4.635505241855471859e+00
5.877758107616845251e+00
5.083532597989332658e+00
4.551884462905263717e+00
6.079063255804157073e+00
1.242481515604696440e+00
7.429619907850510074e+00
4.532422206273791332e+00
3.382782813844890768e+00
4.629976880298751318e+00
5.302749044507986120e+00
2.376200571633354297e+00
1.788716296241609882e+00
4.680582882235068354e+00
6.082024032496084587e+00
3.192462368588029342e+00
2.785244043752199694e+00
5.053385640868404138e+00
3.141867312396028122e+00
3.834482073842999217e+00
7.710122046471148849e+00
4.522205481596275334e+00
3.848313651311321415e+00
5.125775589300782364e+00
4.111834937818320768e+00
1.036360989545998201e+00
4.873953889187595756e+00
7.418667964461882036e+00
4.322910748696656924e+00
6.187399384494166377e+00
7.198527827416480562e+00
7.588658212596445907e+00
6.075084543290190098e+00
3.258950534932267384e+00
5.204911277252164403e+00
5.362900015643996987e+00
4.107840514209076588e+00
4.012232217987627081e+00
2.439480653559396472e+00
5.967304250366359142e+00
5.801962791371915173e-01
7.697543793171631066e+00
6.721435135206034417e+00
8.582551608358336637e+00
4.945790056043456673e+00
4.417759565488237783e+00
4.395832162436995816e+00
6.674447106134489438e+00
4.613820987274467988e+00
3.289715154268350261e+00
8.247556706352112244e+00
6.583635259431325437e+00
5.400091561691195530e+00
4.574601070046237616e+00
6.804415190511424960e+00
5.004829445489345829e+00
3.715633698108393279e+00
4.258867182050579459e+00
2.686388899525078866e+00
5.492238781069290532e+00
3.779102067581353364e+00
3.890631034390348741e+00
2.773952668855793391e+00
5.091153224142987987e+00
4.620672510894301865e+00
3.203458234069647137e+00
6.519045585081374661e+00
1.590962702008002827e+00
5.406720624813930343e+00
6.630648667046881606e+00
4.086321571810195508e+00
4.210345751342098097e+00
6.356055456238433266e+00
4.867347691879725602e+00
5.303454860817554462e+00
5.644307329647335614e+00
4.720021109841181506e+00
6.188822683391343560e+00
6.661566314699138402e+00
5.507305990106168281e+00
3.970864713485882991e+00
5.224369815389887428e+00
5.174427112526392314e+00
5.015664265020424395e+00
4.720932857048908637e+00
6.414525278053687884e+00
6.029086396772198597e+00
6.279268705970102893e+00
8.149944619760615794e+00
4.877184369935670283e+00
6.344057236244545095e+00
6.746490991366489887e+00
7.456017769299308817e+00
3.823280484980505545e+00
4.583323438059585975e+00
3.428018180239447155e+00
3.993685213549892143e+00
4.412122668971821149e+00
5.325945145505332157e+00
5.241280944235994887e+00
3.796552157140107298e+00
3.370245424687159375e+00
3.167949403602961844e+00
5.737289898879017080e+00
5.312150419348121488e+00
4.202718145287996698e+00
5.702622123371561713e+00
2.560447793452298004e+00
3.253432456536149875e+00
3.061840374533167708e+00
2.191259481852001922e+00
3.660052726713150850e+00
4.043235150740082773e+00
6.765428165722465081e+00
7.900567111810595122e+00
5.392356464586512743e+00
4.423877759396246390e+00
3.465215195424173000e+00
5.006380414960682756e+00
4.796381109127908715e+00
5.740950630589844117e+00
2.159954614563639019e+00
4.558691213940804232e+00
5.798713875227139880e+00
3.765399598264877579e+00
3.157588092725871043e+00
4.790429688128750918e+00
4.308496555203302769e+00
4.222619482230460797e+00
3.481027626060943625e+00
4.864326827911484408e+00
5.394069662845512703e+00
5.714993513391188884e+00
4.903918238879120040e+00
3.536159876830652138e+00
4.986553262849803048e+00
7.458107956725675614e+00
4.222876027371842866e+00
4.896912123905108771e+00
3.863894463095020271e+00
4.918524852468313391e+00
3.574172005585780632e+00
4.590226861115757728e+00
3.674512186952792359e+00
7.271213472760661212e+00
5.892383059026690795e+00
2.860668567275221008e+00
5.229492792470992413e+00
5.833285341366734045e+00
5.478734155920505167e+00
6.917032998439893277e+00
3.311801436145438426e+00
5.719531810449658416e+00
5.128077147664287239e+00
3.153824175993850343e+00
5.208995015429556119e+00
8.687957403781389587e+00
5.598938803762543159e+00
5.571044803292990011e+00
6.946459106068931355e+00
6.498760641067385713e+00
6.272558583144000721e+00
3.847688631415741245e+00
5.420262754185944054e+00
5.536311768870809225e+00
2.808911456228313064e+00
4.142987810227272583e+00
7.074911357729338768e+00
7.953336572463729048e+00
7.354515924943374472e+00
7.338462866343848923e+00
7.117336455500506531e+00
5.897986056725234683e+00
4.402969887644620606e+00
7.160558057481690497e+00
9.948442794416656909e+00
5.985530869247392971e+00
1.781655518908582536e+00
6.044998873821058716e+00
5.561507881096128258e+00
5.648243857778314059e+00
3.684078993553386194e+00
4.504212199928356419e+00
6.275320747083273254e+00
6.560893982859433038e+00
6.673573759269190830e+00
3.269479571068838020e+00
6.205581363778676085e+00
4.675686845158986138e+00
9.533992959516497834e+00
5.388604469568868183e+00
6.161273174314897183e+00
6.558567714453712227e+00
3.288512278473419759e+00
6.474049123941213679e+00
2.641202313553741465e+00
5.858540911517473582e+00
4.909578281614143336e+00
7.765663777668084577e+00
7.388309316159615392e+00
3.447147062399801065e+00
4.140184395764300973e+00
6.431488634316455233e+00
5.543447725237419021e+00
7.387640274020344400e+00
7.883464397985634697e+00
5.230605550695663020e+00
3.751806605950903872e+00
7.014818950214540827e+00
3.554648252740769454e+00
5.876918602888210330e+00
5.499327430537585215e+00
7.400967533447690094e+00
6.202261973959306118e+00
3.735123104966573404e+00
5.803586075793288224e+00
4.363727126396550915e+00
4.632582949996234767e+00
4.206732456139238074e+00
4.693758143769623636e+00
4.927274642339058985e+00
5.601112168164008587e+00
5.190231983798280879e+00
3.857243826951276766e+00
4.657606387458154806e+00
4.173010052728649555e+00
3.939764261811702362e+00
3.378105207001535160e+00
5.777205925364565786e+00
4.148154476107257516e+00
4.550634689773897179e+00
7.660905231277380878e+00
4.309980099389902897e+00
6.089519508503805412e+00
5.592139631054976689e+00
2.635236353341610105e+00
6.531239288674939303e+00
5.506523981604398266e+00
5.158529946606735805e+00
4.885857120937015630e+00
2.568392410859916097e+00
5.149595588148952352e+00
5.375363990935655423e+00
4.471016343365604939e+00
5.061078349530584219e+00
6.863325565830165509e+00
6.759278655574998851e+00
5.629154322142050582e+00
6.956746594853866483e+00
5.046552881810558944e+00
5.550733954867423492e+00
6.371007704266627769e+00
6.410382825514747474e+00
2.295024771448031409e+00
3.389947527007938000e+00
5.746349831780902306e+00
5.100861352300372076e+00
6.591585390480481088e+00
7.068633440918130617e+00
4.763819353371438581e+00
4.987924440621289257e+00
5.230697661492018646e+00
6.241889677620086729e+00
4.047729319888208721e+00
3.817436492015187977e+00
6.433767825252994399e+00
4.464324860310054710e+00
3.406016905365832237e+00
2.609020514881734254e+00
7.391680871473283787e+00
7.349357944019452304e+00
3.335311855626845290e+00
4.396457768061571514e+00
6.765470908790871540e+00
7.423581001403047885e+00
4.920007063090626076e+00
5.641387975761406715e+00
2.962668318379557242e+00
2.756748509971272743e+00
5.729427344034237812e+00
5.669356333678528870e+00
5.215127198466540825e+00
6.017763354143933263e+00
3.324949296238539631e+00
5.862881595191065998e+00
5.129098178798191299e+00
5.434700313118249859e+00
4.698238856384276296e+00
6.905327992648774504e+00
6.704930523253112007e+00
4.402010149761760083e+00
4.959106222388255603e+00
5.566018161162262778e+00
3.420598740038331531e+00
4.602957227025174625e+00
4.676179976225951052e+00
4.031082956336041079e+00
5.068488242925460519e+00
3.923641507485282620e+00
4.441859340653225630e+00
2.984192838459321706e+00
4.736694966767039716e+00
6.541308735424625986e+00
4.194080781595022955e+00
3.796630672282760521e+00
7.955486149380707417e+00
6.493709242258606906e+00
5.058880905111077908e+00
7.808030258083678454e+00
6.648419442251138456e+00
4.980759066670681356e+00
6.427483692539237126e+00
4.035334893678819590e+00
5.766526869154143142e+00
6.627755683936946696e+00
4.579308431565205950e+00
5.192874572406378064e+00
5.374675736914875657e+00
5.122231543162670597e+00
3.439308480074470431e+00
2.717542255908437454e+00
6.967114590043918199e+00
7.430169305524342960e+00
3.248945902806662733e+00
2.570389542484440071e+00
4.781038388595247213e+00
3.975316243307913666e+00
5.265670628502041595e+00
6.019110727299619157e+00
6.383752992255553593e+00
5.936951998949504983e+00
5.652575569031003333e+00
4.162661762463228499e+00
5.880104751144372699e+00
4.598338126846805096e+00
5.466781629770363971e+00
3.788807654198982355e+00
4.778385375359578191e+00
5.642078911351747550e+00
5.160342310582880287e+00
3.994724367029761858e+00
3.906758411851444457e+00
7.062383069846415395e+00
5.084510708379605504e+00
2.934287288912226455e+00
3.098762707136788475e+00
5.822642170386599147e+00
5.104621971051500395e+00
2.193444311009715264e+00
5.709549375587494424e+00
4.887590641904446365e+00
3.571985612597985860e+00
4.200523356507680717e+00
4.538424813921511536e+00
2.809874815433699879e+00
3.191839777624643215e+00
3.921156470451636178e+00
5.673691128688763463e+00
3.210653939224393127e+00
3.779248430360623523e+00
4.597915782039229349e+00
3.615934534505991671e+00
4.651880978990381443e+00
5.591230152806026865e+00
5.591412773399144776e+00
4.921772007208225830e+00
4.223480657496140545e+00
5.547737511893648943e+00
4.816900523986429761e+00
4.937541795198375105e+00
6.351025725309336956e+00
2.879571748685333610e+00
3.964510007450595896e+00
5.072218495752123246e+00
3.723584441664251621e+00
5.407778517975659227e+00
5.592341808076285226e+00
4.992028505247173342e+00
2.552375547810973089e+00
4.488493864556057034e+00
7.201912628132898675e+00
3.523300532401503204e-01
6.557205021577933834e+00
5.467674906550305636e+00
5.744517569658639466e+00
4.195169851856894283e+00
6.137176038701202430e+00
4.315500130191111339e+00
7.090759598780312700e+00
2.975305806189360691e+00
5.691508267481377281e+00
7.268101758181797933e+00
5.292724560636950848e+00
5.152266361584515231e+00
4.996836324860209899e+00
5.075646337665531860e+00
6.803827927126422814e+00
3.881381780960555972e+00
5.399396656302541508e+00
4.809560550214508012e+00
6.850710001263137450e+00
5.905868745092853089e+00
4.424581071768989737e+00
6.306749534017204617e+00
4.359242575231782268e+00
5.542189004135914310e+00
4.305318922964458395e+00
4.963463359300638089e+00
6.250787006742783092e+00
5.281533574070855330e+00
6.455874095016481462e+00
5.795539267303275288e+00
4.902868719687292653e+00
5.580865905794076376e+00
6.901271953423397498e+00
4.698310363166174675e+00
4.714602479772406873e+00
4.791537450950442256e+00
5.438735546305387913e+00
5.944174785341953537e+00
6.330323513414064074e+00
5.609532193491979513e+00
7.401699351378561609e+00
4.817163316358920255e+00
3.561041414865556476e+00
5.557707531779356280e+00
3.214756262105545659e+00
2.196756864244542307e+00
5.960949133780662379e+00
4.924035031109868399e+00
6.862987782719715213e+00
4.678590901049256345e+00
5.116845695275918260e+00
5.660524289654603081e+00
4.920838312096131872e+00
5.900640102521309771e+00
5.797944217330602612e+00
3.875213506632067872e+00
6.328277754676758349e+00
5.480937632347963273e+00
7.374875097643983857e+00
4.232627538826473135e+00
5.657400908739631085e+00
6.528475148962872510e+00
4.892366137046786356e+00
6.027638384041139830e+00
6.527346293322299431e+00
3.697762595945198072e+00
5.035140401377541153e+00
4.233436763338469078e+00
4.930649961880702037e+00
3.604036877404738437e+00
5.123157980624061025e+00
4.963147109266537349e+00
6.588853212788752245e+00
5.065152902596117279e+00
4.657518695312370838e+00
5.486695257546847060e+00
6.443700252362513758e+00
5.915912896765108009e+00
6.984767456388841111e+00
4.369785586632018770e+00
3.767881628465008070e+00
7.198158849775182055e+00
6.211074719416975753e+00
4.043518170198520778e+00
4.378838814865952500e+00
4.504750227196283596e+00
3.985638525100686280e+00
3.773508890066093802e+00
3.432001443949753039e+00
3.602574766071509060e+00
5.282854102702104093e+00
5.120140634893072473e+00
5.826822328590287370e+00
7.068142301299403130e+00
4.182232471557037812e+00
5.739581443876105027e+00
5.132997051755496365e+00
6.976115176887556224e+00
4.693578087392339171e+00
4.639708406950815878e+00
4.516640328054468689e+00
5.678183921626111186e+00
4.907305504803664675e+00
6.246356052699782779e+00
4.799858917216329957e+00
2.334824669256246210e+00
5.242539282082777419e+00
3.113438429388374118e+00
4.892157511400652581e+00
8.167511874851099307e+00
4.345406385921652515e+00
5.366087012569383141e+00
5.099441020363697064e+00
3.776242168404280619e+00
5.213258687594067631e+00
5.433036873814685030e+00
2.523543855729671215e+00
3.847138694969513661e+00
4.843017168533653383e+00
4.147125668610126326e+00
4.487622658526236208e+00
3.958278373759738678e+00
4.025859422523438091e+00
3.725463197781369473e+00
4.543406549673819406e+00
5.241709579978121702e+00
5.257142471973922149e+00
5.256750030950552599e+00
3.422083549367970434e+00
3.354039290585995925e+00
5.023974611397062695e+00
6.518760034225877575e+00
5.282032829498002791e+00
5.617822643324220877e+00
5.692959683098601786e+00
4.923293163607391776e+00
5.912872844231354286e+00
6.672070514547015385e+00
5.084862578948759371e+00
4.878350204180065042e+00
4.388953349770154055e+00
4.341606090739682067e+00
5.615679657972035166e+00
4.534281806873019960e+00
4.192911893325248052e+00
3.743730399323870195e+00
3.725232985865200686e+00
4.753413138385393033e+00
4.426354749380371878e+00
2.893135963660395937e+00
4.403548171547772228e+00
6.551462471334186688e+00
5.124941757076498128e+00
4.668295193643677621e+00
5.769931051501973940e+00
4.129675750920747568e+00
4.322692942573300279e+00
4.316788076761550741e+00
3.972910182004041779e+00
4.751092304815637490e+00
2.837969875657578189e+00
3.175181774157210590e+00
2.996061861270550963e+00
3.857679965165391245e+00
5.073062274930816962e+00
5.768898540572335421e+00
3.753789302745659917e+00
3.267457649814201837e+00
4.654912150663860437e+00
3.513726788546903457e+00
3.888266885445023746e+00
8.766282138877064867e+00
5.970891146783613657e+00
3.389165978768711174e+00
3.954175795924522951e+00
4.328180836761450045e+00
3.534705033537662189e+00
4.408105978224238441e+00
6.586435508509654646e+00
6.329245708585013119e+00
5.916070509389757426e+00
5.827717460817860129e+00
3.555972539997524606e+00
3.848145176845167992e+00
4.568760768724112964e+00
4.987377065700346002e+00
4.900525378888754169e+00
3.709114763298025252e+00
3.811467636077778387e+00
5.783039472271742198e+00
4.771676097133687122e+00
3.120190943096494696e+00
4.926288497978458913e+00
6.249764725023007728e+00
4.067990441711607730e+00
6.726564440330524697e+00
3.989503685451372128e+00
5.579530514090058624e+00
5.331205569989042381e+00
8.220925579424768870e+00
6.796856055273066133e+00
3.132375360999706704e+00
7.130523886302343683e+00
7.844619836773265575e+00
5.218470519958657405e+00
6.608063032441598317e+00
6.523931067421893104e+00
6.446153856555862482e+00
4.124056106159942559e+00
4.197661166615343831e+00
4.903884054250650770e+00
4.162674810582428719e+00
5.690946972974938234e+00
4.097840319988220514e+00
6.585731272167574701e+00
6.484777598441577418e+00
6.036260223824783111e+00
5.109632563011566653e+00
4.096268055182930468e+00
2.634270693149058040e+00
4.814986779242072856e+00
4.422336983152717060e+00
6.783121205862694403e+00
7.624387616017176406e+00
3.487050066469588039e+00
5.463782059409517444e+00
3.239447770065427168e+00
4.660524623390908339e+00
4.838744909427599161e+00
6.391147348085127078e+00
5.859292367118248634e+00
6.415153997211801240e+00
4.940633726288302441e+00
5.995768320259021955e+00
4.183821920448546727e+00
4.094384719001168627e+00
5.021086992143755978e+00
3.763417183986926595e+00
4.709161185790908810e+00
4.243279976939053455e+00
4.728972010121487379e+00
6.427231114023586045e+00
5.624552854266156032e+00
4.383994226448334253e+00
4.177958541954710725e+00
6.445065349612928429e+00
4.453821170162364673e+00
5.963729414610019930e+00
4.310888449282764157e+00
3.826222559188687811e+00
4.197135698460315645e+00
6.044510979022423847e+00
7.040419504413408802e+00
6.181880043545463721e+00
5.001259411660376131e+00
3.675079935175628254e+00
3.735717814113470148e+00
5.229616639049305071e+00
5.490387459702887440e+00
5.559559229517096135e+00
2.980804639241683596e+00
6.214280472299038571e+00
4.692510303367663838e+00
5.234850799019091561e+00
4.902284608787131681e+00
4.067814678399980899e+00
3.936165986055361721e+00
3.943190857315141962e+00
4.429092705162554822e+00
4.663327100364144329e+00
4.904022204254119721e+00
5.538338571369873620e+00
3.356685962486409824e+00
4.024471618484039226e+00
4.335774973235873020e+00
3.720386073798282123e+00
4.304474069122480095e+00
4.331170376887374829e+00
5.211864662734829068e+00
5.806511498036468488e+00
4.015835301420384695e+00
4.662786920334347940e+00
3.650409240365149799e+00
5.367007538050439841e+00
3.491943741279119884e+00
4.710734694671444345e+00
4.542364932973608660e+00
5.994772481732309366e+00
5.592402247433237328e+00
3.482181101268240653e+00
4.500541160873325452e+00
4.832927507728824956e+00
5.271174446865707353e+00
4.891384362620442516e+00
3.832584532305595371e+00
3.579120504912614020e+00
5.607522128157889973e+00
5.001783403534173722e+00
4.454300688034463107e+00
3.362603026223241809e+00
4.285088491694741819e+00
4.500341080887614531e+00
4.871461067283177293e+00
4.684130348159799340e+00
4.505994786192162316e+00
4.696923441997637561e+00
5.614196412140429970e+00
5.797733591196055691e+00
4.742140135375227494e+00
3.673057017652957779e+00
5.207191042680266335e+00
3.802976903276391152e+00
4.523462870820755377e+00
3.539663748100732921e+00
3.366727672877178890e+00
5.586222233159232609e+00
6.519338643154726221e+00
5.501214568143751649e+00
4.069505366507380373e+00
6.992499608282583878e+00
7.164368175605987155e+00
3.483152755622018759e+00
4.068236143890477052e+00
6.391647043295899167e+00
4.625173802682162716e+00
2.860847076254136923e+00
3.276806563650048965e+00
4.178547223905111352e+00
3.632903796284110420e+00
5.336656425946154414e+00
3.219790580574260375e+00
3.700922213573687003e+00
5.732767180177796185e+00
4.934691180798531640e+00
4.281225853822767213e+00
3.742552630353535026e+00
5.722493379361282884e+00
6.255741854456080553e+00
4.002035570343452697e+00
4.699660756219787849e+00
4.472818244381446817e+00
4.031455847773711021e+00
5.402470602196625116e+00
5.294245436429321217e+00
4.747482882297664020e+00
5.969680369402244224e+00
5.396228397417094591e+00
3.595879465819352916e+00
5.802796306486572853e+00
4.796437609251430700e+00
4.142372538222065970e+00
4.611123785771168215e+00
5.842870498355945408e+00
4.799711979592966138e+00
3.206888361903811990e+00
3.901400225984549941e+00
3.690793084887924458e+00
6.792056290944881169e+00
5.229165504986726276e+00
6.318672123807560936e+00
4.417352002267474376e+00
3.804853991761179000e+00
4.230575969448933549e+00
4.944580005643791409e+00
4.347425650015368959e+00
5.215866887838080501e+00
6.597405704423668915e+00
4.638640346306311280e+00
5.147047100464098968e+00
5.047835075849659958e+00
4.414540066069900348e+00
4.363476357519365578e+00
5.398870402388789458e+00
5.127672133537474863e+00
4.684912009765305640e+00
3.591288270520137438e+00
4.056450067744902022e+00
2.856205279419198106e+00
3.598309879657027643e+00
4.490242944045546025e+00
5.633663161445681133e+00
3.469240778468764663e+00
3.739948175588647228e+00
7.748649288518606681e+00
2.498112721551502879e+00
4.030385903281946902e+00
7.511903804383138095e+00
3.874222020027430879e+00
6.386989681707715860e+00
6.287444466794688047e+00
3.628001226604628648e+00
3.876196378442947399e+00
3.361413165247436829e+00
4.137189921276504201e+00
5.067654009349179312e+00
4.331984143666478104e+00
4.429128718703982059e+00
3.199546024480543593e+00
4.239207992984317386e+00
5.021706186872522792e+00
4.167926107392298185e+00
2.390203641509512256e+00
5.302248617357751215e+00
5.366331300518874414e+00
4.245304112725637680e+00
4.430190000892630486e+00
3.307695236308182629e+00
5.188010504822770486e+00
3.630027432594086001e+00
6.036566358296894919e+00
4.564690040299673512e+00
3.634670555845251450e+00
4.669850280438536672e+00
6.118752372366854431e+00
4.478119789510729198e+00
4.643624086906237736e+00
5.326707799006678457e+00
3.736009771534756219e+00
3.211573885397261297e+00
5.053721853492656457e+00
4.488931113198848522e+00
5.163701588118325247e+00
5.953016501539461380e+00
2.813764319162699312e+00
3.874940095345989821e+00
4.923353178401985275e+00
4.315576472277133036e+00
4.267653612609064950e+00
4.964415982681904538e+00
4.233467924533529825e+00
5.565646284358647833e+00
3.660453001763633196e+00
4.052300453477394093e+00
2.754591937044573946e+00
2.889503725634102960e+00
3.826919618099370091e+00
5.995526481245678774e+00
4.943026274962282862e+00
6.074143006492707109e+00
6.054337384021523327e+00
3.266568645714853947e+00
4.444415248632420656e+00
5.090638384039089637e+00
3.310395082751130147e+00
3.310674431867377088e+00
3.330634316442211418e+00
5.841878014195687641e+00
4.704735199489803676e+00
5.502808404356538396e+00
4.684626585254869191e+00
4.327354522806887260e+00
5.805859820584593045e+00
4.145928951772723359e+00
4.290435840658219036e+00
3.325982544764697124e+00
3.749292253224628446e+00
3.616545731796838137e+00
4.371713884918673187e+00
7.107854589820933100e+00
4.484388151295160441e+00
2.876495843004073905e+00
4.720246994516757333e+00
4.174114833482748033e+00
3.876019661885852230e+00
4.773209443797083118e+00
5.011801094076442809e+00
6.884079494625988005e+00
5.314460502503653316e+00
3.717882744499192871e+00
5.620183100700525181e+00
5.004257021614184175e+00
4.554055976437708431e+00
4.153554563712145153e+00
4.917990745436020106e+00
4.885526934409466726e+00
2.763411919590267107e+00
5.274464477048860900e+00
4.477112632883155641e+00
4.825165389443293762e+00
2.940406214336638069e+00
5.289425581969331880e+00
4.247655415206907037e+00
5.595237109825240474e+00
4.030122092690311852e+00
4.648039448746085434e+00
4.997287678367387187e+00
5.788602695617337091e+00
3.792542189598054225e+00
7.179293350359589709e+00
5.089059430865179756e+00
4.481142824270067493e+00
3.710747043376009913e+00
4.803049347352225773e+00
4.389658790783777853e+00
5.473938984027734378e+00
4.484230578640313603e+00
4.915392400726476652e+00
5.685045571780596774e+00
5.746796269155159287e+00
5.197239595609835838e+00
2.881518024043337345e+00
6.417833745882183472e+00
2.817418423836012487e+00
4.807770807651138512e+00
6.559606887729652946e+00
3.460271796818374046e+00
6.066887903246418468e+00
4.176134619041449447e+00
2.843390203084803058e+00
6.481291442270524783e+00
5.839075984112468198e+00
2.371185504634249153e+00
3.572552310440089141e+00
4.177792092808784830e+00
2.823642960261834922e+00
4.776413398481386352e+00
5.951340216331953314e+00
5.358827527593225781e+00
6.428675722099630896e+00
4.808841556231282510e+00
3.176437593318415686e+00
2.301026629829687309e+00
2.305090771159681751e+00
3.249088543015866470e+00
4.532115744024383552e+00
4.372972534903448505e+00
4.390472677868048734e+00
7.764841083952297218e+00
4.285677399461691017e+00
5.507655737091194936e+00
4.103630141047280411e+00
5.191902678975702123e+00
5.112370016259494498e+00
2.763268608142888993e+00
3.328334903809696765e+00
5.225585052557107701e+00
5.412012455817227341e+00
4.516346694277399543e+00
5.773728152297714189e+00
4.847864059960695471e+00
3.278639637342864344e+00
4.336287792483468628e+00
5.471401928805861736e+00
4.642570010003420400e+00
3.340948975275113586e+00
4.323583534500310854e+00
4.407915783883207261e+00
4.275321748998456073e+00
5.964798404333690129e+00
6.321753896944781737e+00
3.322109943433076751e+00
6.498193148710272204e+00
2.983428220357286165e+00
5.645311155080062093e+00
6.069744303519195583e+00
6.570755562747424783e+00
6.624874515077010528e+00
6.102119736149437479e+00
5.950789014558523604e+00
5.791208323052441820e+00
4.799562249312246287e+00
3.379001124161511438e+00
3.871906402258693092e+00
4.822828301282153340e+00
4.482565344220582837e+00
7.524915193470753216e+00
8.494523874801471308e+00
8.037710218564042108e+00
8.588142753275091579e+00
7.854946437945257820e+00
7.742354010951363108e+00
8.255962449279980575e+00
8.015273762343836594e+00
4.846109522328779562e+00
4.138950889940849365e+00
3.291580803151431756e+00
3.024193995542659330e+00
3.310017312237853560e+00
3.968302936482382304e+00
3.584657542810374409e+00
3.887251956939953068e+00
2.071187835264480803e+00
4.747795848188983037e+00
5.909255797700183166e+00
5.932461064072105827e+00
5.579184364446430067e+00
3.919353412766377609e+00
4.851596637935987388e+00
3.356221112197406597e+00
3.398453405021407914e+00
6.771617777861102638e+00
4.182998506171420772e+00
3.925228372590802817e+00
5.620324874865136877e+00
3.606128184592769514e+00
4.269887648913431200e+00
4.660243748792014529e+00
5.013954423847174269e+00
5.926830069755943953e+00
4.228184733409178442e+00
5.290451593752739434e+00
4.954193407144362737e+00
5.116806404323547497e+00
5.141798065625825309e+00
6.535565538633393068e+00
4.413964282108717718e+00
5.177569317306414121e+00
5.246774072533028743e+00
5.931126259799262890e+00
5.754835487412307771e+00
3.541059819650806517e+00
3.519986112834398995e+00
4.873526962258322826e+00
4.173567985673716230e+00
3.697268723768568854e+00
4.138633666365661767e+00
3.905023193943528703e+00
4.764006500425525203e+00
4.630714330929838418e+00
4.374140126184394184e+00
6.734862122570367760e+00
3.564103256062968406e+00
5.007511705201090457e+00
4.584386436420197164e+00
4.673874398924080964e+00
4.746618842842077690e+00
5.003509906474032931e+00
5.610235503351365338e+00
4.586148651269826182e+00
4.186599682353642216e+00
5.462455894024738079e+00
4.243698443234758422e+00
5.602576664047860255e+00
5.898524370912753945e+00
5.056533112419891118e+00
5.017762832835211739e+00
6.109361587683246775e+00
4.910522810606932964e+00
4.183233876777684657e+00
5.213760447179399904e+00
3.882094439038981548e+00
5.528050124626599171e+00
6.000823436225071639e+00
3.072769474342327278e+00
4.115793028273501797e+00
4.487608171765161025e+00
3.749771217177756188e+00
4.982434064581594768e+00
4.535167958842047042e+00
6.060460015843725401e+00
3.964350955506689811e+00
5.807133323980536055e+00
4.403540690854533146e+00
5.072211677583220890e+00
5.921415590202707691e+00
4.905682192938070507e+00
4.944841726558417250e+00
6.076967111502216135e+00
4.766009937942765617e+00
4.692054002646706579e+00
6.267124729971325081e+00
5.866362440622838292e+00
3.488333681692900257e+00
3.535019346368987403e+00
5.585538698439564520e+00
5.070766292701772926e+00
4.399322286448699160e+00
5.559321684716268308e+00
3.945350568685523029e+00
4.712321761964140876e+00
5.585680729396865551e+00
5.114655867138147904e+00
4.202270432817168277e+00
4.607946216239595216e+00
3.646894605716479276e+00
5.782847331024068893e+00
5.042291941262752708e+00
4.058811323404932558e+00
5.317372113267222034e+00
5.888286844272721865e+00
4.822849025580010718e+00
3.613413923154642493e+00
3.845827103220972543e+00
4.154088066855467609e+00
5.623657438393026453e+00
3.701047501020514829e+00
3.864695485055957391e+00
4.542261868083103060e+00
3.473047991583165128e+00
2.967531077489014013e+00
2.670802810746296441e+00
2.898771003430291593e+00
2.328114853357727831e+00
3.209189514115343478e+00
3.699171632973360602e+00
3.647151229311262899e+00
3.351189606391556275e+00
4.211423621963269248e+00
3.464352686162319728e+00
3.859749977671866006e+00
5.025684124790362972e+00
4.593503505811699306e+00
3.005459474895607830e+00
6.040125583536673837e+00
4.103432778471471920e+00
3.923205987271765505e+00
3.142766711037795702e+00
4.689353832713327286e+00
4.114629834169111433e+00
5.619727546074868130e+00
4.721356027533741617e+00
6.153154210223068077e+00
6.093703054143595033e+00
3.901734976393142595e+00
5.767194820610803241e+00
5.828138166097752482e+00
3.755689977379696565e+00
7.002056898578584487e+00
4.737543856649596208e+00
3.912837382626608296e+00
4.897227342830149155e+00
5.650401686207326968e+00
5.611551875815263379e+00
4.217718869418966676e+00
5.705623426952335819e+00
4.676643411438703879e+00
3.666504142893185936e+00
6.288345857779856551e+00
4.991405982207767877e+00
6.060710586771016040e+00
7.834443628050459907e+00
7.718273471841038180e+00
6.796177108079645812e+00
6.436905720704425349e+00
5.656958527408060711e+00
3.688053287247136325e+00
4.839637765143395498e+00
5.748769189473186714e+00
5.871146724979444009e+00
4.538589040738727931e+00
3.388700590045350403e+00
4.197120748178689631e+00
4.473390041755197721e+00
6.156066768232016706e+00
5.380759425944015462e+00
4.683735195442144672e+00
4.378041947280116197e+00
5.894755960673515816e+00
4.123298176013624250e+00
5.134181254453526577e+00
4.343455542910755085e+00
3.765752268960689264e+00
4.506362603951577839e+00
4.854805176878260298e+00
5.507258558481150423e+00
5.401220849071305175e+00
3.640903477286745460e+00
3.888404220723657101e+00
4.644022673662487222e+00
4.059459092661856339e+00
5.052414358704464092e+00
4.682314594237225513e+00
3.912340651512676626e+00
5.289819184051080647e+00
3.621336979222309793e+00
5.089479355571379315e+00
5.078066134740391036e+00
4.654727814965744948e+00
6.504556163738308250e+00
4.150360432005930633e+00
4.646376809201248292e+00
5.166669793893947649e+00
4.031640632851481776e+00
5.366499339328335338e+00
4.176715933328847719e+00
3.976179545353139666e+00
5.787741869144316986e+00
5.487732331195711133e+00
5.213597920412111009e+00
4.664781536410901985e+00
4.930603356194432685e+00
6.185923290839845379e+00
6.073610806514952998e+00
4.378037278561162537e+00
5.669749228578424116e+00
4.318031554162355512e+00
5.678075485104553621e+00
4.313425283875004901e+00
5.542505177301339181e+00
4.590817944744582491e+00
4.531237957994019183e+00
3.889578886553458403e+00
4.838854344097851090e+00
6.588395526955600268e+00
3.989912718743599651e+00
3.699246575079496502e+00
3.604809628319108228e+00
3.095472919118527955e+00
3.132571053294585184e+00
4.395336085656452951e+00
3.232547820739282152e+00
2.774495044619686546e+00
1.899961291494287607e+00
2.075111233969300972e+00
1.598446673334599000e+00
3.696631975535411563e+00
3.526566611492290448e+00
3.583368442434625045e+00
3.469362876183893718e+00
2.880388881782280475e+00
4.046358102725759132e+00
3.327208671033293541e+00
5.750165781919895913e+00
3.832429654427989441e+00
3.177698832248094796e+00
3.494637292059350919e+00
5.411327847078799991e+00
3.992090046990517838e+00
4.104110408981870961e+00
4.834943289519542553e+00
4.552303990809531520e+00
2.658500845466584828e+00
5.364765972917445502e+00
5.600993781920430514e+00
4.905551816780356233e+00
6.299368341308191788e+00
4.344875322995371825e+00
6.421549732361441443e+00
4.733754543102994816e+00
5.132500853968099186e+00
4.459486707297536157e+00
5.397433462331060028e+00
4.982245082672000613e+00
3.931815826402047520e+00
5.636849645575098933e+00
3.319801307609318908e+00
4.977687366254840207e+00
3.091537379685882492e+00
5.176913004506878302e+00
4.382501135511271961e+00
4.461548968759943889e+00
3.435617980955123496e+00
3.789943802751102986e+00
4.184617107438750594e+00
3.803930702425183608e+00
4.801134758278887027e+00
3.703810206112571279e+00
3.926023309820469542e+00
4.099905701756861198e+00
5.047872891442558796e+00
4.803217317168183342e+00
4.663037590131701826e+00
4.195447891608688806e+00
6.649591027183066494e+00
5.751022868335777360e+00
5.556253200740261633e+00
5.238567924462405045e+00
5.489029182998533152e+00
3.387993117103834440e+00
6.856091326103912920e+00
6.176631434091651052e+00
4.184923166849905840e+00
4.942830720436213632e+00
5.610722745853608195e+00
6.548673309924462060e+00
5.536113011389451444e+00
5.400035846372229997e+00
6.146641703960716185e+00
4.468165044655372675e+00
5.204580060803175812e+00
5.961514295216217008e+00
6.653815083286159116e+00
3.911619967793815267e+00
6.141705263029582973e+00
5.335069905329176798e+00
6.787630235525551115e+00
5.795712162883851271e+00
5.482058950772926487e+00
7.138858914575394010e+00
6.245818688419596754e+00
6.870414740542855725e+00
5.870668556432161900e+00
4.714087055120797842e+00
5.843273694695029441e+00
5.790003695359836833e+00
8.369806807410075322e+00
5.126523320778479054e+00
5.110451519014532984e+00
7.334064682561087345e+00
6.141266072678011945e+00
6.068987512867906275e+00
5.145252886719229757e+00
4.670759508096220536e+00
5.666654818180329123e+00
4.577747899227098571e+00
5.682248425697255634e+00
5.477854746076787684e+00
5.999385875340166763e+00
6.409503571981971959e+00
4.787216599653513427e+00
6.530993251450765591e+00
6.100142125005423743e+00
5.472431309140771027e+00
6.186926195027138142e+00
6.856409422297528700e+00
5.996527925789729707e+00
5.590368014406142727e+00
6.758803285140013273e+00
6.893780825425100289e+00
6.059079355890959917e+00
5.958235578558880086e+00
5.732140077288400803e+00
5.427429948911735913e+00
5.703090608082864499e+00
6.274787358398977943e+00
6.267514099362180069e+00
7.233321691576509060e+00
5.313686309340409863e+00
7.120879429102338953e+00
7.543955718538748911e+00
6.191711935316366322e+00
5.807005004222424382e+00
5.227205768452943602e+00
6.119383118489162499e+00
4.338758975444055643e+00
4.979124068288757421e+00
5.822285701825353321e+00
5.701640607226422297e+00
5.112938008539041235e+00
6.382140370389688400e+00
5.658212545006739980e+00
5.709435311595904672e+00
7.115910734739084198e+00
5.894209078155030035e+00
6.859175246300123874e+00
4.873683916001245287e+00
5.742241583609326128e+00
7.427074251335554322e+00
5.753749634176724470e+00
5.566048234977443165e+00
4.863264548725255487e+00
4.482878452433484817e+00
5.077637894383474126e+00
4.445843027995765695e+00
6.566065502093731077e+00
8.330272306620843281e+00
8.408936171470317689e+00
5.074708066975512466e+00
3.835463366643828920e+00
6.521437768913044053e+00
6.673437865648416789e+00
5.130890058527040054e+00
5.420634500891863716e+00
6.175691847148104152e+00
6.414821213060100114e+00
5.310063799725760703e+00
6.081981269699237025e+00
6.393935201981122418e+00
5.356515597716450472e+00
4.156987229955534602e+00
4.527747169330884169e+00
4.895003216415657832e+00
6.834242775552067606e+00
6.434858123698499632e+00
6.611755773557022486e+00
6.639418730887542530e+00
5.902900967870666094e+00
6.300122952592969838e+00
6.748805154001709994e+00
5.122323337102792529e+00
5.624095171809642579e+00
7.412974499597952516e+00
5.583547537797792337e+00
6.210640635415991540e+00
6.154247026315253777e+00
5.129608402251340848e+00
5.294233892654827578e+00
3.475520002186167634e+00
8.185427606278977919e+00
1.191782061743881682e+00
5.058239802584605371e+00
4.843922609822005398e+00
6.391355391741467606e+00
4.333146996614432922e+00
4.033193500510683371e+00
6.416525508603466044e+00
5.000621794798073338e+00
5.016500128888397469e+00
5.144550006555951960e+00
5.722349399454587093e+00
6.110791711118125136e+00
6.039877414950146850e+00
6.844749027639428718e+00
6.019898641552715368e+00
4.086933727679454620e+00
6.077154274167659409e+00
5.973446302723242951e+00
4.549793250223257424e+00
5.568624720991310006e+00
4.820168461860173892e+00
4.516987366922371905e+00
6.679473513910816784e+00
4.707612706522787072e+00
6.148172532555868486e+00
5.460555558044437596e+00
5.533885865183133745e+00
4.998816169204922666e+00
5.635908720764518876e+00
7.762113024425157271e+00
5.994789876810592055e+00
5.512886001160770988e+00
5.242904731475483082e+00
7.331465406830775855e+00
6.526303213654937707e+00
6.344431172853622236e+00
5.256555730245601410e+00
4.761154999585206937e+00
4.533703998448867623e+00
5.583292043429283424e+00
6.191443331386341953e+00
4.849975099463390116e+00
5.081677167070507650e+00
5.891909520287122781e+00
7.396509239558264781e+00
6.524217462087673169e+00
6.504702040754367864e+00
6.460901727090998747e+00
6.093130705368668742e+00
5.518273614002541905e+00
6.647364935245263950e+00
4.576925213746726229e+00
6.452900403902729565e+00
5.943933657215968225e+00
6.292554579336925968e+00
6.763566273089359981e+00
5.025180704515761931e+00
6.554295099488039789e+00
5.399986895328449776e+00
5.104179521602209668e+00
6.511527114986646936e+00
4.580050417755296976e+00
5.116238898204815477e+00
4.230380397529735603e+00
5.294002723028432555e+00
6.484532416752677442e+00
6.736931708103333527e+00
4.687299728312361857e+00
6.386607168049796890e+00
4.938114805088589243e+00
5.387066739835624674e+00
5.035213120964709965e+00
5.304809677279070712e+00
6.777196420084905526e+00
5.098886036986651327e+00
5.334486201230694391e+00
4.861923913077431436e+00
6.585622462950198042e+00
5.681594944626557009e+00
3.611824057906049656e+00
6.105325025347077883e+00
5.844955139858108772e+00
5.050134952291581492e+00
5.987015543354694103e+00
5.411940593822908596e+00
4.247325335770676169e+00
5.097417389114209385e+00
6.559482085085090119e+00
5.500996344461729137e+00
4.837318926000071517e-01
2.848319581631390207e+00
1.098887068255524646e+01
1.355120480104598002e+01
7.216533112581442921e+00
4.637571983274473730e+00
7.103321005121487453e+00
6.175128828157403049e+00
5.255990616581360797e+00
4.667379373896405781e+00
6.573326257339291878e+00
5.372812820677576262e+00
5.767019216643284096e+00
5.887504543886875830e+00
5.475154196361765813e+00
7.365091689802180319e+00
3.999415268177811011e+00
6.989024037101732922e+00
5.462558638235286423e+00
4.377644349833679449e+00
5.084484882909473313e+00
4.824759837771583904e+00
6.087094523902442766e+00
5.442464753935643884e+00
5.016061980464451509e+00
4.489699013055788335e+00
6.092474626104260160e+00
6.104619291112880930e+00
6.807123658004204714e+00
5.487518172376153913e+00
6.107930669593944373e+00
5.928584426881004177e+00
4.567989860481596942e+00
5.232207781003819669e+00
4.821095760932012197e+00
5.506814570304847223e+00
6.024375310067386025e+00
4.588738646022590295e+00
5.737559375237496262e+00
6.396774564121536777e+00
7.222104093917656620e+00
6.580937214704473348e+00
5.218359991561791311e+00
4.892311051385203058e+00
3.651245448300036500e+00
5.347863619848063799e+00
5.830891600938926445e+00
4.546134277714791949e+00
4.576069481331812128e+00
4.706092272434919899e+00
7.426555035617241174e+00
5.086641404678035272e+00
4.989747770608218502e+00
4.093152669310922143e+00
5.729035060323120376e+00
4.959880290767284094e+00
5.507209182690555593e+00
5.320465024348157712e+00
6.118738183233920935e+00
4.772527055179597966e+00
4.754229143634884025e+00
5.822302464745334305e+00
6.004131204423796220e+00
4.944852596929432131e+00
6.639408843259917425e+00
6.007996885278395816e+00
5.155124259651601371e+00
5.644811973533012228e+00
7.405295290113157236e+00
4.954691720810449063e+00
5.780385168826171594e+00
5.117041142558384159e+00
5.869048839447364330e+00
5.012026322771594877e+00
2.969628266999257082e+00
5.689669550343662507e+00
4.375993680893981441e+00
5.940164852682261909e+00
5.761220638845987452e+00
6.877641812416561251e+00
4.736071644463643260e+00
5.058695183383142613e+00
6.714347600733456822e+00
5.741209684467599494e+00
5.873103200114462297e+00
5.999131799204769244e+00
7.304839923457724815e+00
6.086449364037841647e+00
4.219565007243485155e+00
3.510544074888667154e+00
6.879354498786931948e+00
7.073361626769018251e+00
5.817573577989708866e+00
5.144173890453102693e+00
3.996099425995105481e+00
6.314103537714283121e+00
7.435564049146013765e+00
6.621932131736951277e+00
6.576352399916879143e+00
6.497676088504698910e+00
6.014284795773800596e+00
5.932051617364334284e+00
6.199682208458989763e+00
5.385814585005688215e+00
6.528286285161938984e+00
3.102349629259334662e+00
5.157877494187592227e+00
5.272530826788401903e+00
4.778634574569669446e+00
3.318749300066188734e+00
5.891286639784994783e+00
5.998473814056891840e+00
4.368933730119251457e+00
4.804667413591938718e+00
6.156601543344039307e+00
5.487014986387308113e+00
5.248269673271274804e+00
6.780365905762678835e+00
5.499678668437001150e+00
4.733124192814848641e+00
6.429993946504175106e+00
5.423453445326072320e+00
4.728378770019838306e+00
3.075377940180591629e+00
4.944873176591471520e+00
6.422278093436856850e+00
5.564584501253741600e+00
5.299924141368443031e+00
2.773595676548056055e+00
3.044613683299631113e+00
2.856466098490987537e+00
4.445773963786808558e+00
4.420129651308259078e+00
3.646962634760144262e+00
4.152539775479633377e+00
5.085846737132374784e+00
7.280614782693042741e+00
5.754677992367224881e+00
6.911186323319108205e+00
8.228785066244705959e+00
6.294627575574034850e+00
5.236343627506627740e+00
5.882205407762059579e+00
5.666586270987337137e+00
6.425959285813508615e+00
5.817816136847560493e+00
5.819740616764013552e+00
6.930123890904212658e+00
4.651925377038367060e+00
7.124169913996990289e+00
8.799078648266974056e+00
5.525710959717160975e+00
5.612071153525936218e+00
6.774683281166140603e+00
6.787220824602398395e+00
3.511360462539292016e+00
6.719648593227319999e+00
6.150666046216024085e+00
6.876828109412980616e+00
4.295476761818528999e+00
4.025669167692622175e+00
4.822467028635732511e+00
5.968429998064809006e+00
7.694505506500501468e+00
4.900400464631515796e+00
7.435188836428073600e+00
5.651073445133516060e+00
4.712669859071814571e+00
7.463950759397568469e+00
6.594394714898580645e+00
6.017349218314050674e+00
6.074036220634586591e+00
6.684960592802251078e+00
6.488672604885699968e+00
6.535196219161784725e+00
6.100987221109450687e+00
6.658070306584343179e+00
3.580518866806121192e+00
5.459906045807692010e+00
6.940366066048686555e+00
7.661586380120325224e+00
6.687547149130237401e+00
7.101478672254820879e+00
6.511390357856183364e+00
6.780956786719634088e+00
8.896251590773033513e+00
8.241958523494002264e+00
7.808045479028741909e+00
7.541407293841511539e+00
4.536720159478408121e+00
4.767632010909309770e+00
6.714182068148681459e+00
7.600898102069844064e+00
6.037740685814444674e+00
6.176536094206549699e+00
4.467754171581276523e+00
6.565570399120719713e+00
7.253849063736115710e+00
6.978035173058825258e+00
4.974340178020000280e+00
7.092398112369456165e+00
7.262303241850530000e+00
8.054838305314209634e+00
6.570667517286731041e+00
3.923580861472078407e+00
4.458878545129714155e+00
4.796785461923625427e+00
5.921798632929974104e+00
6.704337879971180136e+00
6.089737103551200015e+00
5.333468781765291489e+00
7.730229217009945586e+00
3.883050747262272395e+00
6.669948621151327472e+00
6.970053386707741438e+00
8.424655505980858550e+00
4.733038724710992184e+00
4.358587397523002060e+00
6.479380719987824833e+00
7.502109734801391205e+00
5.617514046308896170e+00
3.747775451754331577e+00
4.464303984460886277e+00
7.850022109447240659e+00
6.267919412553960790e+00
3.527512183673332302e+00
6.085704596910369801e+00
5.496032823903717279e+00
3.927477680256787451e+00
6.599019850936691078e+00
5.274125704466809950e+00
4.087776159971972412e+00
7.010019550730769211e+00
4.740611628060511507e+00
5.919765773175006629e+00
5.492053738111800421e+00
5.321894548806268332e+00
6.445804970926276134e+00
9.560287508622993258e+00
1.018380658587926391e+01
1.271680698073603999e+01
6.671550545782783281e+00
7.158234113821555056e+00
7.946692526420791047e+00
6.308325372520974028e+00
5.105057253308418197e+00
6.112916906147402685e+00
5.640489155850512581e+00
7.342221700563308140e+00
5.202085772283216336e+00
4.960930684799023993e+00
7.675437368304691255e+00
4.766421761377866773e+00
4.203917627820912273e+00
4.776092141758766729e+00
7.460796991910354947e+00
4.542774813381755372e+00
6.441635965766048244e+00
7.765115752284449613e+00
7.469052438782303405e+00
6.497565349441820182e+00
5.972389542902944548e+00
6.795442271355995878e+00
7.912724619428476380e+00
8.568404984382487655e+00
6.879799419199287946e+00
7.595233318522923049e+00
6.553590324223339536e+00
7.526384556518072699e+00
7.926380556806504885e+00
8.033771625472464706e+00
6.149930954317335718e+00
5.960786959899540882e+00
7.236300485280240835e+00
6.611399832901334150e+00
4.765254147379915040e+00
5.227990173254872808e+00
6.404708450419716037e+00
3.934965307574180393e+00
5.438458780968794315e+00
6.864837080067239583e+00
6.038846840137068739e+00
5.014120587445284549e+00
5.980716106145054667e+00
4.172606764052217976e+00
5.130244423942449394e+00
5.942608837949093115e+00
7.230183779436702096e+00
4.655613556003478593e+00
7.581922149784572795e+00
6.313594623640700121e+00
6.814912141133618206e+00
7.489599330328725380e+00
5.293847137866849906e+00
7.778904495085465776e+00
7.121716224483203739e+00
6.921424823782178493e+00
4.722735934466049557e+00
5.720431539790827635e+00
7.847303062496649773e+00
5.338369476120160328e+00
7.341468322191844642e+00
3.954994281847583615e+00
6.260862891879522607e+00
8.526635380549578258e+00
5.978243856749408280e+00
7.453156138643123541e+00
6.345105761999321636e+00
6.260450809371119973e+00
7.183842439548573822e+00
6.878326484839564436e+00
6.151024608433163010e+00
6.075253036395808159e+00
5.621634345119770337e+00
5.647876285447474665e+00
5.161559933480452500e+00
5.585260871830111995e+00
7.544945611598930846e+00
6.425023645048812071e+00
7.161500146024580182e+00
6.309456548220870431e+00
6.647315864393570806e+00
6.749278685727400529e+00
7.700829635343758639e+00
8.948609293127896436e+00
8.376716467256915877e+00
6.856812951780153931e+00
7.370221545258799800e+00
5.888568146397153313e+00
5.188237266213088006e+00
6.488196865282510828e+00
8.989331712045629530e+00
7.712941977550840100e+00
7.682752708198083980e+00
5.456616631762539527e+00
7.315127355109723339e+00
7.843298350384080742e+00
6.905771526987261488e+00
5.432759054366832707e+00
6.088866134699808974e+00
6.912035814524243094e+00
6.502099244319246019e+00
5.422070021689727071e+00
6.028201296974835088e+00
7.716100334828547957e+00
8.014450066165558439e+00
6.133860804660796973e+00
6.628458778961325848e+00
6.630557588569547356e+00
7.704481674912077693e+00
8.135494565829803904e+00
6.583150103886670657e+00
6.332613002168992367e+00
4.614207116473473924e+00
5.921788448696434060e+00
7.011362548045183551e+00
5.415794667419158159e+00
5.771676083339391639e+00
5.686063575682113402e+00
5.629903997775505431e+00
6.634152371250126023e+00
6.934500290733915939e+00
6.255974273647643358e+00
7.729747585043185154e+00
6.081227064885760036e+00
5.870475797795954520e+00
6.167044299582145506e+00
5.728954503426759715e+00
7.181183614698577244e+00
5.522242459531925718e+00
5.575822530629789497e+00
7.081893451950073803e+00
6.452632128917671572e+00
5.883153132403659669e+00
6.745831513122066525e+00
6.848729236959377964e+00
6.992990391541552775e+00
6.837738098940480569e+00
6.069720852156999413e+00
6.520624501257244354e+00
7.864350116331767282e+00
6.249650808193726093e+00
4.760816197621691614e+00
7.392963267481060363e+00
5.567131521998385679e+00
6.783224872923244497e+00
8.947185385794071522e+00
6.237509157167945517e+00
8.164186230661305999e+00
6.558412787943239231e+00
6.397910272594688585e+00
7.610886047275545963e+00
5.805878093209711821e+00
6.848416478870010593e+00
4.941824152856147734e+00
6.834424920329493780e+00
7.200958857386694056e+00
5.620586042897572909e+00
7.051709101113980971e+00
6.507395693899377775e+00
6.924751430755915926e+00
6.391651686219505635e+00
6.740705069892464429e+00
5.664184951971013682e+00
6.852529128314684748e+00
7.837615276980722356e+00
7.009015981698625275e+00
8.023027696635795181e+00
5.628756601548032812e+00
6.692364022331159568e+00
7.080232918147222776e+00
5.825400547997122480e+00
6.857083730726140303e+00
7.977445847230630882e+00
5.948240946018946040e+00
7.104870190791352513e+00
6.109075739555679618e+00
7.164828871492734841e+00
5.939857421188169617e+00
6.190306580787390267e+00
6.558242078162957789e+00
6.804015271903850248e+00
7.019036022400186425e+00
5.800183478218524868e+00
5.009908886553701812e+00
7.008995022179080436e+00
7.124051950793182542e+00
8.080580481207276122e+00
5.757087568261570532e+00
8.220336290556764069e+00
6.674924280596707504e+00
6.775787960187557246e+00
6.462487318596206620e+00
5.819293437116717094e+00
6.945305211184776617e+00
7.931858420142191335e+00
7.750244532310961887e+00
7.336181883248849012e+00
7.625749238776632133e+00
6.906684443181663191e+00
6.093764105158455457e+00
6.646366166073880422e+00
7.320265702607442471e+00
6.879700152923843071e+00
6.414125571855649355e+00
6.441494081529570259e+00
7.385842137904718108e+00
6.283069433617471056e+00
7.673067636667603608e+00
6.055383112256090605e+00
6.902302522060522527e+00
5.656781627112340338e+00
6.825501363035988867e+00
8.036049528964920086e+00
6.134629094767066526e+00
6.491368772106306473e+00
5.915959773338317795e+00
5.537486764210581391e+00
6.910041535910285582e+00
5.888091442940306841e+00
5.984428176426430213e+00
6.147698197509866347e+00
6.240585318675772264e+00
6.333944190834627008e+00
5.793184714185097839e+00
5.567457936979971045e+00
6.861458466615183660e+00
6.942022719591963487e+00
7.169568229922286484e+00
6.188651613889972758e+00
7.403175978445254657e+00
7.823450683754987978e+00
7.695654155068108793e+00
6.378240582812535919e+00
6.267871911855670497e+00
6.295455627200633231e+00
6.292152201763120623e+00
6.918787027352866659e+00
6.125465649889493491e+00
6.883041156060815347e+00
6.691796111117605861e+00
6.111010854204226739e+00
5.258271799399445001e+00
5.600384030462711493e+00
7.849807603600151396e+00
8.376082030384413457e+00
6.738554067233045508e+00
7.031640693571436174e+00
5.453105195691729357e+00
6.453634087846784162e+00
7.088114444320736673e+00
5.689273219557080097e+00
6.031617767438508082e+00
6.423649197178169068e+00
7.557558024867456758e+00
6.902988353606089866e+00
6.881557819864156933e+00
6.551143972350825351e+00
6.661202259275104787e+00
6.248158174301103429e+00
7.678219593882300131e+00
7.765488836610545675e+00
8.594764254353925992e+00
6.313501931719647686e+00
6.951933274230681192e+00
6.102783207916467667e+00
7.269831929359760636e+00
7.153163056342163095e+00
6.081557866552946834e+00
5.903033035335592871e+00
5.936006622458153359e+00
6.155850915896077247e+00
4.756321706699798924e+00
6.657671911063069992e+00
6.236703913293286661e+00
5.777145696768246630e+00
6.062445286836451785e+00
7.144036239585480175e+00
6.801571283778437227e+00
6.486871085636376044e+00
6.614975808524020451e+00
7.017095641942444395e+00
6.250313584832267289e+00
7.580632761566460154e+00
7.134764925858696039e+00
6.607100089125094833e+00
6.263430332673045164e+00
6.177046719806355668e+00
6.487581504524013276e+00
7.129281577549865467e+00
6.335330962709079472e+00
7.537758216003247469e+00
5.767096996293162192e+00
6.892285097841343244e+00
7.295253740869411807e+00
5.631523724481311000e+00
6.611825682977161556e+00
7.283066539182796006e+00
5.741732978344564309e+00
6.517710959693384432e+00
6.568316718312770419e+00
6.100419031855819796e+00
6.797749409121739639e+00
6.973809028555287171e+00
6.139054836132696202e+00
5.917211520078897280e+00
7.612191785868058780e+00
6.507129910676299644e+00
5.826509194868876307e+00
5.620417151514875087e+00
6.056609127072807297e+00
6.487929167074983461e+00
7.420782860970560613e+00
6.158473689532911521e+00
6.282875396010077829e+00
6.824639492270832442e+00
6.379452888020437307e+00
6.526598356922118427e+00
6.790874048047416345e+00
5.598057298283205974e+00
6.112143187349993845e+00
7.696760554371049778e+00
6.518003945906986729e+00
6.222708709036055552e+00
5.374921685366917501e+00
7.512273394139023175e+00
7.278893930590154326e+00
5.563318055725481770e+00
6.231307145139517445e+00
6.229108764314021940e+00
6.784840549742765070e+00
6.812288369417047740e+00
6.463081672648231191e+00
6.037664873041833857e+00
5.697704940251465011e+00
5.757439410897140952e+00
6.706220230120252701e+00
7.059804240758042582e+00
5.874381231607771703e+00
5.645143439812508213e+00
6.688136186488906176e+00
5.555474618585800606e+00
7.080673273709333415e+00
7.044721728073627176e+00
6.608725504554250563e+00
6.340073935851298970e+00
6.963068498705520248e+00
7.422407344578631161e+00
5.572213955852872047e+00
5.838165998077315955e+00
7.286244079842837174e+00
6.386797710833613806e+00
5.934011569665953445e+00
6.894747769737479715e+00
8.062291979421821964e+00
7.031766011724223553e+00
5.922694952384158995e+00
7.191942715952309051e+00
7.636768716550013991e+00
6.856648231667380244e+00
7.844387527681162098e+00
7.354935352059743359e+00
7.013270651537560241e+00
7.102608633573229469e+00
7.126158000026230788e+00
7.146502760545686783e+00
6.608764293248513333e+00
5.891844781315048962e+00
6.721312654255474861e+00
6.403262155360263108e+00
6.930387806410607254e+00
6.366331131466441917e+00
6.640955271943455251e+00
6.716094221845696488e+00
7.003362293334028266e+00
8.140644605035296522e+00
6.242062270114792533e+00
7.670135410427160849e+00
6.860281340529239991e+00
7.656345401457339328e+00
6.890847307008899136e+00
5.225760355910836985e+00
5.897380938857835986e+00
5.523738947804028854e+00
6.582260729334026728e+00
7.005080011292270648e+00
7.282259535962009700e+00
6.855222659735935586e+00
7.233187135860095651e+00
6.676247241647590869e+00
7.056632858251850493e+00
7.413062737353651954e+00
8.163722683242660594e+00
6.432006920285739504e+00
7.486676077824323983e+00
7.026205842098034893e+00
7.543953497425334831e+00
6.572126892213306704e+00
6.026666301489129296e+00
7.527238123628015920e+00
6.318287265012759946e+00
7.493203530238256249e+00
7.757916504787209178e+00
7.223383265478390491e+00
7.110733378836492591e+00
5.975822182916571634e+00
6.702728905513602342e+00
6.892164711080292605e+00
8.317233075536474729e+00
6.815687109233754093e+00
6.294100711580480123e+00
6.873253742711669112e+00
8.004415532706911307e+00
8.140394500920972831e+00
7.999580268267786565e+00
7.855231132927334770e+00
7.182851399696450478e+00
7.851561050623088178e+00
6.484030062054889854e+00
6.263660114582942917e+00
7.494129632703003807e+00
6.428665473749783921e+00
7.105278239906005489e+00
6.542915138078400972e+00
6.206082609487847179e+00
7.761807014331848720e+00
7.492529144886802328e+00
7.952701412996963093e+00
7.148818490786065460e+00
6.700363612409065084e+00
8.185431627919145470e+00
8.946696318143093407e+00
7.012796544931263476e+00
7.439411748448220507e+00
7.260798649744958588e+00
7.924945907072046936e+00
7.880384453067930117e+00
6.221308927641537423e+00
6.434013730181430191e+00
6.973169286396611710e+00
7.656882032622142731e+00
7.878142605544836918e+00
6.996725790375244891e+00
8.310219121638894535e+00
7.443521962226721911e+00
6.870173481193148746e+00
7.546294884251930846e+00
6.948697118587911170e+00
6.985611687158832517e+00
7.520492916262501382e+00
6.527345090025094443e+00
6.956065422877322213e+00
7.649677137911345959e+00
8.859723690510072913e+00
7.093415444250232404e+00
7.936060756720983100e+00
6.794233991766258640e+00
7.593663763047072024e+00
6.290317705369658619e+00
6.675729083430105071e+00
6.248045734945876895e+00
6.794914845134998771e+00
7.535916320622583875e+00
7.033036821210368217e+00
6.884998303706059808e+00
6.079444115315455477e+00
5.574903021643875078e+00
6.352819151074181825e+00
7.305995798211273318e+00
6.457077150253132558e+00
4.942955738359565920e+00
6.371204569564604903e+00
6.561298796222213348e+00
7.853798455770703235e+00
7.400357747805858644e+00
7.236376541617680402e+00
6.687863575019307838e+00
7.174535681953220667e+00
7.717266453969675588e+00
7.545401665279366732e+00
7.271871813726153100e+00
7.916513425650363089e+00
7.027211465054264750e+00
6.951454611315856624e+00
6.369385347555571286e+00
7.626499896673628598e+00
6.822124843528490246e+00
7.640048636048507369e+00
8.116739803616242810e+00
7.216596786893816784e+00
7.684366679801334143e+00
7.424689067381038399e+00
7.388053046315986805e+00
7.887953987604521267e+00
6.827527677503908876e+00
8.314939437158670898e+00
9.530244070540593526e+00
6.518126396000424982e+00
8.293103020807464532e+00
9.135804812765035976e+00
1.101587163549991999e+01
1.061375863451887014e+01
9.460835738470240841e+00
8.304569708560279651e+00
8.244949027693710519e+00
7.811632336499960694e+00
7.128597963799093939e+00
6.520212860447566428e+00
7.023387388255542874e+00
6.861386786304295882e+00
6.392064966234425327e+00
6.650167964133760989e+00
8.331379498832626851e+00
7.570125915892426782e+00
6.784316986561686136e+00
6.756854272907866665e+00
7.482592256682512044e+00
6.506967147154674613e+00
6.169500453750359270e+00
7.116885671749041187e+00
6.745345483351464999e+00
5.880358888065927658e+00
6.204430446417644518e+00
6.256004624403034065e+00
5.395189388233079697e+00
7.335013990711297005e+00
6.021885667872387771e+00
6.698933382212555188e+00
6.906724635500641973e+00
6.400973761105342774e+00
7.272198007762679772e+00
6.093704608644744170e+00
5.218077903948694640e+00
7.078425765244245049e+00
8.320851290389045474e+00
6.619633891442601836e+00
7.638796483243856628e+00
1.031724787435636692e+01
9.931412780556795994e+00
1.055073633731524652e+01
1.161206158487255102e+01
1.393966971814262124e+01
1.864130147158765283e+01
2.066659596151983180e+01
1.576052936062370158e+01
1.248854653511077117e+01
8.363359385474177898e+00
7.204450025944953317e+00
6.859644949513250545e+00
6.419871462002457285e+00
6.069374124849020724e+00
6.652308208228116193e+00
6.624830653341210684e+00
5.745479300619403595e+00
6.398065026123519239e+00
5.628188127167655708e+00
7.208086653964813628e+00
6.383999417414848665e+00
5.474877175792348005e+00
6.947337252269008445e+00
6.190373274031013118e+00
4.877840248193887618e+00
8.080673662538828239e+00
7.484860965376679331e+00
6.871833020289850325e+00
5.946211939687179537e+00
6.429506211846339525e+00
6.886820458563994940e+00
6.535303458301637392e+00
5.919416205374215423e+00
5.202995146333674548e+00
5.643877077075668325e+00
6.195338198355587522e+00
5.814918918028044281e+00
5.517190436250015928e+00
6.913073206598383535e+00
6.214745204668487233e+00
7.037562852362157173e+00
5.870229698541650443e+00
6.039294946495290084e+00
5.238997089429732412e+00
6.730255299694667848e+00
6.119832671854056549e+00
6.369618355268114485e+00
6.443671976568359661e+00
7.020263599890469663e+00
6.612361377624890402e+00
6.421927431069523351e+00
7.423175867303589470e+00
6.798739210563203628e+00
7.273537092554929195e+00
7.782397194433148258e+00
6.442427624769584860e+00
6.509613250128802875e+00
5.795261494577953698e+00
6.313976266526879044e+00
5.618152254839722914e+00
5.873663487972359043e+00
5.809833721726081812e+00
5.828469726347090152e+00
6.864866797060424908e+00
6.374656707232642106e+00
6.563111744114735302e+00
5.788853992113656588e+00
5.668108091033532858e+00
6.008076067094426875e+00
5.725271862566041925e+00
5.890258140704219159e+00
5.949566931596810271e+00
5.919693491872714652e+00
5.067863313643640844e+00
6.111404210072327814e+00
6.053200981985711771e+00
6.260953262755506010e+00
6.045425323429108211e+00
6.669061999920394612e+00
7.120779813751148879e+00
6.312695326036417143e+00
6.005464369518332290e+00
6.050642892640827775e+00
5.023977893828204699e+00
6.512977134773308308e+00
5.991409653738927865e+00
5.694251412386706512e+00
7.419178381022512703e+00
6.640209856058258531e+00
6.169664615906897076e+00
6.005382655273698411e+00
6.470087085799232085e+00
6.164250156268178849e+00
6.208499652504571031e+00
7.196827150507489890e+00
6.440462196925018645e+00
6.642210118904945837e+00
6.468068108996683385e+00
4.932203168416248396e+00
5.264607600024120870e+00
5.942979600549381125e+00
6.658593587914599432e+00
6.725473010115340600e+00
7.015938275087572507e+00
9.059129282376249037e+00
7.882396449670951100e+00
4.405258846491230784e+00
6.860131375036087498e+00
5.864881923846875900e+00
6.588154940504372448e+00
5.555207793381414128e+00
5.986425922690592927e+00
7.343219900105553144e+00
4.661737004246005789e+00
5.222835033691102247e+00
7.482130883427266177e+00
5.529542890906700592e+00
5.178216934872170718e+00
5.454133317336749442e+00
5.710113786363834265e+00
6.092848436411691715e+00
6.509460177283373561e+00
5.545102485481972820e+00
5.857014985828337572e+00
6.767477315316650532e+00
5.283473199280471988e+00
4.194863789595007830e+00
6.390987596233030033e+00
7.500301826940594552e+00
6.825879825129568701e+00
5.999720618013344442e+00
6.421484539032877414e+00
6.244622233824651758e+00
4.029417371136498893e+00
6.143102705708008315e+00
7.432823704175365975e+00
5.853328689904929938e+00
7.128652395244188256e+00
6.364808549897329470e+00
6.313121213306764012e+00
5.822981783378015308e+00
4.926743362275916915e+00
4.986996275129287781e+00
5.881219509869807460e+00
6.208993415916631342e+00
5.424693477047662249e+00
5.784776239971614942e+00
5.250726393536368164e+00
5.069745453032814098e+00
5.842031723591039949e+00
5.927188772640592518e+00
5.980870865838157080e+00
4.610970529029916776e+00
6.638202283334249110e+00
4.625553076089774507e+00
6.100572291933373137e+00
5.792222190209954213e+00
7.215918020980710779e+00
4.693218226289641137e+00
5.593945123611007375e+00
5.884238584987463661e+00
5.677761183157184810e+00
5.839939996040833137e+00
8.140750785164055259e+00
4.209140057635215371e+00
5.308243618620426929e+00
7.418054629821179802e+00
6.612252214021461683e+00
6.025360882846014121e+00
6.150759134132459671e+00
4.762424370543305585e+00
7.295869782238157519e+00
6.301932909200745669e+00
6.130862377611842717e+00
6.964923521235151682e+00
6.061817927497384240e+00
5.855022025780773909e+00
4.723405632708841395e+00
4.310954713379410386e+00
7.280463478900975005e+00
7.432461024235206715e+00
4.500249197174261973e+00
5.984960405292716779e+00
5.286565574887155172e+00
6.160787752508489312e+00
6.696422206155747681e+00
6.423031767247370460e+00
6.710948666714608990e+00
6.360202199560402114e+00
6.914505333266785847e+00
7.028646702697042947e+00
6.175977697470355743e+00
5.339821141079755584e+00
5.915489860437834757e+00
4.933638545514618556e+00
6.176964861749566715e+00
6.141306501305302312e+00
5.121764036828460931e+00
7.762132229290449992e+00
6.887616266579223101e+00
6.279876637168237075e+00
6.219143746020517227e+00
5.757641781365842704e+00
6.068659097007920167e+00
5.620107107296163917e+00
6.576464949873535026e+00
5.834772989693834511e+00
5.445990887778203060e+00
5.737353534199843175e+00
6.856411542718932495e+00
4.852436632697898489e+00
5.624716863266788103e+00
6.657555701067921383e+00
7.069127724519351119e+00
6.767582103904909552e+00
6.073684500852504442e+00
5.991495502589256894e+00
5.792717882440074462e+00
6.858348151058601516e+00
6.354916924924880028e+00
6.516266559517665868e+00
6.110115082753485360e+00
5.810046000329454507e+00
5.191226992796280193e+00
6.191984222827010775e+00
5.817774494315925082e+00
5.293042550291890969e+00
5.722050611202691428e+00
5.908305696698570308e+00
4.628091912738324432e+00
5.717974682233146311e+00
5.928997346825605419e+00
6.020099542349326427e+00
6.024519183216942686e+00
5.594517630315501755e+00
6.505328172014734456e+00
5.831664831671346860e+00
5.930949334195904754e+00
6.733221845690239071e+00
6.449616449396208040e+00
6.113544744138709852e+00
5.933064653205656569e+00
6.906142362519124056e+00
6.017363740705115482e+00
6.312165999354858670e+00
7.551172238137709769e+00
6.085227579270743981e+00
6.921259258335091147e+00
6.623899861950362400e+00
6.725874293197450449e+00
6.632516640410050179e+00
5.972377019449250035e+00
6.308435487535837716e+00
6.531223741838963370e+00
6.599745483654352540e+00
7.022302742681792331e+00
6.412641139160630388e+00
6.269903828479643337e+00
6.402597634274756366e+00
6.206853026600272827e+00
6.438072100738561510e+00
6.396601576443982751e+00
7.653825223724804339e+00
7.824337157265322418e+00
6.710318907921752007e+00
5.979333970252688424e+00
6.792963927838084892e+00
6.655155696099257057e+00
6.854993047725640665e+00
7.239518934224802749e+00
6.733466091369762374e+00
7.903872909284052284e+00
6.428666876487715953e+00
5.304432886642920231e+00
6.324002534554542976e+00
5.722269604716312408e+00
6.649951605653510178e+00
5.744216056251357116e+00
5.862710172531117259e+00
5.981153344977985675e+00
7.171781916503825016e+00
6.654292028121655100e+00
7.024847262972576445e+00
6.136487980576732504e+00
5.803934826834860949e+00
7.391592242361890719e+00
5.904800765419885522e+00
5.651891590988392444e+00
6.911994722418074666e+00
6.950631759089585415e+00
6.564015515887091645e+00
5.862602791715904260e+00
6.602765343269577869e+00
7.028260201000198215e+00
8.747995961524143382e+00
6.963200332702812467e+00
6.395613817900987819e+00
6.758955151330032329e+00
7.236993541578343070e+00
5.281076955039769594e+00
6.882890553800450562e+00
6.775392220410217270e+00
6.668137593143796060e+00
6.711618317310248827e+00
6.327574809184064009e+00
6.753362151467018570e+00
6.792809832907702905e+00
5.775946594423378322e+00
6.697640661945996499e+00
6.825064579876864101e+00
5.999768721171084174e+00
5.790763146445994991e+00
6.229229276295391138e+00
6.647238126419033222e+00
5.731752898169157895e+00
8.116733869904154020e+00
6.348089624235475625e+00
7.205302572244189463e+00
6.602731382009729977e+00
6.026100536858576717e+00
6.911046791471670225e+00
7.075533007216121106e+00
5.942848916478991939e+00
5.635311162699701448e+00
6.954714124403223785e+00
5.925412583154838764e+00
5.523582231825032274e+00
6.024065617115468285e+00
6.339460322482433519e+00
6.129511059933353323e+00
6.271399321381140979e+00
5.672334979354273443e+00
6.567173740607045396e+00
6.108420754219612725e+00
5.795160617198060748e+00
5.906977226767450517e+00
6.754555082984842862e+00
5.291692299131608657e+00
6.174941703670279836e+00
5.201056493072038656e+00
6.302655466599622613e+00
5.857944076580980486e+00
7.211157671469482722e+00
6.496388212444153432e+00
5.865447643861767091e+00
5.391374750612160760e+00
6.789464139572691792e+00
6.205468637870374060e+00
6.754801017955522013e+00
7.782174157412683257e+00
5.830193783651075101e+00
6.232190749417885201e+00
5.482927453364832893e+00
7.074639023277870642e+00
6.672175333800258734e+00
6.732632077575180674e+00
6.176144973125220261e+00
7.621118457923229172e+00
6.928212579721906295e+00
5.784211544399797233e+00
3.765705896882842296e+00
8.349120124532019460e+00
5.090775261813793584e+00
5.575304584794817053e+00
5.398733461986495286e+00
5.674956653378398386e+00
6.375367043221062069e+00
5.749594956239237220e+00
6.493097062966730171e+00
6.058739218754714884e+00
6.485610918662302993e+00
5.756509234925712093e+00
6.603707076216623229e+00
5.781651820216943349e+00
5.935204859090363883e+00
6.240006192329062173e+00
7.072005203156411568e+00
5.223893989942454574e+00
5.017779859475690607e+00
8.924314680335900363e+00
5.213166475665755861e+00
6.035140941275390247e+00
7.558418606086288349e+00
6.436832334174193981e+00
5.679145914011614060e+00
5.667182645629908144e+00
6.775827564378182011e+00
6.403113242366361924e+00
5.989365327091102920e+00
6.238195896768301552e+00
4.906648571054167185e+00
6.646866003554035451e+00
7.043525419898408302e+00
6.086411324661028743e+00
6.166961816461024704e+00
5.102368947995674198e+00
6.807995448826262397e+00
5.975069998732317700e+00
5.300553494922154663e+00
5.299230343158360945e+00
7.327676401745709001e+00
5.055392885187844243e+00
6.475759936175252918e+00
6.886187426307250448e+00
8.772925843130988000e+00
7.673114341806588357e+00
5.738123602389033628e+00
5.596026422846154702e+00
6.111414113761550304e+00
7.082268861965337337e+00
5.419802213937062518e+00
1.011455862359889402e+01
4.569742523902093012e+00
7.313284059959513250e+00
7.449966728489019197e+00
6.946036257396484004e+00
5.508113073973705198e+00
7.299552078513159792e+00
8.596347914164907067e+00
3.018456705655519823e+00
7.606877295287890917e+00
6.741961176619723162e+00
6.563107468599944205e+00
5.884383927952443472e+00
7.004532531333450329e+00
9.878463521020579563e+00
6.294934343672576205e+00
6.911952964858224746e+00
7.274196769128760565e+00
4.100288166170582116e+00
7.250314984713494226e+00
5.623913841710019845e+00
8.132982861077703518e+00
5.788038868268162496e+00
6.128131092722038709e+00
5.417770206740578409e+00
4.209371767166627976e+00
7.570435824726950536e+00
5.102769485336791533e+00
5.162887641066670419e+00
5.548417070379317195e+00
6.149913536488244681e+00
6.311805728493782297e+00
5.392615552589706596e+00
6.757755566174687978e+00
6.935576465729488049e+00
6.050024208026885120e+00
5.855244068004233249e+00
6.662888528348400285e+00
7.559449782018100805e+00
6.160361330810673053e+00
5.975934303753971832e+00
6.310055271631194174e+00
6.186374571663934674e+00
8.024022101873820034e+00
5.390739671425979651e+00
6.525002921851046800e+00
8.400939589503211735e+00
4.832569709244809886e+00
6.670271601737871592e+00
6.217434655819219280e+00
5.616608343648162638e+00
6.113241211909196338e+00
5.953355099506051573e+00
6.597740149323239933e+00
6.559029877902625039e+00
6.713054607397402229e+00
5.956487641065940863e+00
5.658476113227569826e+00
5.560237000934438178e+00
6.194939701657228959e+00
6.412102170024768455e+00
6.446250566159257289e+00
6.394090138936944001e+00
5.898582351725013773e+00
7.126457276189021250e+00
5.685034626748650233e+00
4.899796692836932088e+00
7.073784640706081817e+00
6.477259549265352412e+00
7.261028517221394196e+00
5.884072630649140656e+00
5.768872259351821796e+00
5.890369040406569390e+00
5.918258568676051823e+00
5.914008879954395503e+00
6.397472355538178057e+00
5.709943201444654726e+00
4.637470030386603881e+00
7.106038531723336327e+00
5.855723537382101718e+00
6.195501650599585020e+00
6.482308482724391752e+00
5.705774124781754608e+00
5.465496943679124087e+00
6.746108619474440182e+00
8.135827438817052837e+00
5.389149167226931603e+00
6.257089131776227831e+00
7.113850349358782132e+00
6.130638884300188884e+00
5.705820408020751522e+00
8.385315856395797240e+00
5.172832394528780853e+00
5.493171019648670494e+00
7.087943416132405972e+00
6.819834732394157939e+00
5.712421979638859781e+00
6.457308244881469150e+00
5.775329577967665884e+00
6.005257286731170652e+00
5.378707576153953340e+00
6.880096636448627123e+00
6.387345824104010639e+00
6.698519303869243657e+00
7.484316629000167254e+00
7.324953243028046401e+00
6.438556680055495640e+00
5.174674437151800532e+00
5.789631315001079415e+00
5.872973404511323992e+00
6.141384846687288679e+00
6.779380797546756376e+00
4.873709162514122895e+00
6.612666604468876663e+00
8.038717165907382167e+00
8.525931329335930897e+00
4.962841858626346969e+00
6.994749961720874154e+00
8.093498098477565961e+00
7.003353868019129180e+00
5.274275864284788007e+00
6.650239283574578941e+00
5.638976459374265282e+00
6.227807249334913919e+00
5.956985980085192089e+00
5.491419838599184367e+00
5.675246515296910488e+00
5.640448492706124917e+00
5.633673890166565279e+00
5.396109101287786203e+00
7.859198403501708619e+00
5.702440453768223172e+00
5.493781963460000028e+00
6.175481426059617363e+00
6.128100317102036954e+00
6.202682834767204945e+00
7.321400452527612401e+00
7.184365598289572219e+00
6.980299262170321484e+00
6.127319553450496059e+00
6.474604985653489742e+00
7.242546925080152853e+00
8.670337279125284624e+00
8.128955474571597506e+00
4.749441922162247032e+00
6.729975209853392037e+00
7.229847419978286283e+00
5.721742673650065392e+00
5.196360729645250309e+00
6.369349657640404061e+00
8.144762803491808256e+00
5.916349147858801949e+00
6.066941076764103435e+00
7.178384283970249413e+00
6.700570916496444873e+00
6.021590132774586657e+00
7.413247478114177724e+00
7.115768251877272021e+00
5.643015557173246322e+00
4.943219839175339914e+00
4.655850345199121776e+00
6.483106842369562806e+00
7.514595240214044125e+00
5.751789711494494028e+00
6.190195687492079379e+00
7.710340118905278928e+00
5.952676271352955517e+00
5.998992884535546466e+00
7.726458515738632293e+00
5.737259595489502928e+00
8.364199471099556860e+00
6.873833134264623723e+00
7.175362977912127960e+00
4.475955144180133516e+00
8.936547212537176321e+00
4.489854444168574155e+00
5.429636908746435786e+00
6.342127327203139764e+00
6.104661710675340913e+00
6.439538753880793109e+00
5.775444233049064735e+00
7.059346353059689605e+00
6.345114485110386227e+00
6.505224567803885805e+00
6.139895594295201597e+00
5.552401590398251763e+00
5.337411229724135175e+00
6.939612318483415976e+00
5.449423940224095375e+00
5.226047509588862994e+00
6.906284161991559145e+00
5.705430170382984834e+00
5.411010149290648386e+00
6.764109282775039311e+00
5.867635995829853179e+00
4.909519148131910704e+00
6.059891043043167613e+00
7.708606245044657967e+00
6.827444491740971344e+00
6.835099246925725680e+00
7.113060497852716324e+00
6.067451864140787521e+00
6.346590662790673854e+00
6.083031841073925250e+00
7.029581578478737214e+00
6.105923826972314394e+00
6.675293629409677187e+00
6.574799756697799147e+00
6.233788752791281418e+00
6.283975398755703878e+00
5.675847222570555850e+00
6.998824652785228473e+00
6.185299492188625514e+00
5.938650310575198432e+00
5.449104597991127008e+00
6.990139307573070226e+00
5.938866530867050741e+00
6.789423334129099707e+00
6.997892984494590074e+00
6.677109786501504551e+00
5.770091913026055508e+00
8.334966102124601761e+00
5.907054546519193927e+00
3.803967457349446413e+00
9.177474298134429276e+00
7.441179777759483471e+00
5.351446234116552958e+00
5.854617138419322409e+00
5.780822122812860897e+00
7.676429193099711057e+00
8.476931363070720593e+00
7.928769247566999745e+00
7.289921219583050949e+00
6.178810981301775307e+00
5.682009805225462173e+00
5.744215827723530232e+00
6.437220500640221665e+00
5.463695684615697878e+00
7.550326513622719560e+00
6.300848414294261346e+00
6.559041669652589057e+00
6.252825948964966685e+00
5.181542929836831846e+00
1.136273646241632740e+01
1.027664931806501691e+01
6.583883369806663666e+00
7.346548945041327272e+00
5.939845300833901831e+00
1.293393680651478128e+01
6.724574118757083774e+00
6.294766762728123410e+00
7.720979032749776927e+00
7.827692096464178739e+00
6.284120128010885153e+00
6.491306026563007592e+00
5.313436488223035603e+00
6.226055598456734508e+00
5.884326437979374269e+00
7.440585727112232206e+00
6.946019214358375216e+00
7.540409920895741358e+00
6.561887836001671914e+00
6.564471004323205960e+00
6.597650296687964655e+00
5.205563338825839104e+00
7.219596344828050682e+00
6.195133110607279114e+00
9.941933362582537015e+00
6.607939244892893527e+00
4.820116560573849185e+00
5.399718476095833886e+00
6.268278681475807801e+00
6.008840107041244494e+00
6.670277394761658485e+00
5.665163260717132943e+00
7.534224453069333194e+00
6.222834638599827883e+00
5.763933533204891546e+00
5.008062408723119141e+00
6.876276789285156177e+00
5.940507382470992859e+00
5.905203102959441175e+00
7.326056855112187627e+00
1.023609111908873004e+01
7.824160512477837059e+00
6.007845748083030735e+00
6.100461398875911989e+00
6.906141221641721728e+00
6.576463942589054312e+00
7.928317344195860983e+00
5.019073255398422084e+00
6.296922128163259913e+00
4.631286085325849733e+00
6.389267083004869896e+00
8.822450970965073580e+00
6.514553238736424667e+00
6.633710200741666618e+00
6.507758915983624881e+00
6.944041568057039093e+00
4.243189151548386384e+00
1.082330934284767388e+01
1.121079030187710046e+01
4.697482270415751060e+00
5.405975080980041980e+00
6.610286593221040619e+00
6.898227433540912834e+00
5.556883989572773963e+00
6.652059149638659186e+00
5.747340569659752596e+00
7.592017829884953883e+00
5.067628044456949254e+00
7.669074251452471458e+00
6.724646921178427661e+00
8.512094357329869965e+00
6.157401638334396132e+00
6.667070093090511129e+00
6.969263550516723527e+00
6.994358303394543341e+00
6.073572520870818892e+00
5.793927066492160272e+00
8.550662286518759814e+00
6.924896132076230337e+00
3.796177881844500668e+00
5.539568653667083176e+00
5.479562581180880798e+00
6.446685941813925069e+00
5.322314211514258986e+00
5.181333994446683633e+00
6.449262441811519864e+00
5.619401251860225877e+00
4.222496380233978108e+00
8.221784929599772695e+00
8.154659320865214056e-01
1.266722965615890040e+01
8.712431763939578744e+00
4.087595709342241257e+00
5.903281859588759062e+00
5.791772576287222307e+00
4.211854374584379279e+00
4.389232319219189549e+00
5.092087770494421406e+00
5.691347196047309431e+00
4.958361262226569366e+00
5.093267419852528732e+00
8.911813489671942534e+00
7.896006331934039224e+00
6.417998853100819190e+00
5.612143230783160242e+00
5.362521779308406344e+00
6.466934498054498270e+00
4.468592512865114053e+00
7.939897453583577125e+00
6.342862155597373430e+00
7.337570507724812785e+00
4.373762502417607223e+00
5.727179614592006196e+00
6.009123863772654950e+00
5.732494045778484093e+00
6.851389843483919329e+00
6.781693413427971606e+00
4.046005448710672248e+00
7.874330824079459390e+00
4.975506651340201536e+00
3.799451925006517961e+00
5.945070091673815504e+00
6.605574018917522494e+00
5.122370412111711069e+00
5.099895973043629738e+00
7.087206194708806528e+00
5.958846317464441711e+00
5.877939252308337359e+00
7.295164836474641312e+00
6.422030124674544815e+00
6.234865301020134254e+00
6.095503379397219312e+00
5.841182105111287548e+00
4.315764801841237563e+00
5.847734492355128211e+00
7.966612564485072490e+00
5.897998559304937771e+00
6.668438354521577516e+00
6.675111335189836126e+00
6.215352377787456639e+00
5.528506282771270541e+00
6.080194434072211607e+00
7.144381776598612177e+00
6.805436469214105166e+00
5.651334791992943529e+00
6.638258677460218138e+00
5.950879815068167211e+00
4.937972528996313670e+00
8.019546176483014932e+00
6.136973046847556290e+00
6.099968072125670382e+00
8.109434938097543011e+00
8.905908951152810005e+00
4.841692856275907175e+00
6.114607739258131502e+00
5.700727752284133310e+00
5.314459291704573651e+00
5.982274183975439641e+00
6.484375046016369382e+00
6.199193332261810241e+00
5.813546914975378677e+00
6.462040938623277775e+00
7.468104889386333767e+00
6.114326281256089679e+00
5.262347323950923972e+00
4.341752216498829142e+00
6.485505917645829399e+00
5.614258791199203458e+00
6.525701600752005227e+00
6.123735648312975677e+00
5.620412303553762534e+00
1.095512445695707093e+01
9.821820326080738184e+00
5.613200238830881261e+00
7.434817623378234153e+00
5.360832328180991979e+00
6.615406953331151918e+00
6.808219475607567794e+00
6.489504620822948766e+00
4.766710428612586981e+00
5.206751187333451547e+00
4.744551893066508264e+00
5.843635958903215410e+00
7.176340190427267451e+00
6.092370539834497833e+00
6.683584899835177673e+00
4.797410567434569728e+00
5.634725740774676694e+00
7.137819077158303216e+00
6.334690397658445882e+00
6.841971589318096569e+00
6.685180254982953763e+00
5.667849651166155134e+00
7.796735395544602376e+00
7.370505424432513664e+00
5.478346393335213449e+00
6.190502169995225401e+00
6.311428786440073324e+00
6.361503106684997633e+00
6.050530576679856942e+00
6.423941204314778552e+00
6.213722226876297938e+00
4.216835153153956739e+00
7.528862678665348085e+00
6.456207772290350810e+00
7.726180957635026658e+00
6.900244156587794997e+00
6.686053879755553098e+00
6.291865199007763643e+00
6.332289186146016213e+00
6.287105651394390371e+00
6.651704207074088160e+00
7.610222937168720669e+00
5.761084439126727297e+00
5.859895213100220879e+00
6.462426881795526157e+00
4.954784681229374321e+00
6.616407809540465479e+00
5.817931133956981249e+00
5.516866436170098531e+00
7.963071151349158328e+00
6.250636887619574367e+00
3.931677138743839173e+00
5.018755466011341149e+00
5.597012763412049452e+00
6.135538863545440869e+00
7.538030320611349921e+00
6.188183682660761242e+00
6.990617298135108015e+00
7.389035861802469185e+00
6.956661253570153747e+00
5.852055838707348023e+00
6.792392809128808828e+00
5.831487076809108494e+00
6.176279612694478338e+00
7.294145826864681048e+00
7.128261456400158735e+00
5.253156873554621242e+00
5.646450073934190073e+00
6.657059464515554303e+00
3.782647974594659512e+00
6.988943711005516590e+00
6.827380930936667980e+00
5.598891925452070595e+00
4.922120174053783437e+00
5.860790702000751473e+00
5.763913329618906900e+00
7.185000945920405613e+00
5.068471214206150322e+00
5.886333607544504076e+00
6.191456621238073943e+00
7.138699508655943937e+00
5.416722146565386531e+00
4.447656050037888775e+00
5.174169211711470595e+00
5.572063953891627008e+00
6.643430581528122048e+00
5.175089305040322607e+00
5.971329326840443485e+00
4.825052807494839335e+00
6.038076028300261022e+00
5.687093159121493713e+00
4.037838935501077309e+00
5.079079816764791033e+00
4.711854698688895837e+00
6.347167170874503661e+00
6.248326354593652709e+00
4.412594458996821345e+00
4.670336924464027817e+00
7.477562473629110862e+00
5.327863064380052194e+00
6.771085138758722977e+00
7.269252290129887051e+00
6.373681790726559271e+00
6.155038796668392820e+00
6.264597055646093260e+00
5.066115849876545063e+00
5.689092477293728578e+00
5.727029407862274546e+00
6.295731282700709031e+00
7.629954355215592621e+00
5.086247734289650602e+00
5.614222097844922210e+00
5.048830755133120185e+00
5.725688789429640657e+00
6.093523205745253080e+00
7.227559512148514997e+00
5.385863956504475247e+00
7.319044756660629147e+00
2.169580925759587497e+00
5.301012931230562053e+00
4.897220855040401943e+00
9.383162770101550976e+00
3.837510201513860686e+00
5.000749439859450973e+00
4.957276119451557328e+00
4.955405859360938692e+00
5.976518055660489992e+00
6.278878604552595277e+00
6.948824552060033355e+00
4.899063480514278979e+00
4.934014340953362776e+00
5.185384417262665302e+00
6.406938994609245874e+00
8.438729706343776726e+00
6.116650196751302282e+00
5.538502367994119879e+00
7.102858238240851385e+00
7.933626400047725014e+00
5.656225928754042620e+00
3.794948771184323721e+00
4.760253120710126851e+00
3.850533287126837845e+00
6.417315891654373772e+00
4.312150208927771899e+00
5.194082460692667880e+00
6.190326113516820605e+00
5.983343528351036333e+00
6.041710135422837524e+00
5.521601615700276966e+00
3.471054652617127090e+00
1.433589081022322631e+01
1.464094551136036149e+00
3.458770005273253290e+00
4.481570245506476091e+00
4.444007993752018493e+00
5.180993790356405171e+00
4.827852042948510558e+00
4.190573388588966885e+00
5.960678662116562165e+00
4.577119000059512111e+00
7.111116449347271384e+00
4.806054105834008716e+00
8.104422743992573785e+00
4.804653126908394078e+00
4.129586556596539282e+00
4.467747603152552927e+00
4.554899913075245443e+00
5.052388344261693476e+00
5.119691007819722195e+00
7.896011626776515691e+00
7.177457346207949840e+00
5.564744789208464937e+00
5.495851472843426677e+00
5.869125442259923275e+00
7.606704060373577825e+00
6.255235246762277157e+00
5.938372301009092524e+00
5.736328548085008805e+00
-3.932374290193574318e-01
1.351900664416667475e+01
6.903421154646543378e+00
4.501304415712912288e+00
5.699332445003602032e+00
4.957798536787002774e+00
7.508970737235189929e+00
2.380773471555071019e+00
6.954775115549398201e+00
8.380763558761016085e+00
4.759124083773070168e+00
6.233116990081590814e+00
5.421437783927371967e+00
5.271520858706741031e+00
5.613185703195462395e+00
4.976986996013755160e+00
2.783022616387770931e+00
1.060880318983051041e+01
7.706308234727718975e+00
2.980563847518872045e+00
6.444786869900626769e+00
6.535920128630917425e+00
7.789949951003061202e+00
3.909185451163099678e+00
6.396690249665509143e+00
5.430027465638663564e+00
4.737336526472300413e+00
4.464315890147516619e+00
6.597203141281600125e+00
5.684044304427671612e+00
5.918631145745441025e+00
4.420853488305096946e+00
4.837315976133884199e+00
2.498268403543226324e+00
7.759631413773073305e+00
8.797044460643835606e+00
4.769760754759583499e+00
7.120744854889895947e+00
5.429010972467417595e+00
4.982620801966170632e+00
6.654513533056251262e+00
4.715058183021003657e+00
4.058945987594401394e+00
6.761803897352190340e+00
5.991790436642202344e+00
4.976973683529026360e+00
6.395080574800773299e+00
5.189022610170323624e+00
9.221468589479778544e+00
7.363993125656920213e+00
5.741502912339983666e+00
4.619964146920138681e+00
6.395144145531333812e+00
4.497399199803649772e+00
5.054035600896296110e+00
9.810425471906931705e+00
4.857830107660145558e+00
6.672070157000437263e+00
5.204680704595427976e+00
7.201849415309981239e+00
5.378293279556739748e+00
5.616095287094297284e+00
6.071479417333509154e+00
6.415895047427619069e+00
6.117337763254944605e+00
6.164545921078018687e+00
5.530565265718597523e+00
7.006400396154021770e+00
5.458081659443349665e+00
7.966517220933755361e+00
6.292657053066052164e+00
4.467788796380006033e+00
7.902813381796164549e+00
6.549706909737373906e+00
6.026664600173748276e+00
5.006002447030529545e+00
5.915147834531111926e+00
7.321044852069388931e+00
8.939191810053133125e+00
6.030079332474485021e+00
6.277627339357859881e+00
5.536286436007595846e+00
5.346754167051951612e+00
6.874891012551694658e+00
6.650045569308694837e+00
6.196116353965721579e+00
6.868298423040048561e+00
5.205208141285529777e+00
6.266578679951670949e+00
6.448021594608317031e+00
5.897494322891954077e+00
4.809659034004896583e+00
5.630609900016377622e+00
4.608203503461961503e+00
6.310435797796411173e+00
6.397523877104154266e+00
7.476281029346983686e+00
8.787083064079347139e+00
8.758366780269655649e+00
6.632779357490151462e+00
5.920854303937753471e+00
4.971804377849522893e+00
7.850844662793408979e+00
6.339618519662353791e+00
6.230859910512015709e+00
5.928375625878246957e+00
4.921497919680577482e+00
5.812383038782527045e+00
6.224945918190915251e+00
6.287219156449969759e+00
5.772990063430444962e+00
4.801322223952947610e+00
5.954668951812641886e+00
4.497251981176471958e+00
7.290899573398151645e+00
7.092700118287248223e+00
5.192871392004921205e+00
7.791576020283435433e+00
7.567104852196051112e+00
7.377972486921458461e+00
5.290860602870199436e+00
7.409968684052796739e+00
9.170933547393216756e+00
5.752264284556156682e+00
6.433419357840825192e+00
7.227426426168209517e+00
6.297676851970649636e+00
5.623240304448238192e+00
7.628355418719079850e+00
9.171585090059879875e+00
5.585815011475688152e+00
1.233304798071506703e+01
6.935953513971087503e+00
7.498758995283385076e+00
6.149780493069847864e+00
3.409912424806716302e+00
6.556024048392661285e+00
6.105598547315281621e+00
9.247660301241147351e+00
8.992198168221156251e+00
7.197945421414685185e+00
8.157982163979362156e+00
7.697062915884240297e+00
8.119269071670190741e+00
8.020879031065147657e+00
6.907288568245891547e+00
5.595133849747959687e+00
7.409691635998317594e+00
5.278060163114019154e+00
7.462607533997689835e+00
5.332317110650278913e+00
6.205445039548692421e+00
8.116761998693087676e+00
7.578617412732109315e+00
5.403791242364447633e+00
4.962803772679020398e+00
8.251954290310116846e+00
8.958909679169487106e+00
8.108194798494565703e+00
6.603035512153987874e+00
9.336277494191838500e+00
7.474573950833950597e+00
8.274026269248722087e+00
7.707707656379231942e+00
9.872979980649164489e+00
8.687642882096865193e+00
9.122671979935008224e+00
1.111536549578367783e+01
1.192064934982778723e+01
9.714406009333441006e+00
1.150307968645774181e+01
9.957052091768424873e+00
1.031211754282123572e+01
7.905298019710403246e+00
7.758132587943247671e+00
1.070769992719511698e+01
1.055986430326574776e+01
1.385688508313045375e+01
1.362428519855520292e+01
1.308260953040232977e+01
1.130238363155231163e+01
7.784494850936576782e+00
1.225743591561562873e+01
1.574636847380020299e+01
1.705963432743227415e+01
8.314883144952585070e+00
1.149060662201949334e+01
1.462385450890343108e+01
1.305466585975968563e+01
8.718522994225477163e+00
9.860660069595583721e+00
1.740007445647590600e+01
1.652740179564335321e+01
9.462918863490273225e+00
9.831251229426204219e+00
1.147530069578897027e+01
9.479422603514494838e+00
8.554847673248037410e+00
9.784868505365309943e+00
1.487971615609991716e+01
9.706685212900916682e+00
9.465370587981395190e+00
9.986948491478184309e+00
1.098461064508552987e+01
6.918034886991456744e+00
9.648070329866650141e+00
1.141329497760538736e+01
1.058168414356558706e+01
1.058095838758562657e+01
9.968277062488679618e+00
9.342627992166908868e+00
1.174230962663886757e+01
8.240018962451991058e+00
7.626186478779638733e+00
6.671349327804489526e+00
1.162929303666710013e+01
3.259104855252165578e+01
1.278345013990827717e+01
6.938824964625796454e+00
4.111053700401550159e+00
1.437712362851456049e+01
1.064522101001836596e+01
4.113126090965199211e+00
7.426091069966818559e+00
8.468193930012073878e+00
7.157310897334819622e+00
6.744180761314060746e+00
8.039237539114592934e+00
1.050814232224082012e+01
8.766110512270486765e+00
8.394997531692522941e+00
7.441803219761085053e+00
8.060310774218342189e+00
7.401824606596449918e+00
7.170838297203614431e+00
1.048080399175082533e+01
5.814774179918818398e+00
7.052503939792774901e+00
7.361865376356282908e+00
6.637964136368577073e+00
9.487353928208653642e+00
8.299424927137307506e+00
4.086695830919147454e+00
4.428680633941013411e+00
4.358776482059667501e+00
8.665645033151097465e+00
1.020155017708119161e+01
-1.155365575760010088e+00
8.008714974201817327e+00
6.476337854264679450e+00
5.384933834349627801e+00
6.024891558365377264e+00
4.267880010822931780e+00
4.886427778653098741e+00
9.499252732569049229e+00
1.053517663158067386e+01
6.049693969500523849e+00
6.171790337583486163e+00
8.042015193505557491e+00
5.347100230909973995e+00
1.902027727707764848e+00
9.796818458624869663e+00
9.928308612325880134e+00
6.002897521341967746e+00
4.537404252599301913e+00
5.106147874074428827e+00
5.915737288418825734e+00
7.649734322412415466e+00
4.077395532442135817e+00
5.666608544793496627e+00
6.391262441617996615e+00
5.307592924038178950e+00
2.078979152279713638e+00
1.013662702571587459e+01
9.731913438055075360e+00
6.479553905841843431e+00
7.137936917822996108e+00
5.943430462688697347e+00
4.639574540084790755e+00
5.538803323853511706e+00
1.295065393732604697e+01
-2.906161484211242652e-01
5.215542098262833548e+00
8.793829585106987423e+00
6.331081136354759664e+00
6.892421859474176848e+00
4.027399755500899126e+00
7.003748505848629513e+00
6.360718426404408099e+00
6.961167570861725551e+00
5.433081503331871787e+00
6.838033657748907146e+00
6.016365385145417299e+00
4.770869784513240397e+00
8.807178952294188790e+00
8.691797374405615173e+00
4.350369261869412085e+00
3.544678870766452050e+00
4.338259501457305767e+00
5.214388622446764820e+00
5.790448507614943452e+00
-2.249541551089249136e+00
9.106198394934905238e+00
-9.697938921845987714e-01
7.058170725013939162e+00
5.828770908068090506e+00
6.047414539158159741e+00
4.454673437265938674e+00
5.877061859518381226e+00
5.993146492380788892e+00
5.638683451991178153e+00
4.311024542244615176e+00
4.825744242420557661e+00
4.757246697008656433e+00
5.837504352657004070e+00
3.975647866338326342e+00
6.312769967493789380e+00
2.905853987761919388e+00
3.161550930854365227e+00
4.821067745984702668e+00
5.004127814451534206e+00
1.036647124966270184e+01
5.179959963376206566e+00
5.721564836106396434e+00
5.569050380197412942e+00
1.020244145703518868e+01
-6.380803400830596939e-01
7.361385407599988717e+00
3.691860709045089006e+00
6.845129436216636165e+00
3.275491462393385511e+00
6.522188702435231633e+00
6.241447409758270837e+00
4.673297439768440142e+00
5.825774150067726254e+00
6.877630683420226987e+00
3.034646871820484204e+00
5.182991519206986197e+00
5.659538314056145047e+00
6.222952240515650324e+00
5.124704430138489641e+00
4.946732052587463180e+00
4.639792010745186879e+00
3.892699388503309876e+00
5.394072637359149880e+00
5.579633126323614967e+00
6.540359160003636596e+00
4.868185345341846215e+00
5.367678276455007946e+00
3.310763161051543335e+00
5.453767478708344996e+00
4.128156932659635459e+00
4.821361442096444350e+00
6.748118639785970707e+00
4.996357765552216001e+00
4.836940653044237592e+00
6.421034745906679220e+00
5.913960916235402543e+00
7.447133047489910673e+00
6.538310271522162154e+00
5.716457253888501455e+00
5.174330766428498762e+00
4.906246445742677764e+00
3.716826914660853465e+00
4.540536747731978906e+00
6.765156861072032513e+00
5.544077859479449977e+00
6.927407719036886569e+00
6.089780492250030264e+00
3.966147506551473523e+00
6.228029199194939025e+00
7.662714041423023481e+00
5.041793295137489750e+00
6.602824083846140724e+00
3.610592463626760118e+00
5.666557480792500101e+00
5.776480828643515864e+00
7.218188095957944306e+00
4.811134980216252188e+00
3.909384671163119052e+00
4.736748195187854726e+00
6.886420753609600709e+00
4.809675534896637572e+00
5.108394933367440771e+00
5.036714463612287140e+00
6.516639466764836186e+00
6.332816970565553483e+00
6.306249845155613265e+00
4.935736503391495944e+00
6.755829092202064956e+00
1.172309044964184421e+00
7.002246480553077745e+00
3.692847766670329435e+00
2.748756117606016680e+00
4.870880388963230168e+00
5.769796351756229846e+00
8.418762690700162921e+00
1.319555851572254923e+01
4.873597443174421784e+00
4.113679945183395859e+00
5.524472295289178270e+00
3.143377004645128814e+00
