7.907469934880323237e+00
7.077135614347792369e+00
1.289005397392021735e+01
8.174425744401414562e-01
9.115033452698478200e+00
4.470612305235638573e+00
4.288852749426316890e+00
8.165709919754446489e+00
9.971427359643042720e+00
1.122637906767467975e+01
1.717204804934122464e+01
2.872756160814300408e+00
-2.248362058467475499e+00
8.602057044678764086e+00
1.006346872944270388e+00
6.098333695694396539e+00
1.875681439647803206e+00
4.599732472434260977e+00
3.358702810517107729e+00
-1.277029058441260911e+00
2.033652176599693995e+00
8.253552523531524354e-01
5.608275212456513614e+00
1.815108512619260983e+00
7.248803063749768683e+00
6.584592312748720921e+00
5.033643402193848537e+00
2.217367521198560620e+00
2.898230483947283886e+00
-4.810689512989825278e-01
2.366226504273244435e-01
5.983880637328204521e+00
3.543055286631461520e+00
5.595664675923304188e+00
4.615457006584013477e+00
-1.241735027572399730e+00
4.707511707273857482e+00
4.714443294868988943e+00
6.042965212478414117e+00
5.971860952422156643e+00
2.236402038691758798e-01
-1.099165995329329792e+00
-1.085785366784069783e+00
6.655343155122517729e+00
1.267751025183112779e+00
-3.843368827066688809e-01
5.148432891138651435e+00
4.108974736951639173e+00
1.404587274620759274e+00
3.354621248359911601e+00
4.648037549247049149e+00
1.822182618817757671e+00
1.214497240611884799e+00
3.711388151208557140e+00
5.513313460794721621e+00
3.917708668860804710e+00
2.431402995589235339e+00
6.611945025078700411e+00
2.909253997895572930e+00
6.650425275453546448e+00
8.873786652161271604e+00
6.578221576061665132e+00
3.877164345424665814e+00
6.883471010322528727e+00
2.214376664542234252e+00
5.552703711203248460e+00
6.077589365499533436e+00
3.468164543854750370e+00
1.057535664930238095e+00
3.687210581976421708e-01
3.852175278122456525e+00
5.937762926780894901e+00
1.053851450970361547e+01
7.479334483477315665e+00
1.605030356664335578e+00
1.162531674077312616e+00
2.172429335050563903e+00
4.018853248578214910e+00
8.842775819417067140e+00
8.037679617570377744e+00
3.289281921551455490e+00
5.184510474417123760e+00
7.441851655210292904e+00
9.064993053611546614e+00
5.307680536924758385e+00
2.648946268294892548e+00
4.387600174257285879e+00
-2.446974649108394573e+00
5.872965195600799326e+00
3.747916606935326023e+00
2.271001963865792561e+00
-4.460509733918189279e-01
4.541203677249486148e+00
-4.685438605458571715e-01
6.185842885055060414e+00
6.346632863960630644e+00
2.994062401838719190e+00
5.198683213304864381e+00
3.587238933092860016e+00
5.269280118325143647e+00
3.364895081154283485e+00
6.062915511648951039e+00
5.025747755858422039e+00
6.229198453967014437e+00
3.634986418667241814e+00
1.651033777866409036e+00
2.970647479459026297e+00
4.429528184963750448e+00
3.862348668861095291e+00
4.522306999293640217e+00
4.924761975901611244e+00
6.183449063059582862e+00
2.288738034795701815e+00
5.081735866950652714e+00
2.471624174934870855e+00
1.164699978585750806e+00
-7.623494885781376684e-01
-1.549587265901926081e-01
5.051975440858029742e+00
4.599422616093621130e+00
4.672433937551516259e+00
7.754488549371924222e+00
3.128525724825831578e+00
1.075086632929476815e+00
1.213369265451791801e+00
4.569587774622685394e+00
4.600988850779984318e+00
2.718302072226143729e+00
6.214686029441206294e+00
6.954860767635955732e+00
8.787036905244653084e+00
3.933269598369697473e+00
6.378331232840554144e+00
3.635571054947563052e+00
5.291149426834142133e+00
6.749537770817745752e+00
5.797019101480541003e+00
7.220848707498646490e+00
5.789308504690112045e+00
2.974494217841992416e+00
5.781930736182385289e+00
3.892114814187067395e+00
2.923293825328933337e+00
5.241727486114029055e+00
5.600385804824187908e+00
2.825814120375378824e+00
6.255143628189935079e+00
3.836824162789114645e+00
1.266703674729285467e+00
6.399199527349235250e-01
4.674562545741511421e+00
2.599564188153491884e+00
6.443615457834459548e+00
4.476487519957252914e+00
2.266997499787740455e+00
5.009789210623853073e+00
1.478683288263963336e+00
4.513819787207904000e+00
7.226048337412713352e+00
-1.171151918157516292e+00
3.527428385433307945e+00
4.984143386649918739e+00
2.874212063188394950e+00
4.517239164370183246e+00
2.876131837778518552e+00
3.797954975695354563e+00
3.219047585500741437e+00
2.721190401280546567e+00
3.914338587744790932e+00
7.232283246407959609e+00
7.595717350992319261e+00
4.609855325153626282e+00
6.022434018068691941e+00
4.397785793521258313e+00
6.961246902311089890e+00
6.312259469793510824e+00
3.960482462093594336e+00
2.888456045176573284e+00
6.393845768461515533e+00
1.742166458566448251e+00
5.145291959071688126e+00
6.488178059886386961e+00
7.159607912509815542e+00
7.047691857196666909e+00
2.904545573760272337e+00
9.430160726389237524e+00
8.254553219469789482e+00
4.217199975969001535e+00
7.538359334530436939e+00
6.039294319198999617e+00
4.478479570206127747e+00
3.902209841944121571e+00
7.994300397692053473e+00
8.950197138292880439e+00
2.018738220728406141e+00
6.895111119831722757e-01
1.813966525376390582e+00
6.052423092534705340e+00
8.311115740214356506e+00
5.613549147500562775e+00
6.167360473518442632e+00
5.587157145038345263e+00
7.742831031385031260e+00
3.890421964959492218e+00
4.369079933328104737e+00
1.950082768518907939e+00
7.563625105382092428e+00
6.635034202993468355e+00
7.191201307021878542e+00
6.419150203282131706e+00
1.040536929134819388e+01
3.157040752388818650e+00
7.959200621622732896e+00
4.835358601255828503e+00
3.093653400435628420e+00
5.691070180332125972e+00
5.650545054253243826e+00
5.301118211320794416e+00
2.131551015796400605e+00
5.600470483839246505e+00
5.396043628736436837e+00
3.147136144576014427e+00
3.746611073539743764e+00
4.554926800350708405e+00
2.790616958850144158e+00
2.923350652448584164e+00
5.021274048166961101e+00
6.106837947664592647e+00
5.003432636059191196e+00
5.695992811888899610e+00
5.855419864195708257e+00
6.734091667536022285e+00
5.228660936679138338e+00
1.019798004459120833e+00
7.561040611209313589e+00
5.722846771797200915e+00
3.479413593509742331e+00
3.768745019413531239e+00
1.788047341559386272e+00
3.826868973828136955e+00
3.535470806996533710e+00
7.252466330822612051e+00
1.537814493796983539e+00
2.921813867120224728e+00
3.482235182300706722e+00
8.023151113406612467e+00
8.180089496332522359e+00
3.760808221272269769e+00
2.310906728906277241e+00
5.045913411596735898e+00
6.304833540652472479e+00
9.186766843054741116e-01
2.728678459672002177e+00
4.600656708630915581e+00
5.242369071343052411e+00
3.459755125148051391e+00
2.938449319441795105e+00
2.185787251407683041e+00
1.071566081509000679e+00
5.272831394469459809e+00
6.884961992522082852e+00
6.834627635032399340e+00
6.685243472304952306e+00
4.731399789451418592e+00
2.420421128161965196e+00
7.611077930885679521e+00
5.511278586855608452e+00
5.756449773396220770e+00
4.933552158546655519e+00
3.457020083358675056e+00
6.328936802879364443e+00
4.145377985617597183e+00
4.596086565911993382e+00
4.926622496268314499e+00
4.218083938304667768e+00
4.443714483513761415e+00
3.248379252070869416e+00
5.109033448334894700e+00
7.958568199832527945e+00
2.770130883174999337e+00
2.345672175271027005e+00
6.834321488227569574e+00
7.620842528543825267e+00
6.903512135586986176e+00
5.968423940734031596e+00
4.879779874881701396e+00
2.710451538938900562e+00
8.694293777546656665e-01
2.363691521974727650e+00
3.093941323640553076e+00
3.117268419329809692e+00
6.300122396783263135e+00
3.030170119598537326e+00
3.029214504574520017e+00
1.145888195360605710e+00
5.465743413787874871e+00
4.154584508598521353e+00
4.715257388122056526e+00
5.534096120445082256e+00
4.421511842761186806e+00
3.459453123753888359e+00
2.277768703538607387e+00
3.252825617691942561e+00
4.570593796166662948e+00
2.796064332805237029e+00
3.412344121056200219e+00
2.871511785563404917e+00
2.922719342735657477e+00
4.406892423674228176e+00
2.372587210248839895e+00
7.116671753943357714e+00
3.999447392860925987e+00
6.435294801943254761e+00
6.785402258507841289e+00
6.419062435120560295e+00
7.856038460062725548e+00
5.667563527608053597e+00
8.061332716916446373e+00
7.079992111569282542e+00
6.397565277907693471e+00
4.742414923216974110e+00
1.936073604181798302e+00
5.075365017600685924e+00
2.529677919231287042e+00
2.774249357250152759e+00
4.395785578026663920e+00
4.981269640639306218e+00
2.015131742668004655e+00
5.598625360563683984e+00
2.741473444596033815e+00
5.039730877654915453e+00
4.135782579590742358e+00
5.571976011611084800e+00
2.798604625833563730e+00
3.120113344865327321e+00
5.434214257357882438e+00
6.335398222089800413e+00
7.700706793027023878e+00
6.065693809402622705e+00
7.549081017873777277e+00
4.030723420000545509e+00
5.218531840316257941e+00
6.150297591132936503e+00
3.456510663382880377e+00
2.037577300067124231e+00
4.573815976805633454e+00
5.036968677938888916e+00
4.801383628783222335e+00
5.691554650201249288e+00
5.096227290338171123e+00
5.649390052839749821e+00
4.223346366779804129e+00
4.266212788035269377e+00
5.177386249450989020e+00
5.497339369828209144e+00
3.883295312701803503e+00
9.018755569231718283e+00
7.480362211632048286e+00
2.925961558705845178e+00
4.790777425681445045e+00
6.037979353654189474e+00
2.866606850186651734e+00
4.913898177415301660e+00
3.142092716451514001e+00
4.770684756046237318e+00
5.274086300505664404e+00
5.712916747456262101e+00
4.429273498801160613e+00
3.719267279694901340e+00
3.063119519703529914e+00
2.128090434673949538e+00
1.885631776548354788e+00
3.390351035448118111e+00
3.682039808985032359e+00
4.389130775128836426e+00
4.019143790053434806e+00
2.816773720166366513e+00
2.550487463880983352e+00
6.793604320336684488e+00
4.517461102472512202e+00
3.469101701789802483e+00
9.333422148861048040e-01
4.173757661097560856e+00
4.927590218122739785e+00
3.251129336883081145e+00
3.740099579072818869e+00
3.799650267572472373e+00
4.467321917729661251e+00
3.343163184272748278e+00
2.178655111976836256e+00
3.607746259242874842e+00
6.221003594632831479e+00
5.778311894662334858e+00
4.185386446363432711e+00
4.316635919956516076e+00
2.909005152255139226e+00
4.146031065967388685e+00
3.812802990254486879e+00
2.974775237150726781e+00
4.735210462488203653e+00
4.162100552190925562e+00
4.986278282509816862e+00
6.539705202184633137e+00
4.323963522813187410e+00
2.632515500893435334e+00
2.701071824794836207e+00
3.506547609774358421e+00
4.351916188590817747e+00
2.552534808928920373e+00
2.884808128995620891e+00
4.151471493305337823e+00
4.499121215930270701e+00
1.837284293547277070e+00
4.132901838562816010e+00
7.583040759635830241e+00
5.191505971659639229e+00
2.968858481257841131e+00
3.670837812884828466e+00
6.080827997449831379e+00
3.926907941957655357e+00
3.636372704921721599e+00
7.586267304148226920e+00
6.197695965712701316e+00
4.003675856130329613e+00
3.636247861410422111e+00
3.516859177502880129e+00
3.604402114503816534e+00
2.323869289541393712e+00
2.245675587728668265e+00
4.680861625751253641e+00
2.942091105278800356e+00
2.226615883970425536e+00
5.001025732808971114e+00
5.792319991292042225e+00
4.304070807098430151e+00
1.974637949883531807e+00
3.357228040083537479e+00
2.644807554377800685e+00
4.145744777547356819e+00
3.098579627607437548e+00
2.475945056233879171e+00
4.689804324233773691e+00
4.293112095557313879e+00
5.042056030980684334e+00
8.111753701831670327e+00
6.360166957778887742e+00
3.847086231650656885e+00
5.353471254948821922e+00
4.680980451259556752e+00
4.434858997987205065e+00
3.943385290941641141e+00
4.180274332219646283e+00
2.753556106123083325e+00
6.526100280861365732e+00
6.339582654433662867e+00
2.094698300593953455e+00
2.192546778158090515e+00
5.213420911919266487e+00
6.234745665095416278e+00
3.876565941375362812e+00
5.798469966146605259e+00
3.008108094049476655e+00
4.692512985644995638e+00
4.200069299751221230e+00
4.313974537093240968e+00
2.591858622364392684e+00
2.774516893746521440e+00
4.851093436313973939e+00
2.333835763442323241e+00
2.930727897017851191e+00
2.354499253074953558e+00
3.625184045654808784e+00
4.704375103117232726e+00
7.088225173951386182e+00
3.798346307166524660e+00
3.522784530748296561e+00
5.173639685660604393e+00
5.484807494889443191e+00
3.741197169179709903e+00
4.464824063976950086e+00
6.140851387934441519e+00
6.211239939095491103e+00
3.048656889576758289e+00
7.907739757614754339e+00
4.395216268996820830e+00
4.669352377033384904e+00
4.290860852659371893e+00
4.511990527041051635e+00
3.038065176152402014e+00
3.835374493401183749e+00
4.885666053328293401e+00
3.809327101914264269e+00
3.782915733308049866e+00
5.438806257875775430e+00
5.579501306742945310e+00
3.486681641449964175e+00
4.842149406101678544e+00
8.659424411113077369e+00
2.869379604720101451e+00
4.335829025804977199e+00
3.696044972095845704e+00
3.596579692273031981e+00
6.198378835794139619e+00
5.470329887333903685e+00
4.789242675495054335e+00
1.397622873707755176e+00
5.516665860665986187e+00
4.470489429018714489e+00
3.018015414620073056e+00
3.941612042797194349e+00
6.251603788476960410e+00
4.270430470123532274e+00
3.506935360334632712e+00
5.158307092320053577e+00
3.926472094176977734e+00
2.589957260189391874e+00
5.157472182016731743e+00
4.904754534936829558e+00
3.794315918832174006e+00
1.939756768717555202e+00
1.337249619674322654e+00
5.219158210930109121e+00
2.772196605418681958e+00
4.564290997421628582e+00
4.387582124156518937e+00
3.420486268850733147e+00
2.849532898109097268e+00
3.168294112172598709e+00
5.765091355064392076e+00
4.322019608493094189e+00
3.514109861500418930e+00
5.372697560754112978e+00
2.870943618845436252e+00
1.466062509734270325e+00
4.036600237822016268e+00
4.002070942685127974e+00
2.709988710076681961e+00
3.927156769328690622e+00
3.831701094232694782e+00
2.303665014646348652e+00
4.952935507976786056e+00
5.450296231262306001e+00
2.811340505411626722e+00
3.693195649374113820e+00
3.092004284556143290e+00
2.398671909774187316e+00
2.842677193194828256e+00
4.141751851002355878e+00
3.265092923114577328e+00
3.269530919168226468e+00
1.821418090092873587e+00
3.724092046425535152e+00
3.833014368700039753e+00
4.144349822629728841e+00
4.665160510966360974e+00
4.587524753030479907e+00
5.124262448724027585e+00
4.510376938381356560e+00
5.938453992513464286e+00
5.609992758871259255e+00
3.018104791934924869e+00
5.755700450271504565e+00
2.074449045932793556e+00
4.747741228967253591e+00
4.124320031335983572e+00
9.531179058244378943e-01
2.120491238535139544e+00
5.257945205943400424e+00
3.244778374867314241e+00
5.836001835493800804e+00
3.150613150236273086e+00
7.073911185592589135e+00
2.257314408450752818e+00
3.427372822263345942e+00
3.361648018910365909e+00
5.277402207296688630e+00
3.610772133314533505e+00
4.308796145350653362e+00
4.895942065910630525e+00
2.989766496966767662e+00
4.642238082495954821e+00
3.243599603838943413e+00
1.806479586963278372e+00
1.933924651803046846e+00
3.671180828720496336e+00
4.329926485144444115e+00
2.534160068389242237e+00
4.741314994263573723e+00
5.491051180893980366e+00
2.695579050149830014e+00
1.010067625023034932e+00
3.325688605866226499e+00
3.966785773702768747e+00
6.114652087139391234e+00
7.099420630716692493e+00
6.511656737815645357e+00
3.953243892730452735e+00
3.552776627772620710e+00
5.124056476089068113e+00
2.883797231777329717e+00
4.570519920864230201e+00
5.823976644254052815e+00
8.476338099027435291e+00
2.825780016835462316e+00
2.266329260680793212e+00
2.867301609595113376e+00
3.246510181549691509e+00
4.799335985865517351e+00
3.652478243101530797e+00
4.556313106315308836e+00
4.236302167544271136e+00
2.290626390324592254e+00
2.334039162205278295e+00
3.459680839142831310e+00
5.204217716355982404e+00
3.885473204841886741e+00
4.434101093817360173e+00
4.949152846320252763e+00
3.203099815574859122e+00
3.307931474648626580e+00
3.210070609532150954e+00
1.588742387109005616e+00
4.138169419134230864e+00
6.217507833401805684e+00
4.630043156862930331e+00
3.944535104723227992e+00
5.501919264621383476e+00
6.418015682775772390e+00
7.311305468904566673e+00
5.682822492946465687e+00
5.745847184582062006e+00
6.078133920073724106e+00
5.499085405546248140e+00
6.318803470897881525e+00
5.530319875231160864e+00
6.221996378130778105e+00
5.465357878578159578e+00
3.742148539680770991e+00
6.218639728846887316e+00
6.630313967089177751e+00
4.392158345088714277e+00
7.243135392613742951e+00
6.821168557939426336e+00
1.807453525441427900e+00
7.144485673349418420e+00
5.509322332902857333e+00
6.535312806684884457e+00
6.659750718017673599e+00
5.382266217310659684e+00
4.311248288666246431e+00
5.473924486262778721e+00
6.154858023148200630e+00
5.185954845145836600e+00
3.518743475209166860e+00
9.388312255004816365e+00
5.556396642852130974e+00
6.866223465552227623e+00
6.778564486061067207e+00
5.688888461400015473e+00
5.145085934487840795e+00
3.885410973221794073e+00
5.486920130239165694e+00
3.259955318156801063e+00
4.360571000315744072e+00
4.166438064419455856e+00
3.847346471898167586e+00
3.397055084095219613e+00
4.664067610538170428e+00
5.691795641578790033e+00
6.504987325234694140e+00
2.968641064723624101e+00
6.603883955520340798e+00
5.145864189350158213e+00
3.893815346860619364e+00
5.166613102520121181e+00
5.293126875671911868e+00
4.473610907627537436e+00
4.613915177685156799e+00
4.728752230318459482e+00
5.185833963665102075e+00
6.265146955419961472e+00
6.256001049818316062e+00
4.595250628106825275e+00
4.779552355401142094e+00
1.831990203992885480e+00
3.770471637098740558e+00
6.072812780407502053e+00
3.759060657978048337e+00
4.107176932337047504e+00
3.721964054046329906e+00
3.255855291250058681e+00
3.372149659454038328e+00
4.100454354147008651e+00
1.335540706286745261e+00
2.839265858387880481e+00
6.198255764866880568e+00
7.264847034279583227e+00
7.582746624691470316e+00
4.860562443731963000e+00
4.413800447218199530e+00
6.347704413455421246e+00
6.320127055238558000e+00
5.148929621433213200e+00
5.870712196132062743e+00
3.066847227001193943e+00
2.377020862009640467e+00
3.330481291249247633e+00
4.937774825708139304e+00
4.239033558953040348e+00
5.783260936179541289e+00
6.871182217335383591e+00
5.650868526359306365e+00
6.149152184451189385e+00
7.620456405521053966e+00
9.450016400083731227e+00
6.402884706611074783e+00
7.344630487289636633e+00
9.398461505067132293e+00
6.182811023090294178e+00
4.891367269464024226e+00
5.376770853221024105e+00
3.456536403494308907e+00
4.670071296188289978e+00
4.279115030132823350e+00
2.822227719270476776e+00
3.821670260135836994e+00
2.339705002142101975e+00
4.987886812284562765e+00
4.541630112125367269e+00
3.087715479225693560e+00
2.407405725866073265e+00
5.016884137628631279e+00
4.189691269554520758e+00
4.136557689735298915e+00
3.412037651241172309e+00
3.179795946868403167e+00
1.653820989373852246e+00
1.601382536620324037e+00
3.838594636128650261e+00
6.299471684454376330e+00
2.984005627926411552e+00
4.251007194074996498e+00
4.530531726145659910e+00
4.081034514446312933e+00
3.603061897902487765e+00
5.848849962888874821e+00
5.037188143963741815e+00
4.754474168282857072e+00
4.701607256721096917e+00
4.664016686896525599e+00
5.256250305914605292e+00
4.433298560267208366e+00
3.441271564796907434e+00
5.199748865961680622e+00
4.953603891689311922e+00
4.034729401220266354e+00
5.116940490901930261e+00
5.391026820154899646e+00
6.103172309636043735e+00
4.123057420569923970e+00
3.550614947171202296e+00
6.052485304861539461e+00
3.941918117949923861e+00
2.921806523559321356e+00
4.870830337776125951e+00
5.420313658978737514e+00
5.159741229654486006e+00
5.583996620144128897e+00
3.256972094715719468e+00
5.579391867910588054e+00
5.090747171938478921e+00
6.477485280306966686e+00
6.115429125124893339e+00
5.200583758078633601e+00
7.289965940908715858e+00
3.569665595849006223e+00
5.709907672149034497e+00
6.199903943916992510e+00
5.900209339923229379e+00
6.481745814852663656e+00
4.746585652470092676e+00
3.993557295773464855e+00
6.748766254650875318e+00
6.300119066339926022e+00
4.982439272893928184e+00
5.692347274288432679e+00
2.736527331792898199e+00
3.929339273018055856e+00
5.096715172949721762e+00
3.127219753863125895e+00
2.922380993495491630e+00
3.719252887607752633e+00
3.129351753631249622e+00
4.499486360508067939e+00
5.159085708148587912e+00
3.998199534958765788e+00
2.173996270357896776e+00
3.167099261212685590e+00
3.728779526861258020e+00
5.157141203828212284e+00
5.043875912417795426e+00
4.224678156160089237e+00
5.700678762688832002e+00
5.362421527343641081e+00
5.580081442080212284e+00
2.991262420259275245e+00
3.786332174249680715e+00
4.936917138126198701e+00
5.838778722656121190e+00
3.432094335388434114e+00
2.747774822444655207e+00
3.510328372537410591e+00
5.304914042131686713e+00
6.728548717012083458e+00
4.339295910895036634e+00
3.040334780413693760e+00
5.562056382244621844e+00
8.359947173977820611e+00
3.910493530389990369e+00
3.972386603253634352e+00
3.672078363437757620e+00
4.832247048202692241e+00
4.112588607731491486e+00
3.444924833490933924e+00
2.295471582782503184e+00
6.390991705940490597e+00
3.156348245425124155e+00
1.643617543711596074e+00
5.417159383330436562e+00
3.078321138973190152e+00
2.591359579721607354e+00
3.057188850506098010e+00
4.783953664193392186e+00
2.915362106288780897e+00
1.650230061368167300e+00
2.707550607786453511e+00
3.352221331352358114e+00
5.028608745919139089e+00
3.356080145104123336e+00
1.575749039846237265e+00
2.745244833199387280e+00
4.529354237348143464e+00
3.039609763788901464e+00
4.140403043570171526e+00
4.854461312985582033e+00
5.150913226758004448e+00
3.249526322473395901e+00
3.663298059102575888e+00
6.830618367143414638e+00
4.413427866675601052e+00
4.829881879403115974e+00
5.407411108574789793e+00
5.531658766309567987e+00
4.148154669159313634e+00
4.783390809060693805e+00
7.185507594599443770e+00
7.242090130814825777e+00
2.866296498305493046e+00
5.516895062564508123e+00
4.068399276651488705e+00
4.804948922299791647e+00
5.503128829076777251e+00
3.630035562713835873e+00
5.178165302265298031e+00
5.024192308571961973e+00
3.716648181874747436e+00
3.860336832308666644e+00
5.678246382343012044e+00
4.802483842001469938e+00
3.616792218186319463e+00
4.092499606832173065e+00
6.632673322939901084e+00
4.978830237095638545e+00
4.256385710704839731e+00
5.046283098725704797e+00
5.908052691334129136e+00
4.579405245944805358e+00
4.424757067116970255e+00
6.938189299273574306e+00
4.357507395519831128e+00
4.916297828337260256e+00
4.320702384285097786e+00
5.074129132098078365e+00
6.123373547604700207e+00
3.741813929092881352e+00
3.577036646674499831e+00
4.146953966313675188e+00
4.530494744148501951e+00
3.929459750098045490e+00
5.702502577373277148e+00
5.790886202991288201e+00
4.750807324479008997e+00
3.767307451019084041e+00
3.556970133174031101e+00
4.050907869189577681e+00
4.418500306883685447e+00
6.218745651746114156e+00
6.343586144342422628e+00
6.300006736592625778e+00
6.018324524543655407e+00
4.996626349282990098e+00
5.874545275694637247e+00
4.987668992746982610e+00
5.413098726436723851e+00
6.499886342561003616e+00
4.488836931251650952e+00
6.000106436241083863e+00
4.757720331855572304e+00
6.084150500890851632e+00
7.474348922109333770e+00
6.732064122726005628e+00
7.467059938633196836e+00
6.037133897544380901e+00
6.088748200422184453e+00
4.877532456886853218e+00
5.585289420671553984e+00
4.793346674921980188e+00
4.335706600970183899e+00
6.034918979210728729e+00
3.262024414887717771e+00
5.998238024884841479e+00
6.671419573361987432e+00
7.041506344776099269e+00
5.645027831283774944e+00
8.370827832863422913e+00
4.689255982263247802e+00
6.547776382616063984e+00
7.397396683718139521e+00
6.105713356041460038e+00
6.260114934375691220e+00
6.058541899837199374e+00
7.736650178036081904e+00
7.366869933926474268e+00
4.812218806394557902e+00
6.232708839945297896e+00
5.718825262839970947e+00
3.880046968616909453e+00
3.859403805206677696e+00
3.489008772815162196e+00
3.722559773331869604e+00
2.307577290260423020e+00
3.476604885602410988e+00
4.435962474473267747e+00
2.944897326037001051e+00
4.796481824717816700e+00
4.342913966890602495e+00
2.862173271187841372e+00
4.172776999615854798e+00
3.513549903566638211e+00
3.044169902982408971e+00
4.499119022265469781e+00
3.024117260804143559e+00
3.293016003012710691e+00
4.405748152920118343e+00
5.997070613521133353e+00
4.014443867802120813e+00
4.469341903221625500e+00
5.757645784779340303e+00
6.179494019812784344e+00
6.822556738865326764e+00
5.728914250120499929e+00
4.657323449345763144e+00
5.938591940186985774e+00
7.055967121537756626e+00
5.655540259308581064e+00
5.344065046583587275e+00
4.948464123706201256e+00
5.231744535369301730e+00
5.978808455814322187e+00
5.865873607560550873e+00
7.533784097697092008e+00
7.528067655116559287e+00
4.583038889506362956e+00
4.117286928797994960e+00
5.583027397756042731e+00
3.795553941756773408e+00
5.515337217084723243e+00
7.211045571970885248e+00
5.572588443860131413e+00
4.602540133132422717e+00
4.469692299030824323e+00
4.020639363106145225e+00
3.839320490008727216e+00
3.410631247053355963e+00
3.718417554095024613e+00
2.349680559783311473e+00
2.380161588048055332e+00
2.148929839001918918e+00
3.838581444389187247e+00
2.517898351730742501e+00
4.174817985955952437e+00
3.153747670990104890e+00
4.566722036544933694e+00
2.057031420330768690e+00
4.160733374476379254e+00
5.837319906242537826e+00
6.271371561309796228e+00
6.639952397557795649e+00
6.540847545958871301e+00
5.771542234720683062e+00
5.427342996181801382e+00
5.544913023306468070e+00
7.599965311868271733e+00
5.782314948408386002e+00
7.337891602137296410e+00
6.030552352603402610e+00
7.170297951675737025e+00
8.191581069065344778e+00
7.097332700177992670e+00
5.979019775821810434e+00
6.633815641973662025e+00
8.607227981089325297e+00
4.096724342661275386e+00
6.126423497792117701e+00
7.801439252849561079e+00
8.127564170209723216e+00
8.017935262174718858e+00
5.317433490325103485e+00
5.516819915184520084e+00
6.400540727093248172e+00
6.323103156544770620e+00
5.844983009152672437e+00
7.510636569702818122e+00
5.770686053441386854e+00
7.410599310728300360e+00
8.742952659978032059e+00
7.667368954195455721e+00
7.213347632747475480e+00
7.238864330495318633e+00
7.127048250677625596e+00
7.364858897538518967e+00
8.473823030027322289e+00
8.031329694455077828e+00
7.176603806535999830e+00
7.161456349056178894e+00
5.602285581707397100e+00
7.532506059982506663e+00
6.922525710399860976e+00
6.364241672079020695e+00
7.476006480849842539e+00
7.095294860328504427e+00
8.086346902123041858e+00
7.795416495764266429e+00
6.793615029252426218e+00
6.621074259851256194e+00
6.072203002686728190e+00
7.725726586612286617e+00
9.251963725033633068e+00
6.373896072045731387e+00
7.206273076692854218e+00
6.764493333613799564e+00
8.837545863102612032e+00
7.219637910530933844e+00
6.947072827542731588e+00
8.190492425032060098e+00
5.966711968761676310e+00
6.505816620351422941e+00
7.166244350101269589e+00
4.972127078523403299e+00
6.525976917121369958e+00
9.092475434382311761e+00
7.504158100486845839e+00
8.180219658525173188e+00
5.758599659930156101e+00
8.211802948331161645e+00
7.677732596180860902e+00
7.295053693629399483e+00
7.341759558765843074e+00
6.858447481366703791e+00
6.302628864718955448e+00
6.339728926311401835e+00
8.850209853642834190e+00
4.730780326992611862e+00
7.482934566272462895e+00
7.218655955267237800e+00
6.325282653082587636e+00
8.946289228402363847e+00
8.907866090865477204e+00
6.841585690521843510e+00
8.563408208810297850e+00
6.838516571331066274e+00
7.107427415038369389e+00
6.967057531480234545e+00
7.204036641563623000e+00
5.999361359946147054e+00
6.048104105493592009e+00
6.658451001652667678e+00
4.748512210574867609e+00
6.808473293929671044e+00
8.537779480516640263e+00
7.531079485762902870e+00
6.152229041716621438e+00
5.609368404838870781e+00
6.883806255835880350e+00
7.609386381416180178e+00
6.979477587208248401e+00
6.956454905569636082e+00
7.641995516000345212e+00
7.723394547818248412e+00
8.346484453221620470e+00
7.311052839770753486e+00
7.302617790314466006e+00
8.449687168073564791e+00
8.310144734957539470e+00
5.895768823941814674e+00
6.370150271015468491e+00
8.283627830674355152e+00
6.922714570425169356e+00
7.848751893279548142e+00
6.998561912586924727e+00
7.100365570304174589e+00
5.523965300565969017e+00
6.996074179731650133e+00
8.364489511075014150e+00
8.386631148396224589e+00
6.567022956215706309e+00
7.155824466285759300e+00
6.033030216998787942e+00
8.588383300245867602e+00
8.193117286864874060e+00
8.967371280097776065e+00
8.680983760722758902e+00
7.497079392237688822e+00
8.372288391281193398e+00
8.256480685855375867e+00
3.585433283678902683e+00
5.186505526284372003e+00
7.276881078951872972e+00
5.386872995134877051e+00
6.633298478651870056e+00
5.214310827981986307e+00
4.998996592906150838e+00
7.784173101582609888e+00
7.573464138781589305e+00
8.419728529581753662e+00
7.616130130092552797e+00
7.098336177669754221e+00
6.941049795675545475e+00
7.541041035782505730e+00
6.755110626417643260e+00
8.838403279731592121e+00
7.604016103557558637e+00
6.900539160764793678e+00
7.944330546264404269e+00
7.181177471316199323e+00
6.885663898738379807e+00
8.559454883845774020e+00
5.548551570688114332e+00
5.556709554763887837e+00
8.962973077119347209e+00
8.557855510800411736e+00
5.766401809731946493e+00
7.014382895017539532e+00
5.712883841898722892e+00
6.466448795928366522e+00
7.754253743278276545e+00
6.812970097042256867e+00
6.004978046810340864e+00
7.614748047518164142e+00
6.028043146704912481e+00
7.979495118975307832e+00
8.051721777666434932e+00
5.989984629781234027e+00
6.412108401223380660e+00
7.001287806268839731e+00
6.071523379414287547e+00
7.853990769533649718e+00
6.823501349584515374e+00
6.294674987437669067e+00
6.058734091318886072e+00
6.449052015183034392e+00
6.635068793765672268e+00
6.195622755346663624e+00
6.495146546394519937e+00
7.915966736576977247e+00
8.140917481971195357e+00
7.844060405379877920e+00
7.861240213284302669e+00
6.598066960177709106e+00
6.022503367572686450e+00
7.422382535631008693e+00
7.678436968124888296e+00
6.220507699584026717e+00
7.445584708958722153e+00
7.465125884923631716e+00
7.719429985347151302e+00
7.639570111727317148e+00
7.066302585003646719e+00
7.824685675436794163e+00
7.782158706920220936e+00
8.618339572883787270e+00
6.961015319642231525e+00
6.509979136003086531e+00
6.398817613813691629e+00
7.428499154739238719e+00
7.159162775126874934e+00
6.845758863924022997e+00
8.008357224484855763e+00
5.854707149973614300e+00
7.491607168014864371e+00
7.080319925877999410e+00
6.854319220862651996e+00
5.162905328065354738e+00
4.858754204035615309e+00
8.197984831420857432e+00
6.375498154371651793e+00
6.886089445464789627e+00
5.862701613900513031e+00
5.240390469118620054e+00
5.900092156687513523e+00
7.534554123813569149e+00
6.525321361397138809e+00
6.722909147877329517e+00
6.034256953220118902e+00
7.505118058404219639e+00
7.797320335087726484e+00
5.727500845506179772e+00
8.439767510245031801e+00
6.352369172057341196e+00
4.937295476713140729e+00
8.674980758460220542e+00
5.010981580577394290e+00
7.973286840121588170e+00
7.685838905748078709e+00
7.445708404825933435e+00
7.212954563014055687e+00
7.266780572576844399e+00
7.615928111265120926e+00
6.948534213994538966e+00
8.626788007780485046e+00
5.452648251441771343e+00
6.516104429518063235e+00
7.669718536487700966e+00
6.644871844015604267e+00
6.143267728536181416e+00
6.240899603461146583e+00
5.810782205996046557e+00
6.882709801077267819e+00
7.472170659487057165e+00
7.198622344331350398e+00
7.558880540409451676e+00
7.494023493819895521e+00
6.329102002072583666e+00
6.672179166449700105e+00
6.925984255984002580e+00
6.940793400597597973e+00
7.115468316406090565e+00
7.579877020629547602e+00
9.040259276894680340e+00
8.271312446918601680e+00
5.580151298500947377e+00
8.857902607444525955e+00
7.198915338052936264e+00
9.209263283035589609e+00
9.471360052203047886e+00
6.298721182948913366e+00
6.197185712212467834e+00
6.082637328884286987e+00
5.909183226738500494e+00
8.037640477509834014e+00
5.666952711941947385e+00
7.093082612635537743e+00
5.690294269407186967e+00
7.110962890808871784e+00
6.867067720991106405e+00
7.418172254808278687e+00
6.346452896306437275e+00
7.634598835456697152e+00
7.485199738984257500e+00
6.696262266000966079e+00
6.811906525573773408e+00
8.134604282441909362e+00
7.564112887230450610e+00
5.221319606297918803e+00
7.718202448160690565e+00
8.898576159652588302e+00
1.021882607111156460e+01
7.924353298664316370e+00
8.905015425419925634e+00
7.638388911315558083e+00
6.892648078741246742e+00
6.786806045625720429e+00
7.385525994997602872e+00
6.630395819278383840e+00
6.652205875374687771e+00
6.287234699841302898e+00
6.501846304766841556e+00
7.295933544412299909e+00
6.259302632518640941e+00
7.448380268023436557e+00
7.633944973068135020e+00
8.767589384909737049e+00
6.612895212688468582e+00
7.897932301251302967e+00
6.910198138565677439e+00
8.463050975367101714e+00
8.430893445523000906e+00
7.513488693479036584e+00
7.521766155221984107e+00
7.927674316686568190e+00
6.539224644576991707e+00
7.613836891739103052e+00
6.988392173941351260e+00
7.810842187751907417e+00
6.807814777639736192e+00
7.863513469927818633e+00
6.741895385905782412e+00
7.679850284326365184e+00
8.313504507716238834e+00
6.848578570842184021e+00
7.810943545516168207e+00
7.255513978094304761e+00
8.165410929208928081e+00
8.531602890981554665e+00
8.251600210268644986e+00
7.990509694391654705e+00
6.196377161443232140e+00
7.480934385225793015e+00
7.474207525971306332e+00
8.236554708863234708e+00
8.641595192948029691e+00
7.510797331709877511e+00
6.857923070141597854e+00
6.504838472863373688e+00
7.338195586071284637e+00
7.697525649503423217e+00
8.388704209991884042e+00
6.044565599150883095e+00
5.361732656388207729e+00
7.017505668943614161e+00
6.116074459170569355e+00
6.865386905406769102e+00
6.361250021110947728e+00
5.189336032405485355e+00
6.787220266697898907e+00
6.075027980207753586e+00
5.828191770155308760e+00
6.878024572205204024e+00
5.659963360860037263e+00
5.901958578701741231e+00
6.885381709750610923e+00
6.685608316963283393e+00
5.879340304974824960e+00
6.215221097197636269e+00
6.605160286008376680e+00
5.675576325737151429e+00
6.137739399490270920e+00
6.738709926455683785e+00
6.498225839405066040e+00
9.833176963955086336e+00
8.343628732679134075e+00
7.653473362646334266e+00
7.701116843544722812e+00
8.824855703047218114e+00
7.421213154580095228e+00
8.430045156390173489e+00
9.401617752302378506e+00
8.077174277546795622e+00
8.588932323122515200e+00
5.802471872701921107e+00
7.106702762558266606e+00
6.627369267244640483e+00
6.703272348620362919e+00
7.289412167479510707e+00
7.453922881584593263e+00
1.030799606312149663e+01
9.434976175157203215e+00
9.706563212228466853e+00
8.035430663737747281e+00
8.462917461212704495e+00
6.654534899901986655e+00
7.236709120700351328e+00
9.310314676517032595e+00
9.099376799397516535e+00
7.992896204852034892e+00
7.938906932587079801e+00
7.813752374393894584e+00
6.769746460537763078e+00
6.259810250733696790e+00
9.565378325612984511e+00
9.332437686952379963e+00
8.919339507138811740e+00
8.095522394568046565e+00
9.183025003304841505e+00
1.042752192394439525e+01
8.190120096435494546e+00
8.201101277687753210e+00
7.188103053079979432e+00
8.515210342553732659e+00
9.494660842221595232e+00
1.084176120324587878e+01
7.404364649758560901e+00
7.783986044332737997e+00
8.752440586345420215e+00
8.784350001125844187e+00
9.819760196342691927e+00
8.097863413659672105e+00
9.398835039990192541e+00
8.408395449643185415e+00
7.137782174916816658e+00
8.145879367397615312e+00
7.400194450295940918e+00
7.331454613466500625e+00
7.734473452995187515e+00
7.848146302087215531e+00
9.621619527451857223e+00
7.977272546004441800e+00
8.330388672073210543e+00
1.008068817930781513e+01
9.843480588238758600e+00
8.345775471535484158e+00
9.729554438349746093e+00
8.224923280440370021e+00
6.324113590179893940e+00
7.603692385130417009e+00
8.873504258311667670e+00
6.473447450485263488e+00
8.252011596447744068e+00
8.593343862865305383e+00
6.230418805733544119e+00
6.699069494453133267e+00
7.141029146359408664e+00
8.083663387737718864e+00
7.383682088699218049e+00
7.071501482073360378e+00
8.035079644720662273e+00
9.412415150598505420e+00
8.585253725344541564e+00
7.337938411960386098e+00
8.557964832464579175e+00
9.563751838709768194e+00
8.583876210144863350e+00
7.265748802784761651e+00
8.112727365274322366e+00
7.450103121589273236e+00
8.894890610760345595e+00
8.970155769486780173e+00
6.821056904444604108e+00
8.948934710355530342e+00
7.441862800374850373e+00
8.064192726115521737e+00
8.732853943038861644e+00
6.976726561836660068e+00
7.687168331601306193e+00
9.032880445665430358e+00
8.426919241767457436e+00
9.659637123908307643e+00
9.077001815856561961e+00
8.686186456815706336e+00
7.922361395166851672e+00
9.466332433039845284e+00
9.812182521797122803e+00
8.922721665099865973e+00
9.044369452266845855e+00
8.912804105931181553e+00
9.808849134701244310e+00
7.708433789882808362e+00
8.054158379987878646e+00
7.825218495647987993e+00
9.701194991846403326e+00
8.094674059807939415e+00
9.078847725102567878e+00
7.686828120930411679e+00
9.205476335591020742e+00
9.853755667601109991e+00
8.563304479731716157e+00
1.011634742969360623e+01
7.363953440635973458e+00
8.749944268349272747e+00
9.870430030034135882e+00
1.039262010278068438e+01
9.725524910594799621e+00
9.009206282887859629e+00
8.365238216247437464e+00
8.840316334307271262e+00
9.492670125154887728e+00
9.468860781360126211e+00
9.477142436544855997e+00
9.439687386268543534e+00
8.152828269547718776e+00
8.403059094691366582e+00
9.449139120918180978e+00
9.706820663810431071e+00
8.290351344666426314e+00
9.951490157172816708e+00
1.083402857242712614e+01
7.677600502470664168e+00
1.021523078180923427e+01
9.311919821254734941e+00
8.343254892492087293e+00
9.862941745029681684e+00
1.028959608861510944e+01
8.452275512847455374e+00
9.072960955259919302e+00
6.754629728537769218e+00
1.030706440743496088e+01
9.415600297419617348e+00
7.592895684600798667e+00
7.932025317685415189e+00
9.466700492246431509e+00
8.415255969680643489e+00
8.493541519133191997e+00
1.005449742283900427e+01
9.422146129402928949e+00
7.832728162700489882e+00
9.813977750209549100e+00
9.060899815384344080e+00
8.621081305997918776e+00
1.006098412910132645e+01
1.001850337870215668e+01
1.111797063874592872e+01
9.130588770638993878e+00
1.026474936351843503e+01
8.736343829586992626e+00
1.026956167007133125e+01
9.403561144010451400e+00
8.710788817629332215e+00
8.662537293942500938e+00
7.113012936019834420e+00
7.785586033498217873e+00
8.883696460453194277e+00
9.421962940024041444e+00
9.441111764954477792e+00
9.823730835072792544e+00
8.827457478669904489e+00
8.998233410026767132e+00
8.649722981454436521e+00
8.525785744824052159e+00
1.000984607468295984e+01
7.298660427183155441e+00
7.739887801773027931e+00
1.053807809553848074e+01
8.660341803615704492e+00
8.992910480879668711e+00
1.130385711677174854e+01
9.063573705088005639e+00
1.106030730865976253e+01
1.003569354825317816e+01
9.069094054891797541e+00
9.357957544854139442e+00
7.075046806113300946e+00
1.070326045599837883e+01
9.910916307452852791e+00
8.908551082690120637e+00
9.225923682414547855e+00
8.361346234349261053e+00
1.052361766802830623e+01
9.005834125986275751e+00
9.786849081249028970e+00
9.964245360889046665e+00
9.568050032050607001e+00
1.078532210027496774e+01
1.004187456388446620e+01
9.233735736173724007e+00
1.317442991833047294e+01
1.054459433011841618e+01
1.236935675884028996e+01
7.991844615989898593e+00
9.963835419826001072e+00
7.792761889404950182e+00
1.083386200060732740e+01
8.325510167229802860e+00
9.047268147817224104e+00
8.954785602350948892e+00
8.330991360072394158e+00
1.003343394493593976e+01
1.217419246220257989e+01
1.009574680613282638e+01
9.888176482822194302e+00
9.792053346134457215e+00
9.759424646050922192e+00
9.286299872479778728e+00
9.646493809484846693e+00
1.028438123261953230e+01
9.603754810320452862e+00
1.010568408198142087e+01
9.973224904664823143e+00
9.241574705157415082e+00
7.606891882387133208e+00
8.778925213420800233e+00
7.754528333817202856e+00
1.105377613682470894e+01
1.024053663128043468e+01
9.554809292798660536e+00
8.472321358947167980e+00
1.021928942837114107e+01
9.487132896396193615e+00
9.146706449291841068e+00
9.977796922569456939e+00
1.026412151510198711e+01
9.982714512114011285e+00
1.091406528963017841e+01
8.862174242035223415e+00
1.172725770324612249e+01
1.051238320385221137e+01
9.948418856449359637e+00
1.032630612198509823e+01
8.144137909013007715e+00
9.295235278286002156e+00
1.039472867041607884e+01
1.143154553025153675e+01
9.905694550019065403e+00
1.025822445936965188e+01
1.105931544627083696e+01
9.167200783759703597e+00
9.931795736970119748e+00
1.009899994323753170e+01
1.104321023964208415e+01
1.087546302530012809e+01
1.062143818210660662e+01
8.574506976782306111e+00
1.006178382842550079e+01
9.934940683594595257e+00
1.046241425473261621e+01
1.085273277876679288e+01
8.737374652897326399e+00
1.092043962683582947e+01
1.094030270042541098e+01
9.240400520979070720e+00
8.165701687803249342e+00
6.927260566681933796e+00
8.909647257234889040e+00
9.241537463030645938e+00
8.864417037612820849e+00
1.016476653171380207e+01
8.786595821547388496e+00
8.916484945577943577e+00
8.405101360846911618e+00
1.121470453344375606e+01
1.015778182964938203e+01
1.039669578430176955e+01
1.093184107053836129e+01
1.058014181513214780e+01
1.007130511299641995e+01
9.717173376034843102e+00
1.017461298978196638e+01
8.013441644570095335e+00
8.515127894807331899e+00
7.772657790471237504e+00
9.569343188852407422e+00
1.095780980940725513e+01
1.148268378287012226e+01
1.160788636733898826e+01
6.865457966918568466e+00
1.074042327958657239e+01
2.460212398946737977e+01
1.816096926112800602e+01
8.645984009483029809e+00
7.399804135275604544e+00
1.034340510669181512e+01
1.134670528382594590e+01
9.778862248158709747e+00
1.125825029004247213e+01
1.146337233518072729e+01
1.045964768211815077e+01
1.039115901524784924e+01
9.151310029390550937e+00
9.311183846909544926e+00
1.069095059759838939e+01
1.048106100841488697e+01
1.033833688198814471e+01
1.038064138102211409e+01
1.074329702838431722e+01
1.031647943236661114e+01
1.004501859097407568e+01
1.006912597088442674e+01
8.838816477244719749e+00
1.123226916144357368e+01
8.676591679341008501e+00
7.738404933479803738e+00
9.602311763234521180e+00
1.012051015026105816e+01
1.003519985746872578e+01
1.047106514272772237e+01
9.772328063021321398e+00
1.154759040629235045e+01
1.208664872333928386e+01
9.220762351691647041e+00
8.366593000545204717e+00
1.175050259422398824e+01
1.118526656641511607e+01
1.164436366007283219e+01
1.011369831464517333e+01
1.051289313786707602e+01
1.193337354621425561e+01
8.718543230700298352e+00
8.195617178539396974e+00
8.634209638577367230e+00
1.011003058278911837e+01
1.101495559856446249e+01
1.133631776971820138e+01
1.019525870839890835e+01
8.812843647748719533e+00
9.322577924174655806e+00
9.728627263271951264e+00
9.178065811307181576e+00
9.235598469061045535e+00
8.578067605219077407e+00
9.440756279580174493e+00
1.015165010866394368e+01
1.158865324192876045e+01
1.191458980151935521e+01
1.225865692771226456e+01
1.043868888692820818e+01
8.557274028279188371e+00
1.042433434466974873e+01
9.336098813313524758e+00
9.811197243245436184e+00
8.658119629499392289e+00
1.008368788614807343e+01
1.116625113122382196e+01
1.158529890500331305e+01
1.092987963884622893e+01
9.578075857938648241e+00
1.065358283776060233e+01
1.084276181900673208e+01
9.172064666151893420e+00
1.086867896485188290e+01
9.413110769098143038e+00
9.710059847148075463e+00
1.031439766605968877e+01
1.056624386872508659e+01
9.248462801316174264e+00
8.926740666655728518e+00
1.070925448773123811e+01
8.396223191053653778e+00
7.430594173648348288e+00
8.821427472335722442e+00
1.120107101700530627e+01
9.733513477402821579e+00
1.059557044496578371e+01
9.216506746172862918e+00
9.287770463199736426e+00
9.492491664292504794e+00
8.383938595618161571e+00
8.477550685584665402e+00
9.032538682887727433e+00
1.157288984889327210e+01
1.057732839913770739e+01
7.921885059590936251e+00
1.064833110060792265e+01
9.498397071245767265e+00
9.967165154228471380e+00
1.130781158667888597e+01
1.322311088835678028e+01
9.711884989666190293e+00
9.129702919358763324e+00
8.093918513128615544e+00
8.494668293918170576e+00
8.582280353611814405e+00
1.104519657045744196e+01
1.004772224041573558e+01
1.084209129815485184e+01
1.059462213399006103e+01
1.161411234667692227e+01
9.801162830875943754e+00
1.107574399569273638e+01
1.066302842528445716e+01
9.694863779941048421e+00
1.288128147530602696e+01
1.104468819972413307e+01
9.030245259498711263e+00
9.980000421747227790e+00
1.047341472875901225e+01
9.962032653589911746e+00
1.112187721874820490e+01
9.712328105936999023e+00
1.133944670797875176e+01
1.021690508677488829e+01
7.714789483872793951e+00
1.147916225830679338e+01
8.947017588444175828e+00
1.074499070741317475e+01
9.493684060209364617e+00
1.071836396711633377e+01
1.049189348171896086e+01
9.564884389722202229e+00
8.867953964482369500e+00
9.573017962305238271e+00
9.851462586071619398e+00
9.781504662006009099e+00
1.049842486840534761e+01
1.057461473659262907e+01
1.175921351990606922e+01
1.217047912335188187e+01
1.130819005149391288e+01
9.728060404114726722e+00
1.088096991741209152e+01
1.273632767736051186e+01
9.765704197090743222e+00
1.065166033328569561e+01
1.205251825738051963e+01
1.094743511478423237e+01
1.060908416191187875e+01
1.050775148064825437e+01
1.043779939650883470e+01
1.057752548702708317e+01
1.100152016626816298e+01
1.049307150979081626e+01
1.136620222179211126e+01
9.123138182838363974e+00
1.169963882494986862e+01
1.084942083741496432e+01
1.008786758301860331e+01
1.053266037351813011e+01
9.833124975499949016e+00
1.039260014812934507e+01
1.206108355140023214e+01
1.151285761285519627e+01
1.070400887299163983e+01
1.119691078894469705e+01
1.093161463619265028e+01
9.577238919379537307e+00
1.167516436723612472e+01
1.038578830042411383e+01
1.105073661288071385e+01
1.164235142684506741e+01
1.250056091187027718e+01
9.424929730137492356e+00
9.575621983201717313e+00
8.357674554268294642e+00
8.950335164995184556e+00
1.147403981785801896e+01
9.076016082884599712e+00
9.927254607295965982e+00
1.052704556019361704e+01
1.235776869768323216e+01
1.117297039968045524e+01
1.048580653186333045e+01
9.998613171218005746e+00
8.623148910633183561e+00
1.033916953901743163e+01
9.515890263293560025e+00
1.200183309812565469e+01
1.174313502907974538e+01
1.111088859385848515e+01
1.077734271765926799e+01
1.104838938555947614e+01
8.573390574667712372e+00
1.013159696890037687e+01
1.210275617964660455e+01
1.225847194875372459e+01
8.306550194490824879e+00
1.213835585032221687e+01
1.023240333140338976e+01
1.204322380572361517e+01
1.290923152841664212e+01
9.438863385140239259e+00
1.087834385336967813e+01
1.143105294869543087e+01
1.174796601201903634e+01
9.530248701187488791e+00
9.838132618665932583e+00
1.110371032576036221e+01
1.031239771484047196e+01
1.137170047569503062e+01
1.059985745988104355e+01
9.501147538352919142e+00
1.016127114537921017e+01
1.024121002847193473e+01
9.696630724971520010e+00
9.809711258637875630e+00
1.090817735044440084e+01
9.510446223496295204e+00
9.439416692958539912e+00
1.116048420335865643e+01
1.036719467108526160e+01
1.083819883433783815e+01
1.250290681786850833e+01
9.901563701518147909e+00
1.219098194728288043e+01
1.005406709361016127e+01
8.965883204085990599e+00
1.125326960013829947e+01
1.014465499711844920e+01
9.802584165246541303e+00
1.209240687319963392e+01
1.040711953218555585e+01
9.505630432142179842e+00
9.024785539600033601e+00
9.332624094361422706e+00
1.174417219392708844e+01
1.055525698096726472e+01
1.232021703224675768e+01
8.793088390293581469e+00
9.043735730733779121e+00
9.172578390824689620e+00
1.208400380903107774e+01
1.221807838158293968e+01
1.087213670518265296e+01
9.980998631302114177e+00
1.167296006841561962e+01
1.091170433462709966e+01
1.027644883835065848e+01
7.472272271793798382e+00
9.640808252469977191e+00
1.158422785919623621e+01
1.018720513603586042e+01
1.132244110979906537e+01
9.678427803626096448e+00
1.118251371691795448e+01
1.156574893326379438e+01
1.242172884631367147e+01
1.115675658402399151e+01
1.091693279662785976e+01
1.163162829446740787e+01
1.033630966961883502e+01
1.019024731709208531e+01
1.037497568519346380e+01
9.234782128792424771e+00
8.981376485147057664e+00
1.168101451363130749e+01
1.200172305191933120e+01
1.164606979782404572e+01
1.104043849815854728e+01
1.132839091605254644e+01
9.118391363089029866e+00
1.129441566217261794e+01
9.997900342866103074e+00
1.042393312037117603e+01
9.204702536576025551e+00
1.049766750973926932e+01
9.427358741932968300e+00
8.884523634752797605e+00
1.188602874566158007e+01
1.072010613130148649e+01
9.109826228354155120e+00
1.303117312272116735e+01
1.363323661359949490e+01
1.002047652961930879e+01
1.077759564661781511e+01
1.047547416564244926e+01
1.293247161703760639e+01
1.164871228863972696e+01
1.231827886314494691e+01
1.074203029862922065e+01
1.085870337175739309e+01
9.096316339648353733e+00
1.118827202100785811e+01
1.196704400854938832e+01
1.326911678015181195e+01
1.106410874370539155e+01
1.083024567346907041e+01
1.201522656560437419e+01
1.253796887301702334e+01
1.158532408432476224e+01
1.225593258515885076e+01
1.116341057999061626e+01
1.095973209405890536e+01
1.229898906009966453e+01
1.227878453523554292e+01
1.295027994901695756e+01
1.159636954475254278e+01
1.163379553252031684e+01
1.218750946768062171e+01
1.270129598725336884e+01
1.107774475297157579e+01
1.097634085498361145e+01
1.106451739323247985e+01
1.246330073684834616e+01
1.253652578923751726e+01
1.242839139295175244e+01
1.217758346209660125e+01
1.002113845443201257e+01
1.012529127510656579e+01
1.021840073195226672e+01
1.093808754889163204e+01
1.119653170531804420e+01
1.015042352429919248e+01
1.025563602043314226e+01
8.857668873864135151e+00
1.214443415652820235e+01
1.106187855764619776e+01
9.776880331355851439e+00
1.057412500263795962e+01
9.898852182814293243e+00
1.102461958980914503e+01
1.067708471607489251e+01
1.005823302040541023e+01
9.921063697019734562e+00
1.086632018802714761e+01
1.207950785261634685e+01
1.260638790016306388e+01
1.144198748907611396e+01
9.893429476332107342e+00
1.254209452690852267e+01
1.133188103143031533e+01
1.170918402225294486e+01
1.223007621760704566e+01
1.301260596168149597e+01
1.209421156045232060e+01
1.502555475953388431e+01
1.462157281453067270e+01
1.492804777167927277e+01
1.595599288076902411e+01
1.477516574671733274e+01
1.612594125454203819e+01
1.561735229282208515e+01
1.393229071427290044e+01
1.436932954998555623e+01
1.313646877955189396e+01
1.201964050965456643e+01
9.488502473008745497e+00
1.081263522103543906e+01
1.110817090811535834e+01
1.083242577315782995e+01
1.159896431337141998e+01
1.001356001402526275e+01
9.153883625551186398e+00
9.871506383597711931e+00
8.946247333813193592e+00
9.141836914105264000e+00
1.044068393637820158e+01
1.012188757764489999e+01
9.789249279540246818e+00
8.627166308225934443e+00
1.063557809566646561e+01
1.152166197753999555e+01
1.188360778809265916e+01
9.738321302070184871e+00
1.127893092073578885e+01
1.195222061922221535e+01
9.291572314004678645e+00
1.042888455976255813e+01
9.722190455975734835e+00
9.867330791650507749e+00
1.090209293893468612e+01
1.073739720048780377e+01
8.235744931906026522e+00
1.178186540201317989e+01
1.014304563558326855e+01
7.868429073661368456e+00
1.100271900612696641e+01
9.835985173575155116e+00
9.478746503856822159e+00
1.078027516863697954e+01
8.889884433969669431e+00
9.968199330141658265e+00
1.011610851980351633e+01
1.073879169744106221e+01
1.135325864983773414e+01
1.239715020885379104e+01
1.138219561250981471e+01
9.607983135574199807e+00
1.178066810415805854e+01
9.410347411429370368e+00
1.052532368130225038e+01
9.356608448303351366e+00
1.115501284981394647e+01
1.213870214320644259e+01
1.056440656607988515e+01
9.921871682970031969e+00
9.700010680582156652e+00
1.085888110938324402e+01
1.066934073626489976e+01
9.376105663861293849e+00
9.495560422093399566e+00
9.705877545908073500e+00
1.075852480970950964e+01
9.885033774706350584e+00
1.246054130679729433e+01
1.158272377564541777e+01
1.093025822850391293e+01
1.079125476335500800e+01
1.068543879651156558e+01
9.411412597954326387e+00
9.811939761814137739e+00
8.721659985317678832e+00
9.595934558638690604e+00
1.120091722596820105e+01
1.207216801320058863e+01
1.095874175951090912e+01
1.190021862697285826e+01
1.038261741841846408e+01
8.931068669963488915e+00
9.859758985217073501e+00
9.412970808410486612e+00
1.069887522106920130e+01
1.081983409651249417e+01
1.008802485480074473e+01
1.045874125394474596e+01
1.033627371117442095e+01
9.814661929372475058e+00
9.725914257510613226e+00
1.004618927259132022e+01
9.834415943454494879e+00
1.036382001210352044e+01
1.082950714609858522e+01
1.266208044776518093e+01
1.105434583850128405e+01
1.118337460939466688e+01
1.084904087823889896e+01
1.088562027409476940e+01
9.916445437621202785e+00
1.024277167083496387e+01
9.924449300688737097e+00
1.045808157321211596e+01
1.028769082621919573e+01
9.188024619641758761e+00
9.599981993300479743e+00
9.240085331523602008e+00
1.008451917150779664e+01
1.068781187166474389e+01
1.004219983117392090e+01
1.066299050542225757e+01
1.000132832244823256e+01
9.576303257329847440e+00
1.050251662876639358e+01
1.060551142722827223e+01
9.742490546334003909e+00
8.499386991374050737e+00
1.122668417933083340e+01
1.149987705729745535e+01
1.005008513462735564e+01
9.301956685846999306e+00
1.016976266264087769e+01
9.858978805030721659e+00
1.051985064145742044e+01
9.108730190741660238e+00
9.010582417177680270e+00
1.069988054823467216e+01
9.841331379105508148e+00
1.066500956564356883e+01
9.849687754173539034e+00
1.037747875987991186e+01
1.104911242624329937e+01
1.047645712750910718e+01
9.753717702834821424e+00
9.435701032744203687e+00
1.262138891259295015e+01
9.151576401421268159e+00
9.303718587636057080e+00
8.515780069833853716e+00
8.177964504954204017e+00
7.604294448632933801e+00
8.228027913375434821e+00
8.992698995360610681e+00
8.100756644059043055e+00
7.455308538392693585e+00
8.787919677744664426e+00
8.622342478921709130e+00
9.622576752851957238e+00
9.630048254932127350e+00
8.989328827905929131e+00
8.687273588825625836e+00
8.185584550311617136e+00
9.569103498194055035e+00
7.856156401573540116e+00
9.659174727813841344e+00
9.560449271237505542e+00
1.030947150552113456e+01
9.747015634551582153e+00
9.499497481554984191e+00
9.016842222813597374e+00
1.127761499373486664e+01
1.059086774665574460e+01
1.257660468487705252e+01
1.090357424401332587e+01
1.093156659755440074e+01
1.001879633885959642e+01
1.009155977311463559e+01
1.201595599895214050e+01
1.101914071171812992e+01
1.152790940270117659e+01
8.609050365532933569e+00
1.180074075318090721e+01
1.204053053489763236e+01
9.837375278877564355e+00
8.446390847781913180e+00
9.713402551595093470e+00
9.872561516421946237e+00
9.448431689310908155e+00
1.040173667994662665e+01
1.041784629697765752e+01
1.251487076830338729e+01
1.250480198049689839e+01
1.221465824744971052e+01
9.676656251730191727e+00
9.198379701590351232e+00
1.117499012087585442e+01
1.064607845462072255e+01
1.075516320926338310e+01
1.099362727431645403e+01
9.484057928736591592e+00
1.011517639720116790e+01
9.810887744491409990e+00
9.028778312026549457e+00
1.233410750910744724e+01
1.007723929417929121e+01
1.145514870170710964e+01
1.104862045132616899e+01
1.108602246603217090e+01
9.930221283183273684e+00
1.026819451442761100e+01
1.150435538209766939e+01
1.132474488097795451e+01
1.270247206616310542e+01
1.170908460555877895e+01
1.207934200545161652e+01
1.190908979817789337e+01
1.062070218350243422e+01
1.164140853810248011e+01
1.110411132633090858e+01
1.087060658354928755e+01
1.102941396642207295e+01
1.109607296098261386e+01
1.120131526453318038e+01
1.068594872147295760e+01
1.223603552965799146e+01
1.091620526024670745e+01
1.069747873469187205e+01
1.065256335751319483e+01
1.051457957357542483e+01
1.183955261976169737e+01
9.505043653074208621e+00
9.379503769119029499e+00
1.095053529367358536e+01
7.515795480458512756e+00
9.965181212221617457e+00
1.092018443426038488e+01
9.728575498872006122e+00
1.008171676248244708e+01
1.173348795528403521e+01
1.074512666905957481e+01
1.068110375645512811e+01
1.061229075818129530e+01
1.182530482302730590e+01
1.127756971590799218e+01
1.251636109020557086e+01
1.132987902588190110e+01
1.064661664990955714e+01
1.248677593289875176e+01
1.187183620936358963e+01
1.272137477341410339e+01
1.139561259530724158e+01
1.136907058418206340e+01
1.306212966362829420e+01
1.182436835217610671e+01
1.181756102400347963e+01
1.195489174029485469e+01
1.095745258623629148e+01
1.077591289800715124e+01
1.055885894687126303e+01
1.180746457693463114e+01
1.120859546031232057e+01
1.097036054472410527e+01
1.261691645937769124e+01
1.242991214177787818e+01
1.290571210354380938e+01
1.312986421103029144e+01
1.261459891606290462e+01
1.381180255584863481e+01
1.344979917422720028e+01
1.361762876140567968e+01
1.142582664602812770e+01
1.156094907058422727e+01
1.155770282983764297e+01
1.084352149281298416e+01
1.241165326344423647e+01
1.249824310703555952e+01
1.068900102400416152e+01
1.209620183243909963e+01
1.174399855472786136e+01
1.189251447476612888e+01
1.062868097642999565e+01
1.101771024420703782e+01
1.124354887917315438e+01
1.179520247199911331e+01
1.040106484168050471e+01
1.072044252130016773e+01
1.093199643916839570e+01
1.121630063850485648e+01
1.100506453623996350e+01
1.098937574859607480e+01
1.213140867513817689e+01
1.219037933805784313e+01
1.127841003799834851e+01
1.070308345591865695e+01
1.113123871783981222e+01
1.064535957644005570e+01
1.078689239363650643e+01
1.136239385071946728e+01
1.114128391967804532e+01
1.136954271082377765e+01
1.174869418817103295e+01
1.343083603540012483e+01
1.290046320448615980e+01
1.284592238099788020e+01
1.247206783071671943e+01
1.224613765564292756e+01
1.196453822273296730e+01
1.385263874673301032e+01
1.198568246471205434e+01
1.217494554725094780e+01
1.249460407779060667e+01
1.120138227482129345e+01
1.170780886456956082e+01
1.183559583726970565e+01
1.112428672636154836e+01
1.142299623510380435e+01
1.277851653359020645e+01
1.044112366211760623e+01
1.336244854195075860e+01
1.196661230800007836e+01
1.207374065279760877e+01
1.163933680029878914e+01
1.371048065182691644e+01
1.172416627941866452e+01
1.157725942940984076e+01
1.235177336930395597e+01
1.251685698395612434e+01
1.252065983496120083e+01
1.156535867674904239e+01
1.161542953131681344e+01
1.145138443722819233e+01
1.061732861581085352e+01
1.134744784991385025e+01
1.169489983799592103e+01
1.224358316812232061e+01
1.170278968483732207e+01
1.133111724156220568e+01
1.098328766570235082e+01
1.202572223028441201e+01
1.091255322067907052e+01
1.291116210961215671e+01
1.068312927157834302e+01
1.180285884039321154e+01
9.179545266739275178e+00
1.073607200796852545e+01
1.052791116545189887e+01
1.060426730630101844e+01
1.116076814577541576e+01
1.254953193878350959e+01
1.239033275718910687e+01
1.203123451226569962e+01
1.194404031613407291e+01
1.157239425205099437e+01
1.249979137069070667e+01
1.289963807889203906e+01
1.373555061323382454e+01
1.085837859933932847e+01
1.137588947264451633e+01
1.083268223048910528e+01
1.075079959481395342e+01
1.086135514789583389e+01
1.038023106227421977e+01
1.213056695994970724e+01
1.238838895485650760e+01
1.128908843738470758e+01
1.011266923474928348e+01
1.181206496765831204e+01
1.009464112922182011e+01
1.127698825045811049e+01
1.230324828355305478e+01
1.168886844814119819e+01
1.127025567086646873e+01
1.245503792934500886e+01
1.272571361071420348e+01
1.186839049274908930e+01
1.160678881282576391e+01
1.263314781225339445e+01
1.250017338760308405e+01
1.263873426679754708e+01
1.200038931998861180e+01
1.143609333256319793e+01
1.110256904752314711e+01
1.001466131360294654e+01
1.129428402825750943e+01
1.164343239814437503e+01
1.069858647694489839e+01
1.106713428973035107e+01
1.152930499098571282e+01
1.200306577748160208e+01
1.198592646390218164e+01
1.323997315556103693e+01
1.110435909864428083e+01
1.177059923516440598e+01
1.029768609088830189e+01
1.129286153865121634e+01
1.081452822500739863e+01
1.107937574115695689e+01
1.229543012083300368e+01
1.185746125687111885e+01
1.185476321701991864e+01
1.135047698652844161e+01
1.179794833230624995e+01
1.127491767610977647e+01
1.246132269526852276e+01
1.241335236138075615e+01
1.095757513376860004e+01
1.128283445446844446e+01
1.235522433774695550e+01
1.139716967759605559e+01
1.214682039837109784e+01
1.146556827829131642e+01
1.244902811704051437e+01
1.254267034679071280e+01
1.171523419036593516e+01
1.161251531892388655e+01
1.257985154175676712e+01
1.260987369309805928e+01
1.168437947712512681e+01
1.072168394971721384e+01
1.236331724190692860e+01
1.250426133113359661e+01
1.062631628028244002e+01
1.189067273342758391e+01
1.235044544661351651e+01
1.105184706056165922e+01
1.085465542727794386e+01
1.119548598960945540e+01
1.133297785345640207e+01
1.122228143466821848e+01
1.119948478363025934e+01
1.021388430408278936e+01
1.113103117988449320e+01
9.737130160477827090e+00
1.195812664298064476e+01
1.103757877961518830e+01
1.128965648324602178e+01
1.146876485452281003e+01
1.079898976004411004e+01
1.201278488015509716e+01
1.182993910469001975e+01
1.114218655364014943e+01
1.121414549796978832e+01
1.123023534058919282e+01
1.209744189169453321e+01
1.227540505114106928e+01
1.242766390678166744e+01
1.198918729973847697e+01
1.288553844929721137e+01
1.188479347005681497e+01
1.107451809034933277e+01
1.271973124169456959e+01
1.214656079310079484e+01
1.202466964379319414e+01
1.094859312938832119e+01
1.226078626181465125e+01
1.227402694570777797e+01
1.179706193622438271e+01
1.264921662571050298e+01
1.107177795882507709e+01
1.107881177098038172e+01
1.164471682306659872e+01
1.138726772032902446e+01
1.183776119652043413e+01
1.211800693099648640e+01
1.180177854885011968e+01
1.252577263410756814e+01
1.247505837302841059e+01
1.227299753900488355e+01
1.305964816018571995e+01
1.145866037288035244e+01
1.164522348279352393e+01
1.175371269365400906e+01
1.212548546168478403e+01
1.121458438805590241e+01
1.303925161940724387e+01
1.173306008786992471e+01
1.255958515783705387e+01
1.160952817529806502e+01
1.223053320738851646e+01
1.147489011693185645e+01
1.108488916641477395e+01
1.114520622516778303e+01
1.130448698014824238e+01
1.187591636826046404e+01
1.167174252807756751e+01
1.123825098154489055e+01
1.162323030017873293e+01
1.055870062134615850e+01
1.135739993679734106e+01
1.083981792261773869e+01
1.137417081248740303e+01
1.059261267604087742e+01
1.217626539492105664e+01
1.126968000624913024e+01
1.078030764408772590e+01
1.050140790426923054e+01
1.177209542099443951e+01
1.055868286262093569e+01
1.121047234003630777e+01
1.180639720721367070e+01
1.255343197306081926e+01
1.159873629386908434e+01
1.056487120385944323e+01
1.163374659370883357e+01
1.202630732530179358e+01
1.278906911694938131e+01
1.254497784603775656e+01
1.252531170115640080e+01
1.202500223528568846e+01
1.247387394170810815e+01
1.083338925046357026e+01
1.110772616935315682e+01
1.088474804526246942e+01
1.183522360217549263e+01
1.083312418797793875e+01
1.113446844113407685e+01
1.111136174464810011e+01
1.135571564075254436e+01
1.205068440562844501e+01
1.281276264992904323e+01
1.121928391145353388e+01
1.236914039144509125e+01
1.239191645944548981e+01
1.221641638247963790e+01
1.175323284250928779e+01
1.107079929821259512e+01
1.257234145523948499e+01
1.123934128088958140e+01
1.222119701174390549e+01
1.192868785843598189e+01
1.148302635880423139e+01
1.284805935500007301e+01
1.126102583402398061e+01
1.110469851719848222e+01
1.067685214420617079e+01
1.143839434808343114e+01
1.245775086955873334e+01
1.218037062851068164e+01
1.245579803954940168e+01
1.280671325154591145e+01
1.236322594817667131e+01
1.267956736455555777e+01
1.352144860623417344e+01
1.230032923248266918e+01
1.139259810165866504e+01
1.132458298118237927e+01
1.225596387001077581e+01
1.328012207513734566e+01
1.264379411276297027e+01
1.218449651052704574e+01
1.210144930698919552e+01
1.197880341588003006e+01
1.265695408551537327e+01
1.211508361450656146e+01
1.190811233126423296e+01
1.281914921607714675e+01
1.328694046671616569e+01
1.220286494169346447e+01
1.114636006399668133e+01
1.154107676754914280e+01
1.154896688750800671e+01
1.218969887984446032e+01
1.205554189872682613e+01
1.278690647705520433e+01
1.124876192431717925e+01
1.092871681904867387e+01
1.286592574432147984e+01
1.106050364818524834e+01
1.186014078527976956e+01
1.213560165207686481e+01
1.165945044075439618e+01
1.328844160822165321e+01
1.170704674493692288e+01
1.263057729649075256e+01
1.053673279338917723e+01
1.141619951934665878e+01
1.090742543006810905e+01
1.176176863423662411e+01
1.299269509678033785e+01
1.236321501442323800e+01
1.058557187491695295e+01
1.224214601237004807e+01
1.301669682723835209e+01
1.123114187238091510e+01
1.254109296104943461e+01
1.208145461599211501e+01
1.256590395107180314e+01
1.129878463965927082e+01
1.312603209266542947e+01
1.320164743658803630e+01
1.245615441505513132e+01
1.204569151106803737e+01
1.107769607761219710e+01
1.202707407809797502e+01
1.201656644296592980e+01
1.146520207352102716e+01
1.207574442991031916e+01
1.115284678514819561e+01
1.180644191016646793e+01
1.233812700931461137e+01
1.303907818055078671e+01
1.003162771953555321e+01
1.206718128858364203e+01
1.123546471229521693e+01
1.116661093614528077e+01
1.199795303840804195e+01
1.234892473062965657e+01
1.283341220295703167e+01
1.187449519392850128e+01
1.313899170041172404e+01
1.236886527407619596e+01
1.175266895774127107e+01
1.303625631650575301e+01
1.235579203177046637e+01
1.140396933479296671e+01
1.156446450220918898e+01
1.202564029275119317e+01
1.274941312786175729e+01
1.243575476345901620e+01
1.372533122187199517e+01
1.312975576763893137e+01
1.169758097633273763e+01
1.198115168301906230e+01
1.294364940745724546e+01
1.308268041578618579e+01
1.289959980898182579e+01
1.262730501763279101e+01
1.150730781165336047e+01
1.066184651727917476e+01
1.255315663726236686e+01
1.231857743405227978e+01
1.221691029776990334e+01
1.277403132971963728e+01
1.200829237657849369e+01
1.362528135384946104e+01
1.154409642360859323e+01
1.163727033020103008e+01
1.176341071596706378e+01
1.143018083067342161e+01
1.256102409591884239e+01
1.277191472668920369e+01
1.298669309313487119e+01
1.253348937828312337e+01
1.100580838769556813e+01
1.151996290707984372e+01
1.279696245394103116e+01
1.231818809312513530e+01
1.272641594485599192e+01
1.212971743597933028e+01
1.333368727487832395e+01
1.241291194922959562e+01
1.216861916115573727e+01
1.321730207811869562e+01
1.203367735707210606e+01
1.174245550415644068e+01
1.247873131041082573e+01
1.400497071709010299e+01
1.262393681955333946e+01
1.281067805736357990e+01
1.151669484260941978e+01
1.180444279730972390e+01
1.194495474029827164e+01
1.320570937056124272e+01
1.237280195554143525e+01
1.285986687895386638e+01
1.381875935129634847e+01
1.309059998990883145e+01
1.304056011505599422e+01
1.193403193452882505e+01
1.270887033615409223e+01
1.233667937042277529e+01
1.364072705228881333e+01
1.317536118605162443e+01
1.225377539022609064e+01
1.344559467298020827e+01
1.154230383912588920e+01
1.180420958990107572e+01
1.252367406379207182e+01
1.400498291358114500e+01
1.309278661158251644e+01
1.211124633739454559e+01
1.265524741486995630e+01
1.205686548518573353e+01
1.204883880608351987e+01
1.246405780206440639e+01
1.243182820423892387e+01
1.162149930292289213e+01
1.179624970127300365e+01
1.315048878323996817e+01
1.219170696004399623e+01
1.216102091926198092e+01
1.185038053310124972e+01
1.244712743117366038e+01
1.139610456195078392e+01
1.195426098450254315e+01
1.217591476312071208e+01
1.162903189969862794e+01
1.192329642812724444e+01
1.222705699496873955e+01
1.340698933360897094e+01
1.263525047083531661e+01
1.288706109666541444e+01
1.249053657772833859e+01
1.264593939244771903e+01
1.273462671087293607e+01
1.211112751624055583e+01
1.278554092840376910e+01
1.316958560631996278e+01
1.150926462389898042e+01
1.200204122411938101e+01
1.162901081678650961e+01
1.243613940543247942e+01
1.125614264775366635e+01
1.177211094090044696e+01
1.169874729987430584e+01
1.078038838162818180e+01
9.314292737959295465e+00
8.966591331735379811e+00
9.935572272264959537e+00
8.967806184379245593e+00
9.035222860506198828e+00
1.052144947142102005e+01
9.884129085537228576e+00
1.136185924878647491e+01
1.033491930949689319e+01
9.842974652652848988e+00
1.100239040171807048e+01
1.190311096963766424e+01
1.114350054991852801e+01
1.131420580164320455e+01
1.138302434947500252e+01
1.046380347335095351e+01
1.169378865133758794e+01
1.045451119558745745e+01
1.158326160706632990e+01
1.197098685386882444e+01
1.158606665559080540e+01
1.301518457786770355e+01
1.236353782847496774e+01
1.072085694147466839e+01
1.239367600622308885e+01
1.150503557561840928e+01
1.329051254478030408e+01
1.275142080054023452e+01
1.259950035569392135e+01
1.284084097215361808e+01
1.297885289173020595e+01
1.201982639693155441e+01
1.236760164306054932e+01
1.179456972083352539e+01
1.228911266407726366e+01
1.133067243743828634e+01
1.267780141149958872e+01
1.209971462976828072e+01
1.210131666147823637e+01
1.178375862438543464e+01
1.249308685286996123e+01
1.132768175326216564e+01
1.142504071803394794e+01
1.286959661060827287e+01
1.204012850161442394e+01
1.270986945619696762e+01
1.072046879683518661e+01
1.253572153383897358e+01
1.178097799142600799e+01
1.135678885159190621e+01
1.231717611833100356e+01
1.116799592279099507e+01
1.173458092680970388e+01
1.305673283495202774e+01
1.308167571227813575e+01
1.141605109048889055e+01
1.258087040811781954e+01
1.251648422438853636e+01
1.141851224026042289e+01
1.201421285024945007e+01
1.218941934489052414e+01
1.194569739739086955e+01
1.187636912774243569e+01
1.262966361473746346e+01
1.218146919434634512e+01
1.205489099480394799e+01
1.194347983072325370e+01
1.120081675925339226e+01
1.096083402264606477e+01
1.171524657876313036e+01
1.095317551744320816e+01
1.235318306703981683e+01
1.257728296155609016e+01
1.235779239934595175e+01
1.046226319967532881e+01
1.230066868969788274e+01
1.212993452830101226e+01
1.296096106888420785e+01
1.317479864314598359e+01
1.267279513216348086e+01
9.976450737308351080e+00
1.162394919402627025e+01
1.309106442100856071e+01
1.155316351494384719e+01
1.218808478911884485e+01
1.253836404156186290e+01
1.183700074347133402e+01
1.322340561766218059e+01
1.128329487799159558e+01
1.240186251184748478e+01
1.199003324328122311e+01
1.154430514427036947e+01
1.213438209385342503e+01
1.256384180762095859e+01
1.155297671197408960e+01
1.232063271557588635e+01
1.264259310340900022e+01
1.119302026752309409e+01
9.963801649608008404e+00
1.386842743891891239e+01
1.375498715535506378e+01
1.386333950603268406e+01
1.333683295240935607e+01
1.264920920505855051e+01
1.299283194978303690e+01
1.356667499974949109e+01
1.300675355522141174e+01
1.233451652515994468e+01
1.196120726025404757e+01
1.286610609420092644e+01
1.291337087572391162e+01
1.266541273117052313e+01
1.373273427237739952e+01
1.294851107746336361e+01
1.250006556268614233e+01
1.429671121192373739e+01
1.280835765509209168e+01
1.243081869817022067e+01
1.264969328514546021e+01
1.255934364174145124e+01
1.239716606159133327e+01
1.202481461041354649e+01
1.250186273816237126e+01
1.277605608743234633e+01
1.509436875425435787e+01
1.198182195699450148e+01
1.269381407889035529e+01
1.347516022990116014e+01
1.328967672701311109e+01
1.326274514389587900e+01
1.474162139795256365e+01
1.283306881381839126e+01
1.308639512105379765e+01
1.369064622745690762e+01
1.260667077318590223e+01
1.307112565013280125e+01
1.292546818650328078e+01
1.018023346786138816e+01
8.336548335769311535e+00
1.359402091548206570e+01
1.198603017105412682e+01
1.396321018965510774e+01
1.227462481381863313e+01
1.109785865741898192e+01
1.171548818966702044e+01
1.250288745904242305e+01
1.209005711641070846e+01
1.019518394126883187e+01
1.227485955342838331e+01
1.369951717820754844e+01
1.159092897930271882e+01
1.272467665622700217e+01
1.418736921255935002e+01
1.152598676927729038e+01
1.147989466923148960e+01
1.504476411890595067e+01
1.173214406969173318e+01
1.237743468999268082e+01
1.157301039176104496e+01
1.321625660475630859e+01
1.207045203633387054e+01
1.236338055969241800e+01
1.113541542127003758e+01
1.236983642188870114e+01
1.267768178587505901e+01
1.110850436142723652e+01
1.307764542616055259e+01
1.331769751898746179e+01
1.312521253209525618e+01
1.382108032172115841e+01
1.157776193844488155e+01
1.142537769820567561e+01
1.347479788754597685e+01
1.215991840656306522e+01
1.258239942942968881e+01
1.194333103653652195e+01
1.185904154712202185e+01
1.225302088706746773e+01
1.230894207652277039e+01
1.209231837669984877e+01
1.286436083686755794e+01
1.108753441567144549e+01
1.297592475417856051e+01
1.306025823487136428e+01
1.260234940190304798e+01
1.126284687865774714e+01
1.320292666273481075e+01
1.192684933306908768e+01
1.265657218006218088e+01
1.208228451426609951e+01
1.111757262050994832e+01
1.134430452765130681e+01
1.235590734619922237e+01
1.150466700464284209e+01
1.217864183488188523e+01
1.041368515188876920e+01
1.080217138551890521e+01
1.086109506141575665e+01
1.065660709571898579e+01
1.034439871022311408e+01
1.078365984063781369e+01
1.222197331576591495e+01
1.104661238618087538e+01
1.233817960107112732e+01
1.080544165014270064e+01
1.014713055302929234e+01
1.159967064827296568e+01
1.208706562257235539e+01
1.210210526964047340e+01
1.160639523256969774e+01
1.351046435557139347e+01
1.081091086292063075e+01
1.144393638831594551e+01
1.200003006537735040e+01
1.304585379020063307e+01
1.116621269783020409e+01
1.074364209831676931e+01
1.170450866129526446e+01
1.074492947112883101e+01
1.103463895585582044e+01
1.092127523250131915e+01
1.131287180405717585e+01
1.278342128938312250e+01
1.269344144269640751e+01
1.074101685612360590e+01
1.259228891158775632e+01
1.079627199971714901e+01
1.294121021741581501e+01
1.206376020240403868e+01
1.234202615375057022e+01
1.223949344742416478e+01
1.165968889620234705e+01
1.147626530119381982e+01
1.109552571759829043e+01
1.121014469495291443e+01
1.109308014907391282e+01
1.138923263088540061e+01
1.155298010238131923e+01
1.093697069006339007e+01
1.120704871266114111e+01
1.122575542719894770e+01
1.048561062456932902e+01
1.197592897304518722e+01
1.165112760671432568e+01
1.203374832853911869e+01
1.191117457198308927e+01
1.315368395036286842e+01
1.314953754421138576e+01
1.012637129104806988e+01
1.190179510720518152e+01
1.137360236905990973e+01
1.195301312258962767e+01
1.121878174505537729e+01
1.172595165752803403e+01
1.115941053224828927e+01
1.152048533621819359e+01
1.174808544924318987e+01
1.145762173513480775e+01
1.176689639640075136e+01
1.130995984542642852e+01
1.124904111479293078e+01
1.043604520074757502e+01
1.050341354345657052e+01
1.177337151568001516e+01
1.023673258834152477e+01
1.193844895450887300e+01
1.106241582565778536e+01
1.210292082578437878e+01
1.219474933607428468e+01
1.343427498543696785e+01
1.151261896595869239e+01
1.303447291205833025e+01
1.368781459713905946e+01
1.102438169945351021e+01
1.152217455689464032e+01
1.261255800657822412e+01
1.295295508789204852e+01
1.177820828075948079e+01
1.238869998145551321e+01
1.136655863815059320e+01
1.264679556695308982e+01
1.295675579531740951e+01
1.362574465956913272e+01
1.246455498668374240e+01
1.199515466403707187e+01
1.132708586566190156e+01
1.226699524109577766e+01
9.859586211610420037e+00
1.251529208398876492e+01
1.198147923255471170e+01
8.650988706885861745e+00
1.255744551866522585e+01
1.205885541753484702e+01
1.232574865696885702e+01
1.306004402842101086e+01
1.362019490448979298e+01
1.365493117162728254e+01
1.325332610221934360e+01
1.193499524395134159e+01
1.253769351489253303e+01
1.197180560480961908e+01
1.169252639110649383e+01
1.156888002955557582e+01
1.093479797497385242e+01
1.583956388165011298e+01
1.181725844056795793e+01
1.249702167221152038e+01
1.047439430446637587e+01
1.296282495728178219e+01
1.178669933819510263e+01
1.182275645564369526e+01
1.378256370881302573e+01
1.262144915439233017e+01
1.355517441122569267e+01
1.291704727031322442e+01
1.252739394368879111e+01
1.233095286749899167e+01
1.217272034555117877e+01
1.326560559414789964e+01
1.435588419995453613e+01
1.120155309897403129e+01
1.207493466438369190e+01
1.290985425689761179e+01
1.299443718915569512e+01
1.329037078622765122e+01
1.227681452383772687e+01
1.209196922956139453e+01
1.328791319345235067e+01
1.332310081234551014e+01
1.247772790663725928e+01
1.266394796118308896e+01
1.237523657744454830e+01
1.364927542275810168e+01
1.262557703019083633e+01
1.237974744206527511e+01
1.165457594173509470e+01
1.315141663366390112e+01
1.200097481793230259e+01
1.094881339315092106e+01
1.366288969443878720e+01
1.200489662952243286e+01
1.241762602663259152e+01
1.157685571693425963e+01
1.395745221848952333e+01
1.251026084608890621e+01
1.399169238164037132e+01
1.335721607573661629e+01
1.212943539123656223e+01
1.368073865780260334e+01
1.257218290733986699e+01
1.408496260533279809e+01
1.217454180686567966e+01
1.478907534629039944e+01
1.650343930416443428e+01
1.449748625308367700e+01
1.408448543723110191e+01
1.199655775726849249e+01
1.253030766764737969e+01
1.261661095415123413e+01
1.467300456294792887e+01
1.289783324239262186e+01
1.274461982526779735e+01
1.297362788104743814e+01
1.294912871425098189e+01
1.265797122930715091e+01
1.476804935144534348e+01
1.401665466300122631e+01
1.298565602936444741e+01
1.331212555059647329e+01
1.300120861888199286e+01
1.313038665734476140e+01
1.270139320741744449e+01
1.392815892561518964e+01
1.469086646403561325e+01
1.494459497022966055e+01
1.447597920894984824e+01
1.455800566071444635e+01
1.347407407952897351e+01
1.428595474764538942e+01
1.398606542665927144e+01
1.660685034615936573e+01
1.395225479672706825e+01
1.427410893207213149e+01
1.446870760046882332e+01
1.321390206388975130e+01
1.447259723546883592e+01
1.410293825087744857e+01
1.502194599816782627e+01
1.405176815398396784e+01
1.367546324556359849e+01
1.558426497015238610e+01
1.443515764302118853e+01
1.589440732236500864e+01
1.413940702377151482e+01
1.551025732924556877e+01
1.411759691413323559e+01
1.290619147091135943e+01
1.235048348774535754e+01
1.445722201350637448e+01
1.621846987100840565e+01
1.440155699852485860e+01
1.321968446723551160e+01
1.471975856031991192e+01
1.408231569777200320e+01
1.486766628816262426e+01
1.417640155513470823e+01
1.668233841184247268e+01
1.856119100736822247e+01
1.417042880771118085e+01
1.345375790816383166e+01
1.589384217008344358e+01
1.424935487722045124e+01
1.787063888929197120e+01
1.763252964435565673e+01
1.443329810732655538e+01
1.286072420995515841e+01
1.605691799513247986e+01
1.565149946571712292e+01
1.500846993977514288e+01
1.391552991931172123e+01
1.468866398622504477e+01
1.445187724935798812e+01
1.592602889658057030e+01
1.521825611741052242e+01
1.541634755842387960e+01
1.472304456302758169e+01
1.355013360795888921e+01
1.517119122500157857e+01
1.394156976081760568e+01
1.385645244942403309e+01
1.496556524767484575e+01
1.099790890776409924e+01
1.584199955787948078e+01
1.723547136056931706e+01
1.375330662275598748e+01
1.456151926703353183e+01
1.574876253329744635e+01
1.441341894539188573e+01
1.443511423793381176e+01
1.383437095055787758e+01
1.203385510196070918e+01
1.724051012767972324e+01
1.556836365704273106e+01
1.615140608129932431e+01
1.648055695795339659e+01
1.700624930558317160e+01
1.365162926437961666e+01
1.581247785491652813e+01
1.501385964092329139e+01
1.730838751616896332e+01
1.628435527992204968e+01
1.849024626756372669e+01
1.682412123352061784e+01
1.601110646205272303e+01
1.688788316837869630e+01
1.749399303170888231e+01
1.664336187560776281e+01
1.854559195480275591e+01
1.852535941957846077e+01
1.732577443145705232e+01
1.857547682613232354e+01
1.875610396048163864e+01
1.757271443859274029e+01
1.755561217118976813e+01
1.769753307674644560e+01
1.693577155188070904e+01
1.666885782262892235e+01
1.742936133302305279e+01
1.780780082389139451e+01
1.912038116032044144e+01
1.891008601216392293e+01
1.942743770106159928e+01
1.654352318813692335e+01
1.940926512804096404e+01
1.522382704095663541e+01
1.713816290375927665e+01
1.525474633347118214e+01
1.603881377559411803e+01
1.438044019781878902e+01
1.621452520311476775e+01
1.542807489354653505e+01
1.713911297881774232e+01
1.858897172250536656e+01
2.115752195095154775e+01
2.069790127798633250e+01
2.057720431561344654e+01
1.917691923461216774e+01
2.060513970328615585e+01
1.758885366676011586e+01
1.448887240927112074e+01
1.530382339717990803e+01
1.349258993894085812e+01
1.619233095440799630e+01
1.656597258136206463e+01
1.337976865590392528e+01
1.244526939664422827e+01
1.252833131069384720e+01
1.276047680376496807e+01
1.424852012369876597e+01
1.195648758722758487e+01
1.271581253541539525e+01
1.388389440225305194e+01
1.255007262824063474e+01
1.511792612282976833e+01
1.339020191420841677e+01
1.336115831466910642e+01
1.449292160668173857e+01
1.623029889491286681e+01
1.467087449937913490e+01
1.508418353749081753e+01
1.318924590106674444e+01
1.098325174813786198e+01
1.341712821235880604e+01
1.201939617363457558e+01
1.449158400961563764e+01
1.253489745679391731e+01
1.348817292684599956e+01
1.402663300256593359e+01
1.210054234405204987e+01
1.267672270852638583e+01
1.360275649135164322e+01
1.286740181406188732e+01
1.247913658170134710e+01
1.370717453905948169e+01
1.104673044766526679e+01
1.640905205476015283e+01
1.800963141286965197e+01
9.426477615034340118e+00
1.331925308181276790e+01
1.209185454228800083e+01
1.334236922193523256e+01
1.203747953984692742e+01
1.340541940303823409e+01
1.353923951209410070e+01
1.346630105930533361e+01
1.140231064963238339e+01
1.305699425979005213e+01
1.188560805207858451e+01
1.271780772797887771e+01
1.215055601812548680e+01
1.376742897874462024e+01
1.209329604894195320e+01
1.223267836762735072e+01
1.455955935505989451e+01
9.279763588008323794e+00
7.675396819142474847e+00
1.476682696401591599e+01
1.377730854916061709e+01
1.095067821194741953e+01
1.146529864102687490e+01
1.255220333613630679e+01
1.124318407025948652e+01
1.267852982042117738e+01
1.321483444626449177e+01
1.275055592599086651e+01
1.255905038642200111e+01
1.250716642343586749e+01
1.322830306006172663e+01
1.257732011794877103e+01
1.275480162988729482e+01
1.153417913906746328e+01
1.066657187178822142e+01
1.261490575213518994e+01
1.191071308449880206e+01
1.212550995929146147e+01
1.291088006833620838e+01
1.241554961874393115e+01
1.052803226755248112e+01
1.109696791645925273e+01
1.086360047948451424e+01
1.226733241467005087e+01
1.346693310282303813e+01
1.388909630474427637e+01
1.232753490559884035e+01
1.313797208549224216e+01
1.292890826054572528e+01
1.107494879485396133e+01
1.281544101962284188e+01
1.138758606008009444e+01
1.363928801925946210e+01
1.293479932398905952e+01
1.314113606676531276e+01
1.333639841424148287e+01
1.291306460421281699e+01
1.330955703709420845e+01
1.187325011838466260e+01
1.230695321286524901e+01
1.148413719476785921e+01
1.227437383651295555e+01
1.177852654103707231e+01
1.132598655214482797e+01
1.035896133533030650e+01
1.262902138780442485e+01
1.119017089811138455e+01
1.244728522425390693e+01
1.237474669633976099e+01
1.178897192706691754e+01
1.061940379079682906e+01
1.223027289000278728e+01
1.128026362405747918e+01
1.151722871366432699e+01
1.222080812609101130e+01
1.191370173621767847e+01
1.140735430449309007e+01
1.192079130610018467e+01
1.290276355099491035e+01
1.302656281542402361e+01
1.137810157470954309e+01
1.314341093800162064e+01
1.190573070458123439e+01
1.268320624501791727e+01
1.260514650994581132e+01
1.155352702619772209e+01
1.309170382283674350e+01
9.646171631003863212e+00
1.183778430431341100e+01
1.124638093639693004e+01
1.062733468385861180e+01
1.195652091939668615e+01
1.350437487258214730e+01
1.257244318492517898e+01
1.258849308482604101e+01
1.114193926928907707e+01
1.256447197634250479e+01
1.098748451159832662e+01
1.236384746902301401e+01
1.166007330398639574e+01
1.339369631298404073e+01
1.258438992311592308e+01
1.076927731326766136e+01
1.460297499781020569e+01
1.660694368504078255e+01
1.271522035197395795e+01
1.298333233804554609e+01
1.304295975024330545e+01
1.137355278238956480e+01
1.149385353495847362e+01
1.304369694085641385e+01
1.100510948016022716e+01
1.161958236043497550e+01
1.090783903069444349e+01
1.236222587750460988e+01
1.269454218868981421e+01
1.185152455902497870e+01
1.075213503991255592e+01
1.149286390918676304e+01
1.104039764592074846e+01
1.110886170309036558e+01
1.068923196165716405e+01
1.117126058608486083e+01
1.297766418582903292e+01
1.349235939371492776e+01
1.086714563680017775e+01
1.087902884474027765e+01
1.063823864884435721e+01
1.218122988551491126e+01
1.214191245653574924e+01
1.041720564099306578e+01
1.360687739868046897e+01
1.287732349165724877e+01
1.402443802949905560e+01
1.256111915022635195e+01
1.189739088720875770e+01
1.311816700697495364e+01
1.343065538383407898e+01
1.483469135539439421e+01
9.790580640459037198e+00
1.108447346195510619e+01
1.286493947772175517e+01
1.375421182362786787e+01
1.264175764201283236e+01
1.138683932385550435e+01
1.399639342815002863e+01
1.203565238834442930e+01
1.353666379099752781e+01
1.204316385938731315e+01
1.034139944316727089e+01
1.059554191234463971e+01
1.188631733141994395e+01
1.182935823309091994e+01
1.144940802464196494e+01
1.345275536757094947e+01
1.182663226088351394e+01
1.172982740577010219e+01
1.257616653231047188e+01
1.425243359183788172e+01
1.062778690471107446e+01
1.319082878846241869e+01
1.256857653343371162e+01
1.386168691337110914e+01
1.219471201587045961e+01
1.217640054304456321e+01
1.367752310045812614e+01
1.341616850457834431e+01
1.049514513050234932e+01
2.086467174006197212e+01
1.175141747485243116e+01
1.445787534737205604e+01
1.116914842145997078e+01
1.427993585325026338e+01
1.133232185263164737e+01
1.274754078946005365e+01
1.187704117150322247e+01
1.142484490549514575e+01
9.873406490479203157e+00
1.162323411302290666e+01
1.168657067881311029e+01
1.174395274247246590e+01
1.218203010429134281e+01
1.136410552784480998e+01
1.127228976374622071e+01
9.934642318217919765e+00
1.317232305788185442e+01
1.301531773738616060e+01
1.236497575174723806e+01
1.369244119490243605e+01
1.257077948342347895e+01
1.305984229608691116e+01
1.213023428682190996e+01
1.177706501523249827e+01
1.257666897377598580e+01
1.323225710716641856e+01
9.438572763565202806e+00
1.213626073259958638e+01
1.465358895101503656e+01
9.312037404656891226e+00
1.176007289873745165e+01
1.240667295285193816e+01
1.125949098614325194e+01
1.243985787089478379e+01
1.308813071661249872e+01
9.742918515282530834e+00
1.145693758827789566e+01
9.670225681970682885e+00
1.303808288579930341e+01
1.204546703249788209e+01
1.059385005716521810e+01
1.490193758559125392e+01
8.512995110461522685e+00
1.201843122944868547e+01
9.653374193635265499e+00
1.376327348588504762e+01
1.136406235154094091e+01
1.164486835638691353e+01
1.293063794026831381e+01
1.284655028740279725e+01
1.252622293075183535e+01
1.294650601808177193e+01
1.160657432240627074e+01
1.505547534753530670e+01
1.307959099482297027e+01
1.423257938339934370e+01
1.176975599630463343e+01
1.338386899024926002e+01
1.362715726655610382e+01
1.209738875907772382e+01
1.382617864230346072e+01
1.588869069847489968e+01
1.435836051484267628e+01
1.371984469508647564e+01
1.274927775549080167e+01
1.216053702731032082e+01
1.154949404194039886e+01
1.172374768321070881e+01
1.239273227652945764e+01
1.198984722016097315e+01
1.305116561679801279e+01
1.244979155336668342e+01
1.262100912299288780e+01
1.207508041737832549e+01
1.333665516535537954e+01
1.201581070803731777e+01
1.485987583281684543e+01
1.279377130186245104e+01
1.394756788854750340e+01
1.288667972697065878e+01
1.225677707075146117e+01
1.180640378881208363e+01
1.322275447973455975e+01
1.087941706486774329e+01
1.272115569617998965e+01
1.317579205955716404e+01
1.268196145883115733e+01
1.302453963495311307e+01
1.147617121289941622e+01
1.319075511160794001e+01
1.149595724898534499e+01
1.228659589516583317e+01
1.187158244140795205e+01
1.070056063552538461e+01
1.061139317487989864e+01
1.240461461409975463e+01
1.030383449276221164e+01
1.166424427972656197e+01
1.161392893711025565e+01
1.125235155909693674e+01
1.102853698639888158e+01
1.143360164876931684e+01
1.156705092602499363e+01
1.223111091994200983e+01
1.284197773225201367e+01
1.054585892424571725e+01
1.174526651079502848e+01
1.153680083584941407e+01
1.072845174251030009e+01
1.201921977345076620e+01
1.026752907025566408e+01
1.096507513804233902e+01
1.185880216413517552e+01
1.275708128178678891e+01
1.104415233801543827e+01
1.141981570669727120e+01
1.172654797663200199e+01
1.118924060656510910e+01
1.061014802393484935e+01
1.134124828918324823e+01
9.499923579706525345e+00
1.227448790828219316e+01
1.118950348233888725e+01
9.081958468975825483e+00
1.070685020064219195e+01
1.128204529027610548e+01
1.040975231464401496e+01
1.107484167615206871e+01
1.010027834637314470e+01
1.243909027782109966e+01
1.068571103541536260e+01
9.412740475202106438e+00
1.087281843688986527e+01
1.107823701570269392e+01
1.059426959827430892e+01
1.053977889500781018e+01
1.255021991216244182e+01
1.072162692830971409e+01
1.204909144361442586e+01
1.361330975385008557e+01
1.051029086278286506e+01
1.166565828018648077e+01
1.132579818723290010e+01
9.322264729219659429e+00
1.111342375094725021e+01
9.150831586986015509e+00
1.015804493120049479e+01
8.648548746375427143e+00
1.129185740316401620e+01
1.074482384180051753e+01
1.129160927377676593e+01
1.237724160171648080e+01
1.155297386979975904e+01
1.093383967944377844e+01
1.118273672651930895e+01
1.006069679387818283e+01
1.094202814762669362e+01
9.819513185454429305e+00
9.989885841211721740e+00
9.911043984321333156e+00
1.111601267282070182e+01
1.100013915809627996e+01
1.259176013573237718e+01
1.277231163841232942e+01
1.220735739561548527e+01
1.286387586089351309e+01
9.636755951385026719e+00
9.741509823444745919e+00
1.177500385576581010e+01
1.184059478512272889e+01
1.279212190864296161e+01
9.786897023695878772e+00
1.060056117930005115e+01
8.943977187647083937e+00
1.028517762863595664e+01
1.175842972096528705e+01
1.157599334036445704e+01
1.051159813444771807e+01
1.113369036285672919e+01
1.149232866213155724e+01
1.204571566073336442e+01
1.022249204164855385e+01
1.012560645784611602e+01
1.197999100822601370e+01
1.129777787556828450e+01
1.070965600262026030e+01
1.019004075812495280e+01
1.121327338435377641e+01
9.695114944357401399e+00
1.076115236668680453e+01
1.144332080441971122e+01
1.181337028052679017e+01
1.098360984241117855e+01
1.131970140496651922e+01
1.156161476328736448e+01
1.207289525998881174e+01
9.950696513412616184e+00
9.846797869628012734e+00
1.071620884033105803e+01
1.160647703210482540e+01
1.149862871123082009e+01
1.078009846986754106e+01
1.076525489106825262e+01
1.155299650891285168e+01
1.223483298039891132e+01
1.196267035413250923e+01
1.115089764819065188e+01
9.336852154288875383e+00
1.185284351260183477e+01
1.659954822419502207e+01
1.054479609033162113e+01
1.234959352505421570e+01
1.525744289182143909e+01
1.182452866940220382e+01
1.494349781343235506e+01
1.360784675324606319e+01
1.037396350742486995e+01
1.126834927434058997e+01
8.260476378908464312e+00
1.346326589632306892e+01
1.490876297060974309e+01
1.059972404639746379e+01
1.059913156891669317e+01
1.362213854194373752e+01
1.175237882349741092e+01
1.017718081684385467e+01
1.303996299098399803e+01
1.100454296824263523e+01
1.163943442912740700e+01
1.157795112872996590e+01
1.222464175721597535e+01
1.216256538747831328e+01
1.057569799010568978e+01
1.292139007245210358e+01
1.159691821090258124e+01
1.148048811421692150e+01
1.056968019683610827e+01
1.166776882451180875e+01
1.278464687445428538e+01
1.243763380069066571e+01
1.344118791184826911e+01
1.284841019872894208e+01
1.421413762042691964e+01
9.584427127518681644e+00
1.652974399185581333e+01
9.746171100770663287e+00
1.097949717970223915e+01
6.182032547653784071e+00
1.166193763568585062e+01
1.252549500414159489e+01
1.075278106030760306e+01
1.322924414505944135e+01
1.048332244907671118e+01
9.822481657483583817e+00
1.205785149432619718e+01
1.329128643930283538e+01
1.175055746334750673e+01
1.408116259579186647e+01
1.194284482005828529e+01
1.050379213882742668e+01
1.482295449760788486e+01
1.195115817076142761e+01
1.382639074750700203e+01
1.480963055431266540e+01
1.329428705667456434e+01
9.662074863021910431e+00
1.180365385941102829e+01
1.076544894348983306e+01
1.408894817506498498e+01
1.329801474686852991e+01
9.419703879247979472e+00
1.483501996796526790e+01
1.731837461776364151e+01
1.326399513280274256e+01
1.154030525481334024e+01
1.188447459179876553e+01
1.158965546251387657e+01
1.181300482642507532e+01
1.387396335065744424e+01
8.706306754978243134e+00
1.181197018341081062e+01
1.442952308605008405e+01
1.202606223338835001e+01
9.699993069387533140e+00
1.048064975486775374e+01
1.155780891905192576e+01
1.142168596163169170e+01
9.755501894185105272e+00
1.232502167850384645e+01
1.312850126728395317e+01
1.252846536091151286e+01
1.205305392510932094e+01
1.039341018173349163e+01
1.080425084823700033e+01
1.303312075012840054e+01
8.498473001839212060e+00
1.076297460248072468e+01
1.177252697317926611e+01
1.191503264582517119e+01
1.070359983484688549e+01
8.640735533476517460e+00
1.398960936007226152e+01
1.367880270241404972e+01
1.044941199731495729e+01
1.240087643081615276e+01
8.314415712929879021e+00
9.306096122950300753e+00
7.930692315147892302e+00
1.334740390844894975e+01
1.115991546054637773e+01
1.201526163673434233e+01
1.140081939350927698e+01
1.253089776346880058e+01
1.321105274130706775e+01
1.110639674983513814e+01
1.408274194735343698e+01
1.106792143066683209e+01
1.158282877494981200e+01
1.050089505080634389e+01
1.171254789018174058e+01
1.047674872238585131e+01
1.287625407472670247e+01
1.043748381145647919e+01
1.052028784141999829e+01
1.344519001467274499e+01
1.125823696626733650e+01
1.020044921808374561e+01
7.246262589646589092e+00
1.320974747761887080e+01
1.253249986716741837e+01
1.087354715400484650e+01
1.052384750501072830e+01
1.330719238087807632e+01
1.107906478050652943e+01
1.124089159371783353e+01
1.248253885623127069e+01
1.421942462742224400e+01
1.139507181958764370e+01
1.187277346735510797e+01
1.524798454970998662e+01
1.206160733040041144e+01
1.478246085386041919e+01
1.250587064381701552e+01
1.420033531510088309e+01
1.167450962210284970e+01
1.355200331037606531e+01
1.294894192730314231e+01
9.707984448731837190e+00
1.301205275439427922e+01
1.249311103571946724e+01
1.176469548320151404e+01
1.291438464082261639e+01
1.174151640699968624e+01
1.171580149505965984e+01
1.466742912309053182e+01
1.347265026982264047e+01
1.228077115949753129e+01
1.259925019717197081e+01
1.050209436727133472e+01
1.350371505165727548e+01
1.458298136606254580e+01
1.397363452391343230e+01
1.056481949099051398e+01
1.145772583708841807e+01
1.453118686770513079e+01
1.304541865051771055e+01
1.330883739572947100e+01
1.181491520034611398e+01
1.320073569004408398e+01
1.300517494198890667e+01
1.164028096679432522e+01
1.482083685169477860e+01
1.532699627385230556e+01
1.378954853131176606e+01
1.341043891832993395e+01
1.156682895197729444e+01
1.526633944324214021e+01
1.915250188371587825e+01
1.284822032509153900e+01
1.147326170790726252e+01
1.150499450849774696e+01
1.060707329318107561e+01
1.306428216073973836e+01
1.125812800756183485e+01
1.109309902508138279e+01
1.397976227132722293e+01
1.226846969461116466e+01
1.286520820850763158e+01
1.276634280309212777e+01
1.279693062279531190e+01
1.357398919065440523e+01
1.442716667899975569e+01
1.385482924417928707e+01
1.311941718819124958e+01
1.206005886163893948e+01
1.212943992468375320e+01
1.278389179159939637e+01
1.367732083941437260e+01
1.092568078983214619e+01
1.021982429081132970e+01
1.747481597449143464e+01
1.190771134193780334e+01
1.553464507149797669e+01
1.198948049312929598e+01
1.137616276967629325e+01
1.411205624908705403e+01
1.367880956591610619e+01
1.391894311805207529e+01
1.245285863758552480e+01
1.278104305884600578e+01
1.306617146892577708e+01
1.245615212492448087e+01
1.065294607786687742e+01
1.372550433062979280e+01
