1.196716298596973083e+01
5.879533945373704995e+00
9.911524543261238662e-01
-3.713397002873796815e+00
4.770280925485023360e+00
5.592963661738460601e+00
1.140602458219754212e+01
2.167332045678363883e+01
6.556656891014598365e+00
1.096306469597042721e+01
1.356535291362104090e+01
8.324213825484392260e+00
9.129364587812563769e+00
8.808633952988472515e+00
6.621193411789850103e+00
4.725064928205402026e+00
-1.977605335100557582e+00
5.843974807115052350e+00
1.230017178605789141e+01
3.495561907637007693e+00
5.428635261923692390e+00
1.585989700132514635e+01
1.739343661881565239e+01
8.225434500664491111e+00
8.555526393077172997e-02
8.448786192974191422e+00
6.360906601973891128e+00
4.030046005695782085e+00
7.321242627888701726e+00
2.738775084615745037e+00
2.428913835918500297e-02
9.569673002010141261e+00
3.544556319789637477e+00
1.774709715812860011e+01
7.603584619144226231e+00
4.979122469005149654e+00
8.258213685165083362e+00
5.625696978146913274e+00
4.506866972355497936e+00
1.411602404960265567e+00
8.238161464318215721e+00
8.899994726917752175e+00
1.980373897661558047e+01
1.456140612267628143e+01
1.726060657625368577e+01
7.652770792476706774e+00
8.269912901565316332e+00
1.530066314889082513e-01
1.545814771979130953e+01
4.728364217723170171e+00
1.206507657401365208e+01
1.393175640969891660e+01
9.984991470298933081e+00
2.128572297071489672e+01
8.311389009103242742e+00
1.247528171924624729e+01
1.420276306883488715e+01
4.531337538042896185e+00
1.044900707627143177e+01
-8.738238849497735217e+00
1.615911466835599697e+01
1.617819304486713961e+00
1.298666771455862090e+01
-9.602562864364051265e+00
4.381363457200570188e+00
5.538277381814697975e+00
8.737181936204731159e+00
6.554858331356934187e+00
5.798502897751709462e+00
-2.177575659899905425e+00
5.585257496359585794e+00
2.252037337595484345e+01
1.727777143588153308e+01
9.415085557709916841e+00
7.136084312265189133e+00
6.942988722774002142e+00
4.581061553913383655e+00
2.030678089625765015e+00
3.305521473033241620e+00
9.355964476873056768e+00
4.810118169836271385e+00
1.242682762281627440e+01
8.448820150691279451e+00
1.149804426135368729e+01
7.262027214351721938e+00
4.492511847097457434e+00
1.136090434170679231e+01
8.032793297688522571e+00
6.353823259488170727e+00
8.023264877764248126e+00
9.687652697667369139e+00
8.375346055354206953e-01
1.825292736169387808e+00
7.208414291317724931e+00
1.069436890871899593e+01
1.139144089941566840e+01
1.407847443335533200e+01
-5.602543960997987682e-01
5.716231494079600850e+00
7.982392080727905181e+00
-7.670676306563244395e-01
6.917115761284210684e+00
7.750970339597279768e+00
3.286166059653520222e+01
5.604980343825538114e+00
4.099873324089006843e+00
1.260755061307872182e+01
-3.597490337578641117e+00
7.658951788546286998e+00
1.072442325606271751e+01
7.906863030444872820e+00
1.640658146935937722e+01
-6.819034928645260507e+00
9.298672425313286638e+00
-7.724194563385472279e+00
1.899553990695845584e+01
9.628850222342524745e+00
2.949667640720834427e+00
1.388878636469387118e+01
5.859900320562809739e+00
5.030272124967405389e+00
1.309761034910798827e+01
5.109442180185745030e+00
6.874976480803045575e-01
3.496670340757685125e+00
-7.006497317850453044e+00
7.881926798447993932e+00
6.987667209804985013e+00
3.443955202474580535e+00
7.633792577156217618e-01
-5.528079938867644927e-01
7.283503172846624629e+00
1.362530232584929379e+01
5.959637670169728452e+00
7.532500590711517674e+00
1.026912753009167467e+01
6.701940282624347489e+00
6.888658124361960233e+00
-6.251957883985861386e-01
7.977274162302414595e-01
5.375576193040163098e+00
1.267196418445851336e+01
-2.026719848537457125e-01
1.919221300449613921e+00
8.476485701155304753e+00
1.817849035871118346e+00
5.089863638054969996e-01
3.376758073822525574e+00
-4.459265861654241547e+00
6.017681957836363615e+00
5.532708900470529656e+00
-4.472324405072409803e-01
3.082555235730746190e-01
2.565675165765861632e+00
1.087538145114873700e+01
1.120114414155465354e+01
9.807540096287276299e+00
9.629329849431499611e+00
5.747498300083282885e+00
1.991789796341780772e+01
2.322951274501321439e+00
6.059301099575204574e+00
8.237381773322157485e+00
7.031883059230579214e+00
8.028337675394920936e+00
9.432345084711799998e+00
5.926690375685032208e+00
5.825702377300081558e+00
4.428533940639430178e+00
1.120111507453829347e+01
2.135323311665852763e+00
4.360302212370310571e+00
8.076388638224173633e+00
1.950221278725845941e+00
6.520032464178551201e+00
1.353360720779892645e+01
1.162138500753448156e+00
1.959549837432938091e+01
-4.561069938776623367e+00
-1.105061752821562138e+01
5.469256599278005559e+00
3.719575641310058245e+00
2.436024686506497261e+01
4.992510608815221573e+00
4.221524487727187136e+00
5.411685950730582562e+00
1.121622169883027809e+01
1.054412627676387970e+01
1.236428624955690836e+01
5.183675115682894408e+00
9.131679717813176111e+00
5.375947883346269052e+00
2.944501761958766561e+00
1.027574988049428129e+01
9.744410150070908827e+00
5.955696378376502231e+00
4.699169036006138889e+00
5.687133143519790046e+00
1.263538245925230363e+01
5.615882132368498425e+00
-7.316150082363867213e+00
5.135741742193578929e+00
1.271883567128443460e+01
1.836396112557051197e+01
1.188962409473347392e+01
1.891950213518449431e+01
1.035673042164589930e+01
5.136467661696698883e+00
1.041577537134810427e+01
7.171324082102422892e+00
7.702584743366166720e+00
1.010713241733263956e+01
5.228617535256615767e+00
2.264524840147714269e+00
7.215805070221062323e+00
7.417302790370449372e+00
2.504454320818300772e+00
1.707145775676176314e+00
-5.940513722768510974e+00
-4.376815522291908067e-01
5.972337754219261718e+00
4.994923254767806853e+00
5.824130928694279952e+00
2.751801939347166215e+00
5.145081446581104778e+00
5.392679655830491470e+00
2.847276831459684132e+00
2.673503603190091393e+00
5.999168616713635771e+00
8.027928078266279854e+00
5.170732894843887095e+00
-5.309153626080316712e+00
5.157530267611783792e+00
8.016342138693941521e+00
4.213664453982466362e+00
9.955543714666501565e-01
3.038884887858038120e+00
5.767267049562252446e+00
5.688106056923620812e+00
-6.221487532967589829e+00
1.282569389869808951e+01
3.354124579522065552e+00
2.456582510081897208e+00
6.459268248090078046e+00
6.839356598269448639e+00
9.470533869232300006e+00
6.399667729868522059e+00
1.952550471047548530e+00
1.802145268492079566e+00
6.040453874441741533e+00
1.096624899462761960e+01
5.205031389547421838e+00
1.278902724890912346e+01
3.904083866003739800e+00
5.248833318254504832e+00
6.442863022456997157e+00
1.768421145741938716e+01
4.989834912439298442e+00
-4.953736362668660576e+00
6.639430108457673896e+00
4.027670688409899391e+00
1.062918365882766736e+01
1.131627771186849429e+00
3.719999710335915033e+00
7.344017486070822720e+00
1.919208008993543935e+00
6.686167878441259482e+00
3.250579696512383432e+00
1.106023390367639792e+01
5.124981103576753405e+00
6.705905281072990221e+00
9.981131879151348585e+00
-2.597490162634013444e+00
7.709950332608598522e+00
1.450987140032786904e+01
4.275866204773736357e+00
1.278854132252660136e+01
-5.566879426527307828e+00
9.942147767756406296e+00
1.219060900569281003e+01
6.071736273167009479e+00
3.891626388541110426e+00
8.389816201966029396e+00
6.235845884385144089e+00
6.630520266929122997e+00
8.383664819083254116e+00
4.208688739248795940e+00
1.069916446627476425e+00
5.930259600996821590e+00
5.491911513738523709e+00
5.375085486847684280e+00
1.013830194352881087e+01
8.446148490715648549e+00
6.184700379511265389e+00
9.008255099748634365e-01
3.669962680324768023e+00
-3.672555086856176487e+00
8.228082052980514760e+00
-9.743610143684371394e-01
-2.096337314007129748e+00
1.111448081077890393e+01
1.146939514519004000e+01
1.195917188453785940e+01
6.715781441871438773e+00
8.310518607300984684e+00
8.429798361908751758e+00
1.384913514752668817e+01
6.322684330899755345e+00
6.452905371228470521e+00
-5.276364840609941709e-01
9.767460278528622197e+00
8.691480465900815133e+00
8.036634403349731670e+00
7.937631624267073249e+00
1.626657639759735474e+01
4.694926096327829868e+00
3.905282264996222885e+00
8.119547491756016200e+00
2.228728838822285674e+00
8.513146220516961904e+00
6.607524333994768462e+00
6.951831264859722026e+00
9.805782814502185474e+00
1.204904281886025252e+01
8.327261389373637357e+00
8.512191126177095057e+00
7.172279379965192270e+00
8.024481817007330875e+00
1.336814519821153269e+01
4.206525397439882852e+00
7.149433736090941238e+00
4.158772381165309895e+00
-1.390042290912067990e+00
8.661319983661897481e+00
5.598038887881584991e+00
5.286916508059826825e+00
6.189150496092636011e+00
7.273625994968684338e+00
4.994532036655275675e+00
1.184515026684299954e+01
1.043319075761667847e+01
1.070193584226757899e+01
9.033929248270236911e+00
2.520511369491666542e+00
1.135113961671743077e+01
2.228958864292095043e+01
2.676665526136173590e+00
1.149287988844128883e+01
2.331257730563765840e+00
-9.836561462671031819e-01
1.492935194374565278e+01
2.149342149695768533e+00
1.012802052666622643e+01
7.141168016038164978e+00
1.908159593725385683e+00
9.116245342515346906e+00
6.708054625864250831e+00
4.501544189977978228e+00
-6.059480923857224255e+00
8.924594928393608129e+00
5.640928708805057035e+00
7.194880922682217239e+00
7.362478782617716710e+00
3.587074567773182121e+00
7.012073382842142877e+00
7.653765814180284899e+00
8.980421162050458150e+00
3.492220642478174319e+00
2.940731992631737679e+00
1.465541138410917377e+00
6.818893797041343241e+00
3.114489226913602415e+00
1.129401218233851267e+01
1.423032578927488956e+01
1.293397854784257106e+01
8.883005509471004757e+00
7.094370719286664517e+00
5.758757718311154683e+00
5.626074868565511977e+00
1.096581092564128390e+01
7.741039494933918519e+00
1.889258159554761285e+00
2.449418386111868351e+00
4.632192674713587976e+00
3.376417027344520871e+00
1.796934410787436320e-01
5.654816284695317385e+00
7.351694726394715218e+00
1.138483096961923735e+01
6.520275269854319156e+00
4.226144750389309479e+00
3.285712459182494438e+00
7.652599846998850097e+00
1.609220721067410764e+01
1.128486019137797314e+01
5.159067921552495051e+00
3.137868715911189099e+00
4.241275800602704926e+00
5.200545608976160139e+00
-2.313231449565824605e-01
5.949047934461513698e+00
9.488931686119585152e+00
5.092949231932985654e+00
1.662014600472674175e+01
9.043624904609901094e+00
1.493618234375754739e+01
3.252910582613763868e+00
3.042079655349956724e+00
7.898620950155597953e+00
9.083504000846744475e+00
8.890400038666083304e+00
6.744912202703781112e+00
2.860183098808477098e+00
8.733580310355751664e+00
8.028975164527958341e-01
5.256783104534136442e+00
4.296085290081789410e+00
1.603096920889258570e+01
9.506180150683970709e+00
7.929988763228552173e+00
4.869145316628284093e+00
8.047133474355444349e+00
7.968840640577884216e+00
5.099780051931769087e+00
5.546210399525923762e+00
7.215036745995153211e+00
1.356628416117908742e+00
1.575338254842662877e+01
1.285985125041253951e+00
4.654472350638265254e+00
1.036282435561132509e+01
6.229784084191036797e+00
5.160725701444127900e+00
1.241440423613896016e+01
5.874473542169004858e+00
6.608102166078231754e+00
8.807552943005878987e+00
5.270476834236907493e+00
5.597784184991345668e+00
9.197983430092426360e+00
5.305159624974475463e+00
6.080778160279846745e+00
1.148364230996770274e+01
9.462658397871082983e+00
5.685353028009921594e+00
4.555001893410607572e+00
7.546300628871900784e+00
8.961872294542791550e+00
7.758336167998265864e+00
1.323106951816550136e+00
6.412580143402440314e+00
1.577392281676348773e+01
1.913500617634355194e+00
6.743423365666574298e+00
3.973453419720509139e+00
2.557158847111971056e-01
6.356171834186135960e+00
1.277848878792176457e+00
9.289521588492110737e+00
6.234798668448537917e+00
2.106218116754277503e+00
-8.076676291791349271e+00
2.081791269261851429e+00
8.123105325419084366e+00
9.481817481006808990e-01
4.056420176371229758e+00
8.788609472075261664e+00
1.071121748354657122e+00
6.480697296438124866e+00
6.623543424802705637e+00
6.990500906182847807e+00
3.714988991382226935e+00
8.818866170573151919e+00
6.322721854116243989e+00
7.561835637425389223e+00
8.484728902443068321e-01
7.538407944931523552e+00
5.516876022336956176e+00
3.314252423083334786e+00
8.172501088826528814e+00
4.983708040538235906e+00
4.556433318825337864e+00
1.681836667410753883e+00
1.092785969220727083e+01
3.307625346694637258e+00
3.480382561531909502e+00
1.521354014876085081e+01
4.569809291407324281e+00
7.910919923136843224e+00
5.453305483487755012e+00
7.656152021223410209e+00
5.522096692856318434e+00
6.573730553370231711e+00
6.918351219936995200e+00
5.642149283363193213e+00
1.726432174330918201e+01
3.624999459617756603e+00
5.036881704169307028e+00
-6.471814990300526205e-01
5.861894064593876408e+00
1.010817617259064072e+01
3.528007284870898985e+00
6.622896133462650603e+00
9.559363755109821170e+00
7.026550315278084824e+00
3.257236236597504941e+00
4.444270103758308110e+00
9.459117663648752838e-01
6.515138255157218339e+00
9.885418091863796164e+00
1.324103614661663642e+01
7.630558133759855366e+00
9.328293239519975799e+00
7.992463882730097779e+00
4.709490311764697346e+00
1.095213325898685675e+01
6.296220175904420735e+00
6.867168848809121151e+00
6.928610121946492839e+00
1.072605212642854688e+01
5.063730747590518000e+00
6.707988755659481939e+00
6.560608415290090534e+00
4.205537448756234475e+00
4.539232098269302185e+00
1.838200530995280246e+00
8.263204190094075585e+00
3.299671564071885221e+00
5.815404394832954793e+00
7.778832696141507519e+00
4.215148137257334504e+00
1.436280600172850974e+01
7.493034847326579317e+00
5.091404819619706146e+00
1.588800522052928699e+01
1.334868609140139206e+01
1.605882360315488455e+01
5.457657996201192852e+00
4.459714988632350163e+00
4.463683216400065490e+00
1.040448228035411304e+01
1.629808073876004570e+01
3.866838110130395023e-01
8.458653935912685995e+00
5.428631111046140489e-01
-2.152830418124477063e+00
1.425725249741488376e+01
1.224995572043663827e+01
8.700146879608105621e+00
8.736624025849478059e+00
5.561713758094052551e+00
5.976706641260008723e+00
6.244052792071584257e+00
9.537576220798843707e+00
4.465327215564183660e+00
6.536420897457371204e+00
8.406899753380129070e+00
8.660404593066390433e+00
5.533549105632594944e+00
7.293213887938049922e+00
4.961869980420268611e+00
6.177595638063926309e+00
5.725990411129755486e-01
9.264026557135752071e+00
-3.743600432669387246e-01
1.599005119753353910e+00
6.248794904981700427e-01
7.097172243829037441e+00
5.460607557586447669e+00
4.319091243642343869e+00
6.586157897682736184e+00
7.879157387557001790e+00
7.970344677024548297e+00
6.545500059561999429e+00
1.367566955682246288e+01
6.472479115050300713e+00
6.500547139046717326e+00
5.506323152795845388e+00
6.517477160314937734e+00
5.465453119522433845e+00
1.338923469860305104e+01
6.605722624649732921e+00
7.980559262174635293e+00
6.642249233121887642e+00
1.481720699752420600e+01
3.416749253240437767e+00
7.649812828752443394e+00
7.049943023241500129e+00
8.416430096270516970e+00
7.328441601614257728e+00
1.168649238728079887e+01
4.236963146397698665e+00
1.360651765359764553e+01
7.441478693165382907e+00
8.246725483041387861e+00
7.323196430098447784e+00
5.851662266560497372e+00
1.355335409545438274e+01
4.173375458947981009e+00
1.475993316062781879e+01
6.443501253172315479e+00
1.142221216928646044e+01
4.725891639029678792e+00
4.700481069919000277e-01
9.298644679686148606e+00
8.927452674806279020e+00
1.028743229681799498e+01
3.999199128664452818e+00
1.314230256526275653e+01
8.512332926686504209e+00
3.427241972584931684e+00
9.592361338214846711e+00
8.424812430208529435e+00
9.019107030949728099e+00
2.900924891732400646e+00
8.055190800485929614e+00
9.508314627781132344e+00
6.611027897335913117e+00
4.361324669719726543e+00
9.713804073681179929e+00
-5.873961444984017177e-01
4.228633134651364145e+00
1.061014566597596165e+01
1.192004704515588998e+01
4.916113770275707395e+00
6.491756198269108324e+00
7.368795220783644240e+00
6.135008135351187164e+00
7.601095655740544466e+00
1.354978843934746280e+01
1.018897209595288800e+01
6.876497123547992807e+00
9.945626311223669802e+00
7.378426550508343951e+00
5.912137556957146600e+00
6.154724789989608702e+00
7.399446326539599106e+00
6.225998589912894232e+00
6.463269418502680885e+00
4.460974983380161518e+00
6.173656458996225282e+00
6.876630115132535970e+00
4.502199559928715011e+00
7.857458462994209469e+00
4.143822669145464488e+00
9.665314977533427054e+00
9.644587976037032107e+00
6.921146310609450403e+00
7.791503516409587604e+00
6.639237838085173316e+00
-3.745564922471208646e+00
7.272130313472391805e+00
6.457893607084888465e+00
-4.891683336150776995e+00
5.765578116473519366e+00
5.831334532795390047e+00
6.142946198500307986e+00
5.888904846478193456e+00
5.893214079672640437e+00
7.571940563165021842e+00
7.159918456354642302e+00
8.169055086083574224e+00
1.102783426161487768e+01
7.371918945337229800e+00
-1.200846788576051871e+00
6.010571176032284413e+00
9.666006820160557567e+00
1.122433642186518554e+01
1.150543790224359952e+01
5.415269539362788542e+00
1.005801397335546099e+01
6.930018620057543544e+00
1.010811446711538508e+01
1.277041120841400001e+01
1.160499197245218639e+01
7.113907685217938592e+00
5.086676417810034323e+00
9.250119195101301983e+00
5.456764996656549904e+00
4.625255063858080717e+00
1.319401103035730571e+01
8.332136749273516330e+00
5.881353829202922157e+00
7.621950852523306175e+00
6.189687825714225156e+00
5.828949501096103880e+00
6.165766044494156439e+00
6.814847688792532665e+00
5.668509555915758114e+00
5.564924873323978893e+00
5.942592270834023083e+00
4.274781804380793915e+00
4.282572023182760645e+00
7.933903094755267560e+00
4.943271819893669594e+00
1.347007822309211100e+01
7.681222247212960319e+00
9.629119782595534360e+00
1.050610683651798283e+01
8.957039659218395400e+00
7.562090917106532473e+00
2.606275264551864979e+00
2.490515240163266419e+00
2.684099679185558252e+00
2.427756783473329349e-01
8.771236159670733556e+00
9.505579491717341512e+00
1.272673173604803942e+01
8.980344650701660214e+00
5.406838191071350330e+00
3.965493571361257796e+00
6.480425278281813917e+00
8.308028680511196029e+00
1.021897275128965532e+01
4.238582824971902419e+00
6.625755852410777358e+00
8.217520647778519205e+00
8.998881715072013066e+00
8.999172612876073174e+00
4.109383443715715956e+00
9.280914137385014584e+00
9.815463407012639863e+00
8.228139842103741941e+00
4.848858989919485829e+00
2.500382765020615405e+00
9.513048456693928401e+00
4.532707523879004441e+00
4.987268529446361676e+00
9.178609214740305333e+00
1.350043861510622989e+01
6.886763081267693209e+00
7.452798911878010024e+00
6.413239939330746431e+00
1.041685570458472299e+01
7.808761945957852113e+00
9.597503539425179753e+00
1.015291319483900168e+01
7.453125290349878362e+00
7.912985562602593781e+00
7.302241159888189337e+00
2.713606841938516645e+00
9.711274596737531795e+00
4.566263353555909177e+00
6.474286898520112743e+00
4.885306779244711350e+00
8.009070252847855897e+00
1.595828675585269529e+00
8.084908559475977086e+00
6.799819659299588537e-01
1.682746332213451268e+01
4.900363433139294678e+00
1.001194759480151397e+01
5.735863083647378957e+00
1.185256714604274464e+01
1.083138554673699794e+01
1.556602097827494546e+01
5.957311091440224970e+00
8.504434718079593836e+00
6.232751742725485933e+00
7.777118258178149723e+00
9.074201145529022128e+00
6.948714994337760409e+00
5.002228762957071417e+00
5.740412618154461022e+00
6.987534568823094538e+00
8.720449478433540236e+00
9.922773273554872375e+00
1.418355755664177309e+01
3.151713357698437079e+00
7.456432026307760808e+00
4.740329125890665019e+00
3.470459381340682548e+00
7.437459078214741837e+00
9.947725209623472509e-01
5.253743190484525094e+00
8.899379478341366223e+00
2.030062290949978809e+00
6.504842405912235392e+00
6.682118176086003558e+00
4.666380684668752110e+00
3.543974069966920659e+00
6.761652672865638536e+00
5.438325759108369795e+00
7.047857501206302722e+00
9.081670438872231799e+00
9.339891480696955739e+00
4.297434982776717760e+00
6.383637680586321750e+00
7.002161557500301114e+00
7.070552157786305969e+00
5.207848649976474675e+00
7.566341190018185614e+00
9.588205351208921812e+00
1.139610415105947183e+01
8.524148023799678953e+00
8.349599178129869514e+00
6.581117060141639108e+00
6.123129364886542803e+00
8.574714478711172205e+00
1.006015842698086615e+01
6.446288783839860592e+00
9.125898755392228168e+00
4.524729845854221999e+00
5.726585158519857721e+00
6.586114726255602569e+00
8.281879694551212978e+00
6.607603354888371250e+00
8.339479104493140227e+00
1.117488655559629152e+01
6.733556956532944504e+00
4.251130785164855652e+00
6.019909981347293382e+00
3.683690171072618647e+00
5.963544904890536458e+00
7.444134636902709268e+00
4.184827118206867702e+00
6.499472941806787141e+00
7.219969246282161635e+00
2.250038597435906951e+00
5.288378052449857591e+00
5.491207851078924840e+00
9.456451457298342689e+00
7.961372322253208011e+00
6.042176567325249437e+00
1.395300860126564402e+01
5.658813985830136062e+00
7.544723783463815003e+00
3.884976934615925082e+00
8.789003175574881865e+00
8.614973617690006691e+00
3.826920827341724785e+00
1.069565289771064442e+01
6.731385310813495337e+00
6.520441303689501034e+00
8.521642863979906224e+00
9.197682802009587988e-02
9.353196370743752652e+00
4.712964988980804293e+00
7.473824688492598511e+00
6.358440608852040654e+00
1.188262443406832958e+01
1.008044000367017468e+01
8.702328930191043810e+00
1.124184852495532283e+01
7.049623100277885968e+00
4.934047384482363796e+00
4.636283322058864620e+00
-2.081939460342418613e+00
4.948203453538571495e+00
7.931417838887151461e+00
4.880039563943412873e+00
7.484023848719532523e+00
7.373070280364594886e+00
6.650391910955537611e+00
9.655489499003703457e+00
8.900321885449878678e+00
8.434202821990135490e+00
6.300082688817004062e+00
5.272446993565480078e+00
6.200627246338837217e+00
7.525717138568238873e+00
6.179906846228775841e+00
4.467219171570404157e+00
9.696783040292137557e+00
6.480960763219987264e+00
7.513353916876390315e+00
2.483442262533057665e+00
6.035456578510923542e+00
1.045068575111416820e+00
3.697780130507373197e+00
7.705303133980710761e+00
6.773912766801675645e+00
1.018684766790436846e+01
6.626076500476303366e+00
5.148601614513614422e+00
5.951079029553682176e+00
8.539406752392929789e+00
6.692571611243932850e+00
2.424832493326111837e+00
7.376742492250176753e+00
5.930101929504041358e+00
6.940759434804062877e+00
1.321006471640865954e+01
7.683263986073857410e+00
4.536710203156260945e+00
8.649334284616369217e+00
1.094619470679170803e+01
8.429291941162325941e+00
7.480184617337875430e+00
8.903360353178982223e+00
5.770701287956282677e+00
8.153684959478287197e+00
3.914804771121803917e+00
4.992684788089364112e+00
6.523110276093130544e+00
7.235633436261026397e+00
1.216356667836288707e+01
6.710780266337745381e+00
8.595795680777019498e+00
4.432949519013202000e+00
6.962290282119174556e+00
2.715370879562200024e+00
4.856881830832417535e+00
6.439183339797306616e+00
7.421710935127381781e+00
6.673807651922951223e+00
7.243903139172217287e+00
7.537781110839457455e+00
8.035776959944278985e+00
3.759999429562907558e+00
6.419707009693788713e+00
7.855920612806243319e+00
7.883094243327653849e+00
1.329977295928377146e+01
8.308566363005141397e+00
6.619747541237895661e+00
4.352040653864748698e+00
6.105633877441166923e+00
7.280896796746672450e+00
7.316084564736106799e+00
6.103237996727253645e+00
8.523753972929851486e+00
4.951943764429990402e+00
9.063474358991109980e+00
5.866708915975433314e+00
7.383435585525724321e+00
6.314050124255201624e+00
6.101779782354054937e+00
2.802736478402692022e+00
1.461880542971776720e+01
9.029464335973184319e+00
1.551885740614524423e+01
7.055930206004243921e+00
6.176463456535657315e+00
4.613257444278825226e+00
2.096790488551643961e+00
1.484424418744307772e+01
3.496903029734211188e+00
4.286953692807921712e+00
1.273416655842135725e+01
8.743875209371969603e+00
7.000780621914723945e+00
9.680679694839712468e+00
2.819364158806201281e+00
9.795428771274094615e+00
8.206898473084745405e+00
8.779773062583704046e+00
5.363826012740383398e+00
4.810094165703814539e+00
6.201682675033399761e+00
6.659753285068743978e+00
8.235472129646591810e+00
8.318202231351936149e+00
7.093294018296320225e+00
6.895183828367665413e+00
5.430061052974497926e+00
2.257349833718969023e-02
7.386691395083861522e+00
6.601824567861706683e+00
7.123667904626085345e+00
1.000519746630597240e+01
3.823989379190364080e+00
5.647646507568245156e+00
2.213479723485454187e-01
2.307056425223363405e+00
6.323677887671584230e+00
8.951355862296878740e+00
2.262275110803270373e+00
2.899275732267920791e+00
2.238462644736993301e+00
4.465447480217108023e+00
3.233720891817879028e+00
3.455256031890341362e-01
7.412484883915569256e+00
6.629070921163253693e+00
5.525836750356231342e+00
9.331051465970297443e+00
1.045022282490870325e+01
1.355446664125113276e+00
3.701539267453799020e+00
7.168677644219942025e+00
9.867318459908709372e+00
8.167318675789660531e+00
8.594763919621485115e+00
6.032913276973885353e+00
4.986230556339279474e+00
6.224564190161144595e+00
2.128201882795680344e+00
6.278153991944970258e+00
3.939674712585975236e+00
-7.387628946834912114e-01
5.558607843028061879e+00
2.551661325670220304e+00
2.923693405158849234e+00
1.103495160000805697e+01
5.424152920205676409e+00
4.519428658154364342e+00
6.784089957786662239e+00
4.935656529648037250e+00
6.155143495720165170e+00
8.674152513479665316e+00
6.687962519328504385e+00
9.717418615639122237e+00
8.428960852832265260e+00
5.822914026005975963e+00
9.732234876748597330e+00
4.396455277978841281e+00
9.378609576568884165e+00
8.230067378259729338e+00
9.824076434966348970e+00
1.904045388127113103e+00
5.590484726006095251e+00
9.147249424199353385e+00
6.009630997058130752e+00
7.879399713533523197e+00
6.356610100366107297e+00
1.340152828374066019e+01
5.881197165139069760e+00
4.754470446987543397e+00
9.085023215163733568e+00
6.783876688909084685e+00
5.549635028713533202e+00
5.791627283337596133e+00
6.965398559051687144e+00
6.308265844174406389e+00
1.344760694631398934e+01
7.469135822650307510e+00
6.940288991280932684e+00
8.206640550457661831e+00
1.112582223015208172e+01
6.756664886265316916e+00
9.375660073275078332e+00
1.780657818444663931e+01
4.382482676590608861e+00
7.264006500044672521e+00
1.053051895027450158e+01
9.194614237935931911e+00
5.430121932812733476e+00
7.884238548968203197e+00
9.996047550448412977e+00
1.066940705154974367e+01
4.575143264937528542e+00
6.204208664285560282e+00
5.930441478281523793e+00
9.729974663548315306e+00
8.124986408237754532e+00
8.027476346465071799e+00
5.684884480260058659e+00
3.832131225239615802e+00
4.197575302654530383e+00
5.538986404809165265e+00
8.599673897918732379e+00
5.373889855179626807e+00
4.050214534945960843e+00
7.362046597075701193e+00
7.673674971007832468e+00
6.908000977308205393e+00
8.782828583652648291e+00
6.809758956194189139e+00
8.212933248232330286e+00
5.832215974548579318e+00
7.180060495021617584e+00
8.492453190214170888e+00
5.291593403658205297e+00
2.837143476210216342e+00
6.608324898627364163e+00
4.292689125148050344e+00
7.058182175258204794e+00
5.303805697556343901e+00
4.790998686354930314e-01
3.552377721701770685e+00
3.451596220055188180e+00
5.763666719406478123e+00
3.773328706072210270e+00
5.469585492504857704e+00
8.449676034062640895e-01
1.024883350564082996e+01
1.032063462522057939e+01
6.014805275490660463e+00
4.385429333451428491e+00
5.642991811127156865e+00
8.655977415498558258e+00
7.231892013622533533e+00
7.739491717641282520e+00
6.694167367004716596e+00
9.180512970880256418e+00
5.641521222404942471e+00
1.251818486204183323e+01
4.863295369191536821e+00
5.185137336106053318e+00
5.505715342069811946e+00
1.138071279222968357e+01
1.063692882333253209e+01
7.119997170799209130e+00
1.181072650221082121e+01
9.000126949410386601e+00
1.362322142589386331e+00
1.120764688869879677e+01
5.748553075533918921e+00
6.365451917437384033e+00
6.348563088095284357e+00
1.002215353538745912e+00
6.386981167452013608e+00
6.476555767402028430e+00
6.121486250403106233e+00
7.143226081777657832e+00
7.465261550495407405e+00
9.701348223542442639e+00
6.586956577188160189e+00
9.732452876169761069e+00
4.756807602227500098e+00
3.786265401190425539e+00
6.867174458589614616e+00
7.447527840670520760e+00
6.609215231386350808e+00
7.350058590419425997e+00
6.039939044024183801e+00
4.812419427094615898e+00
7.383033415881725681e+00
1.304143919291225551e+01
1.556149545795976863e+00
2.214376668487843425e+00
6.981586888143238134e+00
8.508306770678800035e+00
2.685568704084753122e+00
5.392988347068389032e+00
5.797594004858843242e+00
6.183570269620800808e+00
5.632986800931099935e+00
5.129349200705608069e+00
8.802258916862275129e+00
7.417827117190511466e+00
1.044979891688383944e+01
4.398480858380946046e+00
6.396200626562204228e+00
1.877880166717703858e+00
4.770451233647415634e+00
1.049247915626224703e+01
7.181578421161582959e+00
7.797226793089873098e+00
6.075242722272375495e+00
3.252651525547374689e+00
2.590754599999534946e+00
-1.508667056125817751e+00
5.572292337554406672e+00
6.238100263254163558e+00
4.874720704100500512e+00
8.569284273226145388e+00
4.047169332874879011e+00
7.903414893311031975e+00
4.148471080017882784e+00
1.102698180664946292e+00
5.176141837521946343e+00
5.299116922500465066e+00
4.693290652258070850e+00
3.853079144119445854e+00
9.505950281978757133e+00
9.339522202005881013e+00
5.089627764299506474e+00
1.091339453149830163e+01
7.598655732495789294e+00
6.579270114449336404e+00
1.018977780062559191e+01
4.793948464518607899e+00
1.576578673561090937e-01
1.122478953767603205e+00
4.262073892052037571e+00
6.446539369839127787e+00
8.478068939019545169e-01
7.479913251191062429e+00
5.870090411092093952e+00
3.207742232702250895e+00
5.804441549660483979e+00
1.909540651800636368e-01
2.136667852962281344e+00
4.950009278671306134e+00
7.503939216299576387e+00
7.633087818256927726e+00
3.448829455983856374e+00
4.401887296650516035e+00
9.166937611607442804e+00
1.074763151966703134e+01
5.561088996274035523e+00
2.772105861043130393e+00
9.277355824551786867e+00
6.969450874816022434e+00
4.532608047144240260e+00
6.566482189209374098e+00
2.074049852273959438e+00
6.359254246933124577e+00
4.171646709320390833e+00
5.020175873348657447e+00
6.871572341406769979e+00
1.880592668979488735e+00
6.229950992176568114e+00
3.867615618108361186e+00
5.649599736854809429e+00
6.612539943480649995e+00
7.249040274268820916e+00
2.964023482836226631e+00
1.985288072690548855e+00
6.043372521417930798e+00
1.416259646711674236e+01
7.488953143683152902e+00
1.038746611018231825e+01
2.057520636575113748e+00
-8.168055250195926931e-01
4.402846660643233712e+00
6.968929524540664389e+00
7.191614205510060032e+00
5.004716442099269358e+00
6.744945899805466105e+00
6.900187693411298895e+00
7.292487598100527713e+00
3.824884905772574228e+00
9.374914696354421650e+00
8.191779660797099183e+00
4.582552396487905355e+00
1.509732471301934442e+00
4.572219803940551053e+00
6.984847043151429347e+00
7.415380925954758951e+00
5.022534658111155181e+00
5.672086407987077195e+00
7.017044574666637224e+00
9.887891466143390318e+00
7.119467187813516951e+00
3.409488669044618447e+00
6.867941352102495678e+00
8.161243771065674224e+00
4.353232024700224301e+00
9.529065635613573448e+00
8.723340674216411017e+00
3.266537523718036518e+00
7.082016661351856257e+00
5.344233890775645257e+00
6.098980586293932582e+00
2.689686392814074178e+00
1.078375182538218269e+01
6.656000360243713665e+00
5.987550669719903240e-01
1.291816318038709355e+01
9.166330605105580176e+00
3.197753656049547644e+00
4.914276863665435258e+00
3.042172326536827232e+00
3.901020948244746211e+00
8.571103850473871688e+00
4.908928544906717484e+00
5.141765179359202520e+00
3.913220954792182571e+00
4.275353489485368641e+00
4.767696855586192939e+00
4.945303008949493595e+00
7.820059454391795839e+00
6.247911301946670548e+00
5.604529429738347446e+00
8.137473592531234701e+00
7.263018267855959387e+00
4.242543285998953806e+00
9.412407001459905942e+00
8.105473111409589038e+00
3.664217564846210085e+00
9.804376458396598437e+00
5.515872264275240688e+00
7.790524010424807244e+00
6.156687285382036023e+00
6.051256665745581742e+00
9.216210410492715610e+00
6.719597639432539182e+00
6.657093198534910883e+00
5.806782768712754894e+00
6.203906054931814573e+00
6.629012180383898389e+00
6.936735683962286458e+00
1.130471872051439952e+00
3.614130940630874367e+00
6.572576735556209471e+00
4.207666515523976969e+00
4.459904187398681330e+00
6.418163554956635153e-02
5.681971762673304838e+00
5.295919007892909036e+00
2.920643223427908719e+00
4.975499799265882928e+00
3.137608677619677433e+00
6.557589888485656715e+00
7.275555617925736129e+00
2.894032391876500743e+00
2.298101059064025176e+00
8.627881258051097291e+00
8.206859158180611402e+00
1.014387517500130897e+01
7.267363032241778598e+00
6.260525036882294003e+00
6.029350195140226631e+00
9.090109999822587383e+00
3.522812423116710612e+00
1.060027393284958741e+01
5.266499597157536350e+00
6.198200584825549697e+00
5.889580594054462104e+00
5.842045245852068192e+00
4.821941637098184685e+00
8.413448585219372333e+00
8.411526251969130286e+00
5.431081599750785749e+00
3.935513901645070867e+00
6.389581101948962782e+00
4.534336025010140325e+00
6.376386016853855310e+00
1.028137079123064623e+00
5.277818554868201062e+00
5.698656070078886415e+00
5.519027049096756343e+00
5.308246643971951784e+00
4.341278905305787639e+00
1.356939056972554170e+01
5.895127414585637382e+00
6.289819579204203315e+00
4.381567275565079633e+00
1.007911193877231426e+01
2.068552257828260910e+00
5.670438729570531855e+00
2.666896341174222584e+00
3.321566955298282942e-01
5.229644402509372014e+00
2.002064846384306929e+00
1.050482270057930911e+01
1.470872276831524772e+00
7.446442909672403410e+00
2.022823355149944380e+00
5.525038078576152145e+00
6.396939276798608631e+00
4.427450581639885918e+00
3.809764999628527882e+00
7.478200440989883901e+00
7.015294431962709965e+00
6.163850455927533112e+00
5.391006249280771989e+00
3.561552657871488670e+00
5.564791966968346770e+00
-1.426508973027199367e+00
5.838448802570013640e+00
4.864938099123893522e+00
3.347968084377761500e+00
8.568783762067059939e+00
1.468306259449455098e+01
4.965570924829685318e+00
5.427107862725582876e+00
6.236165029908554480e+00
6.886967479312213314e+00
5.318276653913857288e+00
5.104220387319945651e+00
3.145292029357152241e+00
5.795362169814534781e+00
5.903761605072856078e+00
8.955395922881013604e+00
3.171723333576621062e+00
7.348640370736575278e+00
1.040759845448272713e+00
2.681575847643899557e+00
5.375266108960965461e-01
4.362402540666749928e+00
4.506260372959296490e+00
8.566771336759600786e+00
2.043411679923737623e+00
4.775102703286806971e+00
2.413459202370258350e+00
6.525202069970463370e+00
7.013926608336123358e+00
7.269820508920849633e+00
4.634983417431723041e+00
6.448387057391845367e+00
5.918625427610589185e+00
4.942904963065466006e+00
3.853287818697936906e+00
5.974666219372427811e+00
8.556678859143300286e+00
3.183357566929160498e+00
7.341935516681518337e+00
5.071658263493354468e+00
8.536154817524698402e+00
1.248507305610143447e+00
2.653051312400018347e+00
5.156016899042342061e+00
5.946335925411599277e+00
6.115382252306993394e+00
7.044090756052003854e+00
6.663897038745399293e+00
8.298818256526544701e+00
6.353466366233829099e+00
5.926461635104008252e+00
6.456874633683913345e+00
6.231563206629391338e+00
5.931756399838811866e+00
3.907084189595932067e+00
8.709897201250337062e+00
3.926726554957876481e+00
2.074311173750644777e+00
7.142556427208543113e+00
7.302312471656868809e+00
6.614078122897718792e+00
7.457816176238893036e+00
5.761607059386896879e+00
9.900685047799669292e+00
9.476001583531683536e+00
8.113499908042442144e+00
7.506473658310911290e+00
6.432996160774379746e+00
7.249260964126042595e+00
8.431014537708854562e+00
7.327547866053127024e+00
6.794664047364671333e+00
7.337093481601492329e+00
7.363279136009608372e+00
8.058581429883709291e+00
9.755328735582036614e+00
7.670361823798972800e+00
8.932389521276721922e+00
6.099904087045346479e+00
9.260445512748134433e+00
6.212875641836484775e+00
3.918920983804552449e-01
7.925263143959297096e+00
1.161792518838326593e+01
9.286016724670524525e+00
8.813006884020449405e+00
6.039963907828799883e+00
4.912115686448990992e+00
5.600594865368833553e+00
6.109542436362898954e+00
1.521268629378575987e+00
6.966313496154585394e+00
7.489291741659585000e-01
6.156433924878124131e+00
1.081137013743495068e+01
6.338096501775281055e+00
4.001121202903577867e+00
3.879173593628731709e+00
8.474526259232719738e+00
7.830149313213762952e+00
8.125411594022651229e+00
5.873326485290407462e+00
6.603666927121155439e+00
5.587914175840663411e+00
3.363128018079510451e+00
6.469258002912945393e+00
3.480750245626202499e+00
1.126126470239968214e+01
8.682363949564397387e+00
8.523150105241697361e+00
5.791695439598182560e+00
9.360361805070166241e+00
6.129702382494071067e+00
4.940705439009169808e+00
8.860639929986337648e+00
5.836787386710727610e+00
6.222636731326210757e+00
7.141979455109797925e+00
5.977741837260303726e+00
2.928751062056531573e+00
2.275732585440784828e+00
3.534176109054794956e+00
7.640245187838810459e+00
1.015855842689366462e+01
1.166844718086348820e+01
8.817174157177058547e+00
6.036061542386182310e+00
4.231121473079445749e+00
4.229049335058004289e+00
7.522273764836189258e+00
6.213880063205341031e+00
8.817511440734691064e+00
5.719376783756498384e+00
6.208440943067673246e+00
5.948039967283042628e+00
8.322751761743983678e+00
6.825566848128578279e+00
8.072726093576552131e+00
8.807364394299325383e+00
1.106299527181815634e+01
1.193304384931910889e+01
5.427509505091419939e+00
9.144009705389100517e+00
3.061452302375204049e+00
8.978759491894649614e+00
2.825740352931680466e+00
5.469955470752189797e+00
8.029683445596559110e+00
3.581271081326887540e+00
6.545233614420510548e+00
8.418136597491503892e+00
8.115393870474552074e+00
7.714577121555654671e+00
2.659230737511700582e+00
1.089926142288872235e+01
7.136265630224249534e+00
6.952616077938028383e+00
9.520237659072352088e+00
9.244722422303816245e+00
9.258677630033325556e+00
8.342380329782242754e+00
4.888678419796567809e+00
3.454686310187837783e+00
5.657553803393597036e+00
7.620061054607841555e+00
5.188592379360112972e+00
7.729503350323026822e+00
6.321434995835112147e+00
7.046593481430980077e+00
5.962712048605545156e+00
6.434579680567611426e+00
6.712206033852825549e+00
5.168057781690372110e+00
4.809949339708122551e+00
7.900209377480972961e+00
6.611889876715490111e+00
4.000109901009695434e+00
5.720687577408405389e+00
6.300247004744991663e+00
5.913025397314130238e+00
5.788513780692812638e+00
6.255738472433152175e+00
8.497849431473913029e+00
-8.068354672684590057e-01
8.747591203818016581e+00
1.146917852222669865e+01
2.013787566354959147e+00
6.855419890460461296e+00
6.298267477957304905e+00
3.792471749917942780e+00
6.458420323260495977e+00
7.229623234599111825e+00
7.808989436313404475e+00
8.737928339949583290e+00
8.638488170432964353e+00
7.488972956300989026e+00
5.562945008571784200e+00
1.065858770827037105e+01
5.366384217613425989e+00
5.874485806332478077e+00
7.892529757467675822e+00
8.681939137099657700e+00
5.196179471858711096e+00
6.707098390640719998e+00
6.161045798984090105e+00
8.103192862827148346e+00
5.822140098388991269e+00
1.055528391231677965e+01
4.642625822855920958e+00
5.343414094904104239e+00
5.933048413272743460e+00
8.987392216502529507e+00
4.767936435993840760e+00
9.412978468176813607e+00
7.378637422801483048e+00
7.925819916065541371e+00
6.521511327994173435e+00
4.864202852268664223e+00
3.723419346312990097e+00
6.179851083004406220e+00
1.649612521935212683e+00
5.327086455407737731e+00
4.124976244326290953e+00
3.289534115454743279e+00
9.149943670152627107e-01
5.855916193970878147e+00
5.343992407537908385e+00
5.438526565774441934e+00
6.702558253204403904e+00
7.368897926782620900e+00
6.100361326512633298e+00
7.192214246864208960e+00
6.653722511730973288e+00
6.950050747505379434e+00
6.170150091305697693e+00
6.302959449956232696e+00
6.629621745720625015e+00
1.576616085175936455e+01
-4.004587447018064239e-01
1.092595101262034518e+00
8.164562505056913722e+00
5.611339367682930401e-01
7.930649977722135091e+00
8.824127968256060939e+00
6.331204223165873834e+00
5.498876113928479192e+00
8.012139990472860518e+00
7.041821285575259104e+00
2.139909921737343623e+00
3.458757913618219604e+00
6.578930436110685065e+00
1.240799593810344703e+01
4.964410433440503922e+00
4.474425483599923759e+00
6.630020641757519151e+00
5.862867116999779249e+00
6.987162207844630046e+00
8.925179777749660204e+00
7.015528896927308189e+00
3.237224775033171298e+00
2.533649271064910113e+00
5.603342597131035774e+00
4.694202113033998813e+00
7.069326395324100787e+00
1.307641829735841910e+01
4.891867991039709374e+00
3.305431889424127689e+00
4.486997845644559391e+00
7.483844387264417364e+00
4.852678286372134941e+00
4.468369544455646825e+00
4.757412669941508909e+00
6.500170985742287577e+00
6.495042638081214292e+00
2.273228157630161395e+00
8.207244402774335867e+00
8.089284724427226791e+00
7.640113914329635492e+00
8.910367219879478995e+00
2.310554429366815654e+00
6.809257699064360736e+00
9.560961714970119374e+00
4.621460744837435186e+00
5.192007379726678806e+00
-2.725422249789257734e+00
3.835703393198678590e+00
7.600502370562995935e-01
3.925281139080450288e+00
8.574685084680700342e+00
7.130629148994248823e+00
7.744115179574712293e+00
6.070352642139576815e+00
8.226261647127312671e+00
1.379989102271662382e+00
5.209728491881420176e+00
5.346024823190001385e+00
5.324471649370652315e+00
2.045488391643984993e+00
5.190511807089067453e+00
5.161439962663658676e+00
9.590120242878892753e+00
5.867392932461384270e+00
9.504057823836312480e+00
1.253530188366792864e+00
7.102709149282423695e+00
6.567714072330057107e+00
8.995183845174352655e+00
7.997908993271950706e+00
6.919464034063698143e+00
5.602532795468601279e+00
5.273712552451787161e+00
1.105213295190335998e+01
5.348827164225846253e+00
1.238181162567133065e+01
5.351126062823033713e+00
6.746717249801172045e+00
6.684710578226222388e+00
7.173078295310393315e+00
4.111780372779972659e+00
6.120142021776474373e+00
2.109525197256373552e+00
3.073018152286101756e+00
4.730494650939774282e+00
3.156699294393466193e+00
6.043523634470868267e+00
9.546250546769993406e+00
2.558271904156890209e+00
5.946234908440045430e+00
3.419241081567924834e+00
2.486550137386571713e+00
2.336504910584395844e+01
-2.827461142538134098e+01
1.554293465224061954e+01
9.235684455354752131e+00
5.968209904559544476e+00
7.138166237591827112e+00
8.124658033199901652e+00
7.392184959699361180e+00
7.735348351692099556e+00
4.917033828952368957e+00
4.292223930720360237e+00
2.570174077362785248e+00
4.272440220289903223e+00
9.227454234418940970e+00
4.479791453473534801e+00
7.560310655632079602e+00
5.796263230525393162e+00
2.258701413595617602e+00
6.766195462796487092e+00
6.136800287298516565e+00
5.389990956940041933e+00
5.480566780766812585e+00
9.569412558718017436e+00
2.994696728566565103e+00
5.607169964437111354e+00
5.833666962167288972e+00
5.837214722173925452e+00
3.945014953660453738e+00
8.283166641731952495e+00
4.557069100183098520e+00
5.792333118457492880e+00
8.101688954990464708e+00
3.516362139927256880e+00
5.724697873980145957e+00
1.234424109668499270e+01
4.971543381594463185e-01
6.158526819657412332e+00
7.548409914156589018e+00
6.140305195800786819e+00
6.955320252092620947e+00
4.998404438697315655e+00
5.992545895269957512e+00
3.945001338204755292e+00
7.382733665099584286e+00
3.629020681396754711e+00
5.758332744489798039e+00
1.495474791404441639e+01
5.311669697771682408e+00
5.989464986899966092e+00
5.760457344666943591e+00
3.515838556311547070e+00
6.260915617793802568e+00
9.955114529378828792e+00
6.444475297977605877e+00
3.693364977717021436e+00
7.598175503452622159e+00
5.669106200863147649e+00
1.044256731156839990e+01
2.091499338887529369e+00
8.994347756885472833e+00
8.988245561398926498e+00
8.042269083892323422e+00
6.982725971401833043e+00
6.615551263998462161e+00
8.239919007326667710e+00
9.456505134260453360e+00
1.221284079985166926e+01
4.085669354392947206e+00
3.367355587226690261e-01
8.475993933735374242e+00
4.189277467303993419e+00
3.174546204954527440e+00
1.125941135552317007e+01
7.170177016128959302e+00
7.692539435339154963e+00
6.043011843315305498e+00
8.511126971917487793e+00
2.373644419773651038e+00
7.711490722626797023e+00
8.757405193752322958e+00
4.119344342692030203e+00
1.067547141826970147e+01
5.481740350018542429e+00
6.079357143515882633e+00
8.401359419189429190e+00
8.370798729043080755e+00
3.140802399552891089e+00
4.189240976553749718e-01
7.235929083390894689e+00
7.758493504411919872e+00
9.661060983313745965e+00
1.162969739255522228e+01
2.938201633888562370e+00
6.294021995335292274e+00
5.944450606229397138e+00
7.618936834650082979e+00
5.191727966263205651e+00
9.365906431823830758e+00
1.094161633751467022e+01
8.828598059624361838e+00
9.903870624751604623e+00
6.083606315063498471e+00
1.383670144204998920e+01
6.982632396230368244e+00
6.144221829943608881e+00
1.781922450154930004e+01
7.660721688761686465e+00
6.412860257245473150e+00
1.185610672829575840e+01
7.881466157549763096e+00
6.666951682641018451e+00
4.749307404267815613e+00
5.817020205250816645e+00
7.109636211558979291e+00
2.631964280768714914e-01
7.116006010709176266e+00
7.360324099321513991e+00
7.638249119189588932e+00
9.321288280666980341e+00
3.008842961286202655e+00
5.388040806806267291e+00
9.415961083701033019e+00
9.785069925611217911e+00
6.461781955244035203e+00
1.388128877440804487e+00
8.712398759106298129e+00
3.942947819036461077e+00
1.294880361451637185e+01
5.268956751514340731e+00
8.312613763807682687e+00
5.913857107687910286e+00
2.782688830720635664e+00
6.941596663683527346e+00
5.389044775746334892e+00
1.232942436874242098e+01
6.205973954282345773e+00
5.801539997017871819e+00
1.009765856454243327e+01
1.964755513195751924e+00
7.355384201637915176e+00
7.960158505072001844e+00
9.200174223014013108e+00
5.802589637544069312e+00
6.662244433437630953e+00
8.498522578887516943e+00
8.667781353575529479e+00
3.479796113222581866e+00
5.789466606225830425e+00
9.642120874827817545e+00
1.047427957215075445e+01
8.167280149388028931e+00
7.125975226618782798e+00
6.296981211765984021e+00
5.570677482051103802e+00
7.074018517122103056e+00
7.735456170995439251e+00
8.091963545663794832e+00
1.981515863100646868e+00
5.531625679770336923e+00
7.210720177872588899e+00
5.618397491233276142e+00
8.133339955576504465e+00
3.625468798468359122e+00
6.539291132639507786e+00
5.975085837696555657e+00
7.960906749054720066e+00
8.796091346620546148e+00
6.159649678907925363e+00
6.327306389857747959e+00
7.971854754988893177e+00
2.930269039693730981e+00
2.607449103436695115e+00
6.070412946197773607e+00
7.037277449078343849e+00
5.635971607003099848e+00
6.130647180620329095e+00
5.180968931454653870e+00
8.191077229458308295e+00
1.071006240697299638e+01
1.341751495923728044e+01
5.547538254976352334e+00
5.282484002895605713e+00
5.627967150233482485e+00
8.327579306869500542e+00
9.185371616567493902e+00
6.507617810967823324e+00
6.039354004059616088e-01
6.557822448165260276e+00
4.782827508716714249e+00
7.096637108289429285e+00
4.790035821209359668e+00
3.389052421509393564e+00
3.137373252682039926e+00
5.275564302941813111e+00
4.119632764315293016e+00
3.047747967840725103e+00
7.020461887848730598e+00
4.829481150885854390e+00
6.797033811508764067e+00
7.880637967443330894e+00
-3.634439088928411721e-01
5.940864172908657537e+00
7.217370687909155258e+00
5.680923521726153780e+00
9.923892307555723491e+00
4.705654976285527979e+00
7.488360158491594198e+00
7.741162964566946414e+00
4.629705819581046100e+00
5.095724229173761444e+00
7.522967841066194872e+00
1.122191166782246086e+01
9.319153637167767457e+00
7.448254560900188892e+00
1.299040368173863946e+01
9.547070951621968504e+00
6.660220725637053363e+00
8.232964637640213468e+00
5.474275890865149208e+00
9.353969643506916398e+00
7.821777262167556088e+00
8.279746411849686183e+00
5.927986013234066931e+00
5.190717666444164990e+00
1.055317657171732648e+01
3.039503583111095253e+00
6.468471871254431349e+00
7.118767221247985333e+00
1.026991893886691010e+01
6.307058833715261770e+00
3.840143945601135478e+00
8.521916634725918982e+00
4.912244350537095627e+00
4.124925821393212289e+00
7.480565570081534332e+00
4.243851882142081422e+00
9.325303354477476603e-02
5.271387187666254803e+00
1.750458085315018764e+01
9.759810550304457877e+00
1.109033655948559627e+01
6.610064935125972596e+00
4.088478962549495499e+00
9.275424940118835337e+00
1.056616495885328355e+01
1.132423437973534597e+01
9.257630020429511220e+00
9.225250113785772754e+00
8.515394578663388003e+00
7.595432960687043433e+00
7.009459616991833286e+00
6.480721208312700377e+00
1.091949793008024017e+01
-6.945027863630670595e-02
1.073722518399951653e+01
9.110051392949255700e+00
7.024118102787104689e+00
4.959573381955229010e+00
7.047708811687771302e+00
5.887713169006917546e+00
8.132170870855961908e+00
7.959788501505443037e+00
6.165378467227720982e+00
1.312631486533095604e+01
8.520769468442020766e+00
2.349254900687690828e+00
1.034025775470253627e+01
1.897323754179021549e+00
7.162958306467296588e+00
5.075314233233832795e+00
7.210516462463506748e+00
6.400992741042495382e+00
9.808833307107150290e+00
6.707622360476733547e+00
5.097873237402295921e+00
5.574074764827241957e+00
2.231630510198744588e+00
5.569875780125881803e+00
7.964023473080942495e+00
4.269733611884409363e+00
5.764261823718900501e+00
5.414986289337230474e+00
8.005110040724490617e+00
6.973291741910418118e+00
4.749667157749046353e+00
9.181148927099824775e+00
6.173815633804150771e+00
9.590113733809385366e+00
8.993835124284936811e+00
8.596702450721952715e+00
7.505756750494215979e+00
4.734020728917344378e+00
9.059500418025500323e+00
6.102321852780919542e+00
7.406165837328584800e+00
7.501955641018962950e+00
8.182235481043267811e+00
5.364845310203017803e+00
7.156398450998283423e+00
4.830424373669539584e+00
9.765609590863965295e+00
7.797406624311063794e+00
1.001153795400195179e+01
6.454106495685138611e+00
7.306280154815762096e+00
8.868659783791185802e+00
8.698601027733365854e+00
5.239038710349857020e+00
2.880137952006531776e+00
8.716343679033013103e+00
7.364646430227515417e+00
4.773352247722397301e+00
5.932451704000115456e+00
8.110562034238526508e+00
8.605920761900554439e+00
5.954416291026827679e+00
7.588890876380913753e+00
4.695299514514162276e+00
8.908709516718920085e+00
8.528284558124783032e+00
5.205198800789703206e+00
9.267214643708538091e+00
1.102046386077369178e+01
6.442420814292521669e+00
6.399781467834259274e+00
7.649952166349799576e+00
5.630425685752046938e+00
9.081712850636071366e+00
7.290381353541935283e+00
1.131299413269905152e+01
7.364612454928611385e+00
4.893450716839164549e+00
5.709410487480180763e+00
6.472268682235083226e+00
7.597851588373027987e+00
1.049079048931803904e+01
7.319250449174854012e+00
6.989499796301561929e+00
1.079271869608307455e+00
6.917262087693842432e+00
3.340444274206414654e+00
5.961688120742912211e+00
7.158316167072021230e+00
9.265809655241236342e+00
9.352927343908788771e+00
7.980292490723616794e+00
1.248867169107079178e+01
8.075254446740702363e+00
8.734844488582542255e+00
8.446713053892533907e+00
8.076576772401159232e+00
1.096675219914734711e+00
5.250141698526470613e+00
7.873242605744681377e+00
7.437884033133720152e+00
7.825107465309796950e+00
7.130166259852632749e+00
8.853530497069748151e+00
9.095450314285701054e+00
5.780786076479113689e+00
1.126665938956112356e+01
7.514996487064876440e+00
7.600432660848568389e+00
6.616540046514741036e+00
7.195847205162082538e+00
6.175152531914406495e+00
1.766984060011705715e+00
8.539253124314287291e+00
9.035822526121181753e+00
8.975039652890272279e+00
5.451092745428198327e+00
9.747381425120179799e+00
6.954835792046047516e+00
5.654845426585780821e+00
7.564655017594025033e+00
6.502811055398795226e+00
6.128876914740123638e+00
6.157191927330621262e+00
9.450786823017370608e+00
8.031594200835613151e+00
1.147119825084425493e+01
5.092820006080533979e+00
6.876701604552581060e+00
9.586599690452610290e+00
6.947676807821255629e+00
7.562229909331423805e+00
9.727490576517119791e+00
6.658050003616478030e+00
1.157360342221395655e+01
9.368892643213106552e+00
6.540266077447858706e+00
9.046219336996584204e+00
9.796351350030882088e+00
7.779140501626226722e+00
4.353260314170338319e+00
6.716308485582406007e+00
8.400764762001484698e+00
8.313258614374495536e+00
5.905233471811955681e+00
5.469022161744190313e+00
4.214876114950747876e+00
8.057551850841703001e+00
7.964880871184017330e+00
6.064049705551191494e+00
6.744669111127607586e+00
6.022472861528496146e+00
6.777675226330940106e+00
1.127110655687721952e+01
6.919871737108651999e+00
1.183641549492382516e+01
7.457526424422283640e+00
1.016039332841078746e+01
5.543494216676801756e+00
3.284399148681747427e+00
8.364003699210863729e+00
1.219797691951106700e+01
7.017098382595728268e+00
1.262742344042967702e+01
1.160922787297555736e+01
8.215093708475428969e+00
8.296149525235829714e+00
7.247792788268998976e+00
1.071421912937966958e+01
1.197433334907176494e+01
6.287124266101528747e+00
3.210645815347207055e+00
8.986775936599304515e+00
8.031136212390064699e+00
6.514076061853296906e+00
5.600076635433536509e+00
8.250806850518110025e+00
8.223473069889610798e+00
6.443963797377802116e+00
3.897463682371517635e+00
9.604263959090900471e+00
6.984816680268773226e+00
1.006282202907836876e+01
2.880528250046323180e+00
1.338384500673289601e+01
6.793708568109771306e+00
4.113961729336248041e+00
1.101965424200814425e+01
1.166507587015372138e+01
1.846334578753137556e+00
7.327724359258348308e+00
7.615614605106304502e+00
5.581977739885701340e+00
6.902723034212252529e+00
1.283774343432492415e+01
8.095452897882983834e+00
5.541884820821507240e+00
5.912605706871323363e+00
5.312267580663569078e+00
7.666876273706270339e+00
9.569823939371675081e+00
8.145101512505412700e+00
6.645057482726711484e+00
5.307552015789520183e+00
6.558631263995268412e+00
6.083077240005631658e+00
8.261121930437528960e+00
9.361536462626762756e+00
1.026579306926800506e+01
8.089258181522419378e+00
8.183294422619788122e+00
6.348649106653101448e+00
5.127184865403169312e+00
7.014788298364654118e+00
8.356358899802165396e+00
4.979576802808582059e+00
1.178064312148418047e+01
7.186454205675596896e+00
8.482019136410061222e+00
5.476328121927351411e+00
5.214156807587062126e+00
6.976442178402958660e+00
7.759954982292786241e+00
7.939479157544385046e+00
7.645708610788106263e+00
3.808945758184684838e+00
5.482480934873827039e+00
5.427821422516753813e+00
9.824101516209628571e+00
4.623362135508882531e+00
7.199240096296883884e+00
6.971522967766744294e+00
8.632787429061329121e+00
4.116533117774186401e+00
4.564100883162366173e+00
7.728107461013627777e+00
9.865046627335008367e+00
5.353968110468557029e+00
7.353881668782254799e+00
6.884763744721649203e+00
5.941868310666930775e+00
6.651258505317541037e+00
7.746354815425699591e+00
7.810132074920375089e+00
7.307691315611787530e+00
4.958913518789556107e+00
6.183454084097559367e+00
7.307894861787860741e+00
7.874362056469496274e+00
1.018936362096660631e+01
7.536521974861131845e+00
5.291043802632605875e+00
5.084302373262460151e+00
8.016223898864897279e+00
7.712907554070910443e+00
1.115491513875582896e+01
8.887709165424444890e+00
7.636556513962767134e+00
9.299277543269763413e+00
8.501047750659431301e+00
7.641043217490365969e+00
9.781142279462248013e+00
1.186936295510274775e+01
5.642507319447178205e+00
1.091040960016788652e+01
8.510875597924295377e+00
7.127177349393763350e+00
7.019644225931968684e+00
1.076654890620599048e+01
6.094159824267166847e+00
7.417510892296597547e+00
9.285634287912719387e+00
9.270767962382796767e+00
1.418818490130335341e+01
1.142379280304512434e+01
1.225892767860351995e+01
-2.572117685684967903e+00
5.825248969580036018e+00
1.299399866330332287e+01
7.781634738975265364e+00
7.771414661477041186e+00
7.102878258843588810e+00
8.441890879063908670e+00
9.829155186816960210e+00
9.161185634164439762e+00
9.478081393895308793e+00
9.674613657001465583e+00
8.299075917643529365e+00
8.552407750569315681e+00
8.525299530423797734e+00
5.618268169283482827e+00
8.772643545691487077e+00
8.295144907102637077e+00
8.818088771882969468e+00
9.081889762445511494e+00
6.124267084081212786e+00
9.446585953540429514e+00
1.116828048900327808e+01
1.177992543911586054e+01
1.081901988899666023e+01
8.000378238432949374e+00
1.012628305562689235e+01
1.050671280551040709e+01
7.324725400727512437e+00
8.192874529560842944e+00
1.195978373626922675e+01
1.264719996278266478e+01
1.010953933908404601e+01
9.125501699928440402e+00
8.125936311562631076e+00
8.468433356946595936e+00
9.794096996936703547e+00
1.088056658379028008e+01
5.590843106049014466e+00
1.134850059830371727e+01
1.164039336508088063e+01
9.469408460752507750e+00
7.039599396046835267e+00
8.635112479112228456e+00
5.498588599042338210e+00
5.278747631496998771e+00
8.822343980829739252e+00
1.534553949702089959e+01
7.495780851102988862e+00
1.115628644313829909e+01
9.691895632348716205e+00
1.074655708506893603e+01
9.050851752334894584e+00
8.441075562551660028e+00
1.072246760614685890e+01
9.861171183527428497e+00
9.230935562678629580e+00
1.186074844177146304e+01
6.099933887311699721e+00
1.032929385760206031e+01
7.867647320467560768e+00
9.209476358216985403e+00
8.156586953970526466e+00
8.527527169205379565e+00
5.617146144423326604e+00
1.083135570590808783e+01
7.475119319867999934e+00
9.574880717572177957e+00
7.360975335938578112e+00
4.876152637340848806e+00
1.189447984743662801e+01
8.766377388417806671e+00
6.992836220510611156e+00
7.670736207646728033e+00
1.048361257341808184e+01
1.099434518880488731e+01
8.807345020314429007e+00
8.353726623646206662e+00
7.387936604489919290e+00
9.200338676090430212e+00
9.131828624832454722e+00
6.863228311875328558e+00
1.287475547955649802e+01
6.097996379233150854e+00
7.775418048246975466e+00
7.387016523947237623e+00
7.887888886487390394e+00
8.714133913901342510e+00
8.951780911107206862e+00
6.271730683350627444e+00
6.565784030953263795e+00
8.207269787922900406e+00
7.751345209946943093e+00
9.579614926198996017e+00
7.724514489322914734e+00
8.700701340803865591e+00
6.646075092374597482e+00
8.071529525738489141e+00
8.466431170824941788e+00
8.556824010474651132e+00
1.076973417039802072e+01
8.850371443187059484e+00
9.448635953631306705e+00
8.494228094611351310e+00
9.148282864023057570e+00
6.995577704346711556e+00
6.366482919613889457e+00
8.087455953495448213e+00
8.029888243993980268e+00
1.159725980067671358e+01
1.148469305033675525e+01
8.007295547255100843e+00
6.392426946807997723e+00
6.490483216361170093e+00
8.267052897100541031e+00
8.108907331131613105e+00
6.071462238292696156e+00
8.831382555572407256e+00
8.510706144791239325e+00
8.423802591067367729e+00
7.825501187285589744e+00
7.033435713852990823e+00
8.477432082811519720e+00
8.369426060574975068e+00
9.173090816975200568e+00
8.876393485682049445e+00
8.881865952986103707e+00
8.218591098312618470e+00
7.758615934004802206e+00
7.761130030556525838e+00
4.410731845205126511e+00
8.727257466931241936e+00
6.743740579508550326e+00
8.923881348394875346e+00
1.113088798242832134e+01
8.241453238686185401e+00
6.006423976385644181e+00
8.238953681660282413e+00
4.382916613535244643e+00
9.155841165535028026e+00
8.747450897160668148e+00
7.397948759299782573e+00
7.751362326942703440e+00
8.359743747388280966e+00
9.521646833915298203e+00
8.975969687406223585e+00
8.759949987033202490e+00
7.399604320375151367e+00
7.156676202768138317e+00
9.728289965836802722e+00
7.842948163781203519e+00
7.618026053776895345e+00
9.685084915449062137e+00
8.935502330539394578e+00
7.495906409162685691e+00
8.141993267259797662e+00
7.682082961633910578e+00
8.379642187325071490e+00
3.390823872043989162e+00
1.092788128137229364e+01
9.983269243211882582e+00
8.460099472004705135e+00
5.206517233351517504e+00
7.614162602809918745e+00
9.880266591728201320e+00
1.044032181042249618e+01
8.420391082506997193e+00
9.589682561638824154e+00
6.516189592523360830e+00
7.437629093247162260e+00
8.409212873855208770e+00
1.171040301033411346e+01
1.068077736798126764e+01
9.425112716656348866e+00
9.086210787498048447e+00
9.441204186106833873e+00
1.020085586904620989e+01
9.182824686002485137e+00
8.489999999120538376e+00
9.666673531358881633e+00
7.121548934238886019e+00
6.297565213451156829e+00
7.536905034858827790e+00
5.276538397094016730e+00
6.366645613992951702e+00
9.087400329718489544e+00
6.906570384554655995e+00
8.876377721557634715e+00
2.071528470154829549e+00
6.915544126953863113e+00
4.306123676876131512e+00
6.978579697202687449e+00
7.674520902130061550e+00
7.739429809005820005e+00
7.549461507346785893e+00
6.241702463982373494e+00
8.773681784409156137e+00
6.811262381279942879e+00
5.511971656006616094e+00
5.527966026556773826e+00
6.316878178451701409e+00
3.508731949167621433e+00
7.874920079353578295e+00
6.876483291389276609e+00
7.419744456613327266e+00
7.067297953987908166e+00
7.744579311668354116e+00
6.871887038869806119e+00
1.476456435585936866e+00
7.602865653771337939e+00
1.068889593570547270e+01
6.971177306221321146e+00
1.086438750062783321e+01
5.317555961338308990e+00
7.984509576928493502e+00
9.986941274322971296e+00
8.784614104064456086e+00
8.528367031853676394e+00
8.809754931027555358e+00
7.043241863818867188e+00
1.071816956115009489e+01
5.519038842564926384e+00
8.605514452259949820e+00
8.626126473883747536e+00
6.823351442488031715e+00
6.657544363234773499e+00
7.931245308863444698e+00
6.063570351348627874e+00
6.624123449163561439e+00
6.946624739267021731e+00
7.503468034249339169e+00
7.290043468999004794e+00
6.865469691205616343e+00
3.823790879940141441e+00
7.629810053156619531e+00
1.028629165946829183e+01
6.353181559396921863e+00
8.129283625110005573e+00
4.895376642059301453e+00
8.960947377853475615e+00
6.680647146435161332e+00
5.483030989313069981e+00
7.059748345390391755e+00
6.987384776933889263e+00
4.958589493241134072e+00
5.866610370743825520e+00
8.501389707274872976e+00
6.038391862026318613e+00
8.278621148455517442e+00
7.301252026961519981e+00
9.294927556150877734e+00
6.992762269338892445e+00
6.359138546272257386e+00
5.112574624753991159e+00
5.116788076923475259e+00
6.411798312910566011e+00
6.837105451289549052e+00
6.950283319227502865e+00
6.631159344057444116e+00
7.538513728682146642e+00
7.708743824873537598e+00
7.325354574025660703e+00
7.237564559682323484e+00
6.484891218646132494e+00
6.473402599428117909e+00
7.954952863364224136e+00
9.696711973288579145e+00
6.714066320493044415e+00
7.091690855285917472e+00
6.921739911669979151e+00
6.839972854242845735e+00
7.092699968738180871e+00
6.127461842245823576e+00
5.682617703682089960e+00
6.612404255557285282e+00
4.665773113175840869e+00
6.586085859337666548e+00
4.450190173773000524e+00
8.384052260131245049e+00
6.042134816788634843e+00
5.553190631508916120e+00
9.481601361060468136e+00
6.457854181588140285e+00
6.256301159107250598e+00
7.531206852466254986e+00
5.943648716489632555e+00
7.296268199555611567e+00
5.628711982775930878e+00
4.910528775094608278e+00
8.219682016884172882e+00
5.180769171118440042e+00
9.447707006439436839e+00
6.191153637397378340e+00
6.049894522968298993e+00
6.558484290724818422e+00
6.412208985467137801e+00
7.005878781551640344e+00
6.476847140211936527e+00
5.997267748222323114e+00
7.472815976200134713e+00
5.813315798553079006e+00
5.575202518227296622e+00
7.431247777636931673e+00
7.080170803452113581e+00
7.319611617268831694e+00
9.011282250401233540e+00
9.239774775962247944e+00
6.254335134450855982e+00
7.020748846554123901e+00
4.667597304037203187e+00
7.706352246200490974e+00
6.232824133669631728e+00
5.769860081693235720e+00
6.339517042487235798e+00
6.652107265702237981e+00
3.553094167713599649e+00
7.151064587040888654e+00
6.199706016704970679e+00
6.143958057838997178e+00
8.845837611518899024e+00
7.547004669048048342e+00
5.164744346149276133e+00
6.679482431231611450e+00
6.696575653763900959e+00
5.839706321925456578e+00
6.272683553574336379e+00
1.965547279263176073e+00
7.011591748895429355e+00
5.753394244036174499e+00
6.515756609875000827e+00
5.704458443519952127e+00
5.885190411943113986e+00
7.170198063181504544e+00
8.377036071165436582e+00
6.475184869952145483e+00
4.375824453879872067e+00
6.062111330926736485e+00
6.165101643870688264e+00
6.732667255741241696e+00
8.070031607729033496e+00
6.612617407193527086e+00
6.940001066487968551e+00
5.396643786006531940e+00
5.399768755989230229e+00
7.052302736484570289e+00
7.043627422973101737e+00
8.562813904977156554e+00
4.301555954553641037e+00
7.780585073511091743e+00
6.220509938297534624e+00
7.398666197015398183e+00
2.794334390018703207e+00
1.037893367702560532e+01
7.026088729836048152e+00
4.978229146551401030e+00
6.795852842607570388e+00
6.929514268679262123e+00
7.186560521024105697e+00
7.664639912638481434e+00
7.469817026503872803e+00
7.020494941858783200e+00
5.894666514073596986e+00
7.414669731392166341e+00
6.022269954576452200e+00
9.452838055112179561e+00
7.391094376682190159e+00
7.458316471838640105e+00
6.527326098095760365e+00
7.287087933984451205e+00
7.835959696473040914e+00
6.883775086011099553e+00
8.353475686031719860e+00
8.259065241159872173e+00
6.666689935762886599e+00
8.059654096427788517e+00
3.148888493120458598e+00
6.875604057869414198e+00
7.648521338325261709e+00
7.576120579981609815e+00
7.658620472259370260e+00
6.467095388670416334e+00
7.277865748161842951e+00
9.166726851707455381e+00
7.021193713624947819e+00
7.416970902913342378e+00
5.171739998179325504e+00
8.770142967637807985e+00
6.713843202449569780e+00
6.955600508604719678e+00
9.101236421832858525e+00
6.319067828156933686e+00
6.518021368906678603e+00
6.446029980961251127e+00
6.187731829151880802e+00
9.560989030395532495e+00
5.510178544033152548e+00
7.362136617645896663e+00
7.454640852932019612e+00
5.690441698204431908e+00
6.143115899619289166e+00
8.023121001488963344e+00
2.934235516764559293e+00
8.070754396925039487e+00
6.594273161486831292e+00
9.437926706182871328e+00
6.082863273279691896e+00
8.265592781426578384e+00
7.818405913774598481e+00
7.217686207658320363e+00
8.034210791341955371e+00
6.194397324911234293e+00
6.814737231368640735e+00
7.672841939469368100e+00
7.750873207625984307e+00
6.172108953967437195e+00
6.285589516035301472e+00
8.193311091597276885e+00
5.584101715109464514e+00
7.516481707478960494e+00
6.227356764707639769e+00
5.183290210409087884e+00
5.229198872194958270e+00
7.531317753787328151e+00
8.667684014052230879e+00
5.864975513459864231e+00
1.122733031667458370e+01
4.461905717034857055e+00
1.077937594427464063e+01
5.881288294678356010e+00
7.729201794706114903e+00
7.480985743279264355e+00
6.873457774766414730e+00
5.842238204910636945e+00
7.134438605809371836e+00
6.759393512083263111e+00
6.340455624060371775e+00
7.104973696299495600e+00
7.208344559626024051e+00
5.291175925162201921e+00
7.045616888710666714e+00
4.610947703495511085e+00
7.875553123395754973e+00
7.432810907677279921e+00
6.612757046546504647e+00
7.275077484344198098e+00
3.268806321007133864e+00
7.055285599541683439e+00
6.641854143492038176e+00
7.255599956033565334e+00
5.104453257844420833e+00
7.373618637225819228e+00
8.802342399628370728e+00
8.822935162714504287e+00
5.512595937944961832e+00
7.644797657112166966e+00
7.629391056537846438e+00
7.170983571799687262e+00
9.036565725522766712e+00
6.590961313600673499e+00
6.592576343076236967e+00
7.204554871760890933e+00
8.765901634110896623e+00
7.226756606771904679e+00
6.273020604083954233e+00
7.158788892143819638e+00
8.047222585033839692e+00
6.937412876192541766e+00
6.999279531135274013e+00
8.571562524956334528e+00
7.997472909705254374e+00
7.591991722306418389e+00
7.242103458405468430e+00
5.775881930084587168e+00
7.302917941212768049e+00
8.663193815553237087e+00
6.884979264070556937e+00
9.074593336771382468e+00
4.910064144678569775e+00
5.485286777148210113e+00
6.811403890520228543e+00
7.515780650212229297e+00
5.757327163304222672e+00
5.515034940757007398e+00
6.702573342072041918e+00
6.575032684231800317e+00
6.410993368141247650e+00
6.724381794200577467e+00
6.811971389031195478e+00
7.134489056226350101e+00
4.933218073221055100e+00
9.747341975323028151e+00
9.559039737001706172e+00
7.393312181632845537e+00
3.612820707618914273e+00
5.296548578800249096e+00
7.204239844009649119e+00
6.256271340697824535e+00
9.580976408153697221e+00
6.729295058724780176e+00
6.055180176058379438e+00
6.713351636473371187e+00
9.311358945846915702e+00
6.077180395270750601e+00
8.072904861670238574e+00
6.935708446645604930e+00
5.729207766407229840e+00
5.970462467628536274e+00
4.301201864760024307e+00
6.484395838284021885e+00
8.285269858094535422e+00
6.446515505786647005e+00
8.135743742526729605e+00
7.704020844875842045e+00
7.525348154373538989e+00
6.470749069367608186e+00
8.115628462789892694e+00
6.611298298192009426e+00
7.566690945637489563e+00
7.106052953470203271e+00
7.644451685911103134e+00
5.490853451547030417e+00
1.038306620775682454e+01
7.928538746093375167e+00
6.492544502171839760e+00
6.989988805881441003e+00
5.602009900757347616e+00
7.400316060938400220e+00
9.007755577187529283e+00
6.233226473202082119e+00
7.352048318932609128e+00
6.806677442488889618e+00
6.921153756021566572e+00
6.313945079706155816e+00
7.891696425583398344e+00
8.136114714982463525e+00
9.146032605895680234e+00
7.842361446572851058e+00
7.107098917099142987e+00
8.021478983345748048e+00
7.185221933310575793e+00
8.194305320975070472e+00
5.891105440754756728e+00
6.822176395919931302e+00
6.331686898759449456e+00
7.280030749283250557e+00
6.140055918996885964e+00
8.336404394922714900e+00
7.757730191728669844e+00
7.641180780536811490e+00
7.639493202243881065e+00
9.928121883055499808e+00
6.429326934871651744e+00
7.949673695636826132e+00
6.102779830291519048e+00
6.722881333958205197e+00
4.607045235876240596e+00
5.873122672313533243e+00
4.075248091386903582e+00
5.298500882694776593e+00
5.987923101165691264e+00
7.570379398502323554e+00
7.279451529323786474e+00
5.726147947364685464e+00
6.011793376017609880e+00
5.703724147688765456e+00
5.427409829195640079e+00
6.144086448989273030e+00
8.582870001603337684e+00
6.578220819260834240e+00
7.381180268571009506e+00
3.662571706196236399e+00
7.093616662643890791e+00
7.608191281274017115e+00
8.305748109025726578e+00
5.752032701867994646e+00
5.339014301493686609e+00
8.879575932219452739e+00
8.418773017164815187e+00
5.426095838872667443e+00
4.022560257553022822e+00
6.733602415460795854e+00
6.856579806965396706e+00
7.594807960752291365e+00
7.344362874949041498e+00
8.294860360427309232e+00
5.876825566917262655e+00
4.537666580927988136e+00
5.273382761562971588e+00
6.471623770928809805e+00
9.069530672463027798e+00
6.207115938074470485e+00
5.985014975639002976e+00
7.893163949392572043e+00
7.273372372258734231e+00
6.363260038312560596e+00
6.219160390440552355e+00
6.129803985705684966e+00
9.153769289461408221e+00
6.891974579159730219e+00
5.004843921020881936e+00
8.391414520051402093e+00
7.122050777967450230e+00
8.573356669228186178e+00
9.632034013841863640e+00
1.016016507054009033e+01
6.900927662193415912e+00
5.320491531881433644e+00
7.141458597075359904e+00
-1.108892336979036664e+00
8.748372828830408565e+00
6.791607497840991492e+00
8.591336276591949428e+00
9.996589396079327727e+00
7.460024100452399054e+00
6.921088299129490196e+00
9.808467312500322777e+00
5.504571021682210130e+00
7.726498638490491899e+00
9.655092735922501390e+00
6.724080114684602094e+00
5.895039753528681814e+00
7.365206560028144445e+00
8.740132221334901530e+00
7.851183306660923122e+00
8.968423012327148669e+00
2.189061626935969507e+00
1.107212549944049051e+01
1.139895489586709054e+00
7.305381291036882274e+00
7.487060517881117150e+00
7.779244840336373201e+00
5.601704110587760965e+00
7.503043179135196361e+00
8.514200627272245470e+00
7.425946786088309715e+00
7.685623374222348758e+00
7.298332213137784130e+00
7.615687134950834825e+00
5.408048802640264441e+00
6.858214614543249432e+00
8.111670449088840940e+00
6.879327646389516993e+00
6.873118010084739993e+00
3.549287729992860463e+00
6.467423658448421264e+00
6.953386936115049544e+00
5.953894565650374560e+00
1.260521776827113527e+00
7.366592981574927812e+00
4.107054028187988592e+00
4.961976574815563978e+00
5.541243474871565766e+00
7.518929929607311102e+00
6.909141165015883601e+00
7.737880385193870225e+00
7.966335679445937679e+00
8.157358914621864798e+00
8.737397254206706876e+00
4.314052300794218198e+00
7.727419542186740209e+00
7.636865248364665959e+00
6.719530762030442084e+00
7.024527428167486320e+00
3.602904058379169605e+00
9.451402839555782975e+00
-1.660413565358287435e+00
5.867229581947477790e+00
6.523857020956173258e+00
6.717994033371520679e+00
4.493771336210619083e+00
8.664999178836879423e+00
8.681828882017835980e+00
8.351627925257826490e+00
7.839144249670010112e+00
8.404513459155850796e+00
9.241932134011502598e+00
8.443606936248658101e+00
6.696912326336393662e+00
4.445889988947207883e+00
7.725433272199334844e+00
7.764849611808703145e+00
6.508901772725629087e+00
6.464815232826540026e+00
6.545636398740329653e+00
7.984894040654101133e+00
7.308657656043614281e+00
7.819182301866909768e+00
7.888073928151127845e+00
8.078677753302022424e+00
5.197861335982476128e+00
7.610662882689130271e+00
7.706657971160184140e+00
8.620148428243760819e+00
7.335755772910211192e+00
6.462183380735101679e+00
8.571097309617476512e+00
6.828526726142009728e+00
7.342829765392333563e+00
7.339545251398053693e+00
1.119461736846714928e+01
1.071331983395496223e+01
1.028447789261647927e+00
1.051915728966169894e+01
6.789302358773178447e+00
9.471455991423688658e+00
4.244310157831862718e+00
9.743852642093878913e+00
3.161434175047573181e+00
6.007589988439382189e+00
8.115375420697739983e+00
5.716085161994809205e+00
7.415169458982640016e+00
9.013824503148557099e+00
5.678326780184486111e+00
6.682623767878329346e+00
3.995565293451379230e+00
7.211315611900248612e+00
7.366867662092404068e+00
6.583979590856270825e+00
4.446882941706116199e+00
8.115409801106508780e+00
7.292334209650459087e+00
6.183640012279309595e+00
6.754917841210217766e+00
6.360446666828821982e+00
6.411569684267735880e+00
7.178060020054339851e+00
4.218572622989240628e+00
5.342298371059245099e+00
7.140590762108460332e+00
6.880097761910947796e+00
7.141985848765329159e+00
5.934443559525085732e+00
6.539913118090111332e+00
8.248942471172583168e+00
8.666195902163941867e+00
6.960035758950104068e+00
1.025604424105005208e+01
3.945590697227834731e+00
6.594228468052719450e+00
6.494617020148266029e+00
7.695886816631818839e+00
5.485221485702510336e+00
3.720501543994823912e+00
6.003178490977375326e+00
8.411465434112107786e+00
6.932675541455158630e+00
8.652125185024409859e+00
7.763663001887438853e+00
7.641249234986938532e+00
6.995451832696181427e+00
7.614612186406681360e+00
6.853799256263092943e+00
7.356975950578882539e+00
7.506749954476032549e+00
6.391260299181704241e+00
7.996051194826014452e+00
8.327175842436801645e+00
6.462594943824186977e+00
8.274405427058157514e+00
7.929175750170824877e+00
7.076404044794712966e+00
8.084501277825586030e+00
7.360357067553540134e+00
7.899092191269183161e+00
7.241525956689502053e+00
9.045318473868164233e+00
8.571587666424933971e+00
8.297634481884234248e+00
6.406435272078167209e+00
8.443937268003603336e+00
9.809742865720815885e+00
5.212171504280847856e+00
9.723828451351669955e+00
6.631868479237309266e+00
8.527681913152770576e+00
9.574352735922424529e+00
7.375499418944086116e+00
5.582685419043174946e+00
6.311497329943405177e+00
7.028770806069278620e+00
9.190151067511578731e+00
9.454440800020709190e+00
6.870051007938132948e+00
6.782878149590514383e+00
9.267227629040975856e+00
8.701055797554793969e+00
7.745919797421218611e+00
7.185410598564136997e+00
8.448716999106727243e+00
7.581098268077234081e+00
6.348940510510556301e+00
7.526644597079608090e+00
5.999092863661191544e+00
5.971144569664258661e+00
6.037634928326653494e+00
3.266029652478588563e+00
7.481220549003026576e+00
7.212631044651711676e+00
7.834670005970628459e+00
6.409597934322707857e+00
6.638118710489062657e+00
5.732462019397869035e+00
8.416233014829030523e+00
8.511751784611218952e+00
6.575680291929600685e+00
6.864633954856522280e+00
8.092509329371313953e+00
7.402500281768794821e+00
6.497765398145574522e+00
8.723072276276134573e+00
6.462429656137444134e+00
9.267256072431036884e+00
8.135397696022087288e+00
5.689208044941554299e+00
5.058291157107619895e+00
4.165013020565688784e+00
1.059071341218156448e+01
1.606141805514996967e+00
8.464042857449404877e+00
6.670533949476227242e+00
3.606293464730693454e+00
8.404430781836392583e+00
6.366067669278909769e+00
3.726550560005502000e+00
9.477980154702674298e+00
7.688423194118350068e+00
6.951157312247114639e+00
2.067956439557220527e+00
8.181866324167948790e+00
7.866345201089297134e+00
1.100985316349795440e+01
1.285917669471930580e+01
6.175456298170643343e+00
6.793550537096344044e+00
4.110020141699616936e+00
9.171069810425581892e+00
7.434654578154963112e+00
7.152812340170992655e+00
2.698668213190661191e+00
7.250812446199560668e+00
8.352387214187366737e+00
7.604942910257765476e+00
7.994712610416066845e+00
1.150335879636046776e+01
7.262119382444467419e+00
1.150299504225300318e+01
6.658945964703419484e+00
7.495612882108463104e+00
6.728133721316098104e+00
8.172682730490848257e+00
5.980589042644836262e+00
6.549628852537074053e+00
7.912295062044532479e+00
5.349065465822077314e+00
8.281030169092471027e+00
9.961309321896372637e+00
9.332905211827142722e+00
8.095893471243350348e+00
8.332884099179368675e+00
5.146513314129136596e+00
7.036991889457794969e+00
4.942327114155656176e+00
7.319178408694740234e+00
7.608054372659474929e+00
4.754847515382127021e+00
6.967855709178715884e+00
8.212602365216639555e+00
7.301402315553068512e+00
7.894465586529656242e+00
6.492687734728644244e+00
6.665375804662525105e+00
5.700095540899950741e+00
7.293220285287906890e+00
6.581712060445195078e+00
1.004782037771559722e+01
5.452447849658144108e+00
6.886427870689332487e+00
5.068152359251538286e+00
6.034274941050529861e+00
3.365387383605690452e+00
8.345855349169749360e+00
7.168697089495796426e+00
5.425137048154440755e+00
1.047703455996681399e+01
6.606079046867646909e+00
4.162447392228376231e+00
5.061420396464606064e+00
8.888730138845117423e+00
6.576664297403349124e+00
5.844133553159740480e+00
8.001055809530079443e+00
6.467790437622767286e+00
9.699532193738050978e+00
7.672527683453894909e+00
9.568221096952814975e+00
7.830670590733247671e+00
7.278442552258759690e+00
7.915568034503927208e+00
7.650730407615888851e+00
8.571071790795485867e+00
1.241098496931495987e+01
4.109949433193714086e+00
8.240274298998754077e+00
9.201345022435278409e+00
7.037385551661619942e+00
7.521082526135675295e+00
5.246797031948805312e+00
7.472778679579319849e+00
9.267861718047612385e+00
6.134155367881055199e+00
8.509826464999472151e+00
7.596664259984075684e+00
8.634073918120044766e+00
1.038793179648162379e+01
7.484276426276940342e+00
8.177398980233180126e+00
9.067394168163195545e+00
8.093328578233972337e+00
8.277639618461741122e+00
9.804833586344859242e+00
7.697308430964280745e+00
1.176648574497215449e+01
1.013854364962223009e+01
7.719228980855045386e+00
1.150331452405612431e+01
1.163807069898228796e+00
5.367947520189352062e+00
8.934953660177139767e+00
7.257937361687062605e+00
9.067701566724531759e+00
4.832554072571843662e+00
9.251947636093435179e+00
1.074588374467278840e+01
9.523936428035629120e+00
6.439937710640190716e+00
6.254490426537078207e+00
6.789919947805828748e+00
8.450537957761726560e+00
8.239019577566729424e+00
2.333629399606555133e+00
6.666601943415422227e+00
8.120103988026370345e+00
5.138974904517459308e+00
6.104947826486874618e+00
6.131234653580323268e+00
7.825175983053522799e+00
7.293986043058136914e+00
7.009035899976991502e+00
1.237988888877498894e+01
5.970111296097284637e+00
4.956893317667869781e+00
5.970625150908053236e+00
9.179676441720415525e+00
8.330731126420756638e+00
7.348547588125935448e+00
8.291953763399956046e+00
7.643274367862032292e+00
9.434256618786024617e+00
1.249140303329002322e+01
5.823841758726753248e+00
9.446911387426162321e+00
1.285617848599613922e+01
6.134302171136557291e+00
4.264231674726814525e+00
8.154073183082063636e+00
6.152329336098635082e+00
9.367395575703145738e+00
4.339360259770923989e+00
7.518638884246300336e+00
6.339861047155566531e+00
7.503160621361564253e+00
7.594516730335103105e+00
8.474133146648767934e+00
7.823367420549885765e+00
8.460787855540974789e+00
7.495936036281884540e+00
8.991819165606537823e+00
6.417421492466666599e+00
4.558728858539410567e+00
8.775829369872411689e+00
6.159650470649070009e+00
5.225527224164664197e+00
8.474772614342095167e+00
7.587677890592112284e+00
7.865654711114284048e+00
3.803303478485951850e+00
7.464950444866727430e+00
6.400363844267552338e+00
6.391367698695642474e+00
9.735539039216256185e+00
-6.767478645880956378e+00
6.912234072788995043e+00
7.071565967191670410e+00
1.675650192054468945e+01
9.654755889976010863e+00
8.456919777504200653e+00
8.472260292573926321e+00
5.325624910476598473e+00
6.779002851842736099e+00
6.780632358952614069e+00
5.888256369196582796e+00
3.869370852765270818e+00
7.593620026256351352e+00
6.759432192131943573e+00
9.165739100563278896e+00
8.088644159365694364e+00
5.608501215830067110e+00
8.816703479691282652e+00
8.857056704371458977e+00
7.672747338744458467e+00
9.231491959806525927e+00
7.826352758751863092e+00
4.510536318478191475e+00
7.403788900992563704e+00
7.416653188664666274e+00
6.629589021356095735e+00
6.545827210065649382e+00
4.782942887284074907e+00
7.832013252180235696e+00
7.541226326234492738e+00
7.759320186401739150e+00
7.501695355871395243e+00
8.317583181811624371e+00
9.772878637249197809e+00
1.190379215551591585e+01
9.367629933548025534e+00
9.026991236724741796e+00
5.874481326114103119e+00
6.501435026199235523e+00
7.267987126999686964e+00
1.000693444815114397e+01
4.928422754805877659e+00
4.383685371883320414e+00
1.024439988874025964e+01
5.858565698511221775e+00
5.914865405680837185e+00
8.510473081831396058e+00
6.770892353201928060e+00
7.761755835271442194e+00
1.024299127199088844e+01
7.890248184808898557e+00
8.565238622669486546e+00
9.939648866972870422e+00
6.292920895126865588e+00
7.834334919579013956e+00
1.234585894827836761e+01
5.925455920733077697e+00
4.716214030516039379e+00
3.573807225154676637e+00
7.393686090605026351e+00
1.106893165983162319e+01
4.891439697560087119e+00
8.588660956556852355e+00
8.230729714177707379e+00
6.375832990225989150e+00
6.318507407227447636e+00
9.615055005551988998e+00
4.562212756013518167e+00
9.088401596000295513e+00
8.769176667781437118e+00
5.149727572198981029e+00
2.089476834673345884e+00
3.275695216576422375e+00
8.325828724960130600e+00
7.400273201164896619e+00
8.234836250718494455e+00
9.061484485050923965e+00
7.962794315247462507e+00
9.074495565281385012e+00
7.051261126945156832e+00
8.126438579475671276e+00
7.533903610665100281e+00
1.026911086243082671e+01
7.796598980434376713e+00
8.830279933759236144e+00
7.311020411816154585e+00
7.092630092063713754e+00
3.527726288053704806e+00
9.069739080492491112e+00
7.103787896306483773e+00
3.843994631537668738e+00
5.737676975804312463e+00
7.121445704577516800e+00
1.156106646845258723e+01
7.267056683617778567e+00
8.502524705236046643e+00
3.830463173527205889e+00
6.143854990341658606e+00
8.380938566925467015e+00
7.601754096585325193e+00
1.052956984644380256e+01
9.375875436480116676e+00
7.024015911870110429e+00
7.303777952402291440e+00
7.836468030472619972e+00
9.460265167522543095e+00
4.415301565319081689e+00
4.514793870137020271e+00
6.935097061940487251e+00
8.130777386378891691e+00
8.108750276831015569e+00
5.479316303849060432e+00
6.082285099729949351e+00
6.105177791737785853e+00
7.706949657046809676e+00
4.794590339900177689e+00
7.294984404658965360e+00
6.316418150858908120e+00
4.877458289913706224e+00
7.268373832648340027e+00
5.879264573178633491e+00
3.862194409017737140e+00
8.948683386700329478e+00
7.448693699781332000e+00
1.009256350826372639e+01
5.052893813814748114e+00
8.967836063849052408e+00
8.129600864484327616e+00
8.366401819905807002e+00
5.024734739493167623e+00
7.072546618915402483e+00
7.018514822149318988e+00
2.644756588865088354e+00
5.848583775324899925e+00
6.312338591051458003e+00
5.454407354200944802e+00
7.551072031155284137e+00
6.526828713962489203e+00
7.773582467167727827e+00
5.680131022829199239e+00
6.281703242315648694e+00
3.182718379391852093e+00
1.033508446571235950e+01
6.928957692732851115e+00
6.738090537074820752e+00
8.648063870001623243e+00
8.591814993554352853e+00
6.563231844416465677e+00
5.862155715132105982e+00
6.833496422092249389e+00
6.177111926822383303e+00
7.701654782012569811e+00
8.467750995875620745e+00
8.303722836483951042e+00
4.991837508054491224e+00
7.166281231329343804e+00
8.676571196269787123e+00
7.897876178463365093e+00
7.232495193132298716e+00
9.056111276628655560e+00
7.274337878262878476e+00
5.823378022784200247e+00
1.063620234691525468e+01
9.357583987297726225e+00
7.023318028093292753e+00
8.021395640804254157e+00
7.588398692721706418e+00
6.728280761246392849e+00
7.546173737121059766e+00
8.605052977352354304e+00
5.109371523925121394e+00
7.426581560477470312e+00
4.060971619430018720e+00
7.969668181302538734e+00
4.065439524813729832e+00
7.396886920780032959e+00
8.954279178848885579e+00
7.517490854677959078e+00
7.824329301941230774e+00
6.906863687876299451e+00
6.515041322238678489e+00
8.775676948980580150e+00
8.063363143811884015e+00
1.025529625479079243e+01
5.276833327214642821e+00
8.461123424469953136e+00
8.345071483873761409e+00
8.586862342120859637e+00
5.883449633057302286e+00
7.186049356735450644e+00
7.277284357199782505e+00
9.458755286093289527e+00
9.098168758530386313e+00
7.656458672093952700e+00
5.233920307802605976e+00
1.036838863244291353e+01
5.803876081212647087e+00
3.539508953837394500e+00
8.903600973918901929e+00
9.654873544110925465e+00
6.927931724495962840e+00
4.400098781805450443e+00
8.284532186177891333e+00
6.161041143756577299e+00
7.628129997960660269e+00
6.959252738405799832e+00
7.628942316282699032e+00
6.441655081007802153e+00
1.284108064168939478e+01
1.037093340993654778e+01
5.765493306713104893e+00
5.403649969188294655e+00
7.120177183587274250e+00
7.167283050937997224e+00
1.037174302472801202e+01
6.825005543232636640e+00
8.745440186970288465e+00
4.924477608708520471e+00
2.155526581087760185e+00
9.317859582484082637e+00
5.743994454927205062e+00
7.552138475079986257e+00
8.818780094793355673e+00
8.662794128457441900e+00
7.752879249032286424e+00
1.231841777334800092e+01
6.537726402670454462e+00
3.739065050160005566e+00
3.974360356121549032e+00
5.096995374680992619e+00
1.427173872745127703e+01
5.506304340543535680e+00
6.981609391972969370e+00
7.060842982447502081e+00
8.580797568058173397e+00
8.997357731341281806e+00
1.094428085201908729e+01
6.980529692677383657e+00
7.354558980141576718e+00
8.967629585944822068e+00
7.505306182179064756e+00
8.216380218211925879e+00
8.748142097294447694e+00
6.922177580260519214e+00
4.526099104513527038e+00
8.033110188787212280e+00
7.288342201093160888e+00
7.387023172062056275e+00
7.609918017595459716e+00
1.100784832074140773e+01
8.104954221960266381e+00
1.191989608308142046e+01
7.899221524486132573e+00
5.253152171636381595e+00
9.488067876125237277e+00
8.345784065713216293e+00
7.299242319138328661e+00
8.094186416265904072e+00
1.335671354571657155e+01
9.895104782029944701e+00
9.757867987579761149e+00
9.181151694890766990e+00
7.512009698232097854e+00
6.745729540729376694e+00
8.241955940023416360e+00
8.851514628376015992e+00
1.187342795069161561e+01
9.950574413192185830e+00
5.296336616703563038e+00
8.149725747424687583e+00
9.188039508813950818e+00
1.067719030720337337e+01
7.819751347554925403e+00
5.729276012338391233e+00
6.377153639183056555e+00
9.799905421780145787e+00
9.835145996991707662e+00
1.598095273500244318e+01
8.494658676294861266e+00
8.582386111792589034e+00
9.122636307734270034e+00
8.247511712004847340e+00
8.547667057117196876e+00
9.045633203120798882e+00
8.261119661173411899e+00
8.918841307489184800e+00
1.041393758252148771e+01
6.677928065663766510e+00
9.358959251912057908e+00
8.998486836576352843e+00
8.906973294828409493e+00
1.192564919268711776e+01
1.542167543200922708e+01
8.765703430689399056e+00
8.361514966895295942e+00
9.884139411862530977e+00
1.246666861189334341e+01
6.474149545471489020e+00
1.147927010450406726e+01
1.386209522285459705e+01
1.021160306849204602e+01
9.900968183570363124e+00
1.066891423387683879e+01
1.190074489796481672e+01
8.709794798390950277e+00
9.008097725718128501e+00
1.577828252249998364e+01
8.235100807815134871e+00
2.622905485974944106e+00
1.060226627545586275e+01
1.315347271328274559e+01
1.131553385118925981e+01
8.436457096892397090e+00
1.224150759630801488e+01
1.106675535004892019e+01
8.484098732098512841e+00
1.023676043151452753e+01
1.163398436927562685e+01
1.167808293431377109e+01
1.201801030520443092e+01
1.198749435040531530e+01
1.072502367103278509e+01
1.476845041945870562e+01
9.089835771219526350e+00
1.249039897332071725e+01
1.461099450068633665e+01
1.329969614987984095e+01
1.399459713632424496e+01
1.293625175060937416e+01
1.393041114763670230e+01
1.570903607163919524e+01
1.193013148733053796e+01
1.178382086442599075e+01
1.080842113928851234e+01
1.492053639978113289e+01
1.461960271682660029e+01
1.629590985245735624e+01
1.558186942537923336e+01
1.787747316432577804e+01
1.992451552507099422e+01
1.304418361831169548e+01
1.504012612446747887e+01
1.405199391340737236e+01
1.468272752569593642e+01
1.539226216449677054e+01
1.203060260681617955e+01
1.457605687985202181e+01
1.288890570317555628e+01
1.470023519330306705e+01
9.053140375277051177e+00
1.378117144229323188e+01
1.644389679323500530e+01
1.462666270214631759e+01
1.445487879778380602e+01
8.929294494382647329e+00
1.744473211920388067e+01
1.899013369967565978e+01
1.694198617098153647e+01
1.630884289812809840e+01
1.523846917927186517e+01
1.401891516373079583e+01
2.003711921051330691e+01
1.414757711711166088e+01
1.650837140687634275e+01
1.786209450449235803e+01
1.453744401075302584e+01
1.795895373877546675e+01
1.580734850376889788e+01
2.044101744270461651e+01
1.421784753700336168e+01
1.370637151569820134e+01
1.139501875765715155e+01
1.449974412113640909e+01
1.497372737446676183e+01
1.439591422286240707e+01
1.592085921322945197e+01
2.141668617378797279e+01
1.502432338456433136e+01
1.345214915987304671e+01
1.352202029527424010e+01
1.602263213389989360e+01
1.378987100043164915e+01
1.416159862880182985e+01
6.958190982203015018e+00
1.185416525815730715e+01
1.916355399287475691e+01
1.279012835657357527e+01
1.780945254250320531e+01
7.205096096912948056e+00
1.854823913882674091e+01
1.472979011968257446e+01
1.492691992950858193e+01
1.314104873732715717e+01
1.121156699628432740e+01
3.858395770499353006e+00
1.233970037553122445e+01
1.650133914027760795e+01
1.093519492164808682e+01
1.712017076427162721e+01
1.566294430892436296e+01
1.367463982674851763e+01
1.380958539231048476e+01
1.373865660256991283e+01
8.165890713824225600e+00
1.456202041341436626e+01
1.209080255009705951e+01
1.155828983377322494e+01
1.373636612023549652e+01
1.093856655790659715e+01
1.445390972580376854e+01
1.269607441832856587e+01
1.469761406712378538e+01
6.966177976976623221e+00
1.257726210021978730e+01
1.084775679195833931e+01
9.437062504030459209e+00
1.035872852712729575e+01
3.017627280124369094e+00
1.291286007808890801e+01
1.080551576196223884e+01
1.316341903050113160e+01
9.482808334048590027e+00
1.483616091700382000e+01
1.358013877977411532e+01
1.098190868862938352e+01
1.052789670476380124e+01
1.439824804039506390e+01
6.174077312579282051e+00
1.624017559956553569e+01
1.220643350700120777e+01
9.040416786570792951e+00
7.260259662518578239e+00
9.269326378906553643e+00
9.775175497281558989e+00
9.052692041534436740e+00
9.966523812644988212e+00
1.401737949182741794e+01
1.469783735593712848e+01
6.646491490401652769e+00
1.149979713177509666e+01
8.884143467666719474e+00
8.033525995253452123e+00
8.576582707665501459e+00
6.427106853664736441e+00
1.747070744678586252e+00
1.288277451700088072e+01
1.233553609274240870e+01
8.030218022925284416e+00
5.316752501499340866e+00
1.709738453214282572e+01
1.109747313296331406e+01
1.024806350215545869e+01
8.186365351353018127e+00
4.489720309227045902e+00
9.264989619422435041e+00
7.317668631654484557e+00
1.010887647994490024e+01
1.666981743120065573e+01
1.316940638692437737e+01
1.275230360273425667e+01
7.918946375264842352e+00
8.767789674032925973e+00
4.400794201499129699e+00
8.999227346667522554e+00
1.048542810889853705e+01
1.263492835058324992e+01
1.237517697651127691e+01
6.873906541972752748e+00
1.572973995177811446e+01
1.118604179332040438e+01
7.766338800339084081e+00
3.658521752140944550e+00
9.030181950501194876e+00
4.833578468601047895e+00
1.631734098812676592e+01
-2.544247685057662522e+00
1.860730002538189964e+01
9.619030821971197298e+00
8.030642159001068592e+00
1.539024288262523577e+01
4.873707768654158556e+00
9.558515375648777734e+00
9.669573024742849299e+00
8.921515831493799453e+00
9.989807208931660298e+00
8.072970184027946416e+00
7.069551380700140442e+00
8.844534069550856969e+00
5.187862262058992258e+00
6.310034937729802174e+00
1.731878433281037744e+00
8.314184207647540958e+00
1.446622221635747430e+01
8.187275525561267031e+00
1.489581438689899784e+01
5.791124315112891274e+00
8.223773851344228447e+00
1.133701654887595112e+01
7.504722281748464674e+00
4.283690612673188625e+00
5.822222573225436015e+00
9.647416157396524028e+00
1.064429558617213445e+00
7.929510227600912842e+00
4.193452992824372672e+00
8.591560211538160630e+00
1.290860097723174960e+01
7.959593009707290001e+00
1.106258280961521123e+01
4.432036533908124909e+00
1.221588718648416894e+00
7.009485719312375629e+00
-2.073746237483261368e+00
-1.315310252387721590e+00
9.096275930691691158e+00
6.677990064182253604e+00
7.586405779578680786e+00
9.387846314399030945e+00
1.022076941754652246e+00
1.812658679353631541e+01
-5.553960929393493728e+00
8.544914112114312843e+00
8.294950944826634753e+00
7.474287336024787010e+00
7.165123177452421110e+00
6.597342154400349656e-01
6.957038886795446686e+00
8.320505943756861811e+00
6.378755820926760300e+00
4.278416967399191861e+00
1.032040772285787789e+01
9.752188201903365439e+00
7.016137489158209561e+00
3.262792686834042222e+00
3.950323973058858407e+00
7.698968201572945702e+00
7.099548278478038377e+00
1.015229839990082894e+01
1.077601649042238385e+01
5.549473983252060094e+00
1.151811854926328493e+01
6.518477916621352897e+00
1.296498779876706919e-01
4.549647393116398320e+00
4.212473400636297605e+00
7.173545214269806181e+00
8.369739961065155498e+00
7.788161553859407782e+00
1.084064462478360191e+00
4.138226742232326671e+00
3.678347953990693142e+00
5.919075443645361645e+00
5.284313566262134998e+00
4.943530358906238931e+00
9.151489948913550165e+00
7.923257871718033307e+00
8.905202938894007048e+00
7.883637894937256974e+00
6.557456681176564217e+00
2.512645455630028124e+01
9.619898796881770409e+00
5.379027186406850625e+00
5.049119072445560796e+00
3.083944806064359057e+00
9.188485497299147653e+00
8.434604427938658944e+00
8.098989781215360395e+00
7.733110099859290543e+00
8.519903165920032606e+00
4.849117251559697195e+00
8.705239589209842421e+00
8.545878388278989490e+00
4.464624205313841188e+00
6.407735619359939960e+00
2.006125438873777256e+01
6.722621116078475012e+00
8.089176565273547226e+00
1.462697809301332441e+01
9.801771427584107244e+00
6.980093671504933539e+00
7.978834017567088210e+00
1.347352184911526862e+00
1.083473870162217523e+00
1.033172866814566326e+01
6.700426062802243621e+00
7.116029598704276538e+00
1.091330893317644524e+01
8.457321140550135397e+00
5.138085221858271545e+00
6.822653792639647996e+00
7.497513370006867461e+00
8.746249979245328987e+00
8.515584699893716802e+00
6.535564819476737952e+00
1.047696216719407403e+01
8.002385812735232307e+00
9.418348734816497370e+00
8.424830374469040706e+00
1.023142697129097556e+01
7.111980729325831696e+00
8.501120521264400764e+00
5.565274637119017598e+00
6.210123112046177063e+00
6.105518954004499399e+00
9.400140877445391396e+00
6.689417971613956126e+00
5.598720417888879197e+00
7.102464322725924539e+00
1.018299428504159998e+01
6.861502561024934721e+00
1.811170600045782120e+00
8.016499489981088189e-01
6.065048043303661984e+00
1.045544471837547817e+01
-5.031994199385252386e-01
7.092655397068093670e+00
1.257838175535403380e+01
7.092416454512902035e+00
4.235137118031746084e+00
8.481009815197626978e+00
6.155173357692623526e+00
7.697550090475330009e+00
-2.676779449436496705e+00
9.219532052649617171e-01
6.930666641744165801e+00
8.201112481148156164e+00
9.482195184290285184e+00
7.384404807753660371e+00
5.326228902028836032e+00
9.059634423757666255e+00
1.010805100973187542e+01
1.672349867236479071e+01
-1.811087137148893689e+00
6.210024323591992967e+00
4.862923933766428064e+00
8.380925058204310218e+00
4.384830698488117129e+00
1.200403575709376724e+01
7.993761373249432367e+00
3.282308340289161297e+00
8.520399287749031103e+00
1.151143512936772240e+01
9.718706957967970794e-01
1.242546286808677181e+00
6.448212639988312844e+00
8.598542548766847204e+00
7.136716014258494667e+00
6.086065207486854867e+00
5.938772498761927032e+00
