1.707776628419124165e+01
8.001928562740213025e+00
1.455038513479575180e+01
1.586628512419584247e+01
8.607188201502047775e+00
2.212383381482305822e+01
2.356011869898534528e+01
2.622823465846479074e+00
1.726696985982542998e+01
2.030952987563145484e+01
3.431923377200249536e+00
6.013579723619614903e+00
7.609346517345809247e+00
4.613139197237945410e+00
1.316940944708619554e+01
8.169291412281118880e+00
4.225579164742820915e+00
1.133817556211432631e+01
6.676154627187987245e+00
1.107729479774976156e+01
-3.823069461782280243e+00
-2.107173287564672037e+00
1.694966282652266543e+01
1.150726980076040995e+01
2.887997187413950684e+01
1.685087936608114134e+01
1.903662775334898072e+01
1.158558995970783378e+01
1.264334042867707453e+01
1.728221013374358250e+01
1.096917163242726900e+01
1.299702499077757167e+01
-1.462410341774091904e-01
1.357833602818439545e+01
1.997733938969527401e+01
7.151110239577350924e+00
1.793057603502866826e+01
8.547567069369591763e+00
3.274160115794021664e+01
1.369665487807073667e+01
1.194369428979907610e+00
1.568184254737217742e+01
1.142445287314976987e+01
1.214104018603942770e+01
1.786242708110143695e+01
1.110691210668202622e+01
-9.148059096845653215e-01
5.695628072291073707e+00
1.437363414097138303e+01
2.484879225817567772e+01
1.663697121869717677e+01
7.639269888621416982e+00
1.781516031276014900e+01
1.052177657540395117e+01
3.986538426506754718e+00
1.148106081567257064e+01
1.903923858127269497e+01
1.370355775402364529e+01
5.674238665840181994e+00
1.333606241830814376e+01
1.108992918026851804e+01
9.918737200927488118e+00
4.532187681228489140e+00
7.849082166051622345e+00
8.411944992060814030e+00
4.531018890694341827e+00
1.465716308999724404e+01
1.536613511544776145e+01
-2.714930973882307086e+00
1.220034526173033740e+01
7.273759774243907295e+00
-1.035249526333963388e+01
6.623965090024436009e+00
1.299885934912608576e+01
9.163311304507617550e+00
6.672289429706268926e+00
2.351876753887387750e+01
1.020180010093600842e+01
2.434917041016525729e+01
2.001457671000742877e+01
2.790765060946005072e+00
1.171887874908135707e+01
7.848774032770474918e+00
1.332800196207186971e+01
1.437770610040705321e+01
1.340350900745934482e+01
9.316400318120887647e+00
1.818495416194795666e+01
1.173959614345352875e+01
7.205012897939935712e+00
3.455535630670998337e+00
4.619294129113212577e+00
1.027135944716187410e+01
1.154985343043648172e+01
1.428395996371265397e+01
2.001340386331834864e+00
1.759957948337100575e+01
1.626819250065529943e+01
-2.744203420438232399e+00
2.370877591012970242e+00
1.079188173905818715e+01
1.022121948281718495e+01
1.007226292269592705e+01
5.936767603336026156e+00
6.870667321509627001e+00
1.122465094416229547e+01
3.619753030817024708e+00
9.780758096820290959e+00
1.371760577996683139e+01
1.472917630268081979e+00
1.338569297392457003e+01
6.833683841617034460e+00
1.092721321402639312e+01
1.077267369808951258e+01
2.531299704168779918e+00
9.526769200111653291e+00
8.355378038023827614e+00
1.230312059036427819e+01
9.549894481450250439e+00
1.067636952589789168e+01
1.633994828355066176e+01
4.977983918219120341e+00
6.316472029844605984e+00
1.370770241676748391e+01
1.240595915195891052e+01
1.373022922721236760e+01
1.799002004027315138e+01
6.906986119329193485e+00
1.572105051328069791e+01
9.200080725971652384e+00
2.048253734588634245e+01
8.741360914780658575e+00
1.384554889882908491e+01
2.107891749847025764e+00
2.324354363566988013e+01
1.304473004218415255e+01
1.287859154652897509e+01
6.754773015299765149e+00
1.461224166764320742e+01
1.424467391808702743e+00
6.873942053902739602e+00
-3.043593046763891863e+00
9.528679345192205830e+00
1.610751311279688736e+00
3.253626963803488259e+00
1.058271245460073118e+01
1.416792091924181207e+01
1.359646015859242674e+01
7.282740297032191279e+00
1.050338188282506380e+01
1.274973911283694683e+01
7.252707679589831535e+00
2.438143878717660229e+01
1.231608399913462115e+01
2.972236432672400497e+01
1.314046408395701171e+01
9.755008645938481493e+00
1.302438679366712471e+01
-5.110578650725949856e+00
5.589745605539755857e+00
7.646545805785301297e+00
7.465649242061065394e+00
9.405286646460293554e+00
1.159744843015138649e+01
9.789407109499848048e+00
8.358356079153725915e+00
1.202159385886155896e+01
9.245512921037349230e+00
1.162843346716299209e+01
1.484106471637176838e+01
1.862917013622051954e+01
1.880148937153144573e+01
1.078109635633633090e+01
1.447026690420785755e+01
1.227023605043311605e+01
4.062034744159516819e+00
1.038817689242488385e+01
2.383206059858657966e+00
1.155478531281435117e+01
3.559469037151255577e+01
9.526504045417841127e+00
1.304310015322405114e+01
1.356436032815070902e+01
1.165211277411965440e+01
1.752211562388340127e+01
1.535374321708973255e+01
1.344614400028552659e+01
2.047186997201406555e+01
1.379817093163506492e+01
1.837595518519810156e+01
1.230447835640552157e+01
2.186624833429594972e+01
6.574289347303256648e+00
6.736881801504131850e+00
1.387305552503240058e+01
2.170707063136941173e+01
9.965313744437661825e+00
9.806105645930960790e+00
1.454489791650426156e+01
6.261614355734575810e+00
2.316914632084146319e+01
1.884381692768220162e+01
1.325108767635223295e+01
1.105821717569382123e+01
1.335257859377465195e+01
1.193398426765317311e+01
3.958494065975216358e+00
1.100760703060617018e+01
1.244262809896841304e+01
4.304310409530371473e+00
7.496253207743490243e+00
1.267344564620547231e-01
8.970281444838906992e+00
2.048096361497593776e+01
1.244037323052175026e+01
8.144482413813367572e+00
1.379374132431733280e+01
1.086552793194944400e+01
2.302260518042829318e+01
1.055008873265616920e+01
1.482454831613215163e+01
1.283247546095744873e+01
1.322692425554234497e+01
1.435962803580818026e+01
1.508189050555727562e+01
1.376985349931259073e+01
1.760214080005113502e+01
8.023554665853076528e+00
1.507425164114846794e+01
1.167558398382194618e+01
1.420787391431908731e+01
1.684987665480310071e+01
9.177430378734193539e+00
1.110258119515015451e+01
9.583122716941872454e+00
1.820987362974133816e+01
1.026107860432626495e+01
3.857659971739916926e+00
1.491620491157186557e+01
1.335641352382218905e+01
6.169445918579903321e+00
1.825238810903974951e+01
1.737339191584422338e+01
1.253773437623742915e+01
5.643712010280190761e+00
1.063612033504742804e+01
8.063353219551107287e+00
2.087548457378917988e+01
1.044364505750759875e+01
1.134751433270752941e+01
1.574342001560149207e+01
2.206694475767068298e+01
1.800376505042825315e+01
2.059545908164466255e+01
2.247490263174128700e+01
2.068910622168799307e+01
2.652003142983723905e+01
2.793708894295376766e+01
1.987931862751064216e+01
1.899011732261952190e+01
1.650655824013928452e+01
1.457329437900881430e+01
1.444626673094004765e+01
9.151917298385882305e+00
1.146411355932824350e+01
1.120013060403935690e+01
8.513192825801521479e+00
9.067443225024847564e+00
2.522637306141749747e+00
1.622864527573232252e+01
1.931262447452342101e+01
1.167202118733947991e+01
5.474442792892979526e+00
1.353146274691292028e+01
3.066312540726388036e+00
7.230822097571643070e-01
1.575516921714496377e+01
4.589446502623817814e+00
8.767816471274768375e+00
7.755404903406120987e+00
1.618153166951337241e+01
9.928876798217043387e+00
1.370812063280572168e+01
7.919427266066207061e+00
1.556344942979741575e+01
1.225498497110404728e+01
1.073960609642982078e+01
6.700757896259446511e+00
1.322864285436380349e+01
9.374826499281294190e+00
7.501841458585927214e+00
1.393381753617259022e+01
5.992309417189560783e+00
7.736962840635021266e+00
1.547747645295131491e+01
8.179777940566548722e+00
2.204170657328127092e+01
5.143481208093048096e+00
8.347198373181889508e+00
1.622403032057177086e+01
1.536328418405451046e+01
9.647749604344122432e+00
1.379432330584844912e+01
1.197061632856015834e+01
1.303378242205331361e+01
2.034450309277138302e+01
1.238051090557304690e+01
9.918475311937875460e+00
1.463708483833419294e+01
8.558274852660439080e+00
1.452573752554059716e+01
8.657899413221226581e+00
1.311840291675973269e+01
1.194159320209724129e+01
1.405771050140119272e+01
1.636681971256680157e+01
1.206521186452647143e+01
9.545776865669349576e+00
1.209577209193985681e+01
1.747815629196249176e+01
1.326301123286343397e+01
1.682946732143713220e+01
1.262137848400184126e+01
8.698978488477941085e+00
1.624163173201690924e+01
1.304750688274705794e+01
1.358506794214823721e+01
9.456083458594841673e+00
1.070864956604257934e+01
1.886423470181004447e+01
2.014228818211972794e+01
1.256913684968172440e+01
9.093409236095792991e+00
1.026394596165839879e+01
1.482560463912063931e+01
1.210386765187998570e+01
1.514191383925193612e+01
1.157006407476340293e+01
7.307824811442781510e+00
1.429743419496864121e+01
1.070960572257646959e+01
1.772338851499180024e+01
1.544659474316786252e+01
2.177678733288563606e+01
1.611145285751360490e+01
2.768190467807169597e+00
1.420141228996548932e+01
7.851201493690480149e+00
5.058114005805856905e+00
1.115263928419627071e+01
1.077665319396120047e+01
2.201560023999878979e+01
1.027855059289940698e+01
5.855213359139488816e+00
1.728026297564525748e+01
1.536064860576951219e+01
9.154992981734146440e+00
4.573652798861886914e+00
1.744294748488755076e+01
2.115545820300093993e+01
1.368421427001930191e+01
1.480768115813832964e+01
1.162579693633239764e+01
2.802657477689884047e+00
9.208182650808314662e+00
1.325568432828058896e+01
1.013353000883586752e+01
6.394623096520685834e+00
9.751755854304224869e+00
7.439291256486395554e+00
1.195671619060605551e+01
1.050983348876027890e+01
9.691247585771112227e+00
1.510050009899465806e+01
1.212369694279715837e+01
1.295099878158560713e+01
3.696961241310697588e+00
-3.373620200775738098e+00
6.985870906977491579e+00
8.917734115123638006e+00
2.431545096087623037e+00
8.597381715767095756e+00
1.214035280781422266e+01
1.103364451633113319e+01
8.022547326573439719e+00
7.539460566263644026e+00
1.309401525457074911e+01
8.241727450240112773e+00
8.349138434485421811e+00
8.773307275661379023e+00
1.413010109359420241e+01
1.690667551182749406e+01
1.029636597958439737e+01
1.395556095370517546e+01
1.170786954580116479e+01
1.329232214513836396e+01
6.644475856319120410e+00
1.198359319573111748e+01
9.270855085459759337e+00
1.637788007136554569e+01
1.987568189406118790e+01
1.321135370450724977e+01
1.611348348754033566e+01
2.126541302921091514e+01
1.662855220114064281e+01
8.475401093102330918e+00
1.196061435574818077e+01
1.752712102003125239e+01
1.021705994360295833e+01
9.648112430263703132e+00
1.135607586817716808e+01
1.104420451444979001e+01
1.576963423510317419e+01
1.789029747574793561e+01
6.717098030239426976e+00
1.423966741706825445e+01
1.944214616814151952e+01
2.051445624171200777e+01
2.092176613207109526e+01
2.118881642839845370e+01
1.222833420901516988e+01
1.420177043135977257e+01
1.107829877540154229e+01
1.203636174240540591e+01
1.161399821366213203e+01
9.384755032145839948e+00
1.248056223865588699e+01
1.515519742888918309e+01
2.432388959020993724e+00
1.103551570221458888e+01
1.351205485552706875e+01
3.045689123256504871e+00
1.371849537372495931e+01
1.246419303809137347e+01
9.775696803858123118e+00
6.839234654109160871e+00
1.033011267535279565e+01
1.297933638873112905e+01
1.189270989807081236e+01
1.101724262073784999e+01
1.485892835973829129e+01
1.197442114633846089e+01
2.074764215677573986e+01
1.236008786067575471e+01
1.233674297178071200e+01
1.459247011619949852e+01
1.295342244240039875e+01
1.500773526583081008e+01
1.674673739568455488e+01
1.265122756880831822e+01
7.916393395721826209e+00
1.701319779815209188e+01
5.369206829948405257e+00
1.433681897507839942e+01
1.676455617703383538e+01
1.733404709010241618e+01
1.406226274731448633e+01
8.916741507934553113e+00
1.641327059637573882e+01
1.016974893088414689e+01
1.450228365956388998e+01
2.267806322350999437e+01
1.294576343870469692e+01
1.286474356696763621e+01
1.372979563780912571e+01
1.016139610299634377e+01
1.990655195122074161e+01
1.862832595104458377e+01
2.241823304689381047e+01
2.337020644033587757e+01
1.681760864915757381e+00
1.179085176550118064e+01
1.854090722330380103e+01
1.267668399342045404e+01
1.602239439030239510e+01
1.965660723427807000e+01
1.275653534691033286e+01
1.120091968851553688e+01
1.284084168380590896e+01
2.139866690056469167e+01
1.481257571309840415e+01
-1.871331557307968296e+00
7.493207420282779196e+00
1.110506486093889933e+01
9.588899377556066028e+00
5.054073441520249510e+00
6.966624464463399669e+00
6.703913935089901521e+00
7.387371231180242859e+00
7.221814957699901782e+00
7.066337818255232328e+00
5.978775723914153239e+00
8.947483629782482240e+00
7.103512361267409148e+00
7.064051049824674244e+00
3.412804454766248163e+00
7.349676166885526385e+00
1.115382479880060096e+01
1.714033852911018840e+01
1.314826476612821438e+01
1.896485688526423985e+01
1.210711838068243651e+01
1.286932430062118726e+01
1.318766865667293153e+01
1.493369930762004394e+01
4.132101280880613459e+00
1.469087707418548661e+01
1.665759675736605061e+01
1.622519995064283194e+01
1.283761527669185654e+01
1.067024729345372158e+01
8.364723113174273195e+00
2.078910081324453785e+01
1.159268705357176010e+01
2.318300061340012874e+01
9.903236746838439686e+00
1.636147910064828181e+01
1.100475939751272847e+01
1.298880870649936625e+01
1.393535191942498308e+01
1.139959627425766442e+01
1.527507873706190722e+01
9.778203882524667989e+00
1.154561469954284547e+01
1.311166631580156405e+01
7.381338699620275001e+00
7.161541019727592605e+00
1.172667308733256419e+01
4.772693637673401490e+00
9.365410146846116390e+00
8.071987034009783457e+00
6.474208530087402380e+00
1.373612959201225259e+01
1.042474581787763555e+01
1.120038774230619971e+01
1.103099722245465841e+01
1.270374580207152349e+01
1.348662023822332934e+01
9.774560053858937891e+00
2.025579726615841025e+01
1.960720792419685310e+01
1.834757571939556087e+01
2.127647479891598792e+01
1.938889913591079761e+01
1.530184625029296441e+01
2.603903400962894921e+01
1.658579024440060223e+01
2.370167254437546944e+01
1.273768563943128740e+01
1.236519481830548628e+01
1.632283780492456771e+01
1.886143381957503351e+01
2.165936355407828628e+01
1.805273457420713612e+01
1.779134593165799316e+01
5.683736755210491154e+00
3.104114256410959527e+01
2.007514620691256368e+01
2.037380096502146998e+01
1.573523359797590970e+01
1.296487481906105899e+01
2.087167130005299498e+01
1.595053146653948417e+01
1.840363204757775151e+01
2.067119919374991355e+01
2.702404167788521150e+01
2.545984123603768978e+01
3.144906973525713312e+01
1.875308651202852417e+01
1.917484722149498211e+01
2.018060590846128832e+01
1.953580164711831557e+01
1.935824657638875124e+01
2.179046220198957329e+01
1.484485117716577385e+01
2.708788554800045745e+01
2.331096276260326050e+01
2.211885082662583457e+01
2.059479092101635445e+01
2.721037730227540052e+01
1.836398460754366724e+01
2.148925024438766940e+01
2.184535697176903213e+01
2.406881416522702111e+01
2.011535760653070071e+01
1.436791564135622679e+01
2.663198840870536088e+01
2.016386330368543156e+01
2.223037866714123467e+01
2.345784364536615740e+01
1.303041756413861307e+01
2.632656591283046765e+01
2.490052591546951533e+01
2.513442308707203665e+01
1.544462333474928428e+01
1.886983666517248892e+01
2.398327709158859378e+01
2.029461084109640368e+01
2.358800560712727901e+01
1.790956371709323847e+01
1.945161189802212220e+01
2.332218502823772965e+01
2.085278518714914142e+01
2.617485107837166680e+01
1.957773254545953989e+01
1.330760624104424039e+01
1.982539487177812987e+01
1.669355400841030601e+01
2.407772123170393286e+01
1.800469961587076995e+01
1.168732730702423517e+01
1.444351758056912516e+01
1.709309883904496630e+01
1.607504140043044671e+01
3.123434127038834163e+01
1.917576878305491306e+01
1.837918117083583525e+01
2.373451251159322339e+01
1.397637818208235139e+01
2.094948506006584310e+01
1.435056405180884909e+01
2.194824457616634916e+01
9.035200217102445919e+00
1.690193350170874709e+01
1.314212336331815223e+01
2.159261193012537916e+01
2.537343453027208895e+01
1.179924971751998442e+01
1.998194576690449153e+01
2.657796288937462492e+01
2.700684173472044591e+01
2.114756920890546255e+01
1.702285019733675142e+01
2.355804054851319762e+01
1.340069536031306363e+01
2.039511245394592365e+01
1.776973199944126947e+01
2.416516509274664770e+01
2.035483997533849987e+01
2.492772395403827090e+01
1.933075537620896611e+01
2.505340104840994186e+01
1.226873180647563721e+01
1.306915682653391819e+01
2.169671808797732382e+01
2.733026329062822768e+01
1.939120557208898887e+01
1.670641094203274335e+01
1.947725939450394961e+01
2.143533061891080749e+01
3.033306254117053058e+01
2.291447224277046146e+01
2.060369824111183235e+01
1.734846767942616452e+01
2.519625922057723244e+01
2.535649606361134190e+01
2.062969909611877739e+01
1.952822835494738030e+01
2.268714524230622942e+01
1.341431488495905811e+01
1.950321727933801697e+01
2.106041734071160221e+01
2.069945116777308414e+01
2.623608392350005403e+01
2.281245005123965797e+01
1.814655069107727670e+01
2.346883776672260780e+01
2.282751976134925798e+01
1.370802689003892638e+01
1.381753358134315057e+01
1.832089906792641543e+01
1.447540693586548066e+01
1.248494968275410777e+01
3.068444618475195540e+01
1.563541083714979507e+01
1.678397735880061248e+01
1.934449721007918654e+01
1.753142833190037919e+01
2.300078802709138515e+01
2.487599806469075858e+01
2.056834898318912153e+01
1.929270085690023606e+01
1.935377055302074112e+01
1.910756045821158366e+01
2.247658567700457155e+01
2.144271974202246156e+01
1.838845805447390802e+01
1.986421835596652130e+01
2.033629005511410881e+01
2.002617831075022536e+01
1.853312403844013900e+01
2.401061108252289955e+01
9.175365450169111980e+00
2.006365278275993091e+01
2.052896221441740821e+01
1.585060383109418680e+01
1.788606332029001322e+01
2.152209933181943313e+00
1.141265135987698720e+01
2.062702230842878492e+01
2.134429624168898698e+01
2.247454705473397141e+01
2.217416319049274165e+01
1.871417989742406718e+01
2.009430438925370410e+01
2.839428138650670519e+01
1.664189301599386539e+01
1.973663825614637091e+01
1.881765505580657560e+01
2.006767459610816573e+01
1.868575855365122251e+01
1.949299997854559408e+01
2.062758847404389684e+01
1.688891722640816440e+01
1.718021007362417052e+01
2.331531482929322863e+01
1.763044575617706755e+01
1.672799916599956305e+01
1.457430109364008075e+01
9.769438598898757320e+00
1.596474883385874577e+01
2.226994589580472450e+01
1.457591365264536876e+01
6.473842115538076314e+00
2.546609459510053597e+01
2.270616620256886975e+01
1.396766389134580599e+01
1.791699824816749498e+01
1.646240956580387760e+01
1.840747499104681850e+01
1.390571537103447497e+00
1.879635894297254239e+01
1.962343775151790837e+01
1.572813787389140217e+01
2.444180400093272709e+01
2.056705506779515957e+01
2.172775461664574337e+01
1.998712665695218860e+01
2.313681405678381253e+01
1.989062523800545534e+01
2.246102551275666670e+01
1.715596219583471793e+01
1.493655903349789682e+01
1.645278512501418433e+01
1.971796594321201113e+01
1.679301789630409303e+01
1.791910413031895644e+01
2.639758841103018128e+01
2.005478683588098221e+01
1.486112143202585756e+01
6.056877268823114946e+00
1.823285944717437701e+01
2.279523012611994659e+01
2.162350500396017594e+01
1.895258002002694298e+01
2.341406760863254277e+01
2.392773723598119062e+01
2.846163980374284463e+01
1.910678951474386977e+01
1.882615507939329902e+01
1.865189199506437134e+01
2.001619251515660380e+01
2.033653558065279654e+01
2.029593861997417648e+01
2.359130897339105104e+01
2.356058856665979562e+01
1.194726289672197161e+01
1.990751280820667901e+01
1.626110014291264605e+01
1.833031287817931343e+01
1.809951979463140503e+01
1.712048626977519206e+01
2.388828145155600424e+01
1.764345530535295481e+01
1.225472112321569895e+01
1.702665839458742525e+01
2.291691293199903612e+01
1.548669759647799538e+01
2.034887462931056135e+01
2.055113159668873379e+01
1.942819832967344951e+01
1.692803388975429968e+01
1.527604555332625935e+01
1.921226465539843176e+01
2.078087170046666898e+01
3.456850815269487498e+01
2.237143958679653366e+01
1.944603720569341476e+01
2.367372012911198098e+01
1.311873197992281703e+01
1.172270283996536122e+01
2.547845665722247332e+01
2.055693266297525312e+01
1.891578107928915742e+01
2.232217623790084104e+01
2.234141948293680358e+01
2.208151250230093865e+01
1.554842485254028617e+01
1.567027899924923595e+01
2.058650063375584693e+01
1.496435577436023578e+01
1.598961809460013583e+01
2.556544948355961111e+01
1.712308294886945603e+01
2.080923087927563131e+01
1.949041541374385389e+01
2.120543127747386691e+01
1.395259579095811553e+01
1.467498596603072158e+01
1.910893285924263907e+01
2.245878591890019393e+01
2.349741431963089511e+01
1.798809993302852561e+01
1.832641205949892083e+01
2.810046647829712896e+01
2.285122875072920579e+01
2.387129455499605513e+01
2.970270343677038127e+01
1.548180526016436254e+01
2.541862521256189922e+01
2.386593625721286216e+01
2.001084594935054639e+01
2.054381151649135617e+01
2.652188497623190955e+01
2.098601636618440835e+01
2.295464840178234311e+01
2.171276895043704869e+01
1.882038124391000267e+01
2.319986120565938137e+01
2.003069740498178319e+01
2.060031293666245489e+01
2.188687185580856465e+01
3.064404979858027644e+01
1.777391349808620902e+01
2.026822695280474207e+01
1.913111815835483043e+01
2.055790044607530120e+01
1.239096020787965102e+01
1.756026743077993046e+01
1.696784831813250349e+01
2.315132237417281402e+01
2.289585151892252668e+01
2.417034274907205926e+01
2.460236319275885108e+01
1.775040605322314136e+01
1.825753585073605478e+01
1.984241413387367103e+01
1.428104922833787427e+01
1.897235507618959716e+01
1.758268138117832180e+01
1.374495598402554464e+01
2.100923940987288319e+01
1.921839670144035495e+01
2.014516162036542823e+01
2.243202299331934313e+01
2.458666421713942185e+01
1.904185725610819091e+01
2.453973278178383310e+01
1.888825029578016412e+01
2.009693410034316940e+01
1.844337468735364993e+01
2.014549723496076794e+01
1.130082452001041560e+01
1.927991905214776480e+01
1.872615219761550165e+01
1.953658962794958143e+01
1.778024379482564044e+01
2.152041090193715789e+01
1.511269186943957621e+01
1.959739886456736357e+01
2.277891036232457367e+01
1.975399546513599702e+01
2.204114003455935844e+01
2.195822210185462708e+01
1.749763731629633412e+01
1.799084723929173180e+01
1.445934822740442272e+01
2.173497694580330730e+01
1.720251932988734112e+01
1.524258887374912064e+01
1.871639079782969972e+01
1.612637314553605350e+01
1.627509206665708064e+01
1.551090230296580330e+01
1.210302727506186038e+01
1.486944342968504884e+01
1.693499098645438394e+01
2.293655346151071228e+01
2.001212428765857965e+01
1.769893078729919011e+01
2.144979707324151263e+01
1.477413027678244184e+01
2.222759782609198353e+01
2.580905295107262987e+01
1.790092943862453367e+01
2.440265890670654159e+01
2.387459859700185660e+01
2.652341112297783354e+01
2.520210935779017092e+01
1.973047863932129076e+01
1.796527135717431634e+01
2.048310742651440108e+01
1.302143198091884102e+01
1.919339836522495801e+01
2.644429710823298763e+01
2.429049850100607699e+01
2.129679028500202165e+01
2.854086849771109158e+01
2.300035694243774387e+01
2.088112604397569783e+01
2.287185312311338592e+01
2.478000966273235761e+01
2.589015653063217215e+01
2.518713409052794816e+01
2.337045534109745759e+01
9.857058805416897940e+00
2.124722153167431316e+01
1.972942252165552546e+01
1.741197200661793687e+01
1.386227103671151362e+01
2.320069622644818708e+01
2.712083997837726912e+01
1.612613672594081038e+01
2.741789590017205569e+01
2.689914337027670754e+01
2.320691536903110830e+01
2.098267192393010916e+01
2.778266454885969949e+01
2.304523702743491143e+01
2.447476776304224444e+01
1.761179445099662288e+01
2.208800737130904679e+01
2.215881487801438965e+01
2.346645140555328979e+01
3.016202045783355601e+01
2.429901718762828011e+01
2.539135089672244661e+01
2.532820256842921580e+01
1.990477248976459634e+01
2.772180826858810931e+01
2.703964550801394751e+01
2.536595880581372597e+01
2.762625798905728658e+01
3.143673383924055997e+01
3.417003668547503992e+01
2.560414835367307518e+01
2.730763376652268448e+01
2.577371931319481035e+01
2.668558474437576677e+01
2.240631772171224867e+01
2.035475500871589105e+01
3.019949427574265854e+01
2.194854474455441107e+01
2.305298086619838216e+01
1.636511464291052320e+01
1.862846282429247680e+01
2.050735110975998765e+01
2.066647923775189710e+01
2.517935955135403603e+01
1.829794978479757717e+01
1.964366679548360040e+01
1.935199971661447194e+01
2.037533875825301521e+01
2.342768312205685177e+01
2.094927627788845470e+01
1.990665793363356784e+01
1.668007886345143476e+01
2.097622046270294760e+01
1.666487434798848000e+01
2.173870009849824214e+01
3.377671018928874958e+01
2.413142084723445180e+01
2.517924286727725658e+01
2.312878983691670243e+01
1.703374751082517236e+01
1.984076364835886608e+01
2.880416008118998050e+01
1.829478250051963428e+01
2.540859242441290178e+01
2.549507766054941982e+01
3.200467339837892666e+01
2.235960026255659372e+01
2.407653444249464059e+01
1.657460159887762075e+01
2.485198686481630403e+01
2.300338030365043807e+01
2.684401275887300287e+01
2.717867920701313622e+01
2.608817182116856515e+01
2.677962934716866172e+01
2.066308983101453123e+01
2.451446330452058575e+01
2.445126543794368601e+01
2.900536755945827494e+01
2.689961452681248488e+01
2.328131410556787984e+01
2.216305032993325952e+01
2.250267760923460614e+01
2.918345674490930008e+01
1.747665161691407576e+01
2.818541212547467012e+01
2.930758354706029323e+01
2.796786527108109865e+01
2.222819779979342059e+01
2.470178221545571873e+01
2.867163620571112759e+01
2.085225443352360131e+01
2.037290051115943612e+01
2.460720387589142177e+01
2.260794119638173783e+01
2.586295760604630800e+01
3.361829202743912504e+01
2.528737076561966646e+01
2.294448315883129297e+01
2.272410873982742885e+01
2.584732826530650129e+01
2.109719507656852500e+01
2.622761480218848007e+01
2.094480864865181502e+01
3.056816049347872166e+01
2.798724809653689150e+01
2.698730517934293971e+01
1.982656683355006777e+01
2.890695886706243556e+01
2.621170162381811153e+01
2.814471007153551696e+01
3.081855297274272587e+01
2.315525179618171592e+01
2.357324668098397780e+01
2.372678320726742029e+01
2.737404527407610644e+01
2.562136260615067229e+01
2.140531969756536057e+01
2.676299878778401364e+01
2.432299098474571508e+01
2.657451123260806725e+01
2.530524172762781632e+01
2.285302511329902586e+01
2.520196546859708420e+01
2.838613771448793699e+01
2.605121957796514209e+01
2.291312659206803204e+01
2.132924852217706402e+01
2.542910615675153707e+01
3.030504368628164968e+01
2.807750713968885137e+01
2.883003412099691332e+01
2.727029699594433509e+01
2.554851038117360673e+01
2.961597252639403166e+01
1.936938243255292846e+01
2.771973383138158908e+01
3.410791949740090701e+01
2.320639193971510394e+01
2.323773838543219838e+01
2.532132471112573313e+01
2.841804739547557190e+01
3.245077982401785732e+01
2.468905294864291022e+01
2.744757348863531021e+01
3.009288026908157931e+01
2.991140292795953570e+01
2.567595014112603025e+01
2.508858504039011450e+01
2.479348052234792021e+01
2.752761717057623869e+01
2.875976955800630819e+01
2.760404401837770294e+01
2.779909286129326418e+01
3.068488932271952407e+01
2.651946815057298323e+01
2.639022478091352752e+01
2.670002478247247524e+01
2.371418215677413954e+01
2.703911149627169763e+01
2.803019974305704665e+01
2.959258831076382634e+01
2.726001469149082368e+01
2.855484345786250344e+01
2.549694718050979247e+01
3.205356615555732702e+01
3.233025569731089632e+01
3.104921483768274726e+01
3.245482916947109686e+01
2.790905953879628854e+01
2.626485518051259405e+01
2.498772117630050005e+01
2.592747316453230866e+01
3.031924901681873408e+01
2.576214820338443090e+01
2.397760515089830236e+01
2.727720077299617429e+01
2.872127112421124551e+01
2.352498492682915199e+01
2.805450732582261608e+01
2.025180741228694359e+01
2.953812645900551814e+01
2.842643084506569195e+01
3.336290968490914111e+01
2.190684028584731280e+01
2.465642838146236571e+01
2.075185261566590000e+01
2.426533564026441070e+01
2.717003723888958078e+01
2.597278060314680204e+01
2.107786512883081187e+01
2.449735068165625407e+01
2.760925289431026641e+01
2.930234080335295488e+01
2.878923432480640798e+01
3.017022751934597480e+01
3.157851242337581610e+01
2.723843418941011052e+01
3.261201128145191319e+01
2.802344274630004506e+01
2.798852626951030942e+01
2.958337394250353469e+01
2.630646563886189782e+01
2.820512278469898604e+01
2.791424222021245782e+01
2.882843619694536486e+01
2.495647700291540971e+01
3.589084279570865021e+01
2.474532772559996729e+01
2.682417321693319678e+01
2.619310341254806929e+01
2.999561040229758646e+01
3.081001377061529922e+01
2.571959644536518752e+01
2.910737037912014102e+01
3.032636335718009946e+01
3.804386277701381402e+01
2.723095623202284088e+01
2.635084924429809305e+01
2.524439025880912268e+01
2.729766595835832277e+01
2.367070842448130463e+01
2.467005178173937807e+01
2.480375145711169793e+01
2.757035559636815947e+01
2.705138841458941101e+01
3.074516101003390389e+01
2.709844006549605666e+01
2.916032527231913107e+01
3.010434091802430601e+01
2.953216132794489113e+01
3.016366879907064202e+01
1.734735927445878190e+01
2.707207203601562640e+01
3.450824805032789300e+01
2.713468192611126639e+01
2.552322158531048757e+01
3.000572034419412759e+01
3.319528979881351916e+01
2.907417053558647524e+01
2.870038480437229111e+01
2.495972066595981076e+01
2.294769569710829060e+01
2.245325231089337592e+01
3.509710029418931043e+01
2.807762186136983829e+01
2.750803403525548063e+01
2.346123925388967280e+01
2.720787034228787249e+01
3.017593643681864179e+01
2.670177346255535156e+01
3.215230074375532610e+01
2.088466786576709211e+01
2.430957826708649705e+01
2.011856200338957024e+01
2.834815903744318888e+01
2.231435835520269606e+01
2.678049877229597087e+01
3.855691464421389725e+01
2.984792263101461884e+01
2.809453412075276901e+01
2.652774564746606956e+01
3.650296962077027985e+01
3.277955127043178862e+01
3.012109149420039245e+01
3.282270463418403494e+01
3.112521198172541048e+01
2.834330352602234626e+01
2.973278484606816363e+01
2.617713523911240614e+01
2.856078683588984646e+01
3.007942615724189039e+01
2.882231199116916542e+01
3.408397440563861380e+01
3.048887535537056337e+01
3.118272363926969604e+01
2.973718391728117538e+01
3.044407304442671602e+01
2.842311040017035495e+01
2.841815560882657721e+01
3.128616461522152292e+01
3.118965095467955706e+01
3.086643015969417192e+01
2.954591148510927567e+01
1.431993980028215852e+01
3.070913394726690981e+01
3.022719880315433372e+01
2.792842488969830228e+01
2.910829302911938754e+01
2.280728491664789814e+01
2.656551257656490606e+01
2.489859650561700022e+01
3.019466100751878557e+01
3.367549516341232874e+01
3.143979284538234609e+01
3.194155002127699206e+01
2.313921086453191478e+01
2.431122530059079878e+01
2.390918444582609226e+01
2.306483963457889530e+01
3.192427400088195810e+01
2.781137607596386729e+01
3.352096841211127298e+01
3.060810652983492375e+01
2.552572925601094411e+01
3.029514344458242547e+01
2.650999848554279481e+01
2.658193431184284705e+01
2.928200112620085349e+01
2.840057844849321000e+01
2.705392751218266412e+01
3.166097989187583295e+01
2.561834719337268140e+01
2.619304544959414827e+01
2.176503519267651399e+01
2.812463994374348886e+01
2.587179180593777517e+01
2.140226568373418203e+01
3.118074161921505549e+01
2.474893071022246716e+01
2.594628298753235285e+01
2.834002020997221649e+01
2.935711942800653063e+01
3.822879445915713603e+01
2.548555627526014078e+01
3.047984892387945166e+01
2.067405472141458844e+01
2.524931149225307792e+01
2.757727408209896680e+01
3.128282844560992260e+01
3.015803101889645532e+01
3.064713393569693523e+01
2.156218855559026792e+01
2.872965434045313415e+01
2.917802410369638366e+01
2.714055814962511093e+01
2.520536185227471293e+01
2.738614554143206448e+01
2.875830685951999044e+01
4.098992845132956120e+01
2.765844880448897669e+01
2.720445033053378481e+01
3.405394142468858121e+01
2.912631364300983350e+01
2.993948342699369647e+01
3.072312366046232768e+01
2.517978398501571036e+01
2.592821313046334453e+01
2.604048600563458393e+01
1.636229600167961706e+01
2.202009905987691951e+01
2.373783624382471302e+01
3.036029244599863830e+01
2.879993725514755809e+01
2.345987134685246289e+01
2.635480461413962416e+01
3.194981154446474392e+01
3.688889769114273065e+01
1.257170241967721580e+01
2.324360366519691112e+01
2.135129848030803146e+01
2.478258628227753491e+01
2.683792101668936780e+01
3.255267280165524113e+01
2.901366923827381683e+01
2.222695913849982929e+01
2.923699345196791910e+01
2.942668633106311304e+01
2.421524897687598354e+01
3.001400959351099829e+01
2.722316222909761763e+01
3.167878219112564864e+01
3.240057676858172897e+01
2.531965552103810424e+01
2.580232788478640060e+01
2.892783064419986161e+01
2.649643192549358517e+01
2.578059227507757356e+01
2.697902746821416997e+01
2.575353397410703593e+01
2.791369085649436599e+01
2.939712609218176453e+01
2.826381813874458615e+01
3.034248592415737278e+01
2.953680972551203610e+01
3.011808219434545464e+01
3.559202753793336171e+01
2.836681227453834353e+01
3.042934131656476282e+01
2.572076038190756719e+01
2.906145772078681944e+01
2.421927906526884655e+01
2.572355495660482561e+01
2.965431829662023588e+01
3.125805346938469143e+01
3.365269945330489065e+01
2.902343100134279297e+01
3.096731963472736737e+01
2.834687980079551650e+01
2.669179158351097314e+01
3.287232930077144033e+01
2.988020945884355584e+01
3.414848712769902050e+01
2.730192562674393386e+01
3.257841585840169074e+01
2.734710146139314801e+01
2.764793310610842170e+01
3.053582733544690342e+01
2.827214262480186946e+01
2.294159352878720881e+01
2.945939243821180398e+01
2.610830640025203309e+01
3.157112327637537774e+01
2.975172222709563385e+01
3.681164572379491062e+01
3.058158617130656509e+01
2.928718012657885339e+01
2.711897343203702704e+01
2.772313352470610326e+01
2.511095450634718063e+01
3.158469747771543723e+01
3.000141240176413504e+01
3.168220974620081165e+01
2.683361427239641017e+01
2.885393230181528423e+01
2.630681718912753553e+01
2.377484450526192106e+01
2.690983881985627590e+01
2.684115136374688149e+01
2.245593109888545058e+01
2.869763857860287715e+01
3.363265158433228663e+01
3.046493649457054786e+01
2.619437617499692550e+01
3.371974779974537739e+01
3.240343875358602332e+01
3.143237420705500540e+01
3.317794695088533530e+01
3.023816955319636079e+01
3.054763387127056973e+01
3.008373661671681631e+01
3.133150198472309711e+01
3.701484710609378226e+01
3.129781450929836240e+01
2.939964441542247187e+01
2.924194689252071910e+01
2.951811019379062984e+01
2.248203381293962622e+01
2.969819299069497021e+01
3.062638366893587616e+01
4.412893674913171083e+01
3.582742746288755598e+01
2.998800874600350497e+01
3.268828266507512836e+01
1.630774334869244058e+01
3.188408609093848867e+01
3.024250537000327554e+01
2.639422540287293728e+01
3.193739769977488763e+01
2.933862482655321458e+01
2.727383562348473589e+01
3.025252364454957998e+01
2.750292904949608896e+01
2.821507188670864963e+01
3.839701442492144423e+01
3.133810612323634714e+01
3.260561784060765689e+01
3.050004174124640599e+01
2.792488118281103482e+01
3.059988706703662231e+01
2.765589179902839589e+01
2.981395610401528629e+01
3.172952829497198124e+01
3.529734369557424856e+01
3.433282915863255624e+01
2.858927429622268690e+01
3.003877846315020861e+01
3.168630803566671972e+01
3.058617421248009549e+01
3.044509658700261667e+01
3.047113216940269353e+01
2.955267340823674971e+01
3.009777681453019937e+01
2.601850893051637570e+01
3.194360365504160626e+01
2.457209099715849732e+01
3.079312472223025665e+01
3.471887968295692417e+01
3.199617166734345730e+01
1.882139449662281905e+01
2.463293110095105831e+01
2.822107388284286955e+01
2.754263977507126526e+01
3.382463345092850915e+01
3.164544459095564122e+01
3.119565761775269053e+01
2.498481581483654423e+01
3.213340600003550662e+01
3.332874041667998455e+01
2.822282573354188528e+01
2.213450235734485005e+01
3.162787984629342830e+01
2.248117022052626623e+01
1.635443457087574970e+01
3.387575800897374734e+01
2.578567510442499611e+01
3.370496179493351718e+01
2.803497057757684985e+01
2.751142198488923540e+01
2.143547592169404581e+01
2.908246890362642034e+01
3.279765495715682988e+01
3.035491770703417913e+01
2.946022932544478223e+01
3.226344184665196480e+01
2.596081025319592683e+01
3.624165923649371734e+01
2.301170973747655069e+01
2.685541659233043532e+01
3.458451330019677528e+01
2.878787867208705720e+01
2.797535019732994499e+01
2.617119528981166710e+01
2.482501148824855619e+01
2.760596434420709500e+01
3.215763655908820340e+01
2.923218424576005603e+01
3.044301860201394305e+01
3.496905645971887111e+01
3.348321797799714261e+01
3.616095113646658632e+01
3.437090057679711919e+01
2.818472859977099532e+01
3.091892144080032878e+01
3.744527162752800820e+01
2.973619143062384396e+01
3.094379926809805781e+01
3.297664464709914256e+01
3.014728343827192347e+01
2.955847759467913249e+01
2.867014360066357881e+01
2.068131304936338921e+01
3.198155952778559552e+01
2.638428705091716608e+01
2.850003383301167759e+01
2.924012575059720476e+01
3.046618287093572519e+01
3.565028962493006759e+01
2.457465107972602425e+01
1.670036258719338917e+01
3.522630989186120587e+01
3.012415105494489609e+01
3.525094254976137620e+01
2.608787260864362167e+01
2.991828982133878156e+01
3.136873913212170351e+01
3.204013327744871731e+01
3.612824112477622407e+01
3.278042161595871562e+01
2.700866332039151985e+01
2.898201149507051255e+01
2.979100519369231748e+01
2.679258019444549888e+01
2.893730793389755718e+01
3.300378431271770552e+01
3.182000503435502381e+01
2.549144687501017970e+01
2.880431871053456661e+01
3.172828812574166335e+01
4.723531201419495318e+01
3.257222610250614281e+01
4.089005472644171846e+01
3.115468271228144204e+01
3.437748172939883773e+01
3.576729184118190119e+01
2.217221398760174367e+01
3.471733575141401218e+01
3.169531435859885349e+01
3.360349063814642534e+01
3.316743885348401477e+01
3.545981871799727969e+01
3.980653302891371226e+01
4.191849068932431521e+01
4.109769152931119152e+01
4.163853836843450296e+01
3.533927259038795654e+01
4.808961080770199459e+01
2.942924623747657265e+01
2.674682319734512603e+01
3.003966909348170589e+01
3.326499706453491001e+01
2.807167449873954013e+01
3.009726361490702118e+01
2.979670008630461808e+01
2.190068213908184447e+01
2.370555035381237730e+01
3.043989876879638246e+01
3.376492960559434664e+01
3.041197507213891882e+01
2.818205536255192101e+01
2.881416741562699002e+01
2.751322101789005004e+01
3.651220070929028338e+01
2.590822024996254314e+01
1.940795860926302296e+01
2.960204713554887945e+01
2.572406858158755583e+01
3.050369459438331177e+01
3.376997650608819868e+01
3.710850326546651701e+01
3.226224266610637414e+01
3.206203075206401820e+01
2.836394476420310440e+01
2.499841023705896603e+01
3.031810011553875128e+01
3.042901105781793092e+01
3.681176020732409881e+01
3.227556634882185449e+01
3.596082980968704135e+01
4.063767505718661255e+01
3.905475495770134842e+01
4.579097567647015410e+01
5.993006706339534162e+01
6.323749904348434825e+01
6.021373682014068862e+01
6.011287761821164111e+01
3.842329537374682502e+01
3.191785930490224032e+01
2.568845247878730476e+01
2.882317464404802365e+01
2.951371742913942242e+01
2.698675930859043959e+01
2.909554941365834324e+01
2.667981493898683709e+01
2.610250932623071662e+01
2.815346184312599220e+01
3.054712857175657348e+01
3.092808575673934612e+01
3.101251311387929022e+01
2.780466754896925607e+01
2.536521844534578563e+01
2.816341866213036482e+01
2.983500084228142057e+01
2.014500062870597930e+01
2.863932791132684130e+01
2.974799005385038342e+01
2.567638710055578599e+01
3.026410441109359795e+01
2.652164970953380418e+01
2.873333206463964018e+01
2.584940981616299993e+01
2.713192313637324560e+01
1.597841884912751809e+01
2.368504118327163610e+01
2.404046960482030926e+01
3.072079986890011938e+01
3.556406377908336935e+01
4.025314920276757391e+01
3.705635153242833724e+01
3.037500068454007973e+01
2.857976183132117143e+01
2.896350566620864342e+01
2.706623976565831313e+01
3.246630285570653740e+01
2.720134140226036124e+01
2.590899746764119982e+01
3.340663583262369229e+01
3.942374306292526853e+01
3.469202298957770836e+01
3.413592151013765630e+01
3.124362589093749776e+01
3.558003032913689623e+01
2.664190804244592314e+01
3.142925872017041655e+01
3.004371240738411686e+01
3.469685224364541654e+01
3.027344064493124876e+01
2.812147937261593356e+01
2.710601623215364953e+01
3.229476337750265458e+01
2.926063850618006157e+01
2.992052650911183775e+01
2.868516092084694691e+01
2.089850239468726301e+01
2.533183984930815669e+01
2.965939978075969918e+01
3.070959242823306212e+01
2.551365266966896783e+01
2.521601308523465335e+01
2.782088193513346752e+01
3.228500996723556682e+01
2.590466505494873672e+01
2.507164659136381601e+01
2.788112580355253556e+01
2.855882969051773657e+01
3.094249438299515731e+01
3.484040481532206002e+01
3.096480335963041597e+01
3.713793476602290156e+01
2.946263021285106376e+01
2.427197713971171567e+01
2.269124334599386827e+01
2.143138963992090495e+01
2.120543116355088387e+01
2.853403682153835774e+01
2.532375306625920075e+01
2.791544819315797099e+01
2.989607974158058212e+01
2.988817178851522272e+01
2.558070817052210444e+01
3.517101243711834258e+01
3.128537341986567100e+01
2.786889841306296489e+01
3.765040308125119140e+01
2.401449303111224154e+01
3.111504177812451388e+01
3.741449388386025987e+01
3.039041350696284027e+01
3.065656270036081921e+01
3.101091004847734567e+01
2.984937941168408670e+01
2.852626615471334048e+01
3.007640496246679973e+01
3.358613419904819608e+01
2.792355497567368872e+01
3.358113727923360869e+01
2.674021148745804766e+01
2.846684825482850911e+01
3.573113002633936475e+01
3.225289783489727569e+01
2.940876136222571446e+01
2.950788214425551459e+01
2.996989730182748701e+01
3.576977328105282794e+01
2.723219680638548468e+01
3.081464446346788222e+01
2.647956170402858689e+01
3.976731647647973489e+01
2.735293270635924756e+01
3.185266009998387915e+01
2.649321851466676847e+01
2.854419408034098282e+01
3.082997100521681588e+01
3.058962488670144708e+01
2.757044295812945478e+01
2.446854733144734695e+01
3.107104913630260512e+01
3.354026895683062293e+01
2.964730776760268327e+01
2.579149709625649223e+01
2.867135376353810372e+01
2.717139678912748835e+01
3.083334512496782409e+01
3.149628447581030244e+01
2.796132976297049311e+01
2.460766546325368154e+01
2.466999617914495246e+01
2.347625869359595896e+01
3.415467551502924692e+01
2.804083334989207899e+01
9.530220700421310198e+00
2.995374778647511249e+01
2.549703794251123057e+01
2.471814088867400727e+01
1.243686418844779951e+01
2.617383857852018991e+01
3.202305777626347094e+01
2.425438001190332571e+01
2.651542577195034767e+01
2.507249513852688594e+01
2.828087911403389398e+01
2.193090814854599557e+01
2.452314117689208928e+01
2.413958555777055892e+01
2.292511181526359820e+01
2.910855336727234999e+01
1.493462291284706289e+01
2.586842771083809112e+01
2.801978582599114986e+01
2.969703925455792515e+01
2.997312149899958200e+01
2.863163113296212003e+01
2.624215901066565948e+01
2.969017441736041008e+01
2.960953971325064416e+01
2.645162988891352995e+01
2.968791143901937701e+01
3.244753407881781015e+01
3.350285146455102137e+01
3.428787601854235589e+01
2.626435876238229028e+01
2.665893669346962724e+01
2.697985218626743986e+01
3.065911395041224452e+01
2.887709938620230332e+01
2.478960648191202054e+01
2.685303390532760659e+01
2.318827716979577502e+01
2.900697600665638376e+01
2.922728944429942999e+01
3.236264112825044492e+01
3.214553780914990000e+01
3.419424325912282114e+01
3.806303171529353335e+01
2.709863534822758169e+01
2.971547468397671210e+01
3.174162205077131560e+01
2.920872970814781766e+01
2.599815366191178967e+01
2.921890269571078136e+01
2.367501808253455309e+01
2.966353971570699244e+01
3.417281175461918963e+01
2.877671177000507541e+01
3.186541040014940052e+01
2.868051114462186391e+01
2.425181967202829370e+01
3.204932731636066023e+01
3.161415052747028653e+01
3.006967962679741646e+01
3.605690441786054379e+01
2.817552557990712359e+01
2.949889194983039431e+01
3.106056660833787930e+01
3.027675095374892678e+01
2.853384904870319261e+01
3.728036026632585020e+01
2.780950229744975744e+01
3.131711515482028574e+01
2.873666529456689744e+01
2.878687710448805603e+01
4.179179995657662516e+01
3.353383595299997211e+01
3.148369215895696627e+01
2.912206013009862815e+01
2.910164395942940274e+01
3.057618409742450183e+01
3.585270340509656251e+01
3.003202587577052896e+01
2.529424826358851774e+01
3.313407787841325103e+01
2.070589625851861371e+01
2.304809155967509327e+01
2.727791553739323405e+01
2.405408833694499648e+01
3.336639753055101210e+01
2.637186197974262925e+01
2.922453842636833343e+01
3.295110752227429884e+01
2.959477834434665766e+01
2.708821356676512337e+01
3.305619597541546284e+01
3.237180840936807158e+01
3.072235842484169765e+01
3.412919142797437644e+01
2.829084932284460052e+01
2.820281225198548469e+01
3.374856838645733603e+01
3.050498547852884457e+01
3.268460146062647453e+01
3.453106231441567786e+01
3.518472547404162043e+01
2.899124563174795455e+01
3.637360855255019487e+01
2.916684496176366181e+01
3.130100085027838119e+01
3.334741176038720312e+01
3.132794714390202984e+01
3.014938558467586205e+01
3.074920217653936660e+01
3.401871354845704332e+01
3.138198305442409719e+01
3.473706815918115609e+01
3.028589580551914651e+01
3.138564082709151748e+01
3.662338210119364135e+01
3.759519333502132810e+01
3.534097105370263847e+01
3.467135407092425226e+01
2.641626412115921951e+01
2.718796818827658157e+01
3.508972092998503456e+01
2.871397476134673710e+01
3.767885143855781394e+01
3.108674481244139898e+01
3.180976069086308300e+01
3.257542697192565839e+01
3.278598536335958613e+01
3.102800313250788378e+01
3.903045398862776239e+01
2.735352586466699165e+01
2.572063212129903675e+01
2.229727326965168999e+01
3.685039562205744801e+01
2.561450262253254451e+01
3.643413136420987541e+01
3.443241240414297977e+01
2.549425385919689191e+01
3.354677572984569167e+01
2.824995876470996947e+01
3.065394090727856380e+01
3.377744099148537771e+01
3.396903268106887452e+01
3.583546033841575706e+01
3.012349601426054235e+01
3.291526717318456008e+01
3.084295188065969384e+01
3.736550534271524526e+01
3.255310758779240388e+01
3.958201152190785876e+01
3.305936259711123171e+01
2.467526732538172141e+01
3.772348276942798861e+01
3.225834796641373003e+01
3.487632946304493231e+01
2.393179140188701126e+01
3.299078435918347907e+01
3.226623607605073119e+01
3.568825748119011365e+01
3.409142568755274283e+01
3.293993981113615632e+01
3.314248041855162796e+01
4.057119065100212651e+01
3.257391251014220757e+01
3.477807091654713645e+01
1.824419923746219396e+01
3.409959331783976921e+01
3.062928277661971421e+01
3.319756440951812237e+01
3.391258224455896197e+01
3.178799436631165420e+01
3.392820457639748355e+01
3.647326896020874898e+01
3.359472953593913047e+01
3.731951904160571587e+01
3.687182619115550608e+01
3.333691432717523639e+01
3.350567436179977676e+01
3.385676280002854099e+01
3.281605044833183626e+01
3.044162282558821886e+01
3.161182376981252773e+01
2.783290361043096084e+01
4.051148235137310394e+01
3.244669247594073624e+01
2.786352858838328928e+01
3.111327275893524558e+01
3.580567145601028045e+01
2.904741093836742394e+01
3.853924651653566258e+01
3.077835801812155836e+01
3.489788837699628488e+01
3.353229434544930854e+01
2.986298892020940698e+01
2.765213504502360564e+01
2.261124531801939241e+01
3.199227957683997658e+01
2.993733576325022128e+01
3.015318502083121288e+01
4.026438177801521334e+01
2.816844878733559909e+01
3.102758768212974516e+01
4.118958885130200542e+01
2.937346055154974067e+01
3.552491812794558257e+01
3.309143135378504041e+01
3.223134747555911161e+01
3.454433352012181757e+01
2.615879309553316290e+01
3.200879414045962790e+01
2.785162702351600217e+01
4.157707937952510946e+01
3.683933119815789325e+01
2.039702033556402938e+01
2.860088519409144681e+01
2.868220034126802886e+01
3.072088996542696648e+01
2.206687273811876437e+01
3.026044848557002709e+01
3.297811261105970715e+01
3.315770581237936909e+01
2.818028796984624051e+01
3.587346822415516101e+01
2.972268874002470795e+01
3.898482549395482977e+01
3.602013336930406950e+01
2.257315491019038234e+01
3.294225472385399200e+01
3.817032089867056754e+01
3.698333854192109982e+01
2.913857944946827416e+01
3.038448272158614927e+01
2.696991205635828948e+01
2.308355217763650913e+01
2.612589155037677102e+01
3.823709340488088060e+01
3.221555569222103799e+01
2.516888743792204153e+01
2.858788849995541526e+01
2.503891853428408609e+01
3.842329686459481763e+01
2.302302488262277791e+01
3.356450144927350721e+01
2.946125937057946231e+01
2.870424995709915095e+01
3.257270463977398123e+01
3.035188315708499829e+01
3.226330251497707025e+01
2.570216346809641550e+01
3.610976527070418740e+01
2.919744955902111982e+01
3.624922443977286690e+01
3.252780612706433772e+01
2.222426393099573261e+01
2.711258485119028805e+01
3.201598153442684946e+01
3.829281923244350594e+01
3.326213777250429615e+01
3.257915766902964094e+01
3.048362416790142149e+01
2.926060587894391318e+01
3.882921231016368324e+01
2.844020321100868998e+01
3.453759248444275443e+01
3.133657299243186856e+01
4.529702187028144067e+01
3.316913724338576941e+01
2.992157825175210917e+01
3.403299276768350978e+01
3.611255164727857192e+01
3.641136757747338493e+01
3.351255517419878771e+01
3.392906147539957828e+01
3.162147506932742758e+01
2.936300599734000372e+01
3.005193302219194962e+01
3.146333030951863208e+01
3.109173254873152459e+01
3.348814737925778928e+01
3.064025291578938237e+01
2.988896488645773175e+01
3.331444260395562651e+01
3.739934936297354540e+01
3.062360666679600385e+01
3.204867391469865368e+01
3.462888176422664088e+01
3.666731838160491463e+01
3.851625615012421378e+01
3.071236126617827722e+01
3.199421768890784179e+01
2.982194990348095587e+01
3.370485962587183337e+01
3.031788933696045163e+01
3.791744556094371177e+01
3.437226023350964255e+01
3.851981722783898476e+01
3.352178725646883350e+01
3.132997756467427664e+01
2.774244875821823086e+01
3.429098120091882151e+01
3.343362775499576856e+01
3.142424025359165896e+01
3.157884359597601787e+01
3.374407692741015552e+01
3.832096739197644553e+01
3.115921462912729112e+01
3.379246569288885382e+01
3.773386339362258468e+01
3.142046497764869528e+01
3.274348291708005831e+01
3.295241641175836378e+01
3.077247492748556112e+01
3.127702401619218975e+01
3.891650011666366282e+01
3.294731388588470367e+01
3.115381745841730776e+01
3.399376898013309756e+01
3.144766739640036590e+01
3.232582010142915152e+01
3.401706381096619936e+01
3.206577790698806041e+01
3.015838648526730736e+01
3.256462460161122152e+01
3.166756182416762400e+01
2.855645705417816060e+01
3.022243432661506546e+01
3.205177955576368021e+01
3.272479279054071810e+01
3.012207585711674795e+01
3.383872482814155092e+01
3.012257583338740830e+01
3.084488016102205066e+01
3.554351150459187636e+01
3.098037707412237296e+01
3.207015115797151594e+01
3.479877366537479588e+01
3.428493147650919326e+01
2.773241430320830503e+01
3.251054591410198924e+01
3.181261119161003847e+01
2.919822724626135368e+01
3.126850823936313262e+01
3.673896893956570864e+01
2.726740084201307113e+01
3.124149411707350055e+01
3.095726488676486809e+01
3.012369699212411334e+01
3.067935569042400346e+01
3.861288265676581943e+01
3.598433311308657068e+01
2.887769298868903789e+01
3.308334934509316128e+01
2.719999445874749000e+01
3.069008984630494652e+01
3.497382387390888425e+01
3.702037707679917844e+01
3.465361078620433233e+01
3.531687254085609595e+01
3.475895753435747793e+01
3.172072816485804836e+01
2.492320693748921556e+01
2.997946782622112494e+01
3.224737898191869334e+01
2.581644232912240255e+01
3.650917113460909746e+01
3.198787023486242376e+01
3.817969167863212476e+01
2.969327703632766458e+01
3.238311076712716385e+01
3.363641013557271719e+01
3.938230857780326488e+01
2.857639538227676823e+01
2.695342324646539112e+01
3.626491807140787671e+01
2.838631991848967928e+01
3.454521854518827695e+01
2.872573156849928111e+01
3.147806744513139776e+01
2.342614011052290124e+01
3.329032740204294782e+01
3.356893965112309530e+01
3.082334646405242395e+01
3.683329146612710758e+01
2.879525802977028093e+01
3.065469717494386614e+01
3.289751751087372611e+01
3.660828592965801676e+01
3.286339849131715596e+01
3.381676074225357809e+01
2.876170511937773355e+01
3.084501114223311191e+01
3.227557681456833905e+01
2.626800240272003251e+01
2.915134894415156452e+01
2.814800984218570790e+01
3.316081873707097571e+01
3.393058146462585967e+01
3.584779587614584528e+01
2.291290734306624444e+01
3.510130783664164511e+01
3.235317067127434143e+01
2.521167534529071474e+01
3.405023403065344212e+01
3.681035785610761479e+01
3.157009323088880848e+01
2.886587785710737464e+01
3.541001109301979000e+01
3.649795049565194915e+01
3.285137138424376246e+01
3.076185453660677638e+01
3.190071280601442893e+01
3.654864742199835348e+01
2.959636957444595495e+01
3.472510118772530774e+01
3.384578131825722380e+01
3.198234571947797278e+01
2.702392441590285443e+01
4.246273074216246357e+01
3.443065052313713892e+01
3.473471170128477326e+01
3.595021033965380752e+01
3.752628644310972561e+01
3.407595466569187437e+01
3.379076874545139475e+01
3.320843238247424267e+01
2.901442416819741510e+01
3.449093277399551027e+01
3.104863359455232086e+01
2.931428204775204804e+01
2.434807190485631523e+01
3.016354631565558364e+01
3.063486272705764080e+01
3.297596573673015996e+01
2.909373633742208654e+01
3.416050715773797464e+01
3.062068012694851049e+01
3.525425292913520536e+01
3.231817670402860188e+01
2.507750187028696587e+01
3.425075429193709908e+01
3.309515962615653706e+01
3.570161829871975812e+01
3.051936293109659104e+01
3.762747304583758989e+01
3.116813905828030684e+01
3.369577398990150385e+01
3.490180921393385916e+01
3.306218743419210426e+01
3.377127780755671438e+01
3.714786266718007823e+01
3.514237704191894807e+01
3.373585530032534763e+01
3.755035785101252088e+01
3.131587891257293066e+01
3.030664608595509790e+01
2.993959402817291959e+01
3.076757607735503086e+01
2.831570938088196243e+01
2.730483151993805535e+01
3.158262610368734613e+01
3.312972868034244556e+01
3.312034388765313508e+01
3.572075349512400066e+01
3.707437548750227307e+01
3.771960476650623661e+01
3.579834803137956811e+01
3.245758646610750020e+01
3.680183082479159395e+01
3.214180369765374223e+01
3.584783817736058609e+01
3.307199287765561024e+01
2.834876287093446479e+01
3.601653837607200614e+01
4.340039448035432201e+01
3.490717001987619739e+01
4.404793617987721177e+01
3.393144210480487999e+01
3.441777828308034515e+01
3.343006034931099180e+01
3.906094834513936576e+01
3.377270958243383348e+01
3.543044475970245344e+01
3.687117971282649620e+01
3.994209230710741565e+01
3.532870462903810704e+01
3.209862495923453451e+01
3.015707900019808463e+01
3.144479047374312941e+01
3.669991726767212015e+01
3.231375321627567132e+01
3.148567422186720322e+01
2.944870326822937301e+01
2.933834153597100425e+01
3.416306780797148690e+01
3.293942129602610436e+01
3.280134166882753277e+01
3.543696083359402138e+01
3.585521265975403793e+01
3.748088041022677430e+01
3.048109422825881865e+01
3.705598149936683683e+01
3.891794858345968322e+01
3.959804272130277525e+01
3.433332754574549028e+01
3.272710075482523706e+01
3.116822780190703313e+01
3.369822106119190153e+01
3.023198908225156600e+01
3.720480725923707155e+01
3.479424193532458531e+01
3.662310246249736423e+01
2.868794334170310378e+01
3.423964502520207986e+01
3.918706397877259917e+01
2.742669567531105201e+01
3.207473858066649086e+01
3.571519122734705576e+01
3.437523616995178344e+01
3.166623321637172950e+01
3.254882709868670077e+01
3.551772181348181334e+01
3.617998035129604517e+01
2.966156519806133929e+01
3.803360010700079386e+01
4.126138506824019458e+01
3.169031595374210042e+01
3.573366186749188955e+01
3.437434253494280512e+01
3.797206958729095305e+01
3.584735521446882700e+01
3.484300484571984668e+01
3.207502705998717829e+01
2.995436301970744708e+01
3.524081274421367738e+01
3.562135511183473824e+01
3.119489718791475852e+01
3.572455820088767098e+01
3.555915278905668231e+01
3.766790290318650136e+01
2.797055772876336022e+01
3.339611160541421242e+01
3.230573953237981755e+01
3.156186529792776341e+01
3.312045016728525582e+01
2.436169367930692786e+01
3.085381234205444656e+01
2.916102657567394019e+01
3.302801871938476808e+01
3.196918343459049083e+01
3.316374484744387985e+01
2.579551339841121660e+01
4.105576153016927776e+01
3.094394591861699695e+01
3.828890203230436384e+01
2.899683403810148263e+01
3.156865163835549382e+01
2.999269358632326998e+01
3.189478460562624207e+01
3.566831535112586238e+01
3.462258024381982580e+01
2.948886486659269579e+01
3.153345373795332307e+01
3.280606793624516371e+01
3.245508540642833140e+01
3.052457524237659214e+01
2.941648233426392167e+01
3.011447717272659119e+01
3.428378973735203772e+01
3.122016800061037145e+01
2.772121748013026377e+01
2.635320041667865354e+01
2.588680487116871731e+01
2.739980439251062450e+01
2.624357667396706617e+01
2.893699479869775004e+01
2.872609142027950213e+01
3.474080549747392155e+01
3.026837041301657294e+01
3.076514788773192777e+01
3.366006686767889988e+01
3.093218730001213146e+01
3.362041700107277364e+01
3.224367380235869973e+01
3.244658368485939093e+01
3.270301566265754190e+01
2.963312570082920416e+01
3.953206355392408256e+01
3.553925574525263897e+01
3.480483290203342506e+01
2.759751375330272438e+01
3.708830037270769253e+01
3.824711866627923484e+01
3.048914844344447417e+01
3.489368970319051755e+01
3.051228622706362970e+01
3.403945310940358127e+01
3.306555335996837641e+01
3.636344343856949735e+01
3.281503739407621367e+01
3.185860711397041811e+01
3.665680407322044942e+01
3.160543475801472368e+01
3.621594079612477657e+01
3.572874501299805416e+01
3.279024554576052708e+01
3.799225452702188477e+01
3.313431937740280375e+01
2.809239583376656668e+01
2.816707946011574393e+01
3.402191004428018317e+01
3.230550309317825253e+01
3.395305476103786191e+01
3.114569034487902854e+01
3.310421882597836429e+01
3.622968716571989489e+01
3.025038060917576033e+01
3.452710254639648468e+01
3.281821074256485105e+01
2.981464520680405883e+01
2.960376143013206374e+01
3.242761703115352390e+01
3.325912663891304533e+01
3.693118217326806274e+01
3.528680391976683950e+01
3.342164742097236996e+01
2.765802041666323063e+01
3.044463864693296884e+01
3.191277405116454347e+01
2.775314313722470416e+01
3.589833992302555998e+01
2.646644233100095533e+01
3.281471529852183266e+01
3.421581798937909014e+01
3.415206560970007388e+01
3.650132345546763446e+01
3.379903490036905822e+01
3.212412701783478752e+01
3.249327640448269250e+01
3.954244264938601816e+01
3.371345356404576421e+01
3.411496718908113479e+01
4.191402590600437605e+01
2.898237317117617451e+01
3.409383193903944687e+01
3.480484894933412932e+01
3.165036358717699727e+01
3.621513848858494100e+01
3.481316358285009471e+01
3.452620752907117208e+01
3.237899842052269150e+01
4.020683291774837187e+01
4.006541895552927457e+01
3.771228427565356611e+01
3.426207661385932823e+01
3.383529953255330014e+01
3.815272089050485249e+01
3.084277555907032209e+01
3.185671719566241578e+01
3.463129318676722335e+01
3.405027310409168706e+01
2.483198709106281044e+01
3.501774051468405702e+01
2.920385924910771180e+01
3.243468143442656526e+01
3.118811692750984577e+01
3.198946273637876203e+01
2.990713619574620097e+01
3.962016227448884820e+01
2.970086303996843569e+01
3.487834442793791112e+01
3.883209446036096324e+01
3.272991377068407814e+01
3.326319029002275585e+01
2.841312161256755076e+01
3.453431015176236230e+01
3.376324474754085259e+01
3.423108582630106156e+01
3.747436250234694910e+01
3.486974322410216587e+01
3.417977247455745271e+01
3.117600864930936666e+01
3.539921511051176140e+01
3.827852878493253996e+01
3.565160174118175718e+01
3.406527366392256084e+01
3.593206151470615595e+01
3.125956248968955009e+01
3.387431841750272099e+01
3.424237997293094793e+01
3.312958614050707240e+01
3.623813551655116783e+01
3.427692443121826216e+01
3.475884927601251917e+01
3.683668334654957022e+01
3.064305439173315193e+01
3.401129956664360776e+01
3.259998396996395087e+01
3.584853025525998760e+01
3.513693050757679970e+01
3.295214477771671824e+01
3.225342333281624008e+01
3.473614848618417028e+01
3.518327581602927268e+01
3.577811466249793426e+01
3.274541764569998037e+01
3.429351120127073216e+01
4.018946810866117403e+01
2.979375606548178723e+01
2.891714537127129958e+01
3.332594332796457337e+01
3.662215803528466296e+01
3.532801921022418412e+01
3.089159596827919785e+01
3.355389097256740172e+01
3.009220517552855512e+01
3.890606715928130654e+01
3.511692104171645212e+01
3.682060159412760214e+01
3.781397230564377310e+01
2.917801670100225664e+01
3.786223428827202753e+01
3.262275216676714251e+01
3.375758165655782506e+01
2.229001062868051264e+01
3.467842512847871461e+01
2.719292179715566249e+01
2.996411995478777612e+01
3.484482320114090470e+01
3.484583107791100787e+01
3.264501645314481237e+01
3.190001239830340296e+01
3.117166215091697623e+01
3.466105523724146309e+01
3.264798896153156704e+01
3.484322307379703432e+01
2.802389824634939686e+01
3.267976698343629494e+01
3.242739445221686623e+01
3.269237893830097619e+01
3.123500880489115872e+01
3.106911719382863168e+01
3.335440121560591820e+01
3.203572824326563051e+01
3.788656165746574800e+01
3.327697895912064041e+01
2.732169867999019175e+01
2.182425379000005705e+01
3.032532306350925211e+01
2.796217786235872182e+01
3.699607271398592445e+01
3.261345990225989766e+01
3.434646662896009417e+01
3.306773880534716881e+01
3.381981893398346983e+01
2.962471120646729617e+01
3.476587746254926969e+01
3.287367219014816300e+01
3.476878180787129224e+01
3.685782896578658807e+01
3.108529202086276300e+01
3.364786036789006829e+01
2.764789155670532494e+01
2.998937202911353239e+01
2.952850451580118474e+01
3.379620456970923925e+01
3.080761043395057897e+01
3.152665571841930614e+01
3.155014305798723484e+01
3.170261439499023837e+01
2.932387679879605002e+01
3.243169970371863542e+01
3.116629275577411917e+01
3.407449041678002999e+01
3.148697717770282622e+01
3.225947550184485380e+01
3.495172234861630756e+01
3.359897760604353323e+01
3.237974096797939438e+01
3.349492141201863404e+01
3.318152310941928107e+01
2.792477066044253320e+01
3.383448953043932050e+01
3.266998766951356004e+01
3.513577512508835099e+01
2.879843088636974358e+01
4.072665895479002529e+01
3.406489888328074755e+01
2.693661050163078841e+01
3.119548161223735505e+01
3.420945439064632154e+01
3.207580468231726201e+01
3.470720556096800635e+01
3.276563772498499105e+01
3.290241449664112139e+01
3.309082935258430780e+01
3.402406616552619312e+01
3.590084318622206183e+01
3.394727382390001935e+01
3.221215762116840864e+01
3.070305382957974416e+01
3.190872581563567678e+01
3.241862646343921739e+01
3.001303184542051028e+01
3.127211385706871027e+01
2.995113158362718409e+01
2.473301134197560813e+01
3.133513556010053946e+01
2.805317968728342848e+01
3.755463521218181455e+01
3.059581460456681867e+01
3.009471467163600522e+01
2.999951744631570705e+01
2.802443668575295632e+01
3.111416898620262828e+01
3.174791314023164901e+01
3.141039560907518080e+01
3.279385263249928073e+01
3.112501306059507300e+01
2.957631708638951906e+01
2.881281264396680797e+01
3.089029368880184379e+01
2.846961419747311339e+01
3.699427872392305261e+01
3.139887350090564766e+01
3.247135780881434641e+01
2.906078867311333980e+01
3.134605353194807620e+01
3.194323679343828459e+01
3.170750876762209813e+01
2.482915454945811007e+01
2.927100063561933396e+01
2.987912209517349282e+01
2.776789112828933526e+01
2.891485199149613550e+01
2.812036618566534685e+01
3.409509727382889821e+01
3.535278217934834544e+01
3.036342573831258562e+01
3.247705884085578276e+01
2.978376307993665861e+01
3.214236940611348814e+01
3.425885657576702670e+01
3.123972982464280079e+01
3.214353949849233771e+01
3.103903040324774310e+01
2.765001915538880084e+01
2.734013777127991673e+01
3.277655110406757899e+01
3.137053207011390654e+01
3.169511677933494909e+01
3.365038348642036681e+01
3.564581652422931768e+01
2.877176808043341794e+01
3.325476870520154193e+01
3.308301246233583726e+01
2.958499787662601932e+01
2.707976049461232293e+01
3.400025611917217816e+01
2.923554569111633583e+01
3.581200957571650889e+01
3.381586569147902566e+01
3.829386015461629711e+01
3.614516825345886275e+01
3.209641243965106838e+01
3.532163436015918023e+01
3.098417850668016271e+01
3.270451153879047723e+01
3.237188241679598377e+01
2.502735774304830230e+01
3.405178248581893996e+01
3.315357293834628649e+01
3.286220749938357955e+01
3.327932961805390022e+01
3.292148162307528736e+01
3.380398409113110603e+01
3.334352846777437662e+01
3.307306134421573773e+01
2.884202598923777572e+01
3.511779721989887548e+01
3.811503447310283832e+01
3.453141080954103614e+01
3.824281685812287890e+01
3.797213042885386614e+01
2.617457758163336123e+01
3.393725274206076392e+01
3.245935743944032481e+01
3.230425402880118213e+01
3.710168910254216712e+01
3.534121521772830476e+01
3.231434604355098372e+01
4.653368982931186792e+01
3.211696500835189738e+01
2.824817729534377975e+01
2.793918380683565417e+01
3.418679580429554932e+01
3.985035362873448150e+01
3.249951072194756563e+01
3.295378751932023675e+01
3.203564939424221336e+01
3.730547451425124450e+01
2.968828609493105830e+01
3.323497404209988559e+01
2.929199607903318636e+01
3.531606304661712414e+01
3.327178970248483125e+01
3.179462879842850498e+01
3.560504224734376777e+01
2.641796709433510770e+01
3.345104406827210397e+01
3.405094285506206830e+01
3.488927852273286589e+01
3.389378924278879879e+01
3.290810384677915579e+01
3.339025375715228705e+01
3.395174542585844790e+01
3.623846583678835742e+01
2.969591899536768409e+01
3.547986528586899624e+01
3.413244677581237596e+01
3.574256524266626656e+01
3.340884414319422291e+01
3.489913873144979561e+01
3.296924652084662455e+01
3.166565891855928072e+01
2.683397027877840557e+01
3.098997758559142923e+01
2.495079931257129502e+01
4.175065813520429003e+01
3.161420645227133974e+01
4.712597860212454748e+01
3.278882385019301893e+01
2.895092778665388877e+01
3.560953925703729794e+01
3.340518963945222453e+01
3.092355089152818337e+01
3.668408085928761864e+01
3.553230996270128372e+01
3.035876055355909386e+01
3.695931847018064076e+01
3.529887202956631853e+01
3.552813831670304268e+01
3.292085075089708823e+01
3.573963594674938804e+01
3.442329478356470673e+01
3.380202172004770489e+01
3.221192273124956529e+01
3.195671770745186890e+01
3.140030121054988399e+01
3.758356636867419809e+01
3.397821780230010091e+01
3.317360420629824347e+01
3.521210846853091425e+01
3.432754314020900921e+01
3.878018911777297717e+01
3.722862860003429120e+01
3.043494977880357055e+01
3.507445279532699089e+01
3.397802128162858537e+01
3.853405768446977930e+01
3.821222397522996772e+01
3.049433128296017870e+01
3.335628045407089104e+01
3.766450167001629978e+01
3.282420514240656217e+01
3.795247670663379580e+01
3.678664633547330709e+01
4.289103505992461152e+01
3.672986194466190568e+01
3.764854185002117504e+01
3.940817662282768907e+01
3.504665919646799921e+01
3.478873065287274358e+01
3.472847067840753255e+01
3.455723995772201107e+01
3.817569384108402630e+01
3.416097631437740034e+01
3.335264477543601203e+01
3.680769810057365987e+01
4.122872988208271039e+01
3.940412380824345462e+01
3.808812177435211765e+01
4.379845523408431518e+01
3.612418891798476039e+01
3.605631652959861100e+01
3.777001877658774021e+01
3.947317771140003373e+01
3.555450373305188094e+01
3.788703646727951480e+01
3.258229715506151791e+01
3.596763574170923050e+01
3.599769125976292372e+01
3.779272677596939189e+01
3.406369314204420107e+01
3.582954715926388900e+01
3.692818192398407007e+01
4.148853689444810300e+01
4.070949403533330013e+01
3.650443329578327223e+01
3.743167959654255839e+01
4.125603877619643356e+01
3.858324889308583749e+01
3.365553410688568192e+01
3.898389457406891978e+01
3.875977959373192050e+01
3.915802754535656760e+01
4.352615367948156688e+01
3.965915374212592326e+01
3.967040146214510088e+01
3.919402165393251636e+01
4.055044901067105201e+01
3.732095358369982563e+01
3.697617104033591318e+01
3.814218284950439397e+01
4.054122951606142067e+01
3.871005581345963975e+01
3.795038362354949868e+01
4.262853099009211633e+01
3.388720166682485768e+01
4.120515199422210628e+01
3.987361020645723642e+01
4.122642205816610783e+01
3.511919902641264457e+01
3.103602061799023204e+01
4.051478283324474461e+01
3.977296622766618128e+01
3.665604017857488373e+01
5.085135515040337850e+01
4.498048854736445890e+01
4.501251498386272232e+01
3.700321118549229737e+01
4.505582905158693308e+01
4.182824843101886358e+01
3.540820157851056393e+01
3.611839745687648673e+01
2.956947177385843872e+01
4.121739472418522610e+01
4.268379880793828818e+01
4.202757248738472384e+01
4.902192040851622323e+01
4.682509040623148877e+01
4.470754491481037718e+01
4.145393385860707269e+01
4.208665604075439148e+01
3.785653626839089725e+01
3.764965372885665573e+01
3.829680388486574572e+01
4.036548880617419144e+01
3.825581978347800316e+01
4.063930060524649690e+01
4.541369331055255998e+01
5.080321868872989910e+01
4.897212653272372052e+01
5.217743624252366175e+01
5.315854292954936966e+01
4.634727836244817212e+01
4.177231581575686192e+01
3.430544614731001474e+01
3.339259763577844353e+01
3.538584732042255609e+01
2.857395249005836391e+01
3.130237543946856604e+01
3.198753276626985098e+01
3.450512220014358178e+01
3.537852695256466973e+01
3.941524253016778090e+01
3.378636993950028966e+01
3.796490759394791326e+01
3.407790601570309263e+01
3.612944532067965042e+01
3.760644657523198475e+01
3.242750579332812322e+01
3.579989044630267614e+01
3.844031075095441707e+01
3.427495821140585974e+01
3.570956688986714056e+01
3.542176101747424610e+01
3.068990218084756094e+01
2.978338934998174281e+01
3.564191138214009413e+01
3.582208855045590923e+01
3.206225778832986606e+01
3.661663816569318186e+01
3.132337761099558548e+01
3.376423090906277480e+01
3.462797480408661244e+01
3.508734233979365769e+01
3.457371910950022453e+01
3.450655374860902924e+01
3.356829098117427890e+01
3.556253384540237050e+01
3.206487457244323025e+01
3.521870597072201292e+01
3.545053132211218383e+01
3.410163614787092712e+01
2.733990923801649586e+01
3.604623436030367145e+01
3.425446025790252236e+01
3.542495565370615651e+01
3.511439696045266601e+01
3.410285174984297640e+01
3.304075567246343326e+01
2.877241094277710687e+01
3.682470845206195520e+01
3.657287261225719988e+01
3.754362153405698876e+01
3.643310672788064863e+01
3.424124157157503845e+01
3.518536213018128933e+01
3.357028590473802154e+01
3.485637125758348276e+01
2.762228242240206555e+01
3.317486100217806921e+01
3.533252288961144671e+01
3.316267898455296148e+01
3.251576739552958628e+01
3.456513089935340588e+01
3.513455719027497537e+01
3.334353614433435098e+01
3.414867576805372096e+01
3.083037873229201153e+01
3.462891606947055578e+01
3.095616036310365615e+01
4.268761766215594378e+01
3.317905196961340408e+01
3.348834921699404532e+01
3.863548443046423131e+01
3.311693751510110673e+01
3.686565547801257736e+01
2.907275434571695882e+01
3.691341697906104713e+01
3.520929429324816340e+01
3.833128624695305575e+01
2.834609435508668795e+01
3.801094299037382029e+01
3.219977996465804893e+01
4.075759512609116086e+01
3.875667525206695530e+01
3.457339398408200992e+01
3.779550256440008127e+01
3.783856808962519835e+01
4.402355510690509277e+01
3.401041430416454148e+01
4.202648322344026610e+01
3.236453516142018572e+01
3.644268663451901347e+01
3.460884302832537429e+01
3.892519456584761883e+01
3.955707835670869343e+01
3.480912118036545877e+01
3.815817995818867558e+01
3.244074832750533233e+01
3.211015355074481192e+01
3.050914882843719766e+01
4.623607077949600352e+01
3.290853259182323143e+01
3.371917199190210823e+01
3.509289529060196600e+01
3.361219799922128715e+01
3.599440206529826014e+01
3.213746785849506438e+01
2.598326110414768664e+01
3.054829354565557153e+01
3.151088084318512372e+01
2.919514445238160860e+01
2.840338802889290548e+01
2.886273564856902141e+01
3.233265205365850647e+01
3.671857643789540049e+01
3.877631602625207563e+01
3.656109036222976982e+01
3.689692778041164445e+01
3.411420569851497220e+01
3.265244088512997678e+01
3.756430127263081431e+01
3.477211711474840428e+01
3.429958174174560526e+01
3.533327044022816921e+01
3.761276449831386515e+01
3.661156173861058960e+01
3.196167221643393574e+01
3.361505997190494810e+01
2.989975377599954953e+01
2.533292148366744811e+01
3.153847719667906091e+01
3.083274409757661516e+01
3.503560375436855878e+01
2.337548079346385776e+01
3.315132963948406086e+01
3.415228832601486175e+01
3.117919715216757126e+01
3.235981025371150110e+01
3.335319314788148404e+01
3.386260067956250452e+01
3.093328660552152343e+01
4.423452293135175495e+01
3.598836698183016125e+01
3.233353188746230700e+01
3.605996168675641655e+01
3.146854787634723039e+01
3.123081123286117844e+01
3.065331321326786451e+01
-inf
inf
-inf
-inf
inf
inf
-inf
-inf
-inf
-inf
-inf
inf
inf
3.115063410729774063e+01
3.381006473662837664e+01
2.801058439972500835e+01
3.271861537609178328e+01
3.264039351389557453e+01
3.148929624874579858e+01
3.817680253539951707e+01
3.700534081419417021e+01
3.416557582741305055e+01
3.318855713972274657e+01
3.462776427818810987e+01
3.375932347326841665e+01
3.096367273830743727e+01
3.065900372926146744e+01
3.113740444540518837e+01
3.028139468581701621e+01
3.255751896627160136e+01
3.062348444566330485e+01
3.531731826137332320e+01
3.209568259501931209e+01
3.345578629273234128e+01
3.033169344872677087e+01
2.873551724110906846e+01
2.927658351554344307e+01
3.255569570654728295e+01
3.357250264475499790e+01
3.317350123580952470e+01
3.748313103241152788e+01
4.162976333536842333e+01
2.820715688456407477e+01
3.519823218581942115e+01
3.126423553665702570e+01
3.273602355746507442e+01
3.283696954621454012e+01
3.073520177454676272e+01
2.984123646933713658e+01
3.164015502220036424e+01
3.546465898298215080e+01
3.263534835871218576e+01
3.038386315590776476e+01
3.181211915024561776e+01
3.533531056928477909e+01
3.638206262365630295e+01
3.347288464901370730e+01
3.567686476992779632e+01
2.951352826318724709e+01
3.777249041610308211e+01
3.372880052188112643e+01
3.028634093825681362e+01
3.784481393714527542e+01
2.986046919735303362e+01
3.804978135623537838e+01
3.598660463376926799e+01
3.315178283967102146e+01
3.553373701336253276e+01
3.249671889761515331e+01
3.216717796442581090e+01
3.273925616647210290e+01
3.275319192114800160e+01
3.954335866303134139e+01
3.119008187415690259e+01
3.254419281514459783e+01
3.126930109750214726e+01
3.844976170331285203e+01
3.324137139831049126e+01
3.257416374470467701e+01
3.290501009298450441e+01
3.262005345123896660e+01
2.691181715349196679e+01
3.610775234176971793e+01
2.880599975234880716e+01
3.984936545199521873e+01
3.301042791671125087e+01
3.457244450861656304e+01
3.277007677092031201e+01
3.336432601576556323e+01
3.257659144179218913e+01
3.708865063595547440e+01
3.218639737834485715e+01
2.996079748987541791e+01
4.026016332001755416e+01
3.722521479387350496e+01
3.727757209485434231e+01
3.192155692744570672e+01
3.793257966525303715e+01
3.153338077829578268e+01
3.839593318067494465e+01
3.534718604115958129e+01
3.563197760742241371e+01
3.368633913554350556e+01
3.787411812601447281e+01
3.176878552535145772e+01
2.388815349086392814e+01
3.132703445788365570e+01
3.345370367906310349e+01
3.406245008329559454e+01
2.475561972905527952e+01
3.093377733567186638e+01
3.248279416039888190e+01
3.119419194345094226e+01
3.331842195028755782e+01
3.102807190136545046e+01
3.185413728248041210e+01
3.274372136155800206e+01
3.816844361405672714e+01
3.253140344773998294e+01
3.163479353129512006e+01
3.425043799565559510e+01
3.312642474932508918e+01
3.446216593619178070e+01
3.267092734869440562e+01
3.327230831705666958e+01
3.422340309995021101e+01
3.727751887967534827e+01
3.308405799026776606e+01
3.077973386274887346e+01
3.283081659636717120e+01
3.068923247240525143e+01
3.427970735673966374e+01
2.896269854533390742e+01
3.849495220746025836e+01
3.301077471629039195e+01
3.106807478152919089e+01
3.247035209532078426e+01
3.427184720246185634e+01
3.101180511102401383e+01
3.449553225374065590e+01
2.973763041824003750e+01
4.198700651826595021e+01
3.522244458271606504e+01
3.549061595944537117e+01
3.422105212982684463e+01
3.661106608737650703e+01
3.714353900353862770e+01
3.981057619289128979e+01
3.515622557955153127e+01
3.289043643498367686e+01
3.357170679380575251e+01
3.578919950497099478e+01
3.131387777653604232e+01
3.715937629349051008e+01
3.059304787300315809e+01
2.776214258138571722e+01
3.100954418462178452e+01
2.927253115440501219e+01
3.293415476889484239e+01
3.077988768283933396e+01
3.287549817017370657e+01
3.779154553793887317e+01
2.962239485805265815e+01
3.479900792031450862e+01
3.627463283543871597e+01
3.396198614794542436e+01
3.112135756372881090e+01
3.351158242996989145e+01
2.925792851530443528e+01
2.544007306389364942e+01
3.301339304221691862e+01
2.415150380534473840e+01
2.690283073113119627e+01
3.993337867668238061e+01
3.243813427612829514e+01
2.672074190843078867e+01
2.910563016591030916e+01
3.074557723490979910e+01
2.738584436766621977e+01
2.891472205435555409e+01
3.266862039688936648e+01
3.061699049501171288e+01
3.139289782209855773e+01
2.979581837030788094e+01
2.726746174606838835e+01
2.903009937752144509e+01
3.076902887507612405e+01
3.061561401213993250e+01
3.190984351950876530e+01
2.671326388640548544e+01
3.355439768070660733e+01
2.831270951539761782e+01
3.072161233261465441e+01
3.645545297787675310e+01
3.284470833460969175e+01
2.815556804836381133e+01
3.032952192332779262e+01
3.612522484047846660e+01
2.763106258224622636e+01
2.564575270575157617e+01
3.323812626463161024e+01
3.010856724174369958e+01
3.233208177808830897e+01
3.313409559586374087e+01
3.400545422247471805e+01
3.276606833495427651e+01
2.661059806613551615e+01
2.924449482233972830e+01
4.222946616225853234e+01
3.295822539513206806e+01
3.064556286661470708e+01
3.273459078484725637e+01
2.762032037484132374e+01
2.597304813508044674e+01
2.895632201011601126e+01
2.597335517992228304e+01
3.165549276491246644e+01
3.670324343390466737e+01
3.653522356177453645e+01
1.610673046311728740e+01
4.113073985649139530e+01
2.334452633663788035e+01
2.971235318412480453e+01
2.961511416716376033e+01
2.845220547435110348e+01
3.101385773240837196e+01
3.181789441193571832e+01
3.211939231700596764e+01
2.774882676518887692e+01
2.838919449162450448e+01
3.120155214079982287e+01
2.930641528470536272e+01
3.163308766669387140e+01
3.560438583610067553e+01
2.086907805071315991e+01
2.811519852465632852e+01
3.145866900131638388e+01
2.662477951334630788e+01
2.983673827316638949e+01
3.257123892035465218e+01
3.579190998276762770e+01
3.288844531359082168e+01
2.355604794308200312e+01
3.020636350576935669e+01
2.894481390739361615e+01
2.949014348750403514e+01
3.624964351277027674e+01
3.462163073442174976e+01
3.017840013140732580e+01
2.239663344419663815e+01
3.822058658067888359e+01
3.467658175632239903e+01
2.302144119973166880e+01
3.242336092985330964e+01
2.486087550260902646e+01
2.974153468304620418e+01
2.862166318684630895e+01
2.496496343221183167e+01
2.660998127519437162e+01
3.703882205803787286e+01
3.319165191288915651e+01
3.277612960672980336e+01
3.688564498903397748e+01
3.310737646575019255e+01
2.888018311732236398e+01
3.592120438861717702e+01
2.940187070685825788e+01
3.241301670060458662e+01
3.003190553945176688e+01
3.035582965408912415e+01
3.225732608199139406e+01
2.789347014087397980e+01
3.493859673038468117e+01
3.292235505136451934e+01
3.419961184370711038e+01
2.795031131394341983e+01
3.700295379841044507e+01
3.021646442629863927e+01
3.186088344674881867e+01
3.221043934473458847e+01
3.257800788463937636e+01
3.233206250009995131e+01
3.103452934594377766e+01
3.402297413960756955e+01
3.007514825456192753e+01
2.611253907178742395e+01
3.303958108062391830e+01
2.914068948803457459e+01
3.783661328307876204e+01
2.841576653304116817e+01
3.221869450832736703e+01
3.490121682760513977e+01
3.249975992031311733e+01
2.740074566879985341e+01
3.371098363106493423e+01
3.988171004001694087e+01
3.255143867203612018e+01
3.586008851799665820e+01
3.143381818200980860e+01
3.497030350050978598e+01
2.582138173823122784e+01
2.860146777264377249e+01
3.153216918449175310e+01
3.238846992636883471e+01
3.443224229130210290e+01
3.420135593454168799e+01
3.849699992574241492e+01
3.037406115528339257e+01
3.278839600777998697e+01
3.220430028533503020e+01
3.310255681433694974e+01
4.202429228340753298e+01
3.304096096015634743e+01
2.951942585081205195e+01
3.117095294994913246e+01
3.701640038695091306e+01
3.000697561948121717e+01
3.266730047499368794e+01
3.827559084474420104e+01
4.628946214369944556e+01
3.358368266903628552e+01
2.657513233200541691e+01
3.734192741080574507e+01
3.055462796879783838e+01
2.916139979616500355e+01
3.069725974347376507e+01
3.683883403291819292e+01
3.370900996904796187e+01
3.217828414917006086e+01
3.239058929282744970e+01
3.098188507033303551e+01
3.410178216084531044e+01
3.414824142400199491e+01
3.133409789498556464e+01
3.733572338944956925e+01
3.011985216554606737e+01
3.219287683384945353e+01
2.659880164984551953e+01
3.229358082140168307e+01
2.915631042118397787e+01
3.638349671378089312e+01
3.284230146498292413e+01
3.409221530908614994e+01
2.617590485929760291e+01
3.196066007607402781e+01
2.915431255554373990e+01
3.245879031747990240e+01
2.826448409734216938e+01
3.326244804372731068e+01
3.209502065757078526e+01
3.270520259576897359e+01
3.250985177789431901e+01
3.372902087720775910e+01
3.677392149772529706e+01
3.451842472807377504e+01
3.186489932400122527e+01
3.176738254510852499e+01
3.145663436445792982e+01
3.206984253439244981e+01
3.260996073112740845e+01
3.967077944911131482e+01
4.119581047506412119e+01
3.268555770718189990e+01
3.104938612617715421e+01
3.535623515458419774e+01
3.177865656613663248e+01
3.188724369826741167e+01
3.059487979715380845e+01
3.319631432327857823e+01
2.613146983636466203e+01
4.104166643553990923e+01
3.490124537362317625e+01
3.645004116202098743e+01
3.363009333180710314e+01
3.188927258734480219e+01
2.702159160279303407e+01
3.626610676835731084e+01
3.800387071513167569e+01
3.860040438809370045e+01
2.937352072583520624e+01
3.821677466838066550e+01
3.580723381884615009e+01
3.343604343333620221e+01
3.610789840885997393e+01
3.408173427617208517e+01
2.764027111486339194e+01
3.109378646527175860e+01
3.534106164116526827e+01
3.580194060255475108e+01
2.607640310581581744e+01
3.387281258834439512e+01
3.287067934974548677e+01
3.683851273593326425e+01
2.842706764333464164e+01
3.409861560582880458e+01
3.222155748739523773e+01
2.853081748796777362e+01
3.653337675314436694e+01
3.783539358737400704e+01
3.188774784391578265e+01
2.585949044931219021e+01
3.594258216808957940e+01
3.287121644599624659e+01
3.718206912491170613e+01
2.953369256405029830e+01
3.405724554404314119e+01
3.495420125143968448e+01
3.454631249731783527e+01
3.062903201480060034e+01
2.590787257699305357e+01
3.222831848565103741e+01
3.538188233970895880e+01
3.896795824510297024e+01
3.878931588413314557e+01
3.849675985332330441e+01
3.635940776283901243e+01
3.359314437145724241e+01
3.283202850307574749e+01
3.609267965551409674e+01
3.534066619307788670e+01
3.157153393882895287e+01
3.378586480596533903e+01
3.419147571370371708e+01
3.409667171090483606e+01
3.887044713737925150e+01
3.821482432344416225e+01
3.491637168043590123e+01
3.487104296934925429e+01
3.620321447415603444e+01
4.238477596697117633e+01
3.867840519347461736e+01
3.520281224173840684e+01
3.527029929098036831e+01
3.288368834437132904e+01
3.457323094137582586e+01
3.669044336343562662e+01
3.126439463433003141e+01
3.755376664027994593e+01
3.389993808386718399e+01
3.637509188997834286e+01
3.684118051102804259e+01
3.853049442116988388e+01
3.631764420529008675e+01
3.642045067420765747e+01
3.575474981980528355e+01
4.029289094236112589e+01
3.579337374143444350e+01
3.494872943920594821e+01
3.608117362358259328e+01
3.355187952022005504e+01
3.649218284418024894e+01
3.246716965212052486e+01
3.300820896078368349e+01
3.767468545916960210e+01
3.441379451856157345e+01
3.781004953852324491e+01
3.439780485339453975e+01
3.615446469742512647e+01
3.795148597214255659e+01
2.979175667398650518e+01
3.747189022513331480e+01
3.332950716987767947e+01
3.891780095988010402e+01
3.870067484409679537e+01
3.621567339381251571e+01
3.299882950096214529e+01
3.967898615285129438e+01
3.397529044045237612e+01
3.301827490044140490e+01
3.790551957988920151e+01
3.450556233503101566e+01
2.948297195464380138e+01
3.286924874755871429e+01
3.478195639249803861e+01
3.131464327624798827e+01
2.963501402928319806e+01
2.719826707968785939e+01
3.792164114053839796e+01
3.276333964497272433e+01
3.144621676020262058e+01
3.195819200097879076e+01
3.605546455376947534e+01
3.005595489561270384e+01
3.183867187108793217e+01
3.484784667555781112e+01
3.075379384815855843e+01
2.813937981086338169e+01
3.348858011608001561e+01
3.007441852928969439e+01
3.600509050564234315e+01
3.159849000880550207e+01
3.311028343138910657e+01
3.329059819982608559e+01
3.418299402221303751e+01
3.236642337138767545e+01
3.087168457315983261e+01
3.829304272386484342e+01
3.461548301494205759e+01
3.959230864432851860e+01
3.728690728922495623e+01
3.819644437084023281e+01
3.377766175204173749e+01
3.498866680332992729e+01
2.931422001169947222e+01
3.172473613528231695e+01
2.955001394740490284e+01
2.805668631459036533e+01
3.228110208885161114e+01
3.436761024676016518e+01
3.036981007382954090e+01
3.031399672561960656e+01
2.787581915664025090e+01
3.062800348538264217e+01
2.871990223370407946e+01
3.189462170014938280e+01
3.154650563766143634e+01
3.858174676518581947e+01
2.703601563274051500e+01
2.915850677555727444e+01
3.264528689600636113e+01
3.642921903499694025e+01
2.724708295200507990e+01
3.131672438375483480e+01
9.684224633886270084e+00
3.461128011863351617e+01
2.862856491480795285e+01
2.711902699513583670e+01
2.850619064359886323e+01
2.533928629449573577e+01
3.193884883391870844e+01
3.364575934222540354e+01
2.753870404618579215e+01
3.149351211176125176e+01
3.077871701235058310e+01
3.634728901409528135e+01
3.139363511365961656e+01
3.194421172075000115e+01
2.936689869980912349e+01
3.202428908841731214e+01
3.272753389205101371e+01
3.437193517593846082e+01
3.204391582037677466e+01
2.830253586775078389e+01
3.196400066914674554e+01
3.159355974652309129e+01
1.949886712419386470e+01
3.289926266667469434e+01
3.586802452486799808e+01
3.098670588435772189e+01
3.366162891393376100e+01
2.867484314331199258e+01
3.618053080056721171e+01
3.666178276094785815e+01
2.474419248501260071e+01
3.215500335842576618e+01
3.440611334927585574e+01
3.147004064267202494e+01
2.529956567878527451e+01
3.141526939637572013e+01
2.995090278922263849e+01
2.974059428146596673e+01
3.531384154599506076e+01
3.176107794468357781e+01
3.406192867766119292e+01
3.749178795737589809e+01
3.063671638692868271e+01
3.119996054189671497e+01
2.654367604628479782e+01
3.188865757614749441e+01
3.656351882631874162e+01
2.981300433359780655e+01
2.452451887751079340e+01
3.425958809757439383e+01
3.420540405968229436e+01
3.477483229592016301e+01
2.863221787224453863e+01
3.219645001091151926e+01
2.805886254037033822e+01
3.438645301606651117e+01
3.066970541190964639e+01
3.742661655389840547e+01
2.881479808245834562e+01
3.128304850590583897e+01
3.169184928762590303e+01
2.929554580321561019e+01
2.962582066265312619e+01
3.322140613230221362e+01
3.909624025494601085e+01
2.968096738513607846e+01
3.300895555110454893e+01
3.802574617384914291e+01
3.322644635675035829e+01
3.610324827503413303e+01
3.956999655395730287e+01
3.356604590452301551e+01
2.956493384300591742e+01
3.251896029600435156e+01
3.200385889761142977e+01
3.745382839945786202e+01
3.067747345052574204e+01
3.373726265342273223e+01
3.637614422387469659e+01
3.430294090057851975e+01
3.474815564894121422e+01
3.381428861413712639e+01
3.543196193380304493e+01
3.493780199538606013e+01
3.138003031612584337e+01
3.945757902726832356e+01
4.205524381858580085e+01
3.296749101232698820e+01
2.745796390090911032e+01
3.410358840612239817e+01
2.656902762279305463e+01
4.130978216493894450e+01
3.139214168376222602e+01
2.219080828873796918e+01
3.258969289245942491e+01
3.140240541201188051e+01
2.835049365737158666e+01
3.248976819445508823e+01
3.675859202383581703e+01
3.278846993441449342e+01
4.174768315617266978e+01
2.891326674378922945e+01
2.889135304587443898e+01
4.754908090173967139e+01
3.515178862963789896e+01
2.767812139394222726e+01
2.858595265515283756e+01
2.603250799964604312e+01
3.342859431787461943e+01
3.299620423205559661e+01
3.131439297255573706e+01
inf
-inf
-inf
-inf
-inf
-inf
inf
inf
inf
inf
inf
inf
inf
-inf
-inf
inf
-inf
inf
-inf
inf
-inf
-inf
-inf
-inf
inf
-inf
-inf
inf
inf
inf
-inf
-inf
-inf
inf
-inf
inf
inf
-inf
inf
-inf
-inf
inf
inf
inf
-inf
-inf
inf
-inf
inf
-inf
inf
inf
-inf
-inf
inf
-inf
inf
inf
inf
-inf
-inf
-inf
-inf
-inf
-inf
inf
3.465651732425079956e+01
3.200269871682849043e+01
3.138197297580113343e+01
3.241601539589598246e+01
3.357891478156986409e+01
3.041296665093612717e+01
3.111792057061644812e+01
3.232293762338088072e+01
3.384145160062193725e+01
4.627688848890298345e+01
2.987218229273851122e+01
3.393038426545015085e+01
3.810433058220092306e+01
3.188690479659593890e+01
3.253007353150125880e+01
3.352080421350589745e+01
3.574953785375664239e+01
2.971800933098892372e+01
2.713860421962022329e+01
2.920703712947565833e+01
2.873861145258228689e+01
3.098852490659197656e+01
3.629945785811148795e+01
3.448316534683464596e+01
3.668621212995950032e+01
3.083300902016616263e+01
3.317218866122250631e+01
3.299556876574020947e+01
3.441452404484071081e+01
3.075619082039489527e+01
2.965497790717324023e+01
3.169039920855683334e+01
3.693708036672290973e+01
3.274650831582558652e+01
2.838199750644041686e+01
3.058072490424613221e+01
3.179051136462379645e+01
3.032215772410900811e+01
2.705241600684470171e+01
3.770580845416101567e+01
2.844349056292951161e+01
2.852370665734919797e+01
2.609985224999446274e+01
2.167915913420802099e+01
3.462203991294950356e+01
2.385379649790889189e+01
4.371728775337297179e+01
3.226440545499628598e+01
3.399342124871661497e+01
3.243826834186053532e+01
3.293687264242214496e+01
3.149116021780138297e+01
3.717943623987012103e+01
3.315499498646520493e+01
3.379477441987771158e+01
3.533485855156013145e+01
3.355351694573933230e+01
3.055959441072177896e+01
2.810888436770568788e+01
3.996158640533893447e+01
2.518715648312403133e+01
3.366129458272789066e+01
3.475480271002881949e+01
3.495484917650045276e+01
4.667637582496914916e+01
2.920676036333462022e+01
3.659199496401752327e+01
3.678916945530599492e+01
2.712648982124340691e+01
2.175722839231752204e+01
3.544216035925413166e+01
3.142913392401255024e+01
3.434557920577538681e+01
3.021817550548535891e+01
3.599479332962321365e+01
2.829431918105726851e+01
3.771660913223210798e+01
1.927681836341630373e+01
3.007756808572385054e+01
3.455814441392809044e+01
3.255320793066723439e+01
2.678443914750961241e+01
3.324245921378371094e+01
3.467925807802814830e+01
2.933305096186808925e+01
3.336993937663925180e+01
3.369640110860190418e+01
3.664613856429637906e+01
3.203453212331281463e+01
3.563315435862884328e+01
3.088821071818649600e+01
3.379870982537514834e+01
3.958413497657055302e+01
2.104147017942043263e+01
3.850976797919667405e+01
2.744896919665317725e+01
1.521740364851748240e+01
3.609447356964685127e+01
2.859680148100859043e+01
3.121854781430013404e+01
2.917719097144086504e+01
2.701084583130027283e+01
2.988318639772139917e+01
3.686332938906535617e+01
3.402029028633878482e+01
3.099139896957061779e+01
3.117208300195070692e+01
2.879413334997324014e+01
3.606412073642618310e+01
4.393155253251397596e+01
3.170155053407294332e+01
3.076428366155507632e+01
4.651488764993128200e+01
2.615867727787044572e+01
3.327298674515336785e+01
3.510312636234701955e+01
3.430021951504770783e+01
3.410110854527621171e+01
3.085711700563671656e+01
4.035114167163079202e+01
3.822180217016342141e+01
2.708413019810589617e+01
3.976747168928526577e+01
3.265789262814691085e+01
3.790181336957871849e+01
3.655897288887472030e+01
3.230818542135708782e+01
3.093620956664690524e+01
4.152704239104945572e+01
3.420416929651958782e+01
3.372073018974790415e+01
2.697772409607368260e+01
2.772120067108243191e+01
3.556772775212512272e+01
3.354116690360694264e+01
3.209701988675931972e+01
2.808280100844027416e+01
4.416513412453267762e+01
2.896793214052557985e+01
4.118118684544340624e+01
3.395219147057287046e+01
3.391309730442364412e+01
3.128436289823354244e+01
3.016003094328513967e+01
3.878090735145465828e+01
3.604298824855595029e+01
3.068337294104004442e+01
3.565558296791048321e+01
3.039549536501278482e+01
2.526298785569563421e+01
1.887122063643086989e+01
4.114384213852107308e+01
2.692472570997887260e+01
3.157003525265876220e+01
2.876444187300496580e+01
4.082251082827512079e+01
2.482097972801710384e+01
3.295459502588986567e+01
3.064337559948568668e+01
2.735833295760114936e+01
3.222658287172861691e+01
2.797428700878253238e+01
2.996321945027745315e+01
3.027893697249888660e+01
3.547131355923859530e+01
3.276842273026669972e+01
2.953201981570094858e+01
2.836644183676643394e+01
3.312932327704633906e+01
2.979838047762808984e+01
2.721760290809292115e+01
2.398721846975779570e+01
3.252766391672183488e+01
2.762059528431623789e+01
3.642735623426386837e+01
2.438554996510150374e+01
2.849597189358506455e+01
2.162756781218393698e+01
2.744404732279110704e+01
3.105329583253466552e+01
3.729706831293817970e+01
4.329306571887411792e+01
2.757848493430929793e+01
2.178191563817276943e+01
2.995026401341865352e+01
3.110104323360139844e+01
3.345182099065267778e+01
4.120400393044180731e+01
3.814389366669614390e+01
3.419642969659531673e+01
3.423297698482532070e+01
2.533491227301138693e+01
3.361254094087384914e+01
3.373583117555262589e+01
2.452743473387567974e+01
3.319062062471414265e+01
2.842148593378967902e+01
2.625047182231511300e+01
2.730122205857472650e+01
3.194370586648961918e+01
3.009995061490436186e+01
2.544267287781644526e+01
2.918139828228933652e+01
2.753616799750367505e+01
4.472248231002410535e+01
3.072253912155301236e+01
3.275237851465271888e+01
2.514696339821308868e+01
2.209390799571468733e+01
2.950842045572123240e+01
3.789201459801891048e+01
2.950208617309595382e+01
4.598978460536419277e+01
3.003985305737359113e+01
2.810479046072310894e+01
2.572623794071949277e+01
2.848672408949501289e+01
3.369648080805142598e+01
2.246419768623899671e+01
3.324863528774424282e+01
5.150790481309589097e+01
2.931915358312472364e+01
2.850417180217153401e+01
3.180644637465234226e+01
3.114068063739402348e+01
3.007430950222148525e+01
3.340566735187275071e+01
2.871115278504685975e+01
2.891945102351890284e+01
3.679106328578949814e+01
2.434157185418979807e+01
3.358124887776682499e+01
2.556099868563203614e+01
3.021608622926365229e+01
3.429993210826742001e+01
2.805028050321852007e+01
2.697176262984284989e+01
3.376963033275355031e+01
2.485980989052803380e+01
3.585935864941488660e+01
2.224525942996843497e+01
2.654269911420290740e+01
2.503255822133000663e+01
3.874977899863530695e+01
3.458769583583517715e+01
2.991009070996848962e+01
2.974472165899123866e+01
3.183447520990833013e+01
2.887059094611135990e+01
2.529915135021412098e+01
2.445938839746562365e+01
2.564014379992174852e+01
3.299806270129668917e+01
2.202826495157460229e+01
3.802652535522941690e+01
3.150420200497492473e+01
2.517588388630522189e+01
2.953216046769728109e+01
2.028255689860321809e+01
2.064042716911369268e+01
3.005795791505894599e+01
2.912226202648637496e+01
2.607518759505905237e+01
2.748422261743408512e+01
2.891257575344552322e+01
2.398610130378251171e+01
3.662869137503676598e+01
3.376412248004735517e+01
3.468179350315027420e+01
2.839961554434794877e+01
2.829950624916374480e+01
2.975532054750041056e+01
3.114660870458290987e+01
2.632878256533005157e+01
