5.340328240083056244e+01
6.425461622584116128e+01
5.945057703708974373e+01
3.597248624590379507e+01
5.542680414650591558e+01
4.965306223382049211e+01
4.539968815487664244e+01
3.876574256113526218e+01
4.458234112177707686e+01
4.270825834866447934e+01
3.640260416193120818e+01
4.934475706450723465e+01
4.875803226898783294e+01
4.491868771260794801e+01
5.718728497993106430e+01
4.688098436172295180e+01
7.466190110458146023e+01
5.610206137040841412e+01
2.027451075881190690e+01
5.213349793279444810e+01
5.444644794811957667e+01
2.567455609354201584e+01
3.894192020811846078e+01
4.103864190209871055e+01
5.996459333764023825e+01
5.276982736901010895e+01
4.717789172643697526e+01
4.582390044875366186e+01
6.740686182394507853e+01
4.094191336855475072e+01
5.541118279054743567e+01
7.111990474293209274e+01
5.288433949054797267e+01
5.269508225086853770e+01
5.644180477078933222e+01
5.096954547079619147e+01
4.113757829694569068e+01
5.298128246784875017e+01
3.869752793036631289e+01
4.530026453665969655e+01
7.676647190349279981e+01
4.993081248008817141e+01
6.841692403507227027e+01
5.993079442041423732e+01
3.860726368301829581e+01
4.533898433138104878e+01
5.979955310592949047e+01
7.199812261022668736e+01
2.142020187875365878e+01
5.323888071022685153e+01
7.019232071328445954e+01
5.534399967847477342e+01
5.468838250056274575e+01
5.653175020791857719e+01
6.417611193135425651e+01
8.564423491792962295e+01
4.770536206400770141e+01
7.341838130866159418e+01
6.429461385061290457e+01
5.829019232458682609e+01
6.164760822460168299e+01
4.265898187729011681e+01
4.806400381662385968e+01
3.429133013118473627e+01
5.223688253842766471e+01
7.320948728289231155e+01
5.097876561845370702e+01
3.777455603859020528e+01
5.812210761565110317e+01
5.683161359090495779e+01
6.236170754789630166e+01
4.688661889265883076e+01
5.708229677225892829e+01
4.452207724869999339e+01
4.892613042973003701e+01
5.509011131568719577e+01
5.147311524636187841e+01
3.845712970952602916e+01
4.690917193481440250e+01
2.967463683473016900e+01
4.624174167811038672e+01
5.768702364980735098e+01
6.049908137727882007e+01
6.940143749304100140e+01
6.037922241771468634e+01
6.733980172449631141e+01
7.028127754638265401e+01
7.608360803225518509e+01
9.277084893769654173e+01
4.376501720084814195e+01
5.482125095240724022e+01
6.463477287952419204e+01
5.150566265195661231e+01
3.970181739327837533e+01
3.240377087057824212e+01
5.013538501323112939e+01
5.208554705324550582e+01
3.373784871147121578e+01
4.678636651656107404e+01
3.343138578033609321e+01
4.522962659149776243e+01
4.615424264691081646e+01
4.247701047904197935e+01
5.124804487083716964e+01
4.695100685802893992e+01
3.815622482778421443e+01
5.444465243169703683e+01
5.117631178337183684e+01
3.483656284653674362e+01
4.115004069814169441e+01
1.508306609628295902e+01
3.941084263040421831e+01
3.923127645939322861e+01
5.627445285557965349e+01
5.138393799929070127e+01
4.395939730206696794e+01
3.249561749873913641e+01
5.992208065243276138e+01
4.131176835876447484e+01
4.957907659507412035e+01
3.817393076733099377e+01
3.611570822551074400e+01
5.565857349360044992e+01
5.796371916183544926e+01
5.918377470545495811e+01
5.834277580273183617e+01
4.324915099399198937e+01
5.355748320859451894e+01
4.549240176960443449e+01
4.930975637733684636e+01
4.701856779998735902e+01
3.738687040116050753e+01
4.758031808744211588e+01
3.794941564144654222e+01
5.309632300078942535e+01
4.594516456011113092e+01
4.851921870310614793e+01
6.144710122974859701e+01
6.832456134324600328e+01
4.530495718095781399e+01
4.117880697216064334e+01
4.831876964103592087e+01
5.637907218193837622e+01
5.494723852445870449e+01
4.856677905683491758e+01
4.685908561048341880e+01
4.081824371443457267e+01
5.161921600731816540e+01
6.332007238874818000e+01
3.793562061131795815e+01
4.359145108395699708e+01
6.397002979413268520e+01
7.336431725873738685e+01
4.300603904212464101e+01
4.821336794517480939e+01
4.245978713003960081e+01
4.676549637751718791e+01
3.448204074749571646e+01
2.178707522075013614e+01
4.616715260917542452e+01
4.844902315592671727e+01
4.880508984198156242e+01
3.969449861965188120e+01
4.044204703627938358e+01
4.922174637173091583e+01
5.734641023044757446e+01
3.865579527098223167e+01
5.383865147281036911e+01
4.049398549774009837e+01
4.098266318542552256e+01
4.586278956207733160e+01
5.238104745798582229e+01
6.641834418030268239e+01
5.352632411310837313e+01
4.618873530694589391e+01
4.403919640792114620e+01
4.135408282758530163e+01
3.518300176299904791e+01
5.170238224940416671e+01
5.600697915162533036e+01
5.869866878044112468e+01
5.412854139258168118e+01
4.587362572693125173e+01
5.196134189650346258e+01
4.372215641740653069e+01
4.104152685546278434e+01
5.554718292516042055e+01
4.590312043262029817e+01
3.910422739818486093e+01
4.989646921061572726e+01
7.090951254228633616e+01
3.833711336881430753e+01
4.175573260691520261e+01
4.327958960565736390e+01
4.166719988800089425e+01
4.055180472054279761e+01
4.529454443699506783e+01
3.888598374569927785e+01
5.599847623122482787e+01
3.405438005029846238e+01
4.104853707234046567e+01
3.360728407212467062e+01
4.609841390042740272e+01
3.644653533730079431e+01
4.453284021286051342e+01
3.905997275517700729e+01
9.219003406788019106e+00
2.762688521841701927e+01
2.458038332069600074e+01
3.858533611454637224e+01
2.874691816188286708e+01
4.707846841690793838e+01
2.324128066727856279e+01
3.446602778383465449e+01
4.270540734522441539e+01
3.409046437750886582e+01
3.613555733746600396e+01
4.035806742810851233e+01
3.501472824697032138e+01
4.409404966092606060e+01
5.045806774676217543e+01
5.070639474932529822e+01
4.758368131499140219e+01
4.294374150463325890e+01
3.960313711026793726e+01
4.925316327719100684e+01
5.291513719063478760e+01
4.453122196645229991e+01
4.513164900560495596e+01
4.399314425390321759e+01
4.686335639752097393e+01
6.681470010486495426e+01
3.585597897674472989e+01
4.246956262339158883e+01
4.428540966566795589e+01
4.480498721222056702e+01
4.615604258564549411e+01
5.021727102357141348e+01
4.509880980002393613e+01
4.447926806725079274e+01
4.246025736379270654e+01
5.694462559123952161e+01
4.689107233543972342e+01
7.419601834477279567e+01
5.801108951772157241e+01
5.628220520099290525e+01
6.149429852237369687e+01
4.696995463629341572e+01
5.167046695493574049e+01
6.210348476240048399e+01
3.712357958838857996e+01
5.871453551573202390e+01
4.807399898997010723e+01
3.818475415824585184e+01
4.854409580230151278e+01
4.959114838426522454e+01
3.877870904944661135e+01
4.767374801686824526e+01
4.212550750281778278e+01
4.462273227545709631e+01
5.180638259122125078e+01
5.275231900945603059e+01
5.955499582555961524e+01
5.635112006665256246e+01
5.349784946525421958e+01
4.887393713183395505e+01
4.425678798774613654e+01
4.473293173558141689e+01
4.618539901819695359e+01
2.739302331118795664e+01
4.371526809469990837e+01
5.253220246068376298e+01
4.701124660487943885e+01
4.464931924583002143e+01
4.916604540205907625e+01
4.468056998621900533e+01
5.599229456149939210e+01
4.890722692307066666e+01
4.141782026409249085e+01
4.147956256801774799e+01
4.036591372263037414e+01
5.152878903269667887e+01
4.915844122805988547e+01
5.002136691663569223e+01
4.387054127913420842e+01
5.340719074043981607e+01
4.635728720577549211e+01
4.769514445681066661e+01
3.958716667557733615e+01
4.322844099833783815e+01
4.279711399013034878e+01
6.240110499896957208e+01
5.940512138092694272e+01
5.297451403872896947e+01
5.352456141279500201e+01
5.687958592773305355e+01
3.848603685343445591e+01
6.096712810574112495e+01
5.054444462467809984e+01
4.132764442829625295e+01
5.499365766794103649e+01
6.298776775285638507e+01
4.392555888781149065e+01
4.745596532403947521e+01
7.000171641704550041e+01
5.377775981026003649e+01
4.552885487109753626e+01
3.956987522632129384e+01
4.555217468622055321e+01
4.593802181657867578e+01
4.001881921551981947e+01
3.955355338796040598e+01
4.029009949620809294e+01
4.894892059089362135e+01
4.128738697307002070e+01
3.152206375670944283e+01
3.680190018426021936e+01
3.890921073222032334e+01
4.338545122321635006e+01
3.246451940909528133e+01
2.919269741353863168e+01
3.370993029192371893e+01
2.661507934472519921e+01
3.194477678298243006e+01
3.818970456798833624e+01
4.026854475049052695e+01
4.766452591828906549e+01
3.686540463077990637e+01
3.874755616823357229e+01
4.857555593280996220e+01
4.464476753358313488e+01
5.198366333607576451e+01
4.199526579152477268e+01
5.457311490628131168e+01
4.992788388680390455e+01
4.921945384125847767e+01
6.804903983911646037e+01
4.304039135860423926e+01
4.641999768712351937e+01
4.452536646377797069e+01
5.012217314878918017e+01
5.377880555415859476e+01
5.679281593315012344e+01
4.858487486828620661e+01
4.768238935070728246e+01
5.295400743920689735e+01
4.707335691727494975e+01
5.413556054822765873e+01
4.311389198617998630e+01
3.298826929084149384e+01
4.038169855342543713e+01
4.674617407333111174e+01
4.647071068504203595e+01
4.373474438500826267e+01
3.621910153098708918e+01
3.538311033410185047e+01
5.811085090237452988e+01
4.103503443732756040e+01
3.391647229953986198e+01
2.393233343035823424e+01
4.405598190693585536e+01
4.345053313565563258e+01
3.639881771459215543e+01
4.311305197578681714e+01
4.059470256182707004e+01
5.398021549057347102e+01
5.037574093716499846e+01
4.614906958679861759e+01
4.582918724106557562e+01
3.544371185174000516e+01
3.547202066922045560e+01
3.872302762973941270e+01
4.761238210274980531e+01
4.599317445466965637e+01
4.376146755404943178e+01
4.846289624784069616e+01
3.912722097735272087e+01
4.522344790142170012e+01
4.855549660131777046e+01
4.779967898865828602e+01
5.270278795606957090e+01
5.502807416021598641e+01
5.008933086375760979e+01
4.747662807420295650e+01
4.579874144421259530e+01
5.075303304161078444e+01
5.585123539020593597e+01
4.605393478449656186e+01
4.840967006839899511e+01
4.265679797328041900e+01
5.013454352126883151e+01
4.333074166358241541e+01
4.542691321507324886e+01
4.981625518012909026e+01
5.621201722978270965e+01
5.752315072381297512e+01
5.927870942225369788e+01
4.441911598322877808e+01
5.428080752896047301e+01
5.336944123350876623e+01
5.613711400805091500e+01
5.723339765030459603e+01
4.932001942650458659e+01
5.222087643498350218e+01
5.234682460410994764e+01
5.433545715714552671e+01
6.661281127843102468e+01
6.975533913057145696e+01
5.972789211668960263e+01
4.085832585939772343e+01
5.576783012451585364e+01
6.336818829071717118e+01
6.172277471434890117e+01
7.390559458355278366e+01
5.344886319381920003e+01
4.906656376290380450e+01
5.338469393241705063e+01
5.355638320563635801e+01
5.332102247854070498e+01
5.101259398360128472e+01
5.054566296266423109e+01
5.440315808281020082e+01
5.330278004021493388e+01
7.022779172193945385e+01
5.041684001299766038e+01
6.003623468059853963e+01
4.709671681184331504e+01
3.039101627625277757e+01
5.291519911060822778e+01
5.328882209726168639e+01
4.723948711566574588e+01
3.523687720271557566e+01
5.542893555687657425e+01
5.598001712713958966e+01
6.150633182528659404e+01
4.548136155617092413e+01
3.899078058858516016e+01
5.036853465600582780e+01
5.095332878164266077e+01
4.970637073706440390e+01
3.864560472951675507e+01
6.269535021152044152e+01
4.961942371812185115e+01
5.018009023264555424e+01
5.933170882440668947e+01
5.500733518336326711e+01
3.144798861648122568e+01
5.284426545784938867e+01
6.673357452369855025e+01
5.266868781033445401e+01
4.714131339066609883e+01
6.240614146607246937e+01
4.939834703203027289e+01
5.182672672694667426e+01
5.183496425162122279e+01
4.339612171188749556e+01
3.760073291344127711e+01
3.996289989437904921e+01
4.120987820267966129e+01
5.339537318261199061e+01
6.096164328573116364e+01
5.697813708973811231e+01
5.492468328098576791e+01
5.141023393338794989e+01
5.744644990654848016e+01
5.379585018383875195e+01
8.074117806929621111e+01
5.049502803879063606e+01
5.401602068244866217e+01
6.401819444525852987e+01
5.250385259313884490e+01
5.638914110098828303e+01
6.979623821817421003e+01
5.381663758986056223e+01
4.992727483075583450e+01
5.815127393292044644e+01
4.636540753538311321e+01
5.195143262670247708e+01
4.973515311831907582e+01
4.530169144139377124e+01
4.865084789566217438e+01
5.804550063092969481e+01
5.593201838470140785e+01
6.186477723142908047e+01
5.298419460969598305e+01
6.058517678582148136e+01
7.092289127723540787e+01
5.979302456006614364e+01
4.822811728336185411e+01
5.548308311352245425e+01
5.421420703008661945e+01
5.231158050305893426e+01
4.615590222401024789e+01
5.473123582391306741e+01
4.583480642057996590e+01
4.323967988078950953e+01
5.211275604064561406e+01
4.018286143043290792e+01
5.031688816822570232e+01
5.763171451674506329e+01
4.324261006618635150e+01
4.885261791738165726e+01
4.443236652731030745e+01
5.626496931808273416e+01
5.563700031240302479e+01
5.617162971581866771e+01
5.123165579551688609e+01
5.870261499377945569e+01
4.556603925127598842e+01
5.119876872381656341e+01
3.433069537441708974e+01
5.364882251637032340e+01
6.627583316337805286e+01
5.696332576181158203e+01
5.609935690234108563e+01
6.359485787624414144e+01
5.898416033025694105e+01
3.916247885652025218e+01
5.990663683242166826e+01
5.978706712365084996e+01
6.925157204247815912e+01
5.596335756306171305e+01
7.100017589555736208e+01
5.338368785654692772e+01
5.786469417087580780e+01
5.344928408720140567e+01
8.100746789393620872e+01
5.616390896154243251e+01
5.363245986656846043e+01
5.703866736384120628e+01
4.712711096531651123e+01
4.499141557103376954e+01
5.828063463529992561e+01
5.724653194518805321e+01
4.911954125953882055e+01
6.295477401759524838e+01
5.525229450504205886e+01
5.254886921889851692e+01
5.575106380261546946e+01
5.457461409903560678e+01
5.325171856296574191e+01
4.651121406617215115e+01
6.180541416475711003e+01
5.302922802993157347e+01
4.232638700070995696e+01
5.675648468645414368e+01
4.639163035294321702e+01
4.977065468009332250e+01
5.366762171531319581e+01
5.820915681305971390e+01
6.109253518466696420e+01
5.440403443151393503e+01
5.579938462013790712e+01
5.358763944071863250e+01
5.216044513119808812e+01
6.132003585381774258e+01
4.940152890437934019e+01
4.963007628601928189e+01
3.616357950052608317e+01
4.924589606450778234e+01
7.288118099852074749e+01
4.760356409244250386e+01
6.144810338224016277e+01
6.402692924504746941e+01
5.752883650946200333e+01
4.775492318559234661e+01
5.997798954611413080e+01
5.955998788029635449e+01
5.627487596456680308e+01
5.244314910846082256e+01
4.005322017844252969e+01
4.689653042764727076e+01
3.559766299065385908e+01
6.132976535557232012e+01
5.201725690084893472e+01
5.155803548756215093e+01
3.051354985168916656e+01
5.722308607669177150e+01
4.395363074923628233e+01
5.094159220335758675e+01
5.466727833888178623e+01
4.601349434730308019e+01
4.373187642456478130e+01
5.285181711407780369e+01
5.001637989834867426e+01
5.035300802802152020e+01
4.958218316054740171e+01
5.063906461344137711e+01
6.541138981038450595e+01
5.366058754416906851e+01
3.188041200623472449e+01
4.984552137355341017e+01
4.805814187308027385e+01
5.188126174351199893e+01
4.933215988938418661e+01
5.656228741778273417e+01
6.070610670013020638e+01
4.741284384944213315e+01
5.264453670918508266e+01
4.966770989635806899e+01
5.417392456964326897e+01
5.121929313790457883e+01
5.138345676586811805e+01
4.523477501464905259e+01
4.864923926552793176e+01
4.408821171587868548e+01
4.928673075115666080e+01
5.718921339466882614e+01
4.447289484058307352e+01
4.805555926742160722e+01
5.343090108405929328e+01
4.827116039794599800e+01
6.395062762622485053e+01
5.445314488284402188e+01
4.532523777326284886e+01
5.236587608745411870e+01
6.541846076144082645e+01
4.950652562887630381e+01
5.410053717610777113e+01
4.247556000251073272e+01
5.427792281674752672e+01
4.247920758345601655e+01
5.590586044306459712e+01
5.048868503881458736e+01
6.106206891703292428e+01
4.975968079269279798e+01
4.836490249621799364e+01
4.529380069657455010e+01
4.763054117234973717e+01
4.786885339176663479e+01
4.672227640862163156e+01
3.869559519793237001e+01
4.862314872312454384e+01
4.377941885733400795e+01
4.770878954682755335e+01
4.980828283860668648e+01
5.304521581392199892e+01
5.451624011747287568e+01
4.938171282462101175e+01
4.114389835658564465e+01
5.312942316552305044e+01
4.884924062986183912e+01
5.129161541861299156e+01
5.314787676131077632e+01
4.723905101914677829e+01
5.373395431241324616e+01
6.648124055741806160e+01
5.266233964001093426e+01
3.795488671130613056e+01
6.140172659752488471e+01
4.512099351001690195e+01
6.506420279718361144e+01
6.355055825186042284e+01
4.920447493760845248e+01
4.794843494924565874e+01
5.306881006112821098e+01
6.900128291451306950e+01
4.841304879099418201e+01
5.423988950353544425e+01
5.416758570417839991e+01
4.159798669880714073e+01
6.266023438272564761e+01
5.808118715697636247e+01
4.795624708570235128e+01
3.959790082186651716e+01
5.451617070610012661e+01
5.681580496464019348e+01
6.397791974808358617e+01
3.441499448978703413e+01
5.480255505177721886e+01
4.291794385569148318e+01
6.760063846486069394e+01
5.456098952156288107e+01
5.509559346948729086e+01
5.338860064864467603e+01
5.869355240017714692e+01
4.309971592806159180e+01
5.002489321939371081e+01
5.651460336085465741e+01
4.631002400794412921e+01
4.969781944069437429e+01
5.103703535425255922e+01
4.561131852261750197e+01
5.111629860761077282e+01
5.649372167245861220e+01
5.001350602463472228e+01
4.231551760772575221e+01
4.072642210107030536e+01
4.860980764566291157e+01
5.562754862111189169e+01
5.120638944017478877e+01
5.221416867738146550e+01
5.425628197310400225e+01
5.591076353544031008e+01
5.106438646996548414e+01
4.566226224255159138e+01
4.804266674402524728e+01
6.375930676271078568e+01
5.013399647940177317e+01
4.596911273913618601e+01
4.670972415130065514e+01
4.789775531232431405e+01
4.305746300596049991e+01
5.449488275093872858e+01
5.031194430808888285e+01
5.192048255006510260e+01
5.999944626869878306e+01
4.764269847528385071e+01
4.697521554460455206e+01
4.842366766803754530e+01
4.803810973425988351e+01
5.406500037580684648e+01
5.729716462521714249e+01
4.929352884835816440e+01
6.696294285795583789e+01
3.440893955953811201e+01
4.961816195287885733e+01
4.455984349644486286e+01
4.988064350914144285e+01
3.799716638508922273e+01
4.934957827361119342e+01
6.649702607577007996e+01
5.511352227329999209e+01
5.950998135162291902e+01
6.292084002868699599e+01
4.079543719219363140e+01
6.633113077641958455e+01
6.003763771550179484e+01
5.452854105494414227e+01
5.956354697145626176e+01
5.432380525265435978e+01
5.620515956803014745e+01
6.353739380107219858e+01
6.028276303950078585e+01
6.463244892792886276e+01
6.442047684566946941e+01
6.032960057405839649e+01
6.159897942838129126e+01
7.192079215293368577e+01
6.760483355667672356e+01
6.064768603280241166e+01
5.721254921683001271e+01
6.788574566391517351e+01
5.419650818578489293e+01
7.479170235804888023e+01
6.150253796186746769e+01
5.933083140611003614e+01
5.521377615068744404e+01
5.509709797032341072e+01
5.723238198794046383e+01
7.841587788175723972e+01
4.476449164153977023e+01
6.543058918037593230e+01
5.918160776498861964e+01
5.899747978937180193e+01
6.457342747542578820e+01
6.573173976188580525e+01
4.583091288942167552e+01
6.320717593570698511e+01
5.510178115710704816e+01
5.469173929909140952e+01
6.125149271321044608e+01
7.095988548421998132e+01
6.584205149292854742e+01
7.799997823320838108e+01
7.271567294514548507e+01
7.115995762316622120e+01
7.037717256773363772e+01
7.447542143711194740e+01
7.275812347863499951e+01
5.030974982689566133e+01
7.441069868888016003e+01
6.738456398939761982e+01
6.991070076741657147e+01
7.413416154291667226e+01
5.729559772913489724e+01
6.319559869168610078e+01
6.282297030478399336e+01
5.036694943040178885e+01
6.205368715341182906e+01
6.503607703044048094e+01
6.496573533907982778e+01
6.537837838296732684e+01
7.022018321567105659e+01
6.367013393830738011e+01
5.867527801266695064e+01
5.662877985095180122e+01
5.673130594971090090e+01
4.726522385941638049e+01
5.101035454587645290e+01
5.356624703593265480e+01
6.421243444723185689e+01
5.722400058258964606e+01
5.347801170023281259e+01
5.856093622778730179e+01
7.764415435039599345e+01
7.375519305219440014e+01
7.412980074872965019e+01
6.800576806813873532e+01
5.599141208575952788e+01
5.855497842803571729e+01
4.138241758288735639e+01
6.645268607996791843e+01
4.138042116932248859e+01
6.645398275391799814e+01
6.453333434859493423e+01
5.641325936318796153e+01
6.750996541920130767e+01
6.608153036402555358e+01
6.291453435984929854e+01
5.731667806622809280e+01
6.937533824355269019e+01
5.845470830134576801e+01
6.707571487077814254e+01
5.443897349866826829e+01
5.947985823188803067e+01
6.547929500678972659e+01
5.809069443279669542e+01
6.427413036839872973e+01
5.961205562077005737e+01
6.044038975057449647e+01
5.579878531026866995e+01
6.169243648755502818e+01
4.741159963425682378e+01
6.105747161260427447e+01
5.817112829313920486e+01
5.698738039133570510e+01
6.037547567507642299e+01
6.229256696352044287e+01
5.724574516010992653e+01
5.502068500768550763e+01
4.066913870781252882e+01
5.035241954266325592e+01
4.642704090429290886e+01
6.110448738215758624e+01
5.115776269006020271e+01
6.501170336585758491e+01
6.707906384675824540e+01
5.753041636057398733e+01
5.353506071849719206e+01
6.737327454300810814e+01
5.809221942041904896e+01
6.659013647503797984e+01
6.105429681167206013e+01
6.765684271492861512e+01
6.813237052174115149e+01
5.806647158942339360e+01
5.918799395268926133e+01
5.358323476099389637e+01
5.474332874566074736e+01
5.846381888059571708e+01
6.925395374673986737e+01
6.504174011990795634e+01
6.295994044745172857e+01
5.891661939298277417e+01
5.997293163731711019e+01
6.363584234727959199e+01
5.647922319581333994e+01
6.430262766498671567e+01
5.377677237417674405e+01
5.366027987299041513e+01
4.851725658071966762e+01
6.783776889811657895e+01
5.322122553422173752e+01
5.364520878081214761e+01
5.138182865013736489e+01
6.574629582493906810e+01
4.906033498507434132e+01
6.599198162124908151e+01
5.867515054147956022e+01
6.160479453579095122e+01
6.128728906951922539e+01
5.720342242056577930e+01
5.610235729450524644e+01
7.068533906145476919e+01
6.534071030651035983e+01
5.595795070048946940e+01
6.329918013847123603e+01
5.646216752884404855e+01
6.246835913278997765e+01
8.307505386625832955e+01
6.285808065066272832e+01
6.229441949259310007e+01
6.123763296825906366e+01
6.020211318549029755e+01
7.273784889071934856e+01
7.109002750376905055e+01
6.245774694676812544e+01
6.906378959939101492e+01
6.504573086623895506e+01
7.999670947220411676e+01
6.068356426341276233e+01
5.408562990658214886e+01
6.249414434091985271e+01
5.178449242803330321e+01
6.915139674398901093e+01
5.951108314411082034e+01
6.041346965275563008e+01
5.408667280371685848e+01
6.782424843109809842e+01
6.625484169913056576e+01
6.150609749984382546e+01
6.268693432470869453e+01
4.237863768823174837e+01
5.553722367263701898e+01
4.987300880064212549e+01
4.571636293978896504e+01
6.837131124519997627e+01
7.092950761723658104e+01
8.104213926064099383e+01
6.719941537774877816e+01
6.586963329834419767e+01
6.300150992432817532e+01
8.031167920735538246e+01
6.784345573579325617e+01
6.824189316067204913e+01
6.970134390409381808e+01
6.665041054730805570e+01
6.384167643499427669e+01
7.199576192245331185e+01
7.681751915369333972e+01
4.818485786296183448e+01
6.093377951980114915e+01
7.770322006643007740e+01
6.353821992391443274e+01
5.915577750824245129e+01
8.214728506721759516e+01
7.608796136831990964e+01
7.141120170276911949e+01
6.549191600559929327e+01
4.651252920461051588e+01
5.779936686772160925e+01
6.334837053085658454e+01
6.099624940800830331e+01
5.286667009844014586e+01
5.858101941773797705e+01
5.968443455713743617e+01
7.061544725747940277e+01
6.172923600998821314e+01
6.166222683650999414e+01
6.117967353700811373e+01
6.605822479387073543e+01
6.649428509492854289e+01
7.043859522905526660e+01
5.893066857230677869e+01
6.027595762673821156e+01
6.692646976904215705e+01
5.794273458054534842e+01
6.441381648658342840e+01
6.748135993904244856e+01
6.043581465330991875e+01
5.212397908391071866e+01
5.116485907270004674e+01
7.140191102361355036e+01
5.910170230559577220e+01
6.365902259679710795e+01
6.607528200688177833e+01
6.701576446517262298e+01
5.950012662697201193e+01
5.734654756055088853e+01
6.339903777252807515e+01
6.086339967541324825e+01
7.186862776765063643e+01
5.352792253592539140e+01
8.050976943400894470e+01
6.518360374617341790e+01
5.835645586843509847e+01
6.957581722848927086e+01
5.719804707589770487e+01
6.667195675453548631e+01
6.148373143863118173e+01
6.396828636100392629e+01
7.433763714829220248e+01
7.229625173397475635e+01
6.455413504757092369e+01
5.485258459733495329e+01
6.329812242111121634e+01
6.109426783966158325e+01
6.625719245981358085e+01
5.965288157258792268e+01
7.125632547287050045e+01
7.429460700169148879e+01
6.491947890780164698e+01
6.158709381799804561e+01
7.025865256638806500e+01
5.579274748007060225e+01
6.458103675357109807e+01
7.454568554723780949e+01
4.657647891475909319e+01
6.546456121754349056e+01
6.659408262736560857e+01
5.967621346586251008e+01
6.427046918937723774e+01
6.591326644835355353e+01
6.700163342025400937e+01
6.164323741258758105e+01
6.395175760725675218e+01
6.476499932833428375e+01
7.884304597891448907e+01
6.463395738870312357e+01
5.774636981690611748e+01
5.775156676070163542e+01
8.159447825427788814e+01
7.197681357955585213e+01
6.302639159821316639e+01
6.692368513522468731e+01
6.906629653811927483e+01
6.764606926318052160e+01
5.575602449439030295e+01
6.942174826149525302e+01
6.934981218015579429e+01
7.362188388014259033e+01
6.456073686302917736e+01
7.233245181679689040e+01
6.284104865228723469e+01
5.970167443392665518e+01
6.937376397676794682e+01
6.681346503093419642e+01
6.483772450094319595e+01
6.621822619457161352e+01
6.455574189576476840e+01
7.636452227536757675e+01
6.506474011735136287e+01
7.168233690843713646e+01
6.550618231520870438e+01
7.490497449386184314e+01
7.444455871487592447e+01
6.786277143490785591e+01
7.411971941962295318e+01
6.663698561156982692e+01
6.201151893613022281e+01
6.697463785537038916e+01
6.272091803608903149e+01
6.151925472386713523e+01
6.138642794930949265e+01
6.806727672303006216e+01
6.037781750238173828e+01
6.207762119388362265e+01
6.224293062762980355e+01
6.334489896154700972e+01
5.969438153652387058e+01
6.405390700794231407e+01
5.657239635430580904e+01
6.817435117532438937e+01
5.915352383222173671e+01
6.507420486377948521e+01
6.864564047455965579e+01
5.860240649315639416e+01
7.035162913065997259e+01
6.510313980985826277e+01
7.195686889300070277e+01
6.838743728504766750e+01
5.879953262204779207e+01
7.552583009156219873e+01
6.960017872030284991e+01
6.158166397981334228e+01
7.415729726752608997e+01
6.853813005059888042e+01
5.863249704489558667e+01
5.936474099282222028e+01
6.368440894310893441e+01
5.477318364800954953e+01
6.180803991495237426e+01
6.784601815989246631e+01
5.906200871496368165e+01
6.842357670451850993e+01
6.356280899387277827e+01
5.897851364855814893e+01
6.492630133590616026e+01
6.855019403249664833e+01
6.388463712028887898e+01
5.703929769416343021e+01
6.379517166693150187e+01
6.373611747131313621e+01
4.865401691449773125e+01
6.350613372105116383e+01
6.160409278513461828e+01
7.586678058881356890e+01
4.907668849840136005e+01
6.798343187029962564e+01
5.309999030502690687e+01
5.544097876012621384e+01
6.499683050799490047e+01
7.007701432412527254e+01
6.758055066049793425e+01
6.098788182395706059e+01
5.864055028701984895e+01
7.806172724990827305e+01
7.448232950443113509e+01
6.224809073058660402e+01
6.348752415614735156e+01
5.964775458413618026e+01
5.863596584944573920e+01
6.148479883729133633e+01
6.312103195107189180e+01
6.453300361431853105e+01
5.825645250049680612e+01
6.205099632599922188e+01
6.327720802456320826e+01
6.213952871756838192e+01
6.075300860031224204e+01
6.214044975487009026e+01
6.523156203883162618e+01
5.487140180671671175e+01
6.156040933076361910e+01
5.257393679869672098e+01
6.929953395934279570e+01
7.284473663215442230e+01
7.317662383108184088e+01
7.176341471662496474e+01
6.478210825765374636e+01
7.016919143873494136e+01
7.004943967650322634e+01
7.378911257982822747e+01
5.568959022031341988e+01
6.788655217204232883e+01
6.577834453992890928e+01
6.544216148537418576e+01
6.113220517384691277e+01
5.895558174588420997e+01
6.492452099371580232e+01
6.443169485865323054e+01
6.711519364642498431e+01
6.596155254212762031e+01
7.238099273622110275e+01
6.701003967696321695e+01
6.452295335081760186e+01
5.744226296775495655e+01
5.922977506617601051e+01
7.094638444351298290e+01
7.380147003584619370e+01
5.769904638313307998e+01
6.340113841086801472e+01
6.864017621622282661e+01
6.945904163573710832e+01
6.401855449324899894e+01
5.757702384666537654e+01
7.312443881794573031e+01
6.651313963227929094e+01
6.719313012631414495e+01
6.982274186253103210e+01
6.821251058525137978e+01
6.347182982417945141e+01
7.050449823271883076e+01
6.416763699310811830e+01
9.302330692081226005e+01
6.550454853004885081e+01
6.517972185348790504e+01
7.222081927740151741e+01
6.255934025894833184e+01
5.309472306281744380e+01
7.600982625602340192e+01
5.787499162957877985e+01
5.741618346668584394e+01
6.166432862133637371e+01
6.191139890665152024e+01
6.376595922763191737e+01
6.302985393503205813e+01
6.175025935804764288e+01
6.467913315261928631e+01
6.890788882696759288e+01
6.868197907767051902e+01
6.507050774709631469e+01
6.844221355684841512e+01
6.398032409460670067e+01
7.175075932934760203e+01
6.957246721573856973e+01
5.390267843746513421e+01
6.326792382342267018e+01
6.571522404909649140e+01
6.282735626341792567e+01
6.164651892575070491e+01
6.720996456837931987e+01
6.581851448126221271e+01
6.792349625941562863e+01
6.351878409875104126e+01
6.986301773522457381e+01
7.323273877037865986e+01
7.857703277760312233e+01
6.391390698383788305e+01
7.095991015736062479e+01
6.039567918614686448e+01
6.594787140954987592e+01
7.108180768549304673e+01
7.065686830774315297e+01
7.075813944719571680e+01
7.155880158986273898e+01
7.607431356466598515e+01
7.018333287178673174e+01
7.576960159840137976e+01
6.861910855347132099e+01
7.878225789801710732e+01
6.905097711588125264e+01
7.739270643133990291e+01
8.964426563278649951e+01
6.804371929157291277e+01
7.370327288741513883e+01
9.612529994366173014e+01
6.371734010582814278e+01
7.756886746933216159e+01
7.659243330751637302e+01
7.146793029456526369e+01
7.514941738721442732e+01
8.003706417637665993e+01
7.459264723251702378e+01
7.242910844487886379e+01
8.040180447832426580e+01
7.852256559137576630e+01
6.103403624747215872e+01
7.774352748166162996e+01
7.757796236754194297e+01
8.025464489762316589e+01
7.284763179539993416e+01
8.834188274363437188e+01
7.743490672538230513e+01
7.594165167844241182e+01
7.926744073360987386e+01
7.781762943631467522e+01
7.795008332540612628e+01
7.486418319159579937e+01
7.632956181153235775e+01
7.695062089774829417e+01
7.616083077667569512e+01
6.763419217576874587e+01
7.326254312719832740e+01
7.813991177870798310e+01
8.570056889457094940e+01
7.983168911470703222e+01
8.101124439904259589e+01
7.890344060757533384e+01
8.096923709172843076e+01
8.523073888265372489e+01
6.305450501060520452e+01
7.481270238619656254e+01
8.045172108832740321e+01
7.443534590622059000e+01
8.866199818303367408e+01
8.138348240166490655e+01
7.927055485253839606e+01
8.370961854190628060e+01
8.190962921233152372e+01
7.427484446706546350e+01
7.934624368366716851e+01
6.758151396153684232e+01
7.791749312429510610e+01
8.484139849194802707e+01
7.181210450777601295e+01
7.084418624550379207e+01
7.774212418906182620e+01
7.729037594219947493e+01
8.359072405301988340e+01
7.975137054321395169e+01
8.283395711276942563e+01
7.595417257945022982e+01
6.975951061772744310e+01
8.276228018157911492e+01
8.087344515481083818e+01
8.321382861957081900e+01
7.144941153096254993e+01
8.160065802359676468e+01
7.942368441413424307e+01
7.861092033854758654e+01
8.624133499726941920e+01
8.993818863194645985e+01
6.319988136499520692e+01
7.807498287573849893e+01
8.949285616377639485e+01
8.383899166535722713e+01
8.179810724061702842e+01
9.855600034110820218e+01
7.956207265298455411e+01
9.160641169395510985e+01
8.267107344000328339e+01
9.118489553416421245e+01
9.485948272550751881e+01
8.152946273921759257e+01
7.852623333455683508e+01
8.782773726906007994e+01
9.337673894172189648e+01
8.364565954522893776e+01
8.668847179488801657e+01
7.588893061325740064e+01
8.402216239336651427e+01
7.926677894812402769e+01
8.785784227274905334e+01
8.519776079829830451e+01
7.843941667090041392e+01
7.999729214208659300e+01
7.005393267575826144e+01
7.671440390355891736e+01
7.207522981160379061e+01
9.654886195459603471e+01
8.021413394191603174e+01
7.575758089479818125e+01
7.886653553848752551e+01
8.843164470214499318e+01
8.346684128008193682e+01
8.724491338361562498e+01
5.689495367836026674e+01
7.238172470073757836e+01
7.997566743402973088e+01
6.796294611787055828e+01
8.990525871381191791e+01
8.182933793049451765e+01
8.743689807681708714e+01
7.909183255451253558e+01
7.733910935059519431e+01
7.786508510330095589e+01
7.326919763932744445e+01
7.345980987761120673e+01
7.144383291277820547e+01
7.500792611380549602e+01
8.699380929527191597e+01
6.655520384963705283e+01
7.486659899888400105e+01
7.608815762296801211e+01
8.058693522296618994e+01
8.046877517806258595e+01
8.507460146916196209e+01
7.708956407952673828e+01
6.604912146714194421e+01
6.944071220996754334e+01
8.834273965814230678e+01
7.231870791219364492e+01
8.269672895814983349e+01
7.396229025488972297e+01
6.611473145129403406e+01
8.725155498758768147e+01
7.193008307419006542e+01
7.836724787810753412e+01
6.999006388719195115e+01
7.226448784616063392e+01
6.721205813519732430e+01
7.234076879896178980e+01
6.833268150448043343e+01
6.470345205308804282e+01
6.573098046649442949e+01
7.142027035662376022e+01
7.778274899032463452e+01
6.853737329249655374e+01
6.622533181641875899e+01
5.705001471289231318e+01
6.674391645215925450e+01
5.559981121798478654e+01
5.987763875460104401e+01
6.233951100436176063e+01
6.634847453426439756e+01
6.890059849737909303e+01
5.825498666194005182e+01
7.268061934345023190e+01
6.262250833999426192e+01
6.690250446458976796e+01
6.445877836649673043e+01
6.143104299734356744e+01
7.096070235104299684e+01
6.630828388140889729e+01
6.347079075956121841e+01
6.201560190449815479e+01
7.314780052800999499e+01
6.817596253266711415e+01
7.390020059995042345e+01
7.746006697623880655e+01
7.892766884473184064e+01
8.747551991483490497e+01
9.355153250052846658e+01
9.626206984952426637e+01
8.533242159242448110e+01
1.015556213602750262e+02
9.931352648825865970e+01
8.703826396619889749e+01
7.926536842458592957e+01
6.796586074642847564e+01
6.372934007441315174e+01
5.462268459888728245e+01
6.422670829707520568e+01
6.274981362510258975e+01
6.837061584708760620e+01
6.456640509894539548e+01
6.491183007076176636e+01
6.612104668730447088e+01
6.349977007570628018e+01
5.436853190318164764e+01
6.391598165902647111e+01
6.099280930563040926e+01
6.482689758582114337e+01
6.030149895526082560e+01
6.593791097990336425e+01
6.301892557009671236e+01
6.406688242808790790e+01
6.271043417327761915e+01
7.347932721128701417e+01
6.582874194621018660e+01
6.314517834896756199e+01
6.720305566045900036e+01
5.981687951992380903e+01
6.016933215830739812e+01
6.222337944886488259e+01
6.794185436850645488e+01
6.433491801013705924e+01
6.129308120722232189e+01
6.414556117466636920e+01
7.039629640079184014e+01
5.490847056359377376e+01
7.271506903015344392e+01
6.055725523003220445e+01
6.601423072606336007e+01
6.887337418645385867e+01
6.722839186714345772e+01
6.805327015410230729e+01
6.883564636342700283e+01
6.637064616736739708e+01
4.771180633245011649e+01
7.318493619081914403e+01
7.932898673907342868e+01
7.065407053612625532e+01
6.719359537674681349e+01
5.426456723442080943e+01
7.040533817588043064e+01
5.517361391517712121e+01
6.317968972075991729e+01
6.431808529448896650e+01
7.035039752000184876e+01
6.305060591682872229e+01
6.225323957977308709e+01
6.409166690392382293e+01
6.583279564891599023e+01
6.620962751431333970e+01
7.364835711233450866e+01
6.212979423475700713e+01
6.141279571277696903e+01
6.376512505371807293e+01
5.934113220307310144e+01
5.929250780342916016e+01
5.691816502343888118e+01
6.100586232512082319e+01
6.513939629507930817e+01
6.557608660220228103e+01
6.504153134910396261e+01
7.162567646638339625e+01
7.213146060538002757e+01
5.305317811614663981e+01
6.698962301880071379e+01
5.351214051025906571e+01
5.947173515189538051e+01
6.171358491001546298e+01
6.257008091925352034e+01
6.213476426318702295e+01
4.524843138773022844e+01
6.101546472613786420e+01
5.984596823240715935e+01
6.216373483728742855e+01
7.489348972370859769e+01
8.532123636584424275e+01
5.332801883932448561e+01
6.637833942636541451e+01
5.320946470071581302e+01
6.805049792042404988e+01
5.774594177038287768e+01
7.351668961514448597e+01
6.261672780578809494e+01
5.849046948988160466e+01
6.878462262261626847e+01
6.041237420730826102e+01
7.160869859242694702e+01
7.098834916698103825e+01
5.998698929329752616e+01
6.638612312851734032e+01
4.669807958696151218e+01
6.236423846263681980e+01
5.979984482862460737e+01
6.366611281754211404e+01
5.881886112897045393e+01
6.203096873861080240e+01
5.934103863439479909e+01
5.830901172387105191e+01
6.441906378044411952e+01
5.928127919959455028e+01
6.070903610012312868e+01
6.771202900181783946e+01
5.579817320698052896e+01
7.424509715443771540e+01
4.872562594993833329e+01
4.892169787275427950e+01
6.349308045829178582e+01
6.034809649644201812e+01
7.434762429513318693e+01
5.855837494839791901e+01
6.303135732621613840e+01
5.980681982315437750e+01
6.115802786795959634e+01
4.475697589210964367e+01
6.704084606529519874e+01
6.278041465343884653e+01
7.241601094407117500e+01
6.733922560365861898e+01
7.218030683915615953e+01
6.230650292487235475e+01
6.343707981959478559e+01
5.784981709167287534e+01
5.975588473596798167e+01
5.676683022570895076e+01
5.662205456265622416e+01
5.731888874988532478e+01
5.550654172038146328e+01
4.304503100399571736e+01
5.488251877166221959e+01
5.017712928609442002e+01
5.565860497442153587e+01
5.201794736091726890e+01
5.894505085755060492e+01
4.452951132293277681e+01
5.285092115609293018e+01
6.415923889460228224e+01
4.419311643252313360e+01
5.463827423483068912e+01
5.732997975478470210e+01
4.976811473764689708e+01
5.368285583252379922e+01
4.596045384875790063e+01
5.266543359105310174e+01
4.670360423820907414e+01
5.664903247611943726e+01
6.264765829277675380e+01
6.156971625937534753e+01
5.657915955691272814e+01
5.981864601590537234e+01
5.650535359399358271e+01
6.834315147614555030e+01
5.401564577221156327e+01
4.415918016751377451e+01
5.995247520384921813e+01
6.279369649209711213e+01
5.804361064078685928e+01
6.191410489489403091e+01
6.175203241696701184e+01
5.854553896954421077e+01
6.158019354376305188e+01
5.999989724227448562e+01
6.632803637100070659e+01
5.531111672454067474e+01
5.566227802113638745e+01
5.868111786227361648e+01
6.181067963072371896e+01
6.685357485257785015e+01
6.447631888267792988e+01
7.011328213753084526e+01
6.915486618333700619e+01
6.621731118820666495e+01
6.498247116654404465e+01
6.417313082817400982e+01
6.580369439833989986e+01
5.695816105609272029e+01
5.790698250969285255e+01
6.242690656747009825e+01
6.105445574114902030e+01
6.252035066233283089e+01
7.088208967931014115e+01
6.582119164893627783e+01
6.900056885632024262e+01
5.531547284987313873e+01
6.031787997683751712e+01
6.662263672882770038e+01
6.549963535455177066e+01
7.280440883497509219e+01
6.753992757146492920e+01
6.669002201927338547e+01
7.899803710663884715e+01
6.885584003030987787e+01
6.813063046085510166e+01
6.016325224741765965e+01
6.034103285637417713e+01
6.657723510191273419e+01
5.546862231855023140e+01
6.139696745323915650e+01
6.508375938081790935e+01
6.316685131280895149e+01
7.385048332781164504e+01
7.837218453437616006e+01
6.765393800313184158e+01
6.429480348479465590e+01
6.766295607723368732e+01
6.817627016804473783e+01
6.168488318533213999e+01
6.021758997418616843e+01
6.375150190045594201e+01
5.868055856138305870e+01
6.136045549090742668e+01
6.156834646281980383e+01
6.074947282817245764e+01
5.485250962912830630e+01
6.177609838643009255e+01
6.801086726148140826e+01
6.168979746099522288e+01
6.246169769905078795e+01
6.302709349837765984e+01
7.041061201815485049e+01
7.072476338688358055e+01
6.363383029354049114e+01
6.346214466270733112e+01
8.632555396828763605e+01
6.798553476018571473e+01
9.477392078571907064e+01
5.843324475093085368e+01
7.685629347158457847e+01
7.707654246898317751e+01
7.547066878144453028e+01
7.335025992208200307e+01
7.753685235853492941e+01
7.590688092115738073e+01
6.772236041922130312e+01
6.333634764596454403e+01
4.194576382063154085e+01
6.604045871074620777e+01
6.952024332999293676e+01
6.943914615647021549e+01
5.716609686721203332e+01
6.486041688047519926e+01
6.741496690773553269e+01
6.947455219534947446e+01
6.485325317365450815e+01
7.112427768780194981e+01
7.422620306135723922e+01
7.286487357915737562e+01
6.929520134905389739e+01
7.382725165435060433e+01
6.319239357035925053e+01
6.289622024682074652e+01
6.000054598140583551e+01
7.510464490903784451e+01
7.086298833558994659e+01
7.476110504415085245e+01
6.952894369676140229e+01
8.043888080955197495e+01
5.536071122468924699e+01
6.366244256950672309e+01
6.164751480796351757e+01
5.729383003734635338e+01
6.665369824542335664e+01
6.848998491106499387e+01
5.140428509358581977e+01
6.291311980498829826e+01
5.943829867501471398e+01
6.946628519769880938e+01
7.279896618664284347e+01
6.903938627616177826e+01
6.637455929207131078e+01
6.823154089765290564e+01
7.255669402535663437e+01
5.310985272816633085e+01
7.152169952589245838e+01
6.707120229862910321e+01
6.803913116625362534e+01
5.346461822920652196e+01
7.274052900329235172e+01
6.685246713445407352e+01
6.323385824721023596e+01
7.077262535774404739e+01
7.151553565659382627e+01
6.989283542085044587e+01
6.491858281515328599e+01
7.207143899669419795e+01
7.083158865078205224e+01
7.744812418899044815e+01
7.229853494832592276e+01
7.024493627037716692e+01
7.261110790443186147e+01
6.551698306124831106e+01
6.554780857657648596e+01
6.609046841181687171e+01
6.559668274601823157e+01
5.806052821336469094e+01
5.599250126378329639e+01
6.881327772686647393e+01
7.978065759625718556e+01
6.962955952320972131e+01
7.643512150916792791e+01
5.710526124072971044e+01
6.776681406706165944e+01
7.015353516698105807e+01
7.310686474080917208e+01
7.315924384854780271e+01
6.721092413609098060e+01
7.871958410533406436e+01
7.083744581182834565e+01
6.185241045432444196e+01
6.115857440235902942e+01
7.664271376683667825e+01
7.261282368027983125e+01
5.793034219208368540e+01
7.500209322452349170e+01
6.967398619020134731e+01
5.795297958959262985e+01
6.605595368127622180e+01
5.708821256726234594e+01
7.258980535903261000e+01
5.597396240012372459e+01
6.989869528249809605e+01
6.092013404146351974e+01
7.396565134743339343e+01
6.021433623940188795e+01
6.309722534538886407e+01
6.729934940826811385e+01
4.569888076241768715e+01
6.433180861938696182e+01
7.072005577917026642e+01
7.649990124422774329e+01
6.338900785763610202e+01
7.173595008891935265e+01
6.543843335732344713e+01
7.013573212603026263e+01
6.427378279634176295e+01
7.599937579081394290e+01
6.725260533261905493e+01
7.003768865940530475e+01
6.789386581601456783e+01
6.894810608564766596e+01
6.166422288959039122e+01
7.238273186767463585e+01
6.941506052600493604e+01
5.733421297195269517e+01
6.035715085339386832e+01
6.351366110132923382e+01
5.957850427341625732e+01
6.195680354010016089e+01
7.004875289891894852e+01
6.868825321709390153e+01
7.063526967937347933e+01
6.564338990653106976e+01
6.891169584896969980e+01
6.523345885003494971e+01
6.772449914275556182e+01
5.901798772554023742e+01
7.481375685140946530e+01
5.938579392387521949e+01
6.654799751178140355e+01
6.544833635489847268e+01
5.907718751681633051e+01
6.591242323518768842e+01
6.414612513725779763e+01
6.093150894556978869e+01
6.974547230277323706e+01
6.392705670876373603e+01
6.839779752680149727e+01
8.202846767908005177e+01
5.635648276091014708e+01
6.265718443077574307e+01
6.611582377882993455e+01
6.237551295023884279e+01
6.463144533590509866e+01
6.766396738053174431e+01
6.475812678170747461e+01
6.458549736662850194e+01
6.469601543168040791e+01
5.773005895668519827e+01
6.454489612509644303e+01
5.773984554889209164e+01
6.686513625630544766e+01
6.060805830977915321e+01
6.603706768783575853e+01
7.649091309104153424e+01
6.329646442092602854e+01
6.428518952662103914e+01
6.639442819226532322e+01
6.450523379117856848e+01
5.863731439048998340e+01
5.887696281054915204e+01
6.811299237094860359e+01
5.870378365021294798e+01
7.453616059394258286e+01
6.466744321307672294e+01
6.818010417131834799e+01
6.713834351887695107e+01
6.455058267686759166e+01
7.189000415043292946e+01
6.666087734555216571e+01
6.697176662419911963e+01
6.183403148286389239e+01
7.563213021184409968e+01
7.264104799656135469e+01
6.681238499417089827e+01
6.315113900056780238e+01
6.437703173171132676e+01
5.801593803469405231e+01
7.238845819989064978e+01
6.051874514210255995e+01
6.921907369795759735e+01
6.780053633200006402e+01
6.636658945986430069e+01
6.641795286951023058e+01
6.947325879417516603e+01
8.177007299821582365e+01
6.268438249163176579e+01
7.002084993176129046e+01
4.439490409878185773e+01
6.953786053171984349e+01
6.545061513614500370e+01
6.907793666977461555e+01
6.915699448038492392e+01
7.511976964829841563e+01
8.009362381168953959e+01
6.824204605508738553e+01
6.991175038703033806e+01
6.886606201376734759e+01
7.478876204971935238e+01
5.248440808858572382e+01
5.904053735690800409e+01
6.453358788122855572e+01
7.232682475294681979e+01
6.796252358635122448e+01
6.724281014113547883e+01
6.028830449975161088e+01
6.429693732249357652e+01
6.506460427669614432e+01
6.298916279205457158e+01
6.687408204532076184e+01
7.293295057798637515e+01
7.072187283974896843e+01
7.156562837523776466e+01
6.929399297413445424e+01
7.777428872696683015e+01
4.511245916622124241e+01
6.305537174383729138e+01
6.884937824959069985e+01
6.794344666642574282e+01
7.242681565377495190e+01
6.355196335787478290e+01
5.778729218348586727e+01
6.385424489715075680e+01
7.491238107544367608e+01
7.106184303765600419e+01
6.817502548620976199e+01
6.403354168858965068e+01
6.103374627002455810e+01
6.260146939916766229e+01
7.211609002254512291e+01
7.714897223633522572e+01
6.820758903796152595e+01
6.662110207117710559e+01
6.313310172131033227e+01
8.154231868994031629e+01
6.486893574407405083e+01
6.304844756835012021e+01
6.838586492427060648e+01
6.615472649805728622e+01
6.471627621794330310e+01
6.207326244591593678e+01
6.359326204990000520e+01
6.587343017700607106e+01
6.244293079468162233e+01
6.197763954938977804e+01
5.950657046439023645e+01
6.499988413766244832e+01
5.981576937043545428e+01
6.982225286738831471e+01
7.495660858942304117e+01
7.108221909358319124e+01
6.028788849794139537e+01
7.369143295632575530e+01
7.096475807689938620e+01
6.654482518824437420e+01
7.442248863391142777e+01
7.018647586238297720e+01
7.078924167796840550e+01
4.805549048087867448e+01
7.139865589808601953e+01
6.240305398449103791e+01
7.167670645957468878e+01
6.134199936729510938e+01
7.246483058232823282e+01
7.699274442501818783e+01
6.047582173352596868e+01
7.117262485058030563e+01
6.796797032564064978e+01
6.323009042975779437e+01
6.502753861344035613e+01
5.737468571362001057e+01
6.412950030009196212e+01
4.976189147637592214e+01
5.836895405428422379e+01
6.757793151978083301e+01
6.462485490137463273e+01
7.319029548489028514e+01
6.576647341813466596e+01
5.786428493836395148e+01
5.830469373681989254e+01
5.574104357875005178e+01
6.959201875362005296e+01
6.794684348034762422e+01
7.026678512598404325e+01
6.437297166752469479e+01
6.108730393493019761e+01
6.740962220263133986e+01
6.999518130918573888e+01
6.862649615441351614e+01
8.019071129759080918e+01
5.087518957097468331e+01
6.739666178761001447e+01
6.411631824610080344e+01
6.956993821471252204e+01
6.735679481116081035e+01
8.152720929204093636e+01
6.944172303359219711e+01
6.872805527349230204e+01
5.802079451853182945e+01
7.464537188596521844e+01
5.112259663978980484e+01
7.244440527016077169e+01
6.469967149981933119e+01
7.157033363026093298e+01
6.210902790416453456e+01
6.314302217368437198e+01
6.384085546826426594e+01
7.317770221622777171e+01
5.203984550944088028e+01
6.171274322054283346e+01
6.570237168585546783e+01
7.463488405657318481e+01
7.823161387185825788e+01
6.430257219188693796e+01
5.469228358298011017e+01
7.310637535964120559e+01
6.180261490709112593e+01
7.041012040609227540e+01
7.270632276475372180e+01
6.965377163009273431e+01
6.666720790901626970e+01
7.119667090856071923e+01
6.384310553899544516e+01
7.034831507237733206e+01
6.542066145458944959e+01
6.797549075015678000e+01
6.533965485939270934e+01
6.876229297703956433e+01
6.462167703462569079e+01
7.183009698528888975e+01
5.407095138462155859e+01
6.392409224288487479e+01
6.768070188124517017e+01
5.983341939704987311e+01
6.713208194352742453e+01
6.602089189279470816e+01
7.110201123071811935e+01
6.269232120761315485e+01
7.798168131511761203e+01
5.773429583173290780e+01
6.151350225737878219e+01
7.007330495727181585e+01
7.375799441961927982e+01
6.666737626222564472e+01
7.207184692780998603e+01
6.538950176949778381e+01
7.754186195964962280e+01
6.791811631249208858e+01
6.945441965587339439e+01
6.751125797948698448e+01
6.829889651365297709e+01
7.501817579721161167e+01
7.167085314094828163e+01
6.717502968256658846e+01
7.462237141879435853e+01
7.151129241322496455e+01
7.004642696623120912e+01
6.667146778757346226e+01
6.398010619840528079e+01
7.175290301833608453e+01
8.197069199198749345e+01
8.730962867255871629e+01
5.937498737986062736e+01
6.512592792959044630e+01
7.543147523484054773e+01
6.973866804124152452e+01
6.069136105930374470e+01
7.468248251890739198e+01
7.196162404398555168e+01
7.688270804574599993e+01
6.245688677374607778e+01
6.888262423311053340e+01
6.138258483679239674e+01
6.367748440578913716e+01
7.376763912636164378e+01
7.073182553801599681e+01
7.172488046061621958e+01
7.126069813605525383e+01
7.086709923924587429e+01
7.016967049305704052e+01
7.047320944171279677e+01
7.046009410539431883e+01
6.817536980761411769e+01
6.807763590288841726e+01
5.731307074185240680e+01
7.542849814976901257e+01
7.086022748976124319e+01
6.523374402934126692e+01
5.566284226412671643e+01
6.574176820210321637e+01
6.919075518883590803e+01
6.764880643123839832e+01
7.191632172041551030e+01
6.315064517973575420e+01
7.039101725701601708e+01
5.992195503981756133e+01
6.952359510919492891e+01
7.905261591085950101e+01
8.031185519538708206e+01
6.772545084060094212e+01
6.914388555553993854e+01
6.820511764435600810e+01
7.164783475712887650e+01
5.885421767063081688e+01
7.388052445829541170e+01
7.106011063724108112e+01
7.169768692601731175e+01
7.181305037912724742e+01
8.720913517545936600e+01
6.888059087878747278e+01
6.942367398598096884e+01
8.182332291671488633e+01
6.806426602909830592e+01
7.259476485340741192e+01
7.411490308476436439e+01
7.299666278341149450e+01
7.298790260771990290e+01
6.363259410105581537e+01
7.101146351068112494e+01
7.227382838341019067e+01
7.312367875444540744e+01
7.366203200920973870e+01
6.441782672439380519e+01
7.863937561488123151e+01
7.227865187585506135e+01
8.635942283311202061e+01
7.135641633340300416e+01
7.053292678408435279e+01
7.699399951957887822e+01
6.538196289778375103e+01
8.694293782216213629e+01
7.548233947830969726e+01
7.467908663599516217e+01
7.236038077839567961e+01
6.454483306754620742e+01
7.441808254999838823e+01
7.269798850800366097e+01
6.329201870710456035e+01
7.482189290211245236e+01
7.125557405317027815e+01
6.944183818878917691e+01
6.861871769496710272e+01
6.452044193535704153e+01
6.580639026905329558e+01
6.800029923946530630e+01
7.259004662484352366e+01
7.502732301348588351e+01
6.995913004900261001e+01
7.031807667521876226e+01
6.638896323778868691e+01
7.633879539690653360e+01
6.772116492372194330e+01
8.572951731537864362e+01
8.186244472291593866e+01
6.776095865082213265e+01
7.927474910737124958e+01
7.290104185995161856e+01
8.496947685415290152e+01
7.476416094170180315e+01
7.417602957129641084e+01
7.495634293293944950e+01
6.990672726527360226e+01
7.252398071431713333e+01
7.412068778631470423e+01
6.230671166803586658e+01
7.764274297120932999e+01
6.602498608116472667e+01
6.777321017956151650e+01
6.816661961739706044e+01
6.824466552053179669e+01
6.081002153185887948e+01
6.209899635127909789e+01
6.677931246073632110e+01
6.534148936302570121e+01
6.186858717658647322e+01
6.828734235406021469e+01
7.129517203127981873e+01
7.097763813513789444e+01
6.482370508156887468e+01
5.652457034285858839e+01
7.627884697435945327e+01
7.581908989942481014e+01
8.606655925691984521e+01
7.320394571335660316e+01
7.273918885219907793e+01
6.869034794963674528e+01
7.241712179614239631e+01
6.462168780565527015e+01
9.316121338635593929e+01
7.326441153819133945e+01
7.507146790259342595e+01
7.246367245040671889e+01
7.264362951905397381e+01
7.233356156088079558e+01
7.161185418312710738e+01
7.422428118129194274e+01
6.770080960446381368e+01
7.945859642804096268e+01
7.324734799708960509e+01
7.191048435245846804e+01
7.462640663211263359e+01
6.935270935368323819e+01
7.012907597094756795e+01
7.211886099253555926e+01
6.802954326802668561e+01
6.505432403530087981e+01
6.192516881448107569e+01
6.947746057127031349e+01
6.814535633028982886e+01
7.021532451228449645e+01
7.319127013214132660e+01
7.347536017705965605e+01
7.687526114420423085e+01
6.961259393422658093e+01
6.888795888216716889e+01
6.748859693536374493e+01
6.793059144325376053e+01
7.116535906931136424e+01
7.379279242453353049e+01
7.136196758221154823e+01
8.962635487875682827e+01
7.592564200868108060e+01
7.497953527478631486e+01
7.612024423635395465e+01
7.439681674141615986e+01
7.488781546385931165e+01
7.212893549812032745e+01
7.482262800709581541e+01
7.080601283012707370e+01
7.033454381800756039e+01
6.921893898378911558e+01
7.174339070537509144e+01
6.400643667133000747e+01
8.400115676968610501e+01
7.218008719780723936e+01
6.851394822799866802e+01
6.625180434508939697e+01
6.866413541732651993e+01
7.225828491953186017e+01
6.607289814574740205e+01
6.528144385158880425e+01
6.624643132820068558e+01
7.033784704768262941e+01
6.719847867857943413e+01
6.722432824019401210e+01
7.199605155713368276e+01
5.853057646894072974e+01
7.043699150123849506e+01
6.736260245242441158e+01
6.552039255057232481e+01
6.928758529466396965e+01
6.466536819138092085e+01
7.441218753761876314e+01
6.343772490296735356e+01
7.057747699214665715e+01
7.410992717723979695e+01
7.825103867031319282e+01
6.449198834222885068e+01
6.643573130663884285e+01
6.740085889501943939e+01
6.577372909769172793e+01
7.217999896432007745e+01
6.434650503696515500e+01
6.625805137060048366e+01
6.507395232512895689e+01
6.698052856362195939e+01
6.962911297632096819e+01
6.678109988357144289e+01
7.387798430584962261e+01
6.802590523225219954e+01
7.075523694114278328e+01
7.086016200500705509e+01
7.190946136625167640e+01
7.447151154370234849e+01
7.183829818222621100e+01
7.358889787391387927e+01
6.643417217575934330e+01
7.010201673082588059e+01
7.996465960849747034e+01
7.349339174957121656e+01
7.674614540388796513e+01
7.372054673989495654e+01
5.703990629973088744e+01
7.741826685224332039e+01
6.881840953022341978e+01
7.625526670761291825e+01
7.153455719738181529e+01
6.788327254229017171e+01
6.901623619062358728e+01
6.310080862237848009e+01
7.563032138222074252e+01
8.965739461349335215e+01
7.353510984863264355e+01
6.881373105388806266e+01
7.042417312377148164e+01
7.340386384014567511e+01
6.773132259112421139e+01
7.220170868771174355e+01
8.046918217198535217e+01
7.272198880154037681e+01
7.553822131921143068e+01
7.958379661422668505e+01
6.220233211411348861e+01
7.513792081746476015e+01
7.554750982708304718e+01
6.420702718620110261e+01
6.893266529842685486e+01
7.895227144389640728e+01
7.302692067972215284e+01
6.744466772002439825e+01
6.237824211834017518e+01
6.274238859727684314e+01
7.331333832030594522e+01
6.825455216342376730e+01
6.412909133681111484e+01
6.904435798389079082e+01
6.334222105270765724e+01
7.618762253003870910e+01
7.032115012819375011e+01
7.072171169001089197e+01
6.154555867419195891e+01
6.700783166272404401e+01
6.682940472663318587e+01
6.079214516561933834e+01
7.490183468041105641e+01
7.082493925173274363e+01
7.186882775720940231e+01
6.813727383869940013e+01
6.820961716275300546e+01
7.005139028338439289e+01
6.639838028169835127e+01
7.422621297166091381e+01
6.753742459990772318e+01
7.102075490978815253e+01
6.608358174326951939e+01
6.871588750950404290e+01
6.874034905046660526e+01
5.940037139257035648e+01
6.583197620017050156e+01
7.592162336827530567e+01
6.837566016326518081e+01
7.004803472344033821e+01
7.037342047741341844e+01
6.825567245249051496e+01
6.546465307628608343e+01
6.939795679627549418e+01
7.109035670985056754e+01
6.803896541358116679e+01
7.127332342439272850e+01
7.524378990729790928e+01
6.833375678617713334e+01
6.646626009485123632e+01
7.500703731946877895e+01
6.736934499572646473e+01
6.737978617430880490e+01
7.328243639190665704e+01
7.615554087900962088e+01
6.060112181269421683e+01
7.201422837142941091e+01
6.774344383136501335e+01
6.634223141596226014e+01
6.970255275880334978e+01
6.609056547894917344e+01
7.447605617113691778e+01
6.914817160060978551e+01
6.529330945347983572e+01
5.336101147702849801e+01
5.020606333775741348e+01
6.255578178408129020e+01
6.155550814464325526e+01
6.516087401281376401e+01
6.374895097057425630e+01
5.420322074978704308e+01
7.312884266918135268e+01
6.530122901207047903e+01
5.611545670689951493e+01
7.367531613167643911e+01
5.597782472551501343e+01
7.871474142647701910e+01
6.851265059950505076e+01
7.111701833774770876e+01
6.875183506495760355e+01
6.475076207137082918e+01
6.864892442297910691e+01
7.448380483230636173e+01
7.651553799128215871e+01
6.899414296479483255e+01
6.997704962375028970e+01
6.509602660378109817e+01
6.918963124414314336e+01
6.846364699674214194e+01
6.566883796741328183e+01
7.363579832413725512e+01
6.933258373924937246e+01
6.358128918478999481e+01
7.206098808381507581e+01
6.805609216244874915e+01
6.567114152650424330e+01
6.892011668868561003e+01
6.878522900315402921e+01
5.786666946899133279e+01
5.478034266464010216e+01
6.688314830644446829e+01
6.486262132338333686e+01
7.272328127730789049e+01
6.859976760193089262e+01
6.638389320114944780e+01
7.014030853518607955e+01
6.177937456745760159e+01
5.565402442068984357e+01
7.130177206090360187e+01
6.441986444513747756e+01
6.556945533138878091e+01
5.658686928265628779e+01
6.902839522982472431e+01
6.711876278872659896e+01
6.641836122276218646e+01
6.591900762562188731e+01
6.418153004198984490e+01
6.616737807895866297e+01
6.056207723919890640e+01
6.440039543926499732e+01
6.525594628147314324e+01
6.243078927233670328e+01
7.462284073753173175e+01
6.415544234516748645e+01
6.976210027345770470e+01
6.430730044895634023e+01
6.321980845484193168e+01
6.477177034008282419e+01
6.431163547872243669e+01
6.447673025419710768e+01
6.394035590436958216e+01
7.161569590162379484e+01
6.879048750578633076e+01
6.082907751443636357e+01
6.394400405260515896e+01
5.888806225460023569e+01
6.525347244818988202e+01
6.221713725747831347e+01
7.092042542979406505e+01
6.647698318714311938e+01
5.281158138218405185e+01
6.537526448767494003e+01
6.031880369061033065e+01
6.999720891075368456e+01
6.443561507743818595e+01
7.381849363513454421e+01
6.654486380342619611e+01
6.430758075866528145e+01
6.088069889162444071e+01
6.843894334822932990e+01
7.057471613540820954e+01
6.810091919934282600e+01
5.643614383249204991e+01
7.159121275943245166e+01
6.703866372573284593e+01
6.333036944593646922e+01
6.902155677474830497e+01
6.625378423431202179e+01
7.663331017581950277e+01
7.029254352019577823e+01
6.456029232724269207e+01
6.941403023247785598e+01
7.416181651503485739e+01
6.128936412198588357e+01
7.267693517580880780e+01
6.523571936413928540e+01
6.778123825170500538e+01
7.080598235560796638e+01
6.150471479395589114e+01
7.175699675899504371e+01
5.842732932006990154e+01
6.524746032367828263e+01
6.788214107395242536e+01
6.737509230575903985e+01
6.766883286807160403e+01
6.697863348695051400e+01
6.838274104832684941e+01
7.215499548108518013e+01
7.701424574299855408e+01
6.626556593354261793e+01
6.560137823966094572e+01
6.463181849401043166e+01
7.005796976483475191e+01
7.570481244896221540e+01
7.177475168653425897e+01
7.525130359111477674e+01
6.268564096803490315e+01
7.070051335012608718e+01
6.588535745365156515e+01
7.171180676843874835e+01
6.936788440584551552e+01
6.516297663620012770e+01
6.801270729305689144e+01
6.960078864096770701e+01
7.152810006307379354e+01
6.425671455682343947e+01
6.928300069945795769e+01
6.676158222342755266e+01
6.218696489752380074e+01
6.946407944176084470e+01
7.132406919540163415e+01
7.421560585688176559e+01
7.204770941721857014e+01
6.711681913353505990e+01
6.797259087036141523e+01
6.907956689297324715e+01
6.298988336261025722e+01
7.202863631626296126e+01
6.643461977819035269e+01
7.303187101516120094e+01
7.757687409541323120e+01
8.204697317903176668e+01
7.111387810711697455e+01
6.939880088853438167e+01
7.593909780755288352e+01
7.385042688509150821e+01
6.281815248233313298e+01
8.345444802595066847e+01
7.477940767912011211e+01
6.840840655975381424e+01
6.907234494362803900e+01
6.619479601562943571e+01
7.586667526868431821e+01
7.126448210437143871e+01
8.239449940679618578e+01
7.237984468238668967e+01
7.840068575211849122e+01
6.847072420208037613e+01
6.658549387542757358e+01
6.943331534198487986e+01
7.038866754764343625e+01
7.252126701006319820e+01
7.537705859583709866e+01
7.165475374466802805e+01
7.188106895211548419e+01
6.958629172851067324e+01
7.205904047550164648e+01
7.399015948791662822e+01
7.861233564106440497e+01
9.063881398572893033e+01
7.368767171660797999e+01
7.691922965529133194e+01
7.729375422080968860e+01
6.785750283049782183e+01
7.826233281871706993e+01
7.808792959760506847e+01
7.223726902220705881e+01
7.579198675454723855e+01
8.156097284341123554e+01
6.467851990080524160e+01
7.348646283544090352e+01
7.673729684654286132e+01
7.264604573652565023e+01
8.040257624457073860e+01
7.738214229858439808e+01
7.916978909842652001e+01
7.917617578655851673e+01
7.609609737336411683e+01
7.436262973706205059e+01
7.941437526095342037e+01
7.198709403889556313e+01
7.735003677847679171e+01
7.940811638392464999e+01
7.705460310899167098e+01
8.600358659600330213e+01
8.032263024528231199e+01
8.298696171986797765e+01
7.104197108802590321e+01
8.300800777580050749e+01
7.521716986236620528e+01
8.182461565066242315e+01
9.020407633319017293e+01
8.780690716679612251e+01
8.659924884747510987e+01
8.538687779124278165e+01
8.678048854290641145e+01
9.374780769050894946e+01
9.860107841492447278e+01
8.966417210369841939e+01
1.018332190326902946e+02
8.880595653020986902e+01
9.015264098058675302e+01
8.857007593067982043e+01
9.014330250622344920e+01
1.022395416324954738e+02
9.036880713381333408e+01
9.786310460493074004e+01
9.531339637430681933e+01
8.976348890692958093e+01
8.581815684593610172e+01
7.356405383467135550e+01
8.893756892994385055e+01
9.510753691804451648e+01
8.643922853388465910e+01
1.012411631642617920e+02
9.934530650490977166e+01
9.585104908349562436e+01
9.493277210210403894e+01
1.022643741763379381e+02
1.080910963244059815e+02
1.038403749931612481e+02
1.048266803396053746e+02
1.057660449275497854e+02
1.237272079900786679e+02
1.175413487976856146e+02
1.285600146863000361e+02
1.174330720556657468e+02
1.160246856953885271e+02
1.135957921289446944e+02
1.159515178256178416e+02
1.272024687471440387e+02
1.116741562153607958e+02
1.333911944913135414e+02
1.180168276958145555e+02
1.132530137889018533e+02
1.147249476851505534e+02
1.165386753066232615e+02
9.766339969226898177e+01
1.287185295271273731e+02
1.203916116522210586e+02
1.107653479638792788e+02
1.219335337139433761e+02
1.214689372308359623e+02
1.457072713881144637e+02
1.215268047946699568e+02
1.187636763220647822e+02
1.374009479005504772e+02
1.350194533203927847e+02
1.270206324086147873e+02
1.337057865660803202e+02
1.301381591469064176e+02
1.358542260118721572e+02
1.445252652358897478e+02
1.525784075226116840e+02
1.600348231627146163e+02
1.525655982739459091e+02
1.486759408545786130e+02
1.429305637567810550e+02
1.434503963713124506e+02
1.396389708244331018e+02
1.363098606159741735e+02
1.202992409540752305e+02
1.221496327401488884e+02
1.349938815871156237e+02
1.380136161916283015e+02
1.323633127196711428e+02
1.514851390142026730e+02
1.407238017944909814e+02
1.488373201279881357e+02
1.579959175914045488e+02
1.547187147752311205e+02
1.426257490606208478e+02
1.324593576424277614e+02
1.387589293996155106e+02
1.147443414402451367e+02
1.205718996191744168e+02
1.260196586081263916e+02
1.236074509842368059e+02
1.235615242988837394e+02
1.094961345424355841e+02
1.331707065667814334e+02
1.135284313372381604e+02
1.207083838591572089e+02
1.390381703620041662e+02
1.230044414049817902e+02
1.252602011577821202e+02
1.333306051698981207e+02
1.325840684292866172e+02
1.265336711830870229e+02
1.389211338164278402e+02
1.194583935527687686e+02
1.003914553537836554e+02
1.222353173446175845e+02
1.069536542143792843e+02
1.209294706785128852e+02
1.314729484832844832e+02
1.207421103280402548e+02
1.209136477037839512e+02
1.151341454882675350e+02
1.103540284468021895e+02
1.221355497102050265e+02
1.063989655941981738e+02
1.007725647774454529e+02
1.222000378428926979e+02
1.148997533545228436e+02
1.119150979368818781e+02
1.098340607673684843e+02
1.062272830540012762e+02
1.121748697844936231e+02
1.228979160493628626e+02
1.088985517667049976e+02
1.050005759769394444e+02
1.278560808412134122e+02
1.175106421605563440e+02
9.414937741222553313e+01
1.034416981743259214e+02
1.003234280676478676e+02
1.058254934583558082e+02
1.011701220363420788e+02
9.933167764858632154e+01
9.703653990118402817e+01
9.479475236716967856e+01
9.766177290018345047e+01
1.000857788990642518e+02
7.855254633052481950e+01
8.894677506460199368e+01
8.920911791240907007e+01
9.596636001029058605e+01
8.908741138805989124e+01
8.094989116968226028e+01
8.956470243149047405e+01
7.904144833635174905e+01
8.079126220928634439e+01
7.453190535883224754e+01
8.557468601518452544e+01
7.728741470332060715e+01
8.857304838687575455e+01
7.412835807842122904e+01
7.805216822881841665e+01
8.174495215437720219e+01
7.401989545881120591e+01
7.898585095366490805e+01
7.788335239795746645e+01
7.728341618335569763e+01
7.739441649861618089e+01
7.986639980549510653e+01
7.483764228568402643e+01
8.009319550884077898e+01
7.446461283031808875e+01
7.116248862812003040e+01
7.243311381753981948e+01
7.729581245161963921e+01
7.880186512844868219e+01
7.797786929865493732e+01
7.470115114168008574e+01
8.012832635252941316e+01
8.201844472051958235e+01
8.366239976850691562e+01
7.869763090493147217e+01
6.816616766466310651e+01
7.269216190356965512e+01
7.500641708618286430e+01
7.614271867225620838e+01
7.777398216585093849e+01
7.971387878049324627e+01
9.207781469393049179e+01
7.502167581457632650e+01
7.888505294482253305e+01
8.958773778704238566e+01
7.437092340380461053e+01
6.899267786153056647e+01
6.822579945429509962e+01
7.769607436348027818e+01
7.004726895853555391e+01
7.609598073735432422e+01
8.115150741800587753e+01
7.502240361244612643e+01
6.689231691653790790e+01
6.107115574467563590e+01
6.658777791454858175e+01
7.319742963237918332e+01
6.686306849300284227e+01
6.987165113542356210e+01
8.628984493134693423e+01
8.263304233062490312e+01
7.158869111780131789e+01
7.180144736097631153e+01
6.818084293518292327e+01
6.676622308104533943e+01
7.165122610940993297e+01
7.704357618866572466e+01
7.193471626373705874e+01
6.982226757713461041e+01
6.499311458888676896e+01
6.687763839089303985e+01
6.379285619552426567e+01
7.571447293953976043e+01
7.316886052877192981e+01
6.846688040372855255e+01
7.007581729149210048e+01
8.097280776869490637e+01
7.385472584071509061e+01
6.619258210306841761e+01
6.667286887532647199e+01
6.430170444529534279e+01
6.720158343344003526e+01
7.200429655392196082e+01
6.820338324215600778e+01
6.719056948910514393e+01
6.631892414010469849e+01
7.071884086598616648e+01
7.071608700988518592e+01
6.899310128155522648e+01
6.344839251688514992e+01
6.738818458221838625e+01
6.981050139279849986e+01
5.895283531036206170e+01
6.934528781184025092e+01
7.041173915729829957e+01
7.158259821832862713e+01
6.330614194546553364e+01
6.798655697140038967e+01
5.701317564159929674e+01
6.844911403195330024e+01
6.358457283631548762e+01
7.227078944940065242e+01
5.963187736214553780e+01
6.772140125325122995e+01
6.915705986061409760e+01
6.807335309697282355e+01
6.987311367090519809e+01
6.448751078424176342e+01
6.908234854028241045e+01
6.470620732953130982e+01
7.073829511732009223e+01
6.980668313392452262e+01
6.754457994726182335e+01
7.032328464046443628e+01
6.620761709930604866e+01
7.244601784573244174e+01
6.836057779158811343e+01
7.272817715891815737e+01
6.801296422325837909e+01
6.089627533147972827e+01
6.267503242079371262e+01
6.955708028761527828e+01
6.950304813504493495e+01
6.915826277128499555e+01
5.792486268661453863e+01
6.922278081140019879e+01
6.095334189888306753e+01
6.879944357582660075e+01
6.497380902538873215e+01
6.831376871971028208e+01
6.909832549065727392e+01
5.854484317347539957e+01
7.456582335976042941e+01
6.962496904412661536e+01
6.361215994417628394e+01
7.483028865509027128e+01
6.773618001044384584e+01
7.144764736731603705e+01
6.679960134770452385e+01
7.053115948813393743e+01
6.891849666248302242e+01
7.060337266098071041e+01
7.347934330070533804e+01
8.136862536411439351e+01
6.062483297572995866e+01
7.271581329749560041e+01
6.905665619183689330e+01
6.884174682107286003e+01
7.380348785845156101e+01
6.754512007364257897e+01
8.139059631009585871e+01
7.067649477888633669e+01
7.382189454808634821e+01
6.781503963216184161e+01
7.457999924488903787e+01
6.696270197132072610e+01
6.559298834217842966e+01
5.841170590483243785e+01
8.361654486208745141e+01
6.281062504681624148e+01
7.514431645478327937e+01
6.962756357500045112e+01
7.520083905784073863e+01
6.532067380073600305e+01
7.197063492531940199e+01
6.871706123585953208e+01
7.049352874369036215e+01
6.831203652936596882e+01
6.450631438803408457e+01
7.315946569405039668e+01
6.440821361966742131e+01
7.206745556121981622e+01
6.509157890355402287e+01
6.570248631187718047e+01
6.702254927337673962e+01
6.854458946889880622e+01
7.307229567632425926e+01
6.815188616348821427e+01
5.841988741003866181e+01
7.130341678048394272e+01
7.240176857389084830e+01
6.606544395217835586e+01
6.940483805825650165e+01
7.343018735483573778e+01
6.782142007609056122e+01
6.626407541854675287e+01
6.407355130973327562e+01
6.767132720775572352e+01
7.083563167761430179e+01
7.094390699006889633e+01
7.054101672587462701e+01
7.309811868255088996e+01
6.722345043675477427e+01
6.985968975414313320e+01
6.953244451412159322e+01
6.469484815673658318e+01
7.080623608507814026e+01
6.624584563410225257e+01
6.947480036829801975e+01
6.520787526993525773e+01
6.833283005587560410e+01
6.944472051963792580e+01
8.307445480455579911e+01
7.014112497638703303e+01
6.929479052325200428e+01
6.829187773825708518e+01
7.138034028358484306e+01
6.940915573066601496e+01
6.338015946583045235e+01
6.991019363589941804e+01
7.002173989053999037e+01
7.427382622384750732e+01
6.427589531450547611e+01
7.063444414080356637e+01
6.746568904153413371e+01
8.093816690935982194e+01
6.799174535676455378e+01
6.483456250182277358e+01
6.600797549644826745e+01
6.337527567529156869e+01
6.921942476349593676e+01
6.569600622999845996e+01
7.026157395691276975e+01
7.746239374815672818e+01
6.959606085403066800e+01
6.634247877198421861e+01
6.824919370808690644e+01
6.910924277268385651e+01
7.138054338814943378e+01
6.138266867307239494e+01
7.361157219884816527e+01
7.267359568460662445e+01
6.231563028301023621e+01
7.610988282907506175e+01
7.176298704578753984e+01
6.881067057230511352e+01
7.844024908616128755e+01
6.943203057568912584e+01
7.457677768231151560e+01
7.242560184026949344e+01
7.727648796524849217e+01
7.717668425765322127e+01
7.205376429627696666e+01
7.130825060811714877e+01
6.674074951598572625e+01
7.405917828186089480e+01
5.732116767746352082e+01
6.842790298746386668e+01
6.378611240097890089e+01
7.450737254200724635e+01
6.404110236418223678e+01
5.246031626185032337e+01
7.099071174288104658e+01
6.966234276724408403e+01
7.291536421273060853e+01
6.961340503340800012e+01
6.849500195892433396e+01
6.957054916135601275e+01
6.711318958420910974e+01
6.646675394799203218e+01
6.910631320865201133e+01
6.465664568706499438e+01
6.559435594408645898e+01
7.052102672326360278e+01
6.258121290602330333e+01
6.557593982638751129e+01
6.082537261567787112e+01
5.736821912664627376e+01
6.272808723030373557e+01
6.122711534901375785e+01
7.737292918661684382e+01
6.842141385571937917e+01
7.126342805228993882e+01
6.624095298816006050e+01
6.676129276605610130e+01
5.998154771009932062e+01
7.569323253436019172e+01
6.110860366369990260e+01
6.824625316437979450e+01
6.788415237783047473e+01
6.252627581150736802e+01
5.859166425028741543e+01
7.038893188591215733e+01
7.154220767651843005e+01
6.359424606263078061e+01
6.199057901025109629e+01
6.316991159986398685e+01
6.210225413716128884e+01
6.417206389175419190e+01
6.284155713342424576e+01
6.716127336863698361e+01
7.073102905140380869e+01
6.296540901684088709e+01
6.617800458805538710e+01
6.167047980521401485e+01
6.687428124618941183e+01
6.411963709224835384e+01
6.669707279654504362e+01
6.630038924798633104e+01
7.168008368031081545e+01
6.923672871305296894e+01
5.775665972844122820e+01
5.177455935845083701e+01
6.428282916349942866e+01
6.477367756224704465e+01
6.134662795967928162e+01
6.804487405419688173e+01
6.410580545721408896e+01
6.516857571711658181e+01
6.572690202373442503e+01
6.480936760641718308e+01
5.966850573146082581e+01
5.604283657756532477e+01
6.444545779532802499e+01
6.716426530826035446e+01
6.705342759584597445e+01
6.953636556014281211e+01
5.689812249452192816e+01
6.772109137781718857e+01
6.942832244671610908e+01
6.628582061710358175e+01
6.428565148654446659e+01
6.426295780164279847e+01
6.416192645576826692e+01
5.878093362152750245e+01
6.730550411509227615e+01
6.173808805396573263e+01
6.022966660969378694e+01
6.389636930781776414e+01
5.069738035422734157e+01
6.403036066851603891e+01
5.751111533538852427e+01
5.497446633450261544e+01
6.294661486514943505e+01
6.401460531285087541e+01
6.374219748245076289e+01
6.324948211841947909e+01
6.742792122011189804e+01
6.759175994640190765e+01
6.358967280863095084e+01
6.015838035885170854e+01
6.666699735733861587e+01
6.854659817079296147e+01
6.291787187561376271e+01
6.184881067633150309e+01
6.685052178889343111e+01
7.757092533007561030e+01
6.150746236984213766e+01
6.683466300062188736e+01
6.562765747160420915e+01
6.838246610856970165e+01
6.162724269718579251e+01
6.647964573305695524e+01
6.558881756570077926e+01
7.129760769107356566e+01
7.012100448903538563e+01
6.471335054844790591e+01
6.547639870235356341e+01
5.536439365874500140e+01
6.670768872008572714e+01
6.602599351365105917e+01
6.607750530775821574e+01
6.586806194576367091e+01
7.060499542571274390e+01
7.206792749407875931e+01
6.543880744886340040e+01
6.400571807165579230e+01
6.756207461165129757e+01
6.540225508226352247e+01
6.778343683656655116e+01
6.955439565713075467e+01
6.424006477378799218e+01
6.390502135090773095e+01
7.242558910424919816e+01
5.620340663495831279e+01
7.566187590798335805e+01
6.429885004327653064e+01
7.895069627390581957e+01
7.652525497608651506e+01
6.083643349706787973e+01
6.436171203652433803e+01
7.355021697341250331e+01
6.500906951404638789e+01
7.415541011826496742e+01
6.343060835885722071e+01
6.822510736342459836e+01
6.923518217486036974e+01
5.989256137921737633e+01
7.626417068294485091e+01
6.895786178325465698e+01
8.148801121475601406e+01
5.567873203866140841e+01
6.767584096291335527e+01
6.306115803605426606e+01
6.745704037376684425e+01
7.513631150948394577e+01
6.631705333675778036e+01
6.707008121704531334e+01
6.834943934579081315e+01
6.250793596607221048e+01
6.557926008855339717e+01
6.418491051833709093e+01
6.736346829666190672e+01
7.188547303442126690e+01
6.480183612089558665e+01
6.752781173150592053e+01
7.008516363106430447e+01
7.284052743662692819e+01
6.692522950515466107e+01
6.977220530444182600e+01
6.202567866340396563e+01
6.917442657533487704e+01
7.236474354666754039e+01
6.433390003950138691e+01
6.651269135277081546e+01
6.657651470695752494e+01
6.029568303626090398e+01
6.936606730266177578e+01
6.832446713813109795e+01
6.549327368756750900e+01
6.612981613605079190e+01
7.133771489370222696e+01
7.094497348348920696e+01
6.837698707804929654e+01
6.832200437735814091e+01
6.766836273427783510e+01
6.784976049919870889e+01
7.570960073736063123e+01
7.191726524057915526e+01
6.691175646613110928e+01
6.632007111453675918e+01
7.029957519020990730e+01
7.206157110773456509e+01
6.484484821096691576e+01
7.668456578792758194e+01
6.751769750895044808e+01
6.029560571830618443e+01
7.099973875427228620e+01
7.215730999322518358e+01
7.070287881112797379e+01
7.007825756622894176e+01
7.440360101262463388e+01
7.407233211891863789e+01
6.973574264932570088e+01
6.698828350290914102e+01
6.531174751363971609e+01
5.893902602346444297e+01
6.583338205391888209e+01
6.486550003510419060e+01
7.078937497106733190e+01
6.578871848075391426e+01
6.912419946345895028e+01
6.335913591382013266e+01
7.383006931211990320e+01
6.779009666156700575e+01
8.080070526804459519e+01
7.213285985400258937e+01
6.131036080821019141e+01
7.994343815959697963e+01
8.126144303450867312e+01
6.912114678425831471e+01
6.339898593845089181e+01
6.383386764009875947e+01
7.076498786882855541e+01
7.326005390802313855e+01
7.140521231069098462e+01
5.737899799052199512e+01
7.203817352837906185e+01
7.548184715924756460e+01
7.969667064046075211e+01
7.382248000822113454e+01
6.007873475295808419e+01
5.949753978353002282e+01
6.851394259662865238e+01
6.863433242724272532e+01
6.793617228857794998e+01
7.119240279470895416e+01
7.350610126197786087e+01
7.002801789280711375e+01
6.199571773491079085e+01
4.874465154563567637e+01
7.073369781704739978e+01
6.388486639023003022e+01
6.638422352872426302e+01
7.765088534422044120e+01
7.105114610615164850e+01
7.968824243026017484e+01
7.041822074807311083e+01
6.986890651150130793e+01
6.443059359392562158e+01
6.993721412154378925e+01
7.451675444399053561e+01
7.379919927375421196e+01
7.041246428183919193e+01
5.875462049325236080e+01
6.260302499715698588e+01
6.865193828522302510e+01
6.994908909109764750e+01
7.345249318237452485e+01
7.380894079439300981e+01
7.020758676010900956e+01
7.830110977135244354e+01
7.066496385689281112e+01
6.762036635692700770e+01
7.212555384512742762e+01
7.848873667774027751e+01
6.738226368768650332e+01
6.629719251277309411e+01
7.205542312669243188e+01
6.698404368610233917e+01
7.448745325227874048e+01
7.129771008459290726e+01
7.450707118222504732e+01
7.480655902416438607e+01
6.756574718494877629e+01
7.370981336156944508e+01
8.017559932457388072e+01
7.238889534040151830e+01
6.217751965541915382e+01
6.973140458431170430e+01
7.556139694508490834e+01
7.085030427444785062e+01
7.958870703077855069e+01
7.016186817966207911e+01
6.840799980500612776e+01
6.126462528745749125e+01
8.456063415459925636e+01
7.089814557211826695e+01
7.064568909819263354e+01
7.039757236427836062e+01
7.640366440722934271e+01
7.381219751700247400e+01
7.064156069619433254e+01
6.690230860746208918e+01
6.100248630268982453e+01
7.583772771725632822e+01
7.381736577151066570e+01
6.473452906400919460e+01
7.443660818067368723e+01
7.018753940003934133e+01
7.028520122966024530e+01
9.296740452913589081e+01
7.719842395687435044e+01
7.341539301056664613e+01
6.660541219319132722e+01
5.854764052661472817e+01
6.162920976579422216e+01
7.074560846053876162e+01
7.076476721564571903e+01
6.908801193321873768e+01
8.086349568882353367e+01
6.737572229635293297e+01
6.963142549039402240e+01
7.914359458710625006e+01
8.825696221752748727e+01
6.869709989704091413e+01
6.535558962311897346e+01
6.709243037872940363e+01
7.249739149145823092e+01
6.992219798634724270e+01
7.110749001008768744e+01
6.839242699051357022e+01
8.256664929521420504e+01
6.527587111902056449e+01
7.801039922152062900e+01
6.722145847596414114e+01
6.513268120928840688e+01
6.816604269643097780e+01
7.586253150972265757e+01
6.947257055186183550e+01
6.300489394892971262e+01
6.706271458315485745e+01
6.763150481756231613e+01
6.482269295668578479e+01
6.736378259872996921e+01
7.228846067866879821e+01
6.695529140480715569e+01
6.676473596252868958e+01
5.998710812361269262e+01
6.128358161040209495e+01
6.225638786177641748e+01
6.573977917318875086e+01
6.763661063972762122e+01
6.941821903623694823e+01
6.683085852443184649e+01
7.080693176268292177e+01
6.732423923877911420e+01
6.188198745379673937e+01
6.762509652332899179e+01
4.181550561106672603e+01
6.029648170150426267e+01
6.878105802814148717e+01
7.148051176239928850e+01
7.618164214313553373e+01
6.863891308541117553e+01
5.572387830653437391e+01
7.050671627473778358e+01
6.709957925177624816e+01
6.308131034072222576e+01
6.710926705785371382e+01
6.226813470001735595e+01
5.654838548072115145e+01
6.804323939772562824e+01
7.278700011674609982e+01
6.407362596459942949e+01
6.663431745055144972e+01
6.234532670781196373e+01
6.043049177738500788e+01
7.612226588154057083e+01
6.693043066422116283e+01
5.823479678847779439e+01
6.873031699409831674e+01
6.191299948098734518e+01
7.191429160860097625e+01
7.240304930434555786e+01
5.900410440520425936e+01
8.010634720509010265e+01
6.497757821715484283e+01
5.757545672154191863e+01
6.721242600897993213e+01
7.751576267626570882e+01
6.289145603296307030e+01
6.485763427943047077e+01
6.816288598000144816e+01
5.580932728365093709e+01
7.124703277497614806e+01
6.730661919923453240e+01
6.795071714654176276e+01
6.721878430646547997e+01
6.517346401597714589e+01
6.510375198425667520e+01
7.276296058052234628e+01
6.384384148632900491e+01
6.548532121835133069e+01
6.481746662531988079e+01
6.405553319491259856e+01
6.557539536160277294e+01
6.619547372567895138e+01
6.597001687585836294e+01
6.595667175208832589e+01
6.985834312298574389e+01
6.462821613997178360e+01
7.464952154837469323e+01
6.944977989489714787e+01
6.886075705133004021e+01
6.635086998226390165e+01
8.476819388640018360e+01
6.414645945001622351e+01
6.651228298534037719e+01
7.827414064455247455e+01
6.659108555260357321e+01
7.991023276252244045e+01
6.504084274662847065e+01
6.805842238076935757e+01
5.016336704337612673e+01
6.818448489811393642e+01
6.547559686732871853e+01
6.207366597717484780e+01
6.385211572043566974e+01
6.516446199776524395e+01
5.853743579831618860e+01
7.372090234685231280e+01
6.681934395083347056e+01
6.308485994632826532e+01
6.395925426854262952e+01
7.350378911005348925e+01
6.602099378124559337e+01
7.244386661234970859e+01
7.004712163596697394e+01
6.383790793163662158e+01
6.139160638633407530e+01
6.711887118746361125e+01
7.056809944318472105e+01
7.091011667177623679e+01
6.715639020377153656e+01
7.362728552379202540e+01
6.439420670455331219e+01
7.638646063173338518e+01
6.890654253746257041e+01
6.966880025026939904e+01
6.952240244362884880e+01
5.667175259687330424e+01
6.809036740409770516e+01
7.259102364742248881e+01
6.400900577832123872e+01
8.054124099294215000e+01
6.674992711423023195e+01
7.237702441131656883e+01
6.940059723061581565e+01
6.419618189434662270e+01
6.871407414091892463e+01
6.000897346394224030e+01
6.785555460027148911e+01
6.653033016060200566e+01
6.210407146528468303e+01
6.035981386972315477e+01
6.475414818079302393e+01
6.775300629566996236e+01
6.303944782159286575e+01
6.599661180715368403e+01
6.570931687423622236e+01
6.938191099402253315e+01
6.929280862575966182e+01
6.442197473641999750e+01
6.205263610036794830e+01
6.697151912704833876e+01
6.758858385505322985e+01
6.265019921913519596e+01
6.827357088187078205e+01
8.823459654246295258e+01
6.696529148014147381e+01
6.675680121077292029e+01
6.633270626550279303e+01
6.035056496035023343e+01
6.611101052833548408e+01
6.432986040702560615e+01
6.122356058536453105e+01
6.593233949733011912e+01
5.689421079952995086e+01
7.372846910828448586e+01
6.999146525630860083e+01
6.558479851584168330e+01
7.108960576671397291e+01
6.872215410920482270e+01
6.623273268650811474e+01
6.510535097440731533e+01
7.099635726562981120e+01
6.964434864199023423e+01
6.818701763620418888e+01
7.674957852825716031e+01
6.941792524907592110e+01
6.591150771434817557e+01
6.335842641547343135e+01
7.508666212892504177e+01
7.340130991316205211e+01
6.524709558880461202e+01
7.648236227133452303e+01
7.210307260457126688e+01
7.283519658747675862e+01
6.806151462667665442e+01
6.820630725402217820e+01
6.096484903200632033e+01
7.512019458457801591e+01
6.533409811835508663e+01
6.292877974517036677e+01
6.703781638389123998e+01
8.620873955202843320e+01
5.783686897843283958e+01
4.592537861469671157e+01
6.571155865519573069e+01
6.956485051619850424e+01
6.032024642192742192e+01
7.351867763133776634e+01
5.542786567340913706e+01
6.335471667189530365e+01
7.140318313417793661e+01
7.899211842411057205e+01
5.213868247102004005e+01
5.848892870307135894e+01
7.503185433592901177e+01
6.561642121402699956e+01
6.579390519023291972e+01
6.349159800570657808e+01
6.025269221980840939e+01
7.052110373018278722e+01
5.991147518806780425e+01
6.991838867091541943e+01
7.514448050139800728e+01
6.420779263886848298e+01
6.696630360308165564e+01
6.391909956764074963e+01
7.164243051149681207e+01
6.854061674478832344e+01
7.207993180490346674e+01
6.984456547791356229e+01
6.865604089689513501e+01
4.130897465970483040e+01
5.557121800468320316e+01
6.942980553604957095e+01
7.100531300738794016e+01
5.688867830486760369e+01
6.173536071963758332e+01
6.500696386438592356e+01
5.792287116321706719e+01
5.836943515083445533e+01
7.236579076853313097e+01
5.994221731702489819e+01
6.517492647648786885e+01
7.225582768398555800e+01
6.295257041692681099e+01
6.307090808861612885e+01
6.777393519673691458e+01
6.802353598630125475e+01
7.273156263612294481e+01
7.793895338137767226e+01
7.548725565251331204e+01
6.264235191802416125e+01
6.324556888217552597e+01
5.644382803745626376e+01
7.890765418696641120e+01
6.690308276071142757e+01
6.813546546605783760e+01
7.999058619054245867e+01
6.679267694021710611e+01
6.352893948105061384e+01
6.466721322488656654e+01
7.367024950108327630e+01
7.056809950899165074e+01
7.143914212209718073e+01
6.937355347839091735e+01
6.758462161230228560e+01
6.770571077481977795e+01
6.002050623919640771e+01
7.228286327096601838e+01
6.175649694988044303e+01
6.442574941306099845e+01
6.420017332687316980e+01
6.536829875271321555e+01
7.326895477902188247e+01
6.722880034469694976e+01
4.953928074554111305e+01
6.997243617690463680e+01
7.263765805990325930e+01
6.371629787416630109e+01
6.718440417429768274e+01
8.389617291630199247e+01
6.894747876856317248e+01
7.969543200685835416e+01
6.498045997006835250e+01
6.505813922912460612e+01
6.191010318252011047e+01
6.208669646425784094e+01
7.678604057159266461e+01
6.353842603811430223e+01
6.665273167811604083e+01
6.719707609399941362e+01
6.896587535659914181e+01
6.355802684706645067e+01
6.774447703676129606e+01
6.382707924981065162e+01
6.456793595829189769e+01
6.872000287888722880e+01
6.563275367129385529e+01
6.028755281977645097e+01
6.609807751491561589e+01
6.405720134305728664e+01
7.172978249244752647e+01
7.165274571140477633e+01
6.837115336816157196e+01
7.001062093279469423e+01
7.108274034880241743e+01
7.622291343025787569e+01
6.308578409319123637e+01
6.676372023090399921e+01
7.310579102869702695e+01
6.944951271394218395e+01
6.135767289191318241e+01
6.305687008232133905e+01
6.935814811969416382e+01
7.594889345858324248e+01
5.978214216281236304e+01
6.680211558637769542e+01
6.601323651063052012e+01
6.508674857763554655e+01
6.868374020191103568e+01
6.246853550935841071e+01
6.556215737535930543e+01
7.194217544834124567e+01
6.415559370378117876e+01
7.018662352209868516e+01
6.705119602088574027e+01
6.619315616208579911e+01
7.891091957832563253e+01
7.436481707409201647e+01
9.543204318484788473e+01
6.868874566778892188e+01
6.524022949137302874e+01
7.267077866859173696e+01
7.386876084188482139e+01
6.664595039970598123e+01
7.149204037982406135e+01
6.349488617227257947e+01
6.574168832726182643e+01
7.587879087712727255e+01
6.753000804398082835e+01
6.634334619973718361e+01
6.556151319499007002e+01
5.680680934594404619e+01
7.452721345102051487e+01
6.281357283115304568e+01
6.709730927442525683e+01
6.202380318665544223e+01
7.051453688048131596e+01
6.586383279945953007e+01
6.272420895144893649e+01
6.482757600719037328e+01
5.446183262143338766e+01
7.422096722483149733e+01
6.570093986748831583e+01
6.900140860919536578e+01
6.646606769968991557e+01
6.895294636383839304e+01
7.679612458401334152e+01
6.445191426290446657e+01
6.605157284188031497e+01
6.795947825227931105e+01
7.214805102507678214e+01
6.421933228423665696e+01
6.283314772694463812e+01
8.606764042760643463e+01
6.019544937416115715e+01
6.648247426925327375e+01
7.001357446396218620e+01
3.409187690435868490e+01
5.193329068653293490e+01
7.417307305083049584e+01
6.599503718701591026e+01
7.624521860785891647e+01
6.572275022505434094e+01
8.584029477457799828e+01
6.896706948206080767e+01
6.876206483438811290e+01
6.874916368558760382e+01
5.313307372201840195e+01
5.904130841606546909e+01
5.530774076506462933e+01
7.785534354474692975e+01
7.283240589118439345e+01
6.738914343129536633e+01
7.137249575990107076e+01
7.092962487859435328e+01
7.905871019125474675e+01
7.994245768061777824e+01
7.326698877327640957e+01
7.501361936233445249e+01
9.045804139469125005e+01
6.324168258582977131e+01
7.909369211979671377e+01
6.558957160742028236e+01
4.233770632614643148e+01
8.175038818909186489e+01
6.381029786186456221e+01
6.210129116836515095e+01
6.398952714074277992e+01
7.978659529740234291e+01
5.812985790664833985e+01
7.458543254662205868e+01
6.377387266409305511e+01
6.551066177094048726e+01
6.458950418551026473e+01
6.670161587507483603e+01
5.921409885368223058e+01
6.751186114445799547e+01
6.363558296289004801e+01
6.215849512146559874e+01
6.473408399741960295e+01
6.493034691778846934e+01
7.202204882976367628e+01
6.612294470562322601e+01
6.542565579495705208e+01
7.323328406469654794e+01
5.528778603457503493e+01
7.147814757609069147e+01
5.940740475338652971e+01
6.585026209371376638e+01
7.141081574764463369e+01
6.246865925963638944e+01
6.421014065607117516e+01
6.535811892531374667e+01
7.112641509037285914e+01
7.579547066315470261e+01
6.344771694511540971e+01
6.486130104007187924e+01
6.375655788667145174e+01
6.035127635602805185e+01
6.339019445458000490e+01
6.800403068687593588e+01
7.100347231783754864e+01
7.384402804524592057e+01
8.895698734138093755e+01
7.114035554369239378e+01
6.511622553796968305e+01
7.051774832443587115e+01
7.035147038948578313e+01
7.022559624072091822e+01
7.480569875076403719e+01
5.919369470594864424e+01
7.171891323259060869e+01
7.282545597366926415e+01
6.330609027605754591e+01
5.800368235032463815e+01
6.092628708451789521e+01
7.141959030497370975e+01
7.185964332226127738e+01
6.599892764625325015e+01
5.803672357276550287e+01
6.312469835677282504e+01
6.335892156048360135e+01
7.834676823357524711e+01
6.371146789964014090e+01
7.179178553789782313e+01
6.672882271409277166e+01
6.195675800300227110e+01
7.154027073570910034e+01
6.731571033188454578e+01
5.114330503896618296e+01
7.780552529860736399e+01
7.745509326234559921e+01
7.474095939537518518e+01
6.229353009651396889e+01
7.071073239563966695e+01
6.724397149603659329e+01
8.239960704305366335e+01
6.464901156435109897e+01
7.129101798767973719e+01
6.763289360244441184e+01
7.040838898828124570e+01
7.619880802650821749e+01
7.189117836855797350e+01
4.245534499361075831e+01
9.203943291830496776e+01
6.840116605815362050e+01
6.678919599188057532e+01
5.889897316071545674e+01
5.984010294262078844e+01
2.558364753132061509e+01
6.589599685352480662e+01
6.545807593540719438e+01
6.826639025650091241e+01
7.076331315483177775e+01
7.359727442905845862e+01
6.538493956199667423e+01
6.475779048348931610e+01
6.556785508486048286e+01
6.795411199246413503e+01
7.049517527586701249e+01
6.198424489814999561e+01
6.149023865555374613e+01
6.706721077860949265e+01
5.867370111521434950e+01
6.688438419151680137e+01
5.924526654763013056e+01
6.201769293769913105e+01
7.957600879213410394e+01
6.764816335879987719e+01
5.935401400547770834e+01
6.391200296223595956e+01
7.726169055185386014e+01
4.405759623627741917e+01
5.108440184022320096e+01
6.605617467051988001e+01
6.194404769102174413e+01
6.108123358662206215e+01
6.292091543881906546e+01
6.245371206982569845e+01
5.968293533747883828e+01
6.958801789513061919e+01
7.378801419547298224e+01
6.264435520824100934e+01
7.353587808020206751e+01
6.397735694043981880e+01
6.251399389091950098e+01
8.440925393508346986e+01
7.789417515012526394e+01
6.627492223939580640e+01
6.287906543754043298e+01
6.966311773504158111e+01
7.407764298064830655e+01
6.324983031076556728e+01
6.403635139157219669e+01
6.793916823203339561e+01
6.511525079512266245e+01
5.192728498122976077e+01
6.026810699756576639e+01
4.087399738413289185e+01
5.678228117847747569e+01
5.862317186331078744e+01
5.312716273276141266e+01
6.085978957044493853e+01
5.764018772438649307e+01
5.764755584891827311e+01
6.085935338519978899e+01
5.949146770333899070e+01
6.372351470490187353e+01
6.547880417083096916e+01
6.915579536152323215e+01
6.034722375731946187e+01
5.353936479830252182e+01
6.939585345906984060e+01
6.984290288643452982e+01
7.162198966060861949e+01
5.850403165778983805e+01
6.951614534330531114e+01
6.239592101772554855e+01
7.246490051367077001e+01
6.189713324920711557e+01
5.178284811866615911e+01
6.821630891885365600e+01
5.372613829690994436e+01
6.855606364233737793e+01
6.309211400497174083e+01
6.473079686506480357e+01
6.582083359922253862e+01
6.917933544580228045e+01
6.393024517988936140e+01
6.488400871992550378e+01
6.904472194563540199e+01
7.673954212697101696e+01
6.962031169054131396e+01
5.446606883319017811e+01
6.991756904920687532e+01
5.769382256711004686e+01
7.430643708990186269e+01
6.521924980081590206e+01
6.099486171704593573e+01
5.617461733607802188e+01
7.418481299627271142e+01
6.403237151386704795e+01
6.548142060243415585e+01
6.956590924116557062e+01
6.634477987910982222e+01
6.783732841642512312e+01
6.777603812938241390e+01
5.718642595244736526e+01
6.377098912653164575e+01
7.891975924910447304e+01
7.389623370804319791e+01
7.362094566282026165e+01
6.922050206075252277e+01
6.762181223750543779e+01
5.897648907645630345e+01
5.891828414120654145e+01
5.530345062740702389e+01
6.360287755136542387e+01
6.386686291746273270e+01
4.787227023563969652e+01
5.109040407483740154e+01
5.351772909180959914e+01
5.546705009520347573e+01
6.071272404980401660e+01
5.265425919838060764e+01
6.748105912148945151e+01
6.006940978406707643e+01
6.330633206117707346e+01
6.035170367637275746e+01
5.812245095027017072e+01
4.897510408459461928e+01
5.623663492272302022e+01
6.357567836231814340e+01
6.181374566345093768e+01
7.374754067502522048e+01
6.245386311725805228e+01
6.669146560558429826e+01
8.819871517800173422e+01
6.514130101345455159e+01
7.248365938030100608e+01
6.912812687241398635e+01
6.943438969638009439e+01
4.162804506841376906e+01
6.895618606885209090e+01
7.245024971701248262e+01
6.854782937170978130e+01
5.180681299381942040e+01
6.579592554779146951e+01
6.004428671574719090e+01
7.385590638960391630e+01
6.926268809181193831e+01
6.361699717050174030e+01
6.367090349493344803e+01
6.847056492197076238e+01
7.094101108885796236e+01
6.550443406499360322e+01
7.839752749029381107e+01
6.579881009870122455e+01
7.175101599011580333e+01
6.156838340562453737e+01
6.773908628123949427e+01
6.908899882316273988e+01
7.345270071052823369e+01
5.540604027369313656e+01
7.864698598874238655e+01
6.662742901443675692e+01
6.706828382045647174e+01
4.940749087034176767e+01
8.996195480553517143e+01
6.494741791299838951e+01
7.255674889865726129e+01
6.724871820803484468e+01
7.729544169875069315e+01
5.743893812756664374e+01
6.257423591144230102e+01
6.862680794472647960e+01
6.784186745499410165e+01
5.782738703752157505e+01
7.343533986234676547e+01
6.713973546781544144e+01
7.171566038332400694e+01
5.033623961973107441e+01
6.996742474024726732e+01
