-1.885848505541186881e+00
1.497438069558202756e+01
5.654227355407904554e+00
7.896990360263642650e+00
4.530213636292367951e+00
3.278139480197200584e+00
1.319533038323186425e+01
4.171717944016860358e+00
2.897160694359007138e+00
1.559434555259392141e+01
6.207916856644525971e+00
2.590338444272673346e+00
7.363122513097704491e+00
-3.974155421020006074e+00
-1.169175540565463756e+01
1.119629717958555304e+01
4.456662165806987375e+00
1.502527438061189713e+01
6.363855061229817700e+00
2.674034497143321421e+00
4.206135695630339733e+00
1.108885330908880995e+01
3.709581813668428651e+00
1.289046865618599114e+01
1.808992371564248636e+00
4.366247017515302531e+00
-1.561643456286054388e+00
3.340337164238467604e+00
4.730925813543992220e+00
3.397540185450526717e+00
4.425155999701462228e+00
4.500265091626433289e+00
1.827083311682061861e+01
1.347138993211546065e+00
6.861048812627064564e+00
8.295598589798174771e+00
-2.110610573315954142e+00
2.571783198454154817e+00
7.191981864226396404e+00
6.092715912455197724e+00
1.133949315338613673e+01
-4.889894392168674386e-01
7.904860471065770611e+00
5.815815478292789997e+00
3.083184509931955475e-01
4.562710938090789092e+00
-2.199125277830341840e+00
3.511222415162384536e+00
-1.202030662430265906e+00
9.547605914332661925e+00
6.456976261827279018e+00
8.349592367564515616e-01
3.475448690456715006e+00
3.158469227158580583e+00
5.843621631190364596e+00
7.351485346947508326e+00
1.196085913583639382e+01
6.696461573594644889e+00
4.424352247622456602e+00
1.446878072277190164e+01
1.091897399987139217e+01
1.220924917949279376e+01
3.130281454363414539e+00
-1.136641062037432803e+01
1.647078877862591639e+01
1.002302714196578748e+01
1.311362862142841124e+01
1.835325870327698539e+01
-6.480207063307446447e+00
7.796907908486767624e+00
3.645618693971226065e+00
3.655823115339390306e+00
5.402791120021815274e+00
8.630215186724711884e+00
2.202755431331621772e+00
2.839830260979542942e+00
8.102049957155802673e+00
8.052926178851052441e+00
9.925455419847422078e-01
9.717684644534886118e+00
1.115805394635723502e+01
-3.630044222870214554e-01
7.198511225273317216e+00
1.556125498374872507e+01
2.009173313360732127e+00
2.340555025292000657e+00
6.404209584942053723e+00
-4.839081807365115395e+00
6.578006868594745704e-01
4.214112582828781761e+00
5.524823075891927893e+00
6.346286269013817538e+00
-2.466827873054102227e+00
-6.580700762669740023e-01
1.292472283024841406e+00
4.180775496185452411e+00
2.581244897923517190e+00
1.396903835594228482e+00
2.034462249162165293e+01
7.060535009952467078e+00
8.068138509165395433e+00
6.373323738121404958e+00
5.014323076722981831e+00
7.938662062887614113e+00
-3.948439700387520901e+00
6.731300661592591439e+00
6.097133405137497242e+00
9.706721874692227914e+00
2.270852892301050474e+01
6.713325585939213802e+00
5.207884205537260947e+00
-2.462326889537367336e+00
5.547787798766604439e+00
6.057830933724598133e+00
5.569778706956209469e+00
7.731327975276666820e+00
1.425131473986602337e+00
6.121200557021428068e+00
5.029092412798865652e+00
8.112334719563470742e+00
6.255250090752647374e+00
5.222186004653607938e+00
6.184735063794251531e+00
3.024743847736805158e+00
6.167313828224235905e+00
4.554180841165234916e+00
5.479968515790906380e+00
1.360979101583107198e+00
-4.783498351743800114e-01
3.359519331262653008e+00
5.505961341492628947e+00
3.986674185457705910e+00
4.722750009173822150e+00
8.377404431767937254e+00
6.925284501750614830e+00
5.150078475709163328e+00
3.805721032858873087e-01
2.843487612761640637e+00
-4.806238740259894726e+00
3.910687836971714848e+00
-1.718376493118394244e+00
1.886501890742729337e+00
6.062465804780660328e+00
1.423090104282081825e+01
6.512094347910857728e+00
3.049042713632067247e+00
7.985774038746161985e+00
1.381082387992036420e+00
6.724550434994812420e+00
7.662881382210038339e+00
6.077560010649704303e+00
-2.359346291211638302e+00
1.066450426743159952e+01
9.617934947684680935e+00
5.591114856618571771e+00
-6.687937879570329258e-01
4.013120605672313879e+00
6.162937119994868596e+00
2.433168249805304661e+00
-2.142222243671783488e+00
9.031654340533405545e+00
6.494342975400100748e+00
5.497154612294775866e+00
6.166584576075027080e+00
2.207605506235264858e+00
5.059472572096158416e+00
6.134335070050747518e+00
8.574099923533784917e+00
6.993966509162194534e+00
6.389686425783351886e+00
5.250830286790764134e+00
2.675014619043644348e+00
4.747129652464463057e+00
7.376300532876905791e+00
5.238492595978267552e+00
8.542699082120332577e+00
1.020293850806438307e+00
4.541962756697690118e+00
7.762958879186188987e+00
1.021216511061800603e+01
2.614976994985573455e+00
4.720731876815354333e+00
1.303670988024929400e+01
2.686183528053267988e+00
1.267824812695479864e+00
7.930533914530640160e+00
1.624921231482268524e+01
1.295177155881815700e+00
5.475700858551094008e+00
3.880390468459539832e+00
5.699515697626650557e+00
5.826370910201758235e+00
5.015480812629839136e+00
1.162118319194436111e+01
7.646674519928044589e+00
-2.728707422980228614e+00
5.111974640676913317e+00
4.900007997247531222e+00
4.853748502280680555e+00
-7.777811623186083878e+00
4.707283905732297491e+00
6.089507832613239025e+00
1.424118514971705096e+01
2.995085830395960436e+00
4.466876151961875152e+00
6.074606141093956246e+00
-3.400707713101702723e+00
4.717282597227878682e-02
-1.950730650233952090e+00
6.394132011039150854e+00
-9.454368794402991938e-01
5.144994050518624462e+00
9.726925312350935826e-01
3.390112949843052004e+00
3.214972377164849959e+00
9.873747053140377261e+00
4.402233334417854138e+00
4.220290671351287770e+00
9.009707423996193398e+00
1.980941305255593932e+01
-2.987647046125401218e+00
2.961439085295024309e+00
5.760660994190827111e+00
3.247388932381145565e-01
5.007379298702293369e+00
6.232168367997624969e+00
1.104577005222317254e+01
1.306827874808251799e+00
6.810219829754347920e+00
5.750740930813278418e+00
5.493971224287026445e+00
4.844286036617229563e+00
5.655754081159275692e+00
4.238857525451122932e+00
1.019964693706629788e+00
7.468616634216391326e+00
1.032297653499628254e+01
1.762127196056819667e+00
1.029828836513802770e+01
8.233846462228017415e+00
8.550468871135787907e+00
6.268279514474906833e+00
7.175325756088421159e+00
3.764908749015559941e+00
4.901481840878971319e+00
8.394834594059426891e+00
1.850573716122885415e+01
-9.990430894154265218e+00
2.924208765046222069e+00
6.564967961316192202e+00
2.463341272286285744e-01
7.444768321337712713e+00
1.534565865427532039e+00
-2.496496843117002484e+00
6.907162577730898256e+00
4.612059656075512493e+00
1.208637323829647059e+00
5.387925284878654963e+00
1.117248384103221071e+01
1.063946545141849853e+01
3.563032886899411444e+00
6.363171852570982168e+00
3.100409047248225747e+00
-2.128088964888591228e+00
6.080427227382955380e+00
-8.516757823323208854e-01
5.212967631456698392e+00
4.147516647413685753e+00
4.556750116531698147e+00
-4.061315281673850919e+00
4.155993896946790223e+00
6.320975313591910449e+00
7.504096228555862780e+00
8.112951471194113751e+00
2.445176747070132883e+00
4.908795238746057166e+00
1.004811682001132311e+01
8.845764075916040525e+00
6.953259381027939057e+00
3.937292491441441999e-01
3.239511797008844063e+00
1.898194473025444307e+00
1.650931466899747235e+00
5.310902965070034565e-01
9.972753614270212452e+00
1.085049048797502991e+01
3.536448813101949806e+00
4.983865659865232445e+00
1.081099338937830012e+01
1.106715337078898287e+01
8.713527393379662200e+00
-9.985848280239872921e-01
1.378119007840468591e+00
1.395337647389482783e+01
5.742434807829895682e+00
7.152655390087558906e+00
1.009324143406456642e+01
6.611456539590106374e+00
3.713755083980829319e+00
-4.756086208886429745e-01
1.519582309843261037e+01
2.781910260234725651e+00
5.211931853510497703e+00
4.172655522290893870e+00
1.265454295945977670e+01
1.626897532278536573e+01
1.073728175332215606e+01
4.459002260771971926e+00
3.035249138365049948e+00
9.566405790396181885e-01
8.508145182826149622e+00
9.005252595752574862e+00
1.464615109859551012e+00
9.553801217895237841e+00
1.253480016888523352e+01
5.772567303841998232e+00
4.493404886283466126e+00
5.505608979007885040e+00
1.351386259477177276e+01
1.104390463751294149e+01
4.519570065933661951e+00
8.186858754979304820e+00
7.812677045777897789e+00
6.949905286985228692e+00
9.040060431604471702e+00
6.629172732267186952e+00
-8.755881912047014382e-01
6.040912408226017938e+00
7.951920157768975983e+00
1.173295427775048339e+01
7.398687077390995626e+00
8.732438911728950259e-01
8.832609706989483556e+00
7.279085831264693773e+00
1.550473304251588225e+01
7.680486988847876617e+00
4.882829996185933830e+00
5.970011486050839977e+00
9.408272848011630884e+00
1.192912214075996857e+01
1.464192318762930434e+01
9.152550930157211440e+00
9.797220673063907981e+00
7.558833110108776232e+00
8.287665742444927375e+00
7.524588850480077085e+00
9.780171166257442650e+00
1.368366928499376023e+01
8.489999001187028327e+00
2.047401110187294648e+00
3.010054590328747004e+00
5.150129775341893534e+00
4.959493362573452302e+00
5.138787880050173840e+00
2.119353982859405239e+00
1.844580656656018114e+00
6.381407886476418767e+00
4.320006802225123010e+00
2.034103583678139593e+00
8.077036203072747611e+00
4.193500512359785937e+00
3.366771425772270732e+00
9.547327045458169792e+00
6.973346782130159127e+00
9.394127703223582593e-01
4.061352261740016623e+00
5.614856488977166826e+00
9.217561349260430248e+00
3.271259651957791892e+00
7.688561036393243064e+00
4.921314955814432679e+00
7.080582120117313139e+00
9.496154862688563014e+00
6.418956823069815520e+00
1.927163966545857221e+01
1.721747428646942524e+01
1.769128527081574020e+01
1.259896976093286902e+01
1.619354403692094735e+01
1.369366553817802057e+01
9.504132390320886969e+00
5.917182167873700216e+00
6.161582614190578511e+00
6.252629595482884106e+00
4.493591324715946911e+00
6.779449607795093868e+00
1.881087843142278615e+00
1.170002700615499691e+01
3.313546137289951066e+00
7.066985204684904431e+00
4.367192612444203981e+00
7.864921267528007576e+00
8.544570802588962621e+00
7.428923422943576327e+00
2.449919998379244124e+00
3.275379109804180011e+00
2.770173351585056842e+00
-7.110692156313791479e-01
2.777044774569713326e+00
8.158591983604612352e+00
7.702529224973806876e+00
7.929453168321053624e+00
2.781862388227136940e+00
8.094499334748123331e+00
4.322370564804474569e+00
9.332816655329553512e+00
9.360466684915314417e+00
6.821731708317791743e+00
6.277092599679167328e+00
4.842132274673116576e+00
5.739187515886080782e+00
5.134071272823987897e+00
5.327986319922183078e+00
1.055078736979106679e+01
1.150699540544990995e+01
9.332035329266568979e+00
4.250102900919591420e+00
5.722552098284321431e+00
7.524643702725946071e+00
4.823997480322831599e+00
5.064990771786961332e+00
7.113499267271525817e+00
4.186255216170190252e+00
1.623314817369250207e-01
4.084315393147969431e+00
2.942410938707989754e+00
6.467020101896015838e+00
6.503756631942527733e-01
-2.083879391883160181e+00
6.124627866525148789e+00
6.281029422353185510e+00
4.791259417366613427e+00
8.249495111628977639e+00
5.649925243881109616e+00
1.344961665093411973e+01
5.557209901412524466e+00
7.066794937849669722e+00
8.073801858656878494e+00
9.355242546613679266e+00
6.956703948845081698e+00
9.010283932684943764e+00
5.959081831762974346e+00
1.150345914181959728e+01
7.385196670515186135e+00
1.619300514179141004e+00
8.176658243312347807e+00
-4.030979864529520285e+00
4.548548242601777147e+00
3.345355363250005265e+00
5.493372619172780524e+00
1.129845379546771156e+01
8.804465626704820025e+00
5.452087280362521327e+00
3.793653567453663999e+00
3.808264218127777934e+00
1.026296988775531993e+00
6.408224951912724343e+00
4.589987233691385171e+00
6.470662789827185790e+00
1.076152257450778116e+01
2.413400201167870129e+00
6.216305219944795901e+00
5.146628965315933613e+00
9.581313775032279878e+00
8.568910754617402148e+00
1.043023825275461647e+01
6.969944596946321624e+00
8.340171708060521993e+00
4.391065243115042982e+00
1.000400409369735399e+01
7.889380314058750621e+00
1.116776950836041316e+01
6.980443282782942127e+00
1.611019854649730831e+01
1.432942163745774877e+01
1.925628193541288624e+01
3.102308843208801736e+00
1.923995081327968037e+00
7.863091432095745681e+00
2.789753879208188181e+00
4.321900319743618546e+00
1.144800846389327376e+01
7.506579181070653917e+00
6.913820375076179303e+00
8.851443642768359155e+00
6.554397096756563457e+00
4.029075957513462924e+00
1.437934540798913474e+01
5.573996486826387375e+00
9.700242717511436297e+00
3.076813976426095998e+00
5.720710660716224361e+00
5.352046728219129079e+00
1.940438450547567584e+01
-2.280962867462375421e+00
1.244655696266902112e+01
3.687188509481679421e+00
6.521750999322026843e+00
3.239628588560430789e+00
4.390567884631107809e+00
4.017030976956492694e+00
7.656331374251178268e+00
6.457232433355455825e+00
4.938113029958865141e+00
3.269753257867126006e+00
8.418349539508400703e-01
3.015120959172313153e+00
7.501604553474816584e+00
7.765063658921578238e+00
5.843765660716592869e+00
7.433213566953652318e+00
8.868469490958494461e+00
7.919381222158151878e+00
-6.818370344360333846e-01
4.472810576985072117e+00
7.952933519596864009e+00
6.233232179915381366e+00
1.926895900567008546e+00
8.760166366907126800e+00
6.151803857071934445e+00
1.022332859131509331e+01
3.044816362952586175e+00
5.671455709818822299e+00
7.873936088181522130e+00
7.282060306586977561e+00
1.128493515150315929e+01
6.870131450073474255e+00
5.111871998146034102e+00
8.759964004192553944e+00
6.149581858928967470e+00
8.398542463106887013e+00
8.322540180178192415e+00
8.407042672713885167e+00
8.782550227579033475e+00
8.900254202524916280e+00
8.484135006884779173e+00
1.178866150977364846e+01
8.909181461788710621e+00
8.672607868994877123e+00
1.449270057342938500e+01
9.473678598281757957e+00
8.700217680112533714e+00
9.410525849714225899e+00
7.405846471316994695e+00
9.826728139292288944e+00
6.553531216924737279e+00
7.304915976156957313e+00
5.579432261240868662e+00
6.157410585308632278e+00
5.354828237173975936e+00
-3.955127805599101265e-01
4.563269159497282068e+00
7.865719101759347964e+00
1.049591268956451273e-02
3.700724977122949788e+00
7.589706345449098279e+00
4.938655923885589161e+00
1.720807289660157835e+00
3.442637571354547177e+00
4.183647281712174149e+00
1.109137734171191525e+01
7.175496544061053861e+00
6.533856301633821140e+00
6.353123606617413266e+00
5.187328527682185886e+00
1.050347438685746582e+01
5.388786480312730554e+00
-3.351513943714900634e+00
4.586702474978425315e+00
7.936095314071804907e+00
3.729310835607551056e+00
7.068321429232642394e+00
9.951757434750410525e+00
4.896021203495132035e+00
8.782135015167206404e+00
3.305669898408165608e-01
8.751856053271318103e+00
9.778663190504566671e+00
7.646788182558309721e+00
5.652002508464653907e+00
1.254485792385481702e+01
6.877274462470535532e+00
5.036779258627744227e+00
6.414132391757186191e+00
2.725545265737340905e+00
8.997129507307265683e+00
-9.680655899757439897e-01
3.687879923505651192e+00
7.072776198525461133e+00
1.355677862022306357e+01
5.542077356214950790e+00
1.300872687321231069e+01
5.333853067232680267e+00
5.620771329966882668e+00
6.209757518322170711e+00
3.027135356914810060e+00
6.257570341715428697e+00
3.593975439887751921e+00
4.793379446483556627e+00
1.065698343478040577e+01
1.019833122131711889e+01
6.140397863777019793e+00
6.276009359370140039e+00
1.243697026695617325e+01
5.205697799452446262e+00
1.469372757547110275e+00
-9.082956167046534190e-01
-6.704756500632491623e-02
-2.227746179429362705e+00
3.787321295108553088e+00
1.842006298219685867e+00
4.942523845201990618e+00
2.326094182878811534e+00
3.138834297679689467e+00
6.571815472211653741e+00
5.332771696067116984e+00
1.209467768576985947e+01
4.455045896307183284e+00
1.083593678736774812e+01
6.589264723034908400e+00
6.776144144867799923e+00
8.956930263381122970e+00
8.073791174710999385e+00
1.359627264160801552e+01
3.852240170619970705e+00
3.811381169520382528e+00
6.380041884541581609e+00
3.780061893188746858e+00
1.018399278241854411e+01
1.499248216468412309e+01
7.488432656506367913e+00
6.040918671009126939e+00
9.539300614943837076e+00
5.573271820372621477e+00
8.174446848630422480e+00
8.455255329678980303e+00
5.952901267942793950e+00
6.111178846992389779e+00
7.350425819196744648e+00
4.038385009160435857e+00
7.347958087985229980e+00
4.083328270740578247e+00
1.148172981693044647e+01
4.395527863415106928e+00
-5.374192831452644370e-01
6.104588769876427179e+00
4.654675652776676387e+00
2.022056905753827571e+00
2.825046069455958708e+00
-5.834594243405062386e-01
5.213523387965782518e+00
5.681363526773473893e+00
3.366218398584744698e+00
9.242635190394203448e+00
1.172865589352498183e+00
7.471608446491310396e+00
8.222626796624417977e+00
8.926782732896491268e+00
7.792565157452501445e+00
1.045543706870054201e+01
1.132068058142846390e+01
8.796155195745427591e+00
5.218441255472901830e+00
9.349459371627284909e+00
9.980700569592166005e+00
6.549611167998395267e+00
1.164886784015525834e+01
2.117518053700708691e+01
9.071441755787374106e+00
8.854447295413406138e+00
1.126013951115022138e+01
1.080680913547299049e+01
8.457709179076537964e+00
8.021681141092127376e+00
9.142040808143580222e+00
7.351717354073662669e+00
4.367392782276102281e+00
8.798240293651291566e+00
1.227452522873845275e+01
1.077707473773262592e+00
1.031777462224737540e+01
8.338816839614572984e+00
8.684938653382104690e+00
4.620488685353081770e+00
1.046439977437594138e+01
1.293650637002778758e+01
6.933270388473658841e+00
1.038698554431893406e+01
8.362358360834136306e+00
5.536339664978333630e-01
7.949167667854457164e+00
8.896487932708028623e+00
7.049862819445625206e+00
1.233470015645550966e+01
1.212880256775172683e+01
9.583810599026914900e+00
5.419377369805626010e+00
1.191017285046628160e+01
1.480496382280166401e+01
1.195240513735566168e+01
1.314443785011511423e+01
1.142460829142773093e+01
7.852585776191656208e+00
6.590162440443082303e+00
9.341017823873862369e+00
1.170557303429389151e+01
1.028631563757689804e+01
9.752428847104930298e+00
5.577204937851563571e+00
1.034001219651895020e+01
1.096827792309251670e+01
1.134371228202080140e+01
9.336675414406970575e+00
8.646945714451996778e+00
6.960271537910371009e+00
8.806982045950840998e+00
1.094805032400924283e+01
8.471277191709909005e+00
8.311415962613793340e+00
1.171294670570216390e+01
5.638865616098304834e+00
8.329628143941919305e+00
9.633848375792485541e+00
7.861240260591225493e+00
9.088934800181386109e+00
9.335765178318347068e+00
1.150324558247242734e+01
1.055680583955294516e+01
1.175165820654620319e+01
1.153273520447128320e+01
7.590541459466684238e+00
1.320226187949283236e+01
9.799340947962427606e+00
1.003161725926595338e+01
1.031249589887568696e+01
9.623528423014343858e+00
1.440716659408004396e+01
1.107489974003610378e+01
9.727160300709646990e+00
5.945200214749722711e+00
4.746307046822307640e+00
8.855846054216968355e+00
6.721915384971747010e+00
1.031499893508771137e+01
1.164122313084564908e+01
6.643837653802738608e+00
5.752569995836635641e+00
9.025590363263264138e+00
1.323252750601706396e+01
5.331981869479689884e+00
4.145145193105622461e+00
1.009594301399672744e+01
7.308261812192116125e+00
1.341480303603898250e+01
1.493435019861271051e+01
1.427109756780460259e+01
1.177760810326962115e+01
8.354543634087018944e+00
1.091634640860421079e+01
9.533370621627152985e+00
9.585000722130727624e+00
7.183540012283554432e+00
4.894480895676739607e+00
1.061558628342029209e+01
8.961301520087033623e+00
9.877403962058872722e+00
7.873186270593977909e+00
9.396949762662979211e+00
7.340833900516324562e+00
1.223756878779082768e+01
1.021072091911405977e+01
7.401876660656339091e+00
9.343830652772435741e+00
1.401121185238557487e+01
8.808564326932009081e+00
8.051460544190682356e+00
1.379165936630279532e+01
9.457782665616935702e+00
3.009155766455134717e+00
2.952828485195775343e+00
8.716019620249108257e+00
7.666301007216830499e+00
9.784130434114318930e+00
1.286081921821625507e+01
1.187088846403354836e+01
6.207831701632771981e+00
9.728510427783337633e+00
7.370823897941465752e+00
7.643640621182867356e+00
1.328163251948684831e+01
8.717378184065790236e+00
1.301060069948373865e+01
8.823447100386935915e+00
7.481680060093212958e+00
1.160266912060124866e+01
7.438335187350379130e+00
9.473982539760266164e+00
8.009026841590257462e+00
4.514510420362105592e-01
1.022146450715828614e+01
9.184397942631230549e-01
1.068568294328738233e+01
8.371533723730795629e+00
7.931505200454201265e+00
1.230311783678887494e+01
9.840820595437836715e+00
2.610733603585281948e+00
3.101966232324061323e+00
9.273435748825757940e+00
8.277495655716384348e+00
7.301471824268800148e+00
1.183671747316044431e+01
1.509402749122527609e+01
8.930307898922102083e+00
1.328589435524327378e+01
1.373956651875539237e+01
1.295236957941437694e+01
1.137301610351448389e+01
9.715913030297809172e+00
1.046083930340421908e+01
6.214682033154860008e+00
1.341634602089037465e+01
6.064417226501128688e+00
7.706317619837986577e+00
9.260181040670456554e+00
7.787347650465759941e+00
9.404129818606842051e+00
9.107964307613800159e+00
9.653355684040048956e+00
7.720187190898307961e+00
8.911419229380051377e+00
8.102272312423366429e+00
1.941209635479866336e+01
1.493516711069451830e+01
8.469800392400006928e+00
9.084420106698511077e+00
7.964906388785203184e+00
8.418701476445852094e+00
6.563968837068503426e+00
8.155421616900833115e+00
8.978241782985055153e+00
1.136979500644666174e+01
8.833893250495377103e+00
1.235593587426971141e+01
8.954744769510691427e+00
7.648967312203368785e+00
7.045470576874645730e+00
1.484239927069264553e+01
9.032010400739826750e+00
1.390286205736950720e+01
9.698977323981592846e+00
1.092415008193540160e+01
7.861123712861807888e+00
8.387327337745718481e+00
8.835349853774461693e+00
6.860949590943755894e+00
1.052161817598603122e+01
8.399928779898749198e+00
7.019953861413769758e+00
4.161444633505941404e+00
1.054198984079489776e+01
8.285490940018329198e+00
5.933077948602694107e-01
7.508880780084847828e+00
6.277539059822347056e+00
9.258308219564773012e+00
9.197531481440783807e+00
1.122320672291738042e+01
6.158408905937507782e+00
6.772694931545313324e+00
9.398496810052508366e+00
9.743828371234753760e+00
1.148751431139552182e+01
9.582856574836675634e+00
9.555285117121920635e+00
1.390491346352836644e+01
1.359294955456562448e+01
4.509568033599120618e+00
8.327545377507199476e+00
6.418256200172057113e+00
6.218119645135402607e+00
1.194065550461091618e+01
6.276637073975547487e+00
9.073014133164081230e+00
4.491417933884457980e+00
1.023974147870446316e+01
4.634490410070227995e+00
6.788707397416100520e+00
6.284363935552438107e+00
6.111924667194485572e+00
1.118841305503291217e+01
8.525985462263063752e+00
5.444242572255229007e+00
7.963626906792871551e+00
7.503451788127809330e+00
9.597303533479269788e+00
7.288847279562746806e+00
1.292417884487983670e+01
9.771328075371025434e+00
3.583489076858404232e+00
6.087230642067333442e+00
8.342475710335552463e+00
4.958239402281842345e+00
1.023731971224032833e+01
6.077421466337249001e+00
1.050964904160563940e+01
6.937569850464942789e+00
7.495656182792304278e+00
1.002878350550650666e+01
9.850283059316932821e+00
1.519228126093842235e+01
1.021880157198160433e+01
9.464829992396756708e+00
9.694167406387185437e+00
1.055196090153750355e+01
1.074411026006761460e+01
1.050378911623252698e+01
8.631676803376253204e+00
1.017346154426049054e+01
7.426267811974469168e+00
6.900804712323859391e+00
9.209947587881892161e+00
8.114485016031784070e+00
7.002805002794365130e+00
1.183676478623644179e+01
1.034279539952181537e+01
1.342337320084319074e+01
6.912159424767850169e+00
1.549213779068126584e+01
1.279116138851061812e+01
9.410506027450463051e+00
9.852097099735260599e+00
8.303168028059131345e+00
1.140858659218885940e+01
7.839857100784628940e+00
1.327342198224402381e+01
9.976244184422697003e+00
6.245105877284753859e+00
1.192990416603140957e+01
1.545975468760435056e+01
1.224334089594999497e+01
8.695782359288896757e+00
4.289868105155464129e+00
8.930760950375340457e+00
1.631145165921946116e+01
1.028323705848727521e+01
1.032686755862717476e+01
9.531367862151919113e+00
8.952626089036245460e+00
1.286338201857849839e+01
8.633915244702698999e+00
5.339963727281283212e+00
9.768041559729169876e+00
1.572047810605358364e+00
9.861235876162067981e+00
8.502090289441680326e+00
8.397301250960467200e+00
9.780473713808007119e+00
4.633339544006682686e+00
1.248818320524519976e+01
9.465177215598172822e+00
9.057679382629544307e+00
7.017512747727531419e+00
8.661322205829177889e+00
1.166284342899274762e+01
8.340694319712413929e+00
5.428524619457131273e+00
9.774382884459088316e+00
1.488013783492781705e+01
1.075156355412264730e+01
9.691748381433443527e+00
1.086792332131317096e+01
9.735322837636180893e+00
9.619420038561386832e+00
1.976484310024002156e+00
8.352481777815146557e+00
1.136689078535949804e+01
1.178664260727039803e+01
1.105393368905553508e+01
6.906858662425525708e+00
6.901232684993171773e+00
1.230816041566303198e+01
3.501039606942868865e+00
9.790744305581222662e+00
9.118430929583551503e+00
3.334664747537397389e+00
1.075954699491137845e+01
6.190587330224339269e+00
7.369697229318249221e+00
9.847784379580950542e+00
1.140250215448929616e+01
8.932303441090979845e+00
6.494127893543761409e+00
3.819761888097907843e+00
1.052618589199865795e+01
3.764707614547717185e+00
6.414398925526556994e+00
9.847007277817088067e+00
4.030663967248795387e+00
8.274525136289449634e+00
3.374094724956453462e+00
9.714305512645845297e+00
7.197423003335587488e+00
1.651706301534119348e-01
9.739173784770185804e+00
3.671016825380398085e+00
4.204879036103950085e+00
9.286086252300206567e+00
8.838775557212143141e+00
5.456170298196807877e+00
4.851020481415359242e+00
3.901460963745866373e+00
1.418801186464236963e+01
1.482599726720229327e+01
1.759864407581131118e+01
9.564801505991015418e+00
1.168730980256597007e+01
1.126318224886209052e+01
1.156698147049667469e+01
1.081614695467645682e+01
7.162904926273144568e+00
1.101648686060018711e+01
8.233937556501258470e+00
1.108441320841951416e+01
1.349869896778740497e+01
1.436718927872578178e+01
7.636882238476262685e+00
6.192374563561749312e+00
1.226537998174902988e+01
1.200676559359940399e+01
1.153386703426194515e+01
1.184011264535494234e+01
1.239212081849772673e+01
8.580305912521122735e+00
9.098614867803396677e+00
8.799353594915199750e+00
7.933180940787895707e+00
6.851281426861173252e+00
1.031541933386110266e+01
1.012112428647192885e+01
1.223505396048755856e+01
9.528937827217237810e+00
1.192642954106732489e+01
8.926559938202919042e+00
6.864128311025835316e+00
9.570128157865484653e+00
1.247588394887524288e+01
-1.473603427060769633e+00
9.320667132740474869e+00
8.617810488069043373e+00
1.051177548295716591e+01
6.918699855875545701e+00
9.466156894752680628e+00
1.105769378472151487e+01
8.018198054405221598e+00
8.824380439337033977e+00
1.667870072352810240e+01
9.061881177394988995e+00
9.144771267914302726e+00
1.162058407707324825e+01
1.203026817943230320e+01
1.175855590004572626e+01
2.007651320902185432e+01
3.896479454440774148e+00
1.064888862690522409e+01
9.150460097408220861e+00
1.264951428877532713e+01
6.278564956073319436e+00
1.542349153769107417e+01
1.245551509594666406e+01
1.598472002701190497e+01
9.352172763626576568e+00
6.386405019954746187e+00
7.912431415893212971e+00
8.938679247868817512e+00
6.028133799487495281e+00
1.152860396935665399e+01
9.540924046559348781e+00
1.076580797416468549e+01
9.635230974173666141e+00
8.959369892458267870e+00
1.129736246185424164e+01
9.045630637087613835e+00
1.223353070861207748e+01
8.265716269947692041e+00
4.434829358708457292e+00
1.325807904532979187e+01
5.081108529968079601e+00
9.981048543702771170e+00
1.066880978912888622e+01
7.266959567278296284e+00
1.026263438599984568e+01
9.030351073361412517e+00
9.807067085740976964e+00
1.071281973994944181e+01
1.101137152979039335e+01
8.601910939787185129e+00
1.189275722993022733e+01
9.678876029128781866e+00
9.528825666449888487e+00
9.630369185918075559e+00
1.858268444486554571e+01
1.009150621551696325e+01
9.687429055201983275e+00
1.055570036012985469e+01
1.338095475544190371e+01
1.029798228619148937e+01
1.037031122214143508e+01
8.032118313908686247e+00
1.445000217138429122e+01
1.044074264336729918e+01
9.991632736719576968e+00
1.382160620148819596e+01
1.092820688499123705e+01
6.834528997853836607e+00
5.730593072126333176e+00
1.226513278829340159e+01
9.908864602674807287e+00
1.169759844378780933e+01
1.214909570586609533e+01
9.774372076214214999e+00
1.017027641687228012e+01
1.617527242010309863e+01
1.063203149918200729e+01
1.311648675130059516e+01
1.413840067865984373e+01
1.248102321478816279e+01
1.603012510718344430e+01
7.181828934983169432e+00
8.713862097144275509e+00
1.344461964787002195e+01
1.227446277857059975e+01
9.490701799789206916e+00
1.192307144488563431e+01
1.059238992818549718e+01
1.137222886948606870e+01
1.183048177079474428e+01
1.039763765830368136e+01
1.006856189567595194e+01
1.016855294439943869e+01
1.192556792088842244e+01
9.944037809934524574e+00
1.129570296122943773e+01
1.220174824581770778e+01
1.152628065892263010e+01
1.239637353010732568e+01
1.195166897675412088e+01
9.883813917609238331e+00
1.017314691093977430e+01
9.654824966596070368e+00
9.871395850377215453e+00
1.140943806537393179e+01
1.171891457355234856e+01
8.224042493822560473e+00
1.077529548187772512e+01
1.019364482682023265e+01
1.311199675083862992e+01
1.065128505802673686e+01
6.611417892641946459e+00
1.223321120762379266e+01
6.999809050274587108e+00
1.321647391691167783e+01
9.696910618085876621e+00
1.186452000873260815e+01
1.175598015015380682e+01
1.104985869488292138e+01
1.473392711029228863e+01
1.183979305255280146e+01
1.492424433682300133e+01
9.676310166312973138e+00
1.502385495127591142e+01
1.645529382244912853e+01
1.148373334521369671e+01
1.449170360420281156e+01
1.421118044290114213e+01
1.299164578462120190e+01
1.371900789083839101e+01
7.402476849001809356e+00
1.178993618618405925e+01
5.359155552780086929e+00
1.398405161931970220e+01
1.352835937908442787e+01
1.146945473944588123e+01
1.129144333558432223e+01
1.276361644669349360e+01
1.065235785931403001e+01
1.126869712916685273e+01
1.046843993193628997e+01
1.182375219890072415e+01
1.234065485241158555e+01
1.277096323159899072e+01
1.556899464771336739e+01
1.283979816675433305e+01
1.306374666991118616e+01
1.146172983624456343e+01
1.382205128854733722e+01
1.572358261874645535e+01
1.240788313873967041e+01
1.253262504284229450e+01
1.176840603144949071e+01
1.286984769877072310e+01
9.563531222630135886e+00
1.283445077395076517e+01
1.302528553174864356e+01
1.557256437843929042e+01
1.351940142912188669e+01
1.380245806897413274e+01
1.125786052808319937e+01
1.525127648543094594e+01
7.857459007448629684e+00
7.846292769569840786e+00
1.053827638629623564e+01
1.106383200705458769e+01
1.044772641297621973e+01
1.357715180670304278e+01
1.737552198095175626e+01
1.257189310960223594e+01
9.040275164668020835e+00
1.127513981021124678e+01
1.161388031449449798e+01
1.064319874151716228e+01
4.485647199240588634e+00
1.063318057998342070e+01
1.187906248934210574e+01
1.046696532870106466e+01
9.197983234700229715e+00
1.034588108654083349e+01
1.475792333349003727e+01
1.775997961273998627e+01
1.152432800039140837e+01
1.436538552168123495e+01
1.360333013233126032e+01
1.290079136127673642e+01
1.191364235704193320e+01
1.500112648751936817e+01
1.212726085112945817e+01
1.355965044235011341e+01
1.224826692710841236e+01
9.745411970378222932e+00
1.130913945227890416e+01
1.133008616598066354e+01
1.425555727437869002e+01
1.076777495632825854e+01
8.548469053633134251e+00
1.108287636524756614e+01
1.366728806063047408e+01
1.099368158573695986e+01
9.970281393321089425e+00
1.303323933690923830e+01
1.269191798142837158e+01
2.095754149225435015e+00
1.326164660444283427e+01
1.138837256090812744e+01
1.495756927009267834e+01
1.088858197450724496e+01
1.250549365847247429e+01
7.842913861799906350e+00
1.021307282789972604e+01
1.151063959703922102e+01
1.333744638586591513e+01
1.329949602811525367e+01
1.502579284898655487e+01
1.212063408267248299e+01
1.417113911983673979e+01
8.852356884628449052e+00
1.285013388125409151e+01
1.498233223767446631e+01
9.499899637498756988e+00
1.146583018654193786e+01
1.174456609258139217e+01
1.511395427377122047e+01
1.099071216279764585e+01
1.410891240642792255e+01
9.791339321847690513e+00
1.234817145278737982e+01
7.573564813752127201e+00
1.351451036501277514e+01
1.161459780894652027e+01
8.134230329423660422e+00
1.284978156384086034e+01
1.782158917774290074e+01
1.216165914258210101e+01
1.110109246256625681e+01
1.738354891939111724e+01
5.851524801196701375e+00
1.346064806832010419e+01
1.094694892705448552e+01
1.126055820603441582e+01
1.274572830309980986e+01
1.150762440019572885e+01
1.405581837135861178e+01
1.087429348380263150e+01
1.239475927393631771e+01
1.089573770838044275e+01
1.002589393705910759e+01
1.108434383759919939e+01
1.101216618456576235e+01
1.296299737896097604e+01
9.529252651689260389e+00
1.425538920752092409e+01
1.648054259550954370e+01
1.581123415083336603e+01
1.176413473793921227e+01
1.361245206253106410e+01
1.339076730936606552e+01
1.234369158564464364e+01
1.305610356834086438e+01
1.324435381459366567e+01
1.406741923769991587e+01
1.474025947250579449e+01
1.348006470451809236e+01
1.416565052607293929e+01
1.212413717806964009e+01
1.159449254618448677e+01
1.301290386145122824e+01
1.314294685927489681e+01
1.360250835853509166e+01
1.877459188753620012e+01
1.176227942643410351e+01
9.968312405327209191e+00
1.089368791056862307e+01
1.217039288727102431e+01
1.125977962666678422e+01
1.182771501863799379e+01
1.245568987207881229e+01
1.427103808855979850e+01
1.021077046287051004e+01
1.743976566403729933e+01
1.122898145372714573e+01
1.134493218736062836e+01
1.112617443533135031e+01
1.044129739094916509e+01
1.284682417069137017e+01
1.464741612409153326e+01
3.813337147143903927e+00
1.092275447201529204e+01
1.359371633556607506e+01
1.251282420911794269e+01
5.186893617142486868e+00
1.451125925510373804e+01
1.251849356052389162e+01
1.529514180067996598e+01
1.409198986107018037e+01
7.587769197741035754e+00
1.339830564818356251e+01
1.159581671609695164e+01
1.133861619027599943e+01
1.232419388809780436e+01
1.152724617062367685e+01
1.380467333252810036e+01
1.226984647986542321e+01
1.258208731415925108e+01
1.173256570489412987e+01
9.273085933058608177e+00
1.564609720998936027e+01
1.088848673166269343e+01
1.512623426469990662e+01
1.726745259859450599e+01
1.686466656322091495e+01
1.364983362738031758e+01
1.398363563833714451e+01
1.108508158605838290e+01
1.046024035568003185e+01
1.332672085634734138e+01
1.237633872343600316e+01
1.086570898646140826e+01
1.228216792220210252e+01
1.490058806668759317e+01
1.002421301160025990e+01
1.559184436518490813e+01
1.099551533484977739e+01
8.831055019453955879e+00
1.267531931301321180e+01
1.349849106574994018e+01
1.195435095821338223e+01
1.154167233449772745e+01
1.106780999911875263e+01
1.229105644662729446e+01
1.237424801806198538e+01
1.180677682799591111e+01
1.429997572704018083e+01
1.544485875138567366e+01
8.453718656626826089e+00
1.301677134582882900e+01
1.336211253033796709e+01
1.059631394017510431e+01
1.782944406486330990e+01
1.269412062059510227e+01
1.513186207956625218e+01
1.141441874829154557e+01
1.047814226535067306e+01
1.315426584772625063e+01
1.164166425197972288e+01
1.509146421154447282e+01
9.970345498674312523e+00
1.341152378395264932e+01
1.188102229422070089e+01
1.132360653458534827e+01
1.406551905692444393e+01
2.185483946854931503e+01
1.497608532347598675e+01
1.583992972071164118e+01
1.105214444674352059e+01
1.255143231020879213e+01
1.076690108868734086e+01
1.412131266637364035e+01
1.194486738445554330e+01
1.389288253231349302e+01
1.039952412275934890e+01
1.548238030526084508e+01
1.277852090497622584e+01
1.326319395544436297e+01
1.119422722325830222e+01
1.128638891310856884e+01
1.069412775313123731e+01
1.287052994246257676e+01
1.330798614221156129e+01
1.413288824705900026e+01
1.291653166395093955e+01
1.356335526375568001e+01
1.456807383895692531e+01
1.456238192181670144e+01
1.273048487607423063e+01
1.392588183732389240e+01
7.519371774343549752e+00
9.949494312260497964e+00
1.671750623668853208e+01
1.285826118583285727e+01
1.385103301285699118e+01
1.620367977424107053e+01
1.380525611555711052e+01
1.470893520633034157e+01
9.532177404507931939e+00
8.826280908670081971e+00
1.374962308780355436e+01
1.479671352679535623e+01
1.389526592187870691e+01
1.430091092442467016e+01
6.266424290281439546e+00
1.479535293882529601e+01
9.862561812384909032e+00
1.373231781149223529e+01
1.239006441799483227e+01
1.111963780704235027e+01
8.396731271694239496e+00
1.203278597125982863e+01
1.232248714224596675e+01
1.349555772629710049e+01
6.848155166827883278e+00
1.440590641876092270e+01
1.303265284179668448e+01
1.409936050258025197e+01
1.442270243811430497e+01
1.430887081249957404e+01
1.339079337797827307e+01
1.404335800139125645e+01
1.176101905108656176e+01
1.270928017915996122e+01
1.455892864616314242e+01
1.511941465147720365e+01
1.310788036761080733e+01
1.169803811577703456e+01
1.334582655019397457e+01
1.214516243800545325e+01
1.131608315475289572e+01
9.814418511926067623e+00
1.634003039016258541e+01
1.326271360852826753e+01
1.111612642758941583e+01
1.465293095715016847e+01
1.323884245379304758e+01
1.170529771144002140e+01
1.475136159355873566e+01
1.300825290266650569e+01
1.181927141764606404e+01
1.187014463431029654e+01
1.512476055200488290e+01
1.714330485989571073e+01
1.248917062715398174e+01
1.627590764694938485e+01
1.525075039260143051e+01
1.394418760461804929e+01
1.346703242449454230e+01
1.557127270415348974e+01
1.458709857123429465e+01
1.405779223325742322e+01
1.422388500058464977e+01
1.397878482032676395e+01
1.413187174508239963e+01
1.351931441316463633e+01
1.577634873084097755e+01
1.318612691062993925e+01
1.314880560718760982e+01
1.213569882774914532e+01
9.600528897342847756e+00
1.196935375208725461e+01
1.400498420096981000e+01
8.711663603713038384e+00
1.468484815151541589e+01
1.447945634761806488e+01
1.633196449126289451e+01
1.307995401321350570e+01
1.059076139319646437e+01
1.506601647758114204e+01
1.324855714433071618e+01
1.249501950339563727e+01
1.854618271562518927e+01
1.310026372569808295e+01
1.144025079893049757e+01
1.320775638443356392e+01
1.001068043564368182e+01
1.297696307682533678e+01
1.325040883787731261e+01
1.378869247861730862e+01
1.499484823165017389e+01
1.181023585803209031e+01
1.795673604462996664e+01
1.434853848705008872e+01
2.159534568388867370e+01
1.305630762692487146e+01
1.328218852752044654e+01
1.395590703818569445e+01
1.121768689827677790e+01
1.281151325164368160e+01
1.307460713696138299e+01
1.200646302696219969e+01
9.234005559980499100e+00
1.590478190711060869e+01
1.268565095978431856e+01
1.385806508154653116e+01
1.105898440732069332e+01
1.363997181565322947e+01
7.859665570433882031e+00
1.349292613031030186e+01
1.223690226826658822e+01
1.156932171747527960e+01
1.283600179125393659e+01
1.198198870230291391e+01
9.196414239924969536e+00
1.408714944623785215e+01
5.062413821788521950e+00
1.310303412342970653e+01
1.420559107686471023e+01
1.497678172986093159e+01
1.623893102048588943e+01
1.305282200922620639e+01
1.183561032514513833e+01
1.410654212062994795e+01
1.928819878388366860e+01
1.177440451401689891e+01
1.253146461844147375e+01
7.209241546956247859e+00
1.266397266191972903e+01
6.759151560415800120e+00
8.207350459098458728e+00
1.375178170602003291e+01
1.307812346805184944e+01
1.268080844532170381e+01
1.181287349426796673e+01
2.288603401066997378e+01
1.358835087236231409e+01
1.393402424772917669e+01
1.301836009984653586e+01
1.474298751806479935e+01
1.021488972880795743e+01
1.120450848234186836e+01
7.191990008066107443e+00
1.244969598240273712e+01
8.443568620415931036e+00
1.632714738513485031e+01
1.351407008491284678e+01
1.817249265299710004e+01
1.119088632518985094e+01
1.443907148464315604e+01
1.253041983510612489e+01
1.202933308491892461e+01
1.334545153159984565e+01
1.391445728080429234e+01
1.341988572538562430e+01
1.274223574328262742e+01
7.117919722267775917e+00
1.211874527361043796e+01
1.072938473068412613e+01
1.009142329196005150e+01
9.781662704633626859e+00
1.223362455102140345e+01
1.293421041550149475e+01
1.121712847086344489e+01
1.335312672478435481e+01
1.315586535291997627e+01
1.342969179423237946e+01
1.842888765420682518e+01
1.877274839794676708e+01
1.325572572135019200e+01
1.184023486916643364e+01
1.425814702206175433e+01
1.391121547639829181e+01
1.756089401457958488e+01
9.056568218666686931e+00
1.288853654686804617e+01
1.549396090586200181e+01
1.312036142496511637e+01
1.323521611626649097e+01
1.127637555447597784e+01
1.047174841482031837e+01
1.533381966138403740e+01
1.619727305415482377e+01
1.299148022575966976e+01
1.808093232977837062e+01
1.589166547554609465e+01
1.543030903937531306e+01
1.278743480577006331e+01
2.051953160701422973e+01
1.788321124825680997e+01
1.908701517767400802e+01
1.836108102745977533e+01
2.281158433872327151e+01
1.780004100003417378e+01
1.599643033479506471e+01
1.284035038474996071e+01
1.519105172191062358e+01
1.479109117982934407e+01
1.196043760508882947e+01
9.856368749297583776e+00
1.598512297419156702e+01
1.189452980450111319e+01
1.131640022290009817e+01
1.367588747415228667e+01
1.326340041304218254e+01
1.783866656931057548e+01
1.624911654721354637e+01
1.377731713659962587e+01
1.992008388000846253e+01
1.274355884409296813e+01
1.165614677536709287e+01
1.438969346531494864e+01
1.138908229588457743e+01
1.363696555296596102e+01
1.139967969592936115e+01
3.682635079956376956e+01
6.149313343897292228e+00
1.857045229607077275e+01
1.461206579023538943e+01
1.439927183748211803e+01
1.378370314851892964e+01
1.392617182226165795e+01
1.594877663294994186e+01
1.175020575880117946e+01
1.267781579799331482e+01
1.782315084344401512e+01
1.442824648196595660e+01
1.533415790726684413e+01
1.753287588088029381e+01
1.757956466794938777e+01
2.040065462082586834e+01
2.287382862043461529e+01
2.812859307504407269e+01
3.134985200220101120e+01
3.585076603112832316e+01
2.793098796438212617e+01
2.085570232222319120e+01
1.956005332000825447e+01
1.751805338662380152e+01
1.682427354631165173e+01
1.382972071391536240e+01
1.310049416141886525e+01
1.514525678419547106e+01
1.009060632652687417e+01
9.671638214225641406e+00
1.081798062495784407e+01
1.069415527066065685e+01
1.281728707997581829e+01
1.055355258068181890e+01
1.139037088259719255e+01
1.984649051929088870e+01
1.697719411322144012e+01
1.157136936646708492e+01
1.508401567092199613e+01
1.306134245168964370e+01
1.253388600392249508e+01
1.342844989038308867e+01
1.231813845250409223e+01
1.407213316202679998e+01
1.075050946313301914e+01
1.041746503136648982e+01
1.412301861662281155e+01
1.122523886149575745e+01
1.474878287825524303e+01
1.278997212266656369e+01
1.351504712419973764e+01
1.002389511253925036e+01
1.461768749892780228e+01
1.355155339622340982e+01
2.148413443813245749e+01
1.478642470774875761e+01
1.406296091353762101e+01
1.149784601437349352e+01
1.308925260352502562e+01
1.345396718434609973e+01
1.517483233109262208e+01
1.671393446829981499e+01
1.579743826146232522e+01
1.288153710655338280e+01
1.422803507368156950e+01
1.540630216547016929e+01
1.067252183825920753e+01
1.334436377536589724e+01
1.378975935688043819e+01
1.820698095598908495e+01
9.401321006701083505e+00
1.192596778198443275e+01
1.320993981315637100e+01
1.199347476973399296e+01
1.346213504240689751e+01
1.082557812174977840e+01
1.292225596754090056e+01
9.644823264136634933e+00
1.303879943614435000e+01
1.265303649432195776e+01
8.217137538910606054e+00
9.984266192080132996e+00
1.028878125578681768e+01
1.250030114772692613e+01
1.247746079095967531e+01
1.285610005463490069e+01
1.286560800150112804e+01
1.393516789764203168e+01
1.257977499246061726e+01
1.540255252535751396e+01
1.476213738711836498e+01
1.232909635232335610e+01
1.335427077305589805e+01
8.644394300946267151e+00
1.079285069068716751e+01
8.447945116727574089e+00
1.317072749489808992e+01
1.417234540973244172e+01
1.437512494960942888e+01
1.214460749855346045e+01
8.061074235794198017e+00
1.389408422845193591e+01
1.161084087774989548e+01
1.372548912541781263e+01
1.448475466769724207e+01
1.334193401822504654e+01
1.026925795897852822e+01
1.249363137248357170e+01
1.310732295684506887e+01
1.364424903338939821e+01
1.002410205824777911e+01
1.343636466955663522e+01
1.303041251663912448e+01
1.393855180255788717e+01
1.404751099878501108e+01
1.026851213425255160e+01
1.098098154332868326e+01
1.452510883777201123e+01
1.228003302572816757e+01
1.732766212932369854e+01
1.141272613048350948e+01
1.138033556887623199e+01
1.173389723153072772e+01
1.241935288372968316e+01
1.208426419007017927e+01
1.436152259181988988e+01
1.385179927836094649e+01
1.219650951425820473e+01
1.209375384682201293e+01
8.650010733514765349e+00
1.254097263288414155e+01
1.011828580481426521e+01
1.300918991417551496e+01
1.184134057178235366e+01
1.443641430604127507e+01
1.189959445820769268e+01
7.382754137023453289e+00
1.096563598724973332e+01
1.235817743644157396e+01
1.373838279188571043e+01
1.455040951736333277e+01
9.134102102882346585e+00
1.568503405162625519e+01
1.036523550390366033e+01
1.047493715409713744e+01
1.227961109756416214e+01
1.552990035063681340e+01
1.071937945250245505e+01
8.302800935804645732e+00
1.308785152070478475e+01
1.229130527069836631e+01
1.563876333794899587e+01
9.332544228999170244e+00
1.102961235488655056e+01
1.198276681635552521e+01
9.979799471940117073e+00
1.258338702393892916e+01
8.032591089822147978e+00
7.319179712878118416e+00
1.209728866756107024e+01
9.696494646984961108e+00
5.559170351721755665e+00
8.421557452005611566e+00
1.394534119364733726e+01
1.109181498207090577e+01
8.362332048743112978e+00
1.428586139079737016e+01
8.758797924379033262e+00
1.022641296834695801e+01
1.117386458394723547e+01
1.148302252405301793e+01
8.809876414348043028e+00
1.029173968955682028e+01
1.286743948659870718e+01
9.555763074961376446e+00
1.367012098068305903e+01
1.369036699325948092e+01
1.236370121478804229e+01
1.041086364002378417e+01
1.209091426479226783e+01
1.233278555587355640e+01
1.016704214766773262e+01
1.440354222528715944e+01
1.080170705382089480e+01
1.400550603047398113e+01
1.235693158650689938e+01
1.539707208249848414e+01
1.070802414870145292e+01
1.095139168235201410e+01
1.221693550848187293e+01
1.504311613835475647e+01
1.235535625218258104e+01
8.572228471608834610e+00
1.263121924878294600e+01
3.992113860933818259e+00
1.335519433876868867e+01
1.343174459583688041e+01
1.361779233226941699e+01
1.240942920737975541e+01
1.334231286520534354e+01
1.295004915340714469e+01
1.053708629928127039e+01
1.555524842787455064e+01
1.318503127762573257e+01
1.123578692949525859e+01
1.380714817442918196e+01
7.994647326385705632e+00
1.064152492344422285e+01
1.298766281775795584e+01
1.338108130705461463e+01
1.008978036856663607e+01
1.198271119915271399e+01
7.689360216872223930e+00
1.484453770092255276e+01
1.194138489354807398e+01
1.014028168880454217e+01
1.510190875969243329e+01
1.211861637220106758e+01
1.182026906528786014e+01
1.387666154884633407e+01
2.106437951776071671e+01
1.382543733763159466e+01
7.547109819818722976e+00
1.617522506612163014e+01
9.617340587087502612e+00
1.131714053422186694e+01
1.243275616672242556e+01
1.602068525656011033e+01
1.567230573859769294e+01
1.257514689134807107e+01
1.300646409374204637e+01
1.296255568455207374e+01
1.398567887455887693e+01
1.488292973001416541e+01
8.664236443102025120e+00
1.248657115553599617e+01
1.447465903767219686e+01
1.488906099497543067e+01
6.164690660248730580e+00
8.132212941326610434e+00
1.316436346073904140e+01
9.375903237782180710e+00
1.026403115725801030e+01
8.443524908812054974e+00
1.303533807552614121e+01
1.301717914623039718e+01
1.947984286483782057e+01
1.303014414508078112e+01
1.050365510516890666e+01
1.653526859675049110e+01
1.779511284196341592e+01
1.874841747774481249e+01
1.442915349247873280e+01
1.535863159069780792e+01
1.491262790900413115e+01
1.602717299038866372e+01
1.355771635871739278e+01
7.911263576608497772e+00
1.750624039399544785e+01
8.586421813699359973e+00
1.270248779135387629e+01
1.450339963985012126e+01
1.055962220192335721e+01
1.219754874492133467e+01
1.510621812257309671e+01
9.970885140953212655e+00
1.284058517076420181e+01
1.515425747639931764e+01
1.440586946655082556e+01
1.227872844926012696e+01
1.383502313151032759e+01
1.271299281326227870e+01
1.765707492621270447e+01
1.267286074707432242e+01
1.488188086607928007e+01
1.355668553663491060e+01
1.299220289041788057e+01
1.514525087325645991e+01
1.304246853347594381e+01
1.568019817928175463e+01
1.540199242982417971e+01
1.386853960758346638e+01
1.400563795215474627e+01
1.312694378802833128e+01
1.658806161339966323e+01
1.520126858606174913e+01
1.925438725327634515e+01
9.711366128186110558e+00
1.407859537820273665e+01
1.311241428923051444e+01
1.302829119527261348e+01
1.359314258551039245e+01
1.507793159972192498e+01
1.173479712588596335e+01
1.553482251856194729e+01
1.756769926965292683e+01
1.320566760883018631e+01
1.303797524452081191e+01
1.229692354990127789e+01
1.197582954378680675e+01
1.324403297996192030e+01
1.497164883787463019e+01
1.493464391675089686e+01
1.666364618112249829e+01
9.000639447997780707e+00
1.220857316789785862e+01
1.387800997626590060e+01
1.315446998698627468e+01
1.588346075340832186e+01
1.353599880693493596e+01
1.727870234978869846e+01
1.243955514176439436e+01
1.966418233361491374e+01
1.799297978086291039e+01
1.556960365498355081e+01
1.482706531356914859e+01
1.714808361668023906e+01
1.788861960155517039e+01
1.421195695772970780e+01
1.239600854235444771e+01
1.267637522092953439e+01
1.422969229524439783e+01
1.054425453622768138e+01
1.385065796497858237e+01
1.358968594150479170e+01
1.388008559668815778e+01
1.634363526445214276e+01
1.206973751737283607e+01
1.478306692368903619e+01
1.742696358455985006e+01
1.094593522427995325e+01
1.657899354558367122e+01
1.489933133657562792e+01
1.534714113065789221e+01
1.172806099372300537e+01
1.144071495489503576e+01
1.738600343309391860e+01
1.347637732623136664e+01
1.348456517047632808e+01
1.411370663059850017e+01
1.581569956684804090e+01
1.556750663966571757e+01
1.476448551404163112e+01
1.300803873150773704e+01
1.378542437849732138e+01
1.835238467612507662e+01
1.221090296620072380e+01
1.466767789229161068e+01
1.409285844858667147e+01
1.201176373960603883e+01
1.174875966379163827e+01
1.371787147327853873e+01
1.289305115278902036e+01
1.055069478917734926e+01
1.001483371665159972e+01
8.532938847099444502e+00
1.355284536309652843e+01
1.109510636302342235e+01
1.401117838047485442e+01
1.301105784393915776e+01
1.365848497670265083e+01
1.269325454351688975e+01
1.197449643530931596e+01
1.348408806429054074e+01
1.402824193955169996e+01
1.389434656534429635e+01
1.397184664393654074e+01
6.878711150100897065e+00
1.100265472178718973e+01
1.265453901982411367e+01
1.658529113054531479e+01
1.567079420385173272e+01
1.202867282529959603e+01
1.105828480305231132e+01
8.100215726565323848e+00
1.329599285039330958e+01
1.265586070395121610e+01
1.031603799224589224e+01
1.248202301046250540e+01
1.339480474525965370e+01
1.626000241456560858e+01
1.191253171840708092e+01
1.521455579228376642e+01
1.619097563918950300e+01
1.356478361457385162e+01
1.265382510176348774e+01
1.319483083855392103e+01
1.132026556139209816e+01
1.021093196253980651e+01
1.399476150645993044e+01
1.535445940411651300e+01
1.284949837393241623e+01
1.045908970899358792e+01
1.650201266309468906e+01
1.296712563707276011e+01
1.645889252117979851e+01
1.418499549849370567e+01
1.159247641712509491e+01
1.385840892434994487e+01
1.364591053467471227e+01
1.371636039458666367e+01
1.268788817314876560e+01
1.277521645846355725e+01
1.299354874019397066e+01
1.341093850190803849e+01
1.700601235260145572e+01
1.718999093301788861e+01
1.294278379954477742e+01
1.135463958766309567e+01
1.226864524033013559e+01
1.221229423086736787e+01
1.363457826333084277e+01
1.325769756603386185e+01
1.532750004814759492e+01
1.318196129389198212e+01
1.366531080348818961e+01
1.163665674008968409e+01
1.176394331709497187e+01
1.349574042968202114e+01
1.313317408521065666e+01
1.366281210070560093e+01
1.396339270822836376e+01
1.557698894927702327e+01
1.537133926885262625e+01
1.410021261444900631e+01
1.565186793259415232e+01
1.300738637653309659e+01
1.368661230094501491e+01
1.488562320384836646e+01
1.617391233647523308e+01
1.234415708859256178e+01
1.409287188715558514e+01
1.402118069333169714e+01
1.672858481024447030e+01
1.099188618445833576e+01
1.257926883395514395e+01
1.314012319966139763e+01
1.355233364038599220e+01
1.270637604097369788e+01
9.893252961102728449e+00
1.234852931409621313e+01
1.437156650340100406e+01
1.466082116700285454e+01
1.315934766984404192e+01
1.381483320958500727e+01
1.054431396319895420e+01
1.454062555402560619e+01
1.306789513489648868e+01
1.386144587177628118e+01
1.435966372114056000e+01
1.221418004574063865e+01
1.183140882331706045e+01
1.355531553282655821e+01
9.210723394621162186e+00
1.296798597802260744e+01
1.307798570250836434e+01
1.242855318526447128e+01
1.419348086972767931e+01
1.707385215977104664e+01
1.317955580555821093e+01
1.394322666429407676e+01
1.361107352806704540e+01
1.383216888639378972e+01
1.451703198836880659e+01
1.835512725484989005e+01
1.441311275402421721e+01
1.509252354161989018e+01
9.849154211433981843e+00
1.017275801532650448e+01
1.318992564750089080e+01
1.258838836823597873e+01
1.278697411245262217e+01
1.392033647628426074e+01
1.354370325211292680e+01
1.298511056685018161e+01
1.529230742953344446e+01
1.318353378738841108e+01
1.349843406425048542e+01
1.289657468861207334e+01
1.682776567586494920e+01
1.314181465470059784e+01
1.440006422937193342e+01
1.517053725905988060e+01
1.347344657770758225e+01
1.355663986307414604e+01
1.304357992664158949e+01
1.730420265606181474e+01
1.513689661171702383e+01
1.473445142415640419e+01
1.256623366212250481e+01
1.094251528243793103e+01
1.367993283054202536e+01
1.611965701063799017e+01
1.335788361883927777e+01
1.258625902695804832e+01
1.151585948708727081e+01
1.216877308025629567e+01
1.316024330727224090e+01
1.271989758862277498e+01
1.481130255864174927e+01
1.500668816270137285e+01
1.401400581122798705e+01
1.395262919413157654e+01
1.443225042782751366e+01
1.399180529774041304e+01
1.292694716369942753e+01
1.337327913524416800e+01
1.449621224315795054e+01
1.329920500921763349e+01
1.315138108153852592e+01
1.805729592491983126e+01
1.371331350496895851e+01
1.630867007759366771e+01
1.515256662431029611e+01
1.308550879376087650e+01
1.526306944098667806e+01
1.262456631555003561e+01
1.389900127561488041e+01
1.171554253636539400e+01
1.529493547958318977e+01
1.372480126044090731e+01
1.107250694161144011e+01
1.096041129123321589e+01
1.310952987526794544e+01
1.326702418084981439e+01
1.448866234674814280e+01
1.363377746867509366e+01
1.302969422548773792e+01
1.409020638005468307e+01
1.985593402483351610e+01
1.142184606863179930e+01
1.343823648850881192e+01
1.505717950868179855e+01
1.367300838589693157e+01
1.298766762683001730e+01
1.189107827123193850e+01
1.310129925043231935e+01
1.165119813672858839e+01
1.178418338009360511e+01
1.496430593097063166e+01
1.311748498208988067e+01
1.478250846926367501e+01
1.525008369524892160e+01
1.415552342560471288e+01
1.202196094668941662e+01
1.360064374922081676e+01
1.504075887402419553e+01
1.452280760041174368e+01
1.306896301545746297e+01
1.452383092346503624e+01
1.344147987920371534e+01
1.349953491481586809e+01
1.582209135745919326e+01
1.280596992053965444e+01
1.216633934087388802e+01
1.501328061160727323e+01
1.060258778678386449e+01
1.126967313473587495e+01
1.219347230401755056e+01
1.634002940816929339e+01
8.881110167209559592e+00
1.455494052097178326e+01
1.455386176423152733e+01
1.214958498657085784e+01
1.748006065033067813e+01
1.184335184778732852e+01
1.268254966245936188e+01
1.273102648087001576e+01
1.396000040790750063e+01
1.465505096932871254e+01
1.520054080011171038e+01
1.206920516308157687e+01
1.541770762218343194e+01
1.391550785701639903e+01
1.387081772002052560e+01
1.400689648779585106e+01
1.353284621876381166e+01
1.444874183960731884e+01
1.255329477111990144e+01
1.479234240503731534e+01
1.586674254735855349e+01
1.203954200924354723e+01
1.357773336919100515e+01
1.562627038131628510e+01
1.350265991554146794e+01
1.374848976678418211e+01
1.683098131698218936e+01
1.180371331400775148e+01
1.348971536417045236e+01
1.487154450155473207e+01
1.308670712383074175e+01
1.444966261700266585e+01
1.650316933058030955e+01
1.308705299978992898e+01
1.263557812053181628e+01
1.331072079841564459e+01
1.460247395334612719e+01
1.513361357412532726e+01
1.340052798906357978e+01
1.474572505018707069e+01
1.403410360011999103e+01
1.269161671194455998e+01
1.378220610138743929e+01
1.077086382651832253e+01
1.845173780394135932e+01
1.645456315811754422e+01
1.458335253366295525e+01
1.484838128110755662e+01
1.555219222229638554e+01
1.332045722449852043e+01
1.014957306793940894e+01
1.287214144482788747e+01
1.339496483979508490e+01
1.408045936973908674e+01
1.436481429772142882e+01
1.579938563274593122e+01
1.620283551440964231e+01
1.411016657008698871e+01
1.363746051578536189e+01
1.431661916422998182e+01
1.371327725059363800e+01
1.249865773368293276e+01
1.438619428959854218e+01
1.481757571698137177e+01
1.496477355869601666e+01
1.378404684857171958e+01
1.445215771783612801e+01
1.414417045035357212e+01
1.244646267140519313e+01
1.191637818547517469e+01
1.432207248439719294e+01
1.211698610997514081e+01
1.654951570496751501e+01
1.432903748767080820e+01
1.500546357311798040e+01
1.332073184910986718e+01
1.484933631785165709e+01
1.470645968392922676e+01
1.378143590855281175e+01
1.406941930374937932e+01
1.701706752017684110e+01
1.392925640677464649e+01
1.342159539589594885e+01
1.589619638761531917e+01
1.525639709242846287e+01
1.342352544097820477e+01
1.552818764260809736e+01
9.677055361348063656e+00
2.059745691856045724e+01
1.696768997610183050e+01
1.502153938385088239e+01
1.414087077168394302e+01
1.672423765183980393e+01
1.514972213188187489e+01
1.523058164988910868e+01
1.692363487977586800e+01
1.291216958480908517e+01
1.424325301413482947e+01
1.315059729672251976e+01
1.396212140760536258e+01
1.495552050515724751e+01
1.535306892312476279e+01
1.315598538280828755e+01
1.525707869953364337e+01
1.415930414081540256e+01
1.219172864577883786e+01
1.426868407076229239e+01
1.504687556160851614e+01
1.776748982307991653e+01
1.540201066976491262e+01
1.459427166985868496e+01
1.541850012990284213e+01
1.828657769623180585e+01
1.415034556366327934e+01
1.457379775503465957e+01
1.313702260571491287e+01
1.384386191490290408e+01
1.416692049537221365e+01
1.216710437680259460e+01
1.548586547116773282e+01
1.428750734986622284e+01
1.314564447221902199e+01
1.300360581696467221e+01
1.451070580568810442e+01
1.303653262988814987e+01
1.532205181237332070e+01
1.298070434098003290e+01
1.467466570102080858e+01
1.591927840162603580e+01
1.210249017587125664e+01
1.308070409206886353e+01
1.701944768119647833e+01
1.439972742411527840e+01
1.337439725752186703e+01
1.472256331138833296e+01
1.692020843750897541e+01
1.284936527404279794e+01
1.337242498477560204e+01
1.367004446502360082e+01
1.380657135383884260e+01
1.624100499956809074e+01
1.532057810870893455e+01
1.351560872096716004e+01
1.332696093060933862e+01
1.177858683109723081e+01
1.555513039715073909e+01
1.444980340566300470e+01
1.131629934368305967e+01
1.470308469981888422e+01
1.317574416062447895e+01
1.527421588579800371e+01
1.483419542599010654e+01
1.580117389165409492e+01
1.545818408013299994e+01
1.673518245194397380e+01
1.238302954487214613e+01
1.571391630166941944e+01
1.444965287347875638e+01
1.364997868865432729e+01
1.409047455736813070e+01
1.307401334222466538e+01
1.283422775168725138e+01
1.540239593137724938e+01
1.172987532769876395e+01
1.179291977726943941e+01
1.215293607672807319e+01
1.166131214666300231e+01
1.043940961930232803e+01
1.256944135794846673e+01
1.296891288523170438e+01
1.190945016032650017e+01
1.426602199296099727e+01
1.218231375456132426e+01
1.045428163183079562e+01
1.452411692221926209e+01
1.358811845940797447e+01
1.265771872676509169e+01
1.038472214429413754e+01
1.498474563710816909e+01
1.394319415276076413e+01
1.285961778731298288e+01
7.078477794765067443e+00
1.388072106339991763e+01
1.432373915770492623e+01
1.387391708395023571e+01
1.360366225136133345e+01
1.148832901633162429e+01
1.419995419226547106e+01
1.385790984164094297e+01
1.259575315783908245e+01
1.351819409376236436e+01
1.466664175444086915e+01
1.223159458089958740e+01
1.219473132824526829e+01
1.381344822531062810e+01
1.154539849998061740e+01
1.346848503875151337e+01
1.350472178102942067e+01
1.498133402144097914e+01
1.285231910548484002e+01
1.631765289217181802e+01
1.503004235391089338e+01
1.498775075810661228e+01
1.446449672455613999e+01
1.712782407141800078e+01
1.407635317853356227e+01
1.258200813312120481e+01
1.363934708896239556e+01
1.401345684590459229e+01
1.210126320348537199e+01
1.529949462390715809e+01
1.342258091013951748e+01
1.509701511227888915e+01
1.668541614524421846e+01
1.557994384061487558e+01
1.384810958713251239e+01
1.575616848827316652e+01
1.667581011116422118e+01
1.510738876266935726e+01
1.471641608435472293e+01
1.460259581255993133e+01
1.617338615903094379e+01
1.386996935770011241e+01
1.445897970007066746e+01
1.474456112275776221e+01
1.495035788435798629e+01
1.409561659386562305e+01
1.443537005262835393e+01
1.342931216034634723e+01
1.298761801503790814e+01
1.418908678870665696e+01
1.498639002526053332e+01
1.056550287209274686e+01
1.823674570975897424e+01
1.389182914710100292e+01
1.527611417591472254e+01
1.453156804389734447e+01
1.552511127360240550e+01
1.227584000204693915e+01
1.423051720761785077e+01
1.371924492785697325e+01
1.573070095694304094e+01
1.456029712451657332e+01
1.921824128035753176e+01
1.349651094359383485e+01
1.080695030976158044e+01
1.519937368735587313e+01
1.424712682123519158e+01
1.399810020726836512e+01
1.337143623583464525e+01
1.525648908893983702e+01
1.412985741579602106e+01
1.282811514238015249e+01
1.615115281617037724e+01
1.579289890697086207e+01
1.466599696540596476e+01
1.419686841567323654e+01
1.435315856119968814e+01
1.319152470970929869e+01
1.391054989999613056e+01
1.525256369653966004e+01
1.479452749775747655e+01
1.522480174017937671e+01
1.343476436608006885e+01
1.287428773412396943e+01
1.269929473304760492e+01
1.598862668337339521e+01
1.441889898820356741e+01
1.440140976212326684e+01
1.715208854493453217e+01
1.332646387254130182e+01
1.597663143698817478e+01
1.345659050848084348e+01
1.422585966034817950e+01
9.808454376954056642e+00
1.396876887106296827e+01
8.268707098325108973e+00
1.657343434691156858e+01
1.429513141961817624e+01
1.454499714101721786e+01
1.407392694760354424e+01
1.659518942749734904e+01
1.445379802787071277e+01
1.485723234715297458e+01
1.349665845237570849e+01
1.563945761150573865e+01
1.318746995932288257e+01
1.199948284590011305e+01
1.468772249460024604e+01
1.402432969135861462e+01
1.424995995236230328e+01
1.344034001473605500e+01
1.205670318529676699e+01
1.483009594165728728e+01
1.527222584896074764e+01
1.485607020925027832e+01
1.644259078770400251e+01
1.794468588147415034e+01
1.592287930411427865e+01
1.624088649935121609e+01
1.751301818882949135e+01
1.541296723078318465e+01
1.707506970893949472e+01
1.643260564060856055e+01
1.559864487166526814e+01
1.273815422194948965e+01
1.289494068753847422e+01
1.273441109608976873e+01
1.372507533595877582e+01
1.363973764873994554e+01
1.519626295757281476e+01
1.349634397237765349e+01
1.338490828592249215e+01
1.681249744339510599e+01
1.512472218432882087e+01
1.372821937476699716e+01
1.475102686138314390e+01
1.513657199941919984e+01
1.443355770957248296e+01
1.262157835854665677e+01
1.757432746919169375e+01
1.392316423753440269e+01
1.359816383608260004e+01
1.543069956552156086e+01
1.590909282900494226e+01
1.676757491747985540e+01
1.378815122419893768e+01
1.459411256804075840e+01
1.373227889796707046e+01
1.463062142714668212e+01
1.404939939760058820e+01
1.364908992267698373e+01
1.398883254270115017e+01
1.328874973529687509e+01
1.295654626270204979e+01
1.359072274932075253e+01
1.338489647959797679e+01
1.410906909907069817e+01
1.488127352403047787e+01
1.586387102688912165e+01
1.437657232182141520e+01
1.153021495371673311e+01
1.227989763273702373e+01
1.505917437902412459e+01
1.399028792302385327e+01
1.424257526138237218e+01
1.298444922938513990e+01
1.087678967621616444e+01
1.211125307094960846e+01
1.296777080747181543e+01
1.653222771207433084e+01
1.269968922568693515e+01
1.554777632113170327e+01
1.463044477794034393e+01
1.470890258030970976e+01
1.286274270140200038e+01
1.224909464521738833e+01
1.375058999141699800e+01
1.415709492966761296e+01
1.259499453946674663e+01
1.155176534091854101e+01
1.328044690736946976e+01
1.488173474194653068e+01
1.275234671931658603e+01
1.263557006441049779e+01
1.328457521425268695e+01
1.532324241674828613e+01
1.029193932025070701e+01
1.388893489139555548e+01
1.108610096619161745e+01
1.400504230612371614e+01
1.373339929583745622e+01
1.486666299971647476e+01
1.365891105403042971e+01
1.117900148175233710e+01
1.497786059464916164e+01
1.402318174572447518e+01
1.502095413710891947e+01
1.271361923599485699e+01
1.192078743433057753e+01
1.443964089372435744e+01
1.451204176088412368e+01
1.297449251914272850e+01
1.303259148806765744e+01
1.096448136663994433e+01
1.360727028528209992e+01
1.275355217729093660e+01
1.339437695885525947e+01
1.597932295799160940e+01
1.519454525667812028e+01
1.461572382839059614e+01
1.579545609779897752e+01
1.373953160034975696e+01
1.389580093700303998e+01
1.357489970638126131e+01
1.260710994222813675e+01
1.284893666536050283e+01
1.311742439093480428e+01
1.506780843339570986e+01
1.268611043828869711e+01
1.344127246225095895e+01
1.436942224924739619e+01
1.298759675246507683e+01
1.212339992235863306e+01
1.334447012894877815e+01
1.406874204428853758e+01
1.364050086947459484e+01
1.310365622942793529e+01
9.882343458863092067e+00
1.308384491147135975e+01
1.415577025525439758e+01
1.367624013853371956e+01
1.455323753830382927e+01
1.234529539262575071e+01
1.379002276456476572e+01
1.088226715480051077e+01
1.277006597439554980e+01
1.511503974843542863e+01
1.354648794153870739e+01
1.316943700286599217e+01
1.251711512125865511e+01
1.345685379121241176e+01
8.776801183959278774e+00
1.360387401870171509e+01
1.174127815362760785e+01
1.081614961718842238e+01
1.178968921805923742e+01
1.454731457019869012e+01
1.306692136467286502e+01
1.106361535815924491e+01
1.478552845622482437e+01
1.351485175985006570e+01
1.411175018574949291e+01
1.684116527587931600e+01
1.292542179896841148e+01
1.132452466268787816e+01
1.393790857553739038e+01
1.328609945257031733e+01
1.196025512855915629e+01
1.515036824430345952e+01
1.394675576278450713e+01
1.393384916990150657e+01
1.237140322711596774e+01
1.260831672147838489e+01
1.868264256361657516e+01
1.392253994120779836e+01
1.359380798448959560e+01
1.366967234291977462e+01
1.426517911972894836e+01
1.419801140116720184e+01
1.555077404769045657e+01
1.583018323607365829e+01
1.351350855143831708e+01
1.415511346453176422e+01
1.584778900555899384e+01
1.560428012051594493e+01
1.763934328115087879e+01
2.025398297754998111e+01
1.681231393650675088e+01
1.700880576661321797e+01
1.317674948351257314e+01
1.600120832530803838e+01
1.157564822006219352e+01
1.575418868998203514e+01
1.408018264292783783e+01
1.470778445152406455e+01
1.648516688715157130e+01
1.436023142632510741e+01
1.590209998913520906e+01
1.445027260043951856e+01
1.470778285618493264e+01
1.320841359916195046e+01
1.542510466298183580e+01
1.611683442014220802e+01
1.438980792769371853e+01
1.397360085599525448e+01
1.609901484382965009e+01
1.404807787043104916e+01
1.593083096925932907e+01
1.481137095386793590e+01
1.429103332112240921e+01
1.373322962356365906e+01
1.450813713793869120e+01
1.565324568980445363e+01
1.400971475756964857e+01
1.420243108691273370e+01
1.370835782691679405e+01
1.538566857964797308e+01
1.415051169367556128e+01
1.545809716638432896e+01
1.252423747192820969e+01
1.684667386642322739e+01
1.443254825075086067e+01
1.444532242765679619e+01
1.546662523096418340e+01
1.517768896368581721e+01
1.615150568172523649e+01
1.210965134616607131e+01
1.588623458687085943e+01
1.379239197933295280e+01
1.547826147268786912e+01
1.426755228387772334e+01
1.438024010890191917e+01
1.486682821552789946e+01
1.233321394699520823e+01
1.459623958008980260e+01
1.563046333840681790e+01
1.583266472480617537e+01
1.404731787535140697e+01
1.589997344996326767e+01
1.460008884897482240e+01
1.451699937171451005e+01
1.529638290854317262e+01
1.782454578303411452e+01
1.535139728713305551e+01
1.573197232485481578e+01
1.509468963381210749e+01
1.331108457394726408e+01
1.382873167501282907e+01
1.188255228070053704e+01
1.430163304011067105e+01
1.549703203998816115e+01
1.459956351765853277e+01
1.400880945485391038e+01
1.535921904783142544e+01
1.452790216758416975e+01
1.398735901292796413e+01
1.497031564575413576e+01
1.462275597850845088e+01
1.457422153067527226e+01
1.523470163339345618e+01
1.528317087266389862e+01
1.425554412770021706e+01
1.501618636998357381e+01
1.526692451109765791e+01
1.356962084196004525e+01
1.106687496863214903e+01
1.520256014477521411e+01
1.591261636899136356e+01
1.479866623038582851e+01
1.307734157584307511e+01
1.743654512460378925e+01
1.439226681057200530e+01
1.384221139094172237e+01
1.484663910433538447e+01
1.349794089464863589e+01
1.623236082635038002e+01
1.308896268144241759e+01
1.527292594339355958e+01
1.646676480190367542e+01
1.390940179578427838e+01
1.765291702737169999e+01
1.503030678503705886e+01
1.577553798884494185e+01
1.474049821617632006e+01
1.453161975297123476e+01
1.556640728885376923e+01
1.477558553009286157e+01
1.584499694976793016e+01
1.519210845868650495e+01
1.489002909244454109e+01
1.377334571511080519e+01
1.593524527714784078e+01
1.633542007808718921e+01
1.528402345768430237e+01
1.455217719035604773e+01
1.509617668735485729e+01
1.329503274868416440e+01
1.677355410559602333e+01
1.365226463902189735e+01
1.455772139219338079e+01
1.647391617911598516e+01
1.176255241926854112e+01
1.668483032802495103e+01
1.481836478135108948e+01
1.671898444915401427e+01
1.129345756900742614e+01
1.706282040685541190e+01
1.640994842209560289e+01
1.685494354448617571e+01
1.716538027461809079e+01
1.652702881530132828e+01
1.570876502014708009e+01
1.485616642386020558e+01
1.647863936485385850e+01
1.513628774352744877e+01
1.571757751751068355e+01
1.488370411093092827e+01
1.927610789901995503e+01
1.420716452326235313e+01
1.402423478608432283e+01
1.541625054023350927e+01
1.389878054106411653e+01
1.607283373439205221e+01
1.648105375046865007e+01
1.526815992437252945e+01
1.912062666979921133e+01
1.735766180705526196e+01
1.599174124962598675e+01
1.605286249821044464e+01
1.507966976699475836e+01
1.630672838318105988e+01
1.772575718565858693e+01
2.273052668887270755e+01
1.635449560833028926e+01
1.651401272939536469e+01
1.676468014882042823e+01
1.658884041126211883e+01
1.370804726199073542e+01
1.729556659076007818e+01
1.975971370156030815e+01
1.538333680849256346e+01
1.506647640307168601e+01
1.756038218865746359e+01
1.505512515022256004e+01
1.595862738020613314e+01
1.625285430771198492e+01
1.945905608284113697e+01
1.438278025870839727e+01
1.638810424113711761e+01
1.851510787198214558e+01
1.954610845196609858e+01
1.995444379529516610e+01
1.982300899366557800e+01
1.935832624818609560e+01
1.880665546909876440e+01
1.433750088863365590e+01
1.633630155472439682e+01
1.705490290799256670e+01
1.865704798424167876e+01
1.625455056386198294e+01
2.294373797054086239e+01
2.623932210889267580e+01
2.362386619923691455e+01
2.614161927348742864e+01
2.615329089037965105e+01
2.129729830891110254e+01
2.019756551830972313e+01
1.889581059318521739e+01
2.030737973023716947e+01
1.474093831471967420e+01
1.797995019416476126e+01
1.703629687319801178e+01
1.824442613862100515e+01
2.073635258135410453e+01
2.569506983782010323e+01
2.510218133479260416e+01
2.662674971784630884e+01
2.656447328763333715e+01
1.878962164705885485e+01
2.068851470302704598e+01
2.178421001075653862e+01
1.689401056059502082e+01
1.385719169686349161e+01
1.553034986271038953e+01
1.125876163111004757e+01
1.278340456893611332e+01
1.814289030931617930e+01
1.739956754272330741e+01
1.546078879129333394e+01
1.514501598598320165e+01
1.585814803141373552e+01
1.481916179433994074e+01
1.697447775320829777e+01
1.626751332153243723e+01
1.834069353860040152e+01
1.493450293927374872e+01
1.513830156113565195e+01
1.373282594635385045e+01
1.588779281993034509e+01
1.495730583082218779e+01
1.805517709365858892e+01
1.483402102031392644e+01
1.490405746137956378e+01
1.541686053927459987e+01
1.660094541477314678e+01
1.620967528306507432e+01
1.630077721450162542e+01
1.493225453794242341e+01
1.091630936423765874e+01
1.747483169331768948e+01
1.419546303916584229e+01
1.407942747694255736e+01
1.451536365631456782e+01
1.450294018244831307e+01
1.428655892047960130e+01
1.448827722044567246e+01
1.470963866575343992e+01
1.277485725817473572e+01
1.929940040662972933e+01
1.412575825966816367e+01
1.455781062215806898e+01
1.502579633895030042e+01
1.442904069073213869e+01
1.423227557341358995e+01
1.463165118833262746e+01
1.627577865222630749e+01
1.253886157754753228e+01
1.258892174356602212e+01
1.461541414179364473e+01
1.452240272618718997e+01
1.327896064326038505e+01
1.844868522897209218e+01
1.467313127567705244e+01
1.470735273248095965e+01
1.480639400747638490e+01
1.414004270202477542e+01
1.398123342444963413e+01
1.498815249358386303e+01
1.321057546857108100e+01
1.358048700943817799e+01
1.662531678352878828e+01
1.179613164825322968e+01
1.482574594428228565e+01
1.485001714006763507e+01
1.530821066249366957e+01
1.492999396336891316e+01
1.554945157944654888e+01
9.327892708037703429e+00
1.435940306750700302e+01
1.175582768078671414e+01
1.456215197443217058e+01
1.188656508126843470e+01
1.288410855863782523e+01
1.508644991304000271e+01
1.545325020698912510e+01
1.395473997765324015e+01
1.359418057257843770e+01
1.643569160647849969e+01
1.506190672241216610e+01
1.360912609495072267e+01
1.653101026121824546e+01
1.736054633211939802e+01
1.223303773231678093e+01
1.653259237664074988e+01
1.466167920849263595e+01
1.610692843158945564e+01
1.708717382744948310e+01
1.848098819899150413e+01
1.433494339250016125e+01
9.600580269255495125e+00
1.734538602462554735e+01
1.583237754278181342e+01
1.843511649188284451e+01
1.869325044990310758e+01
1.461834982700992747e+01
1.627036851894958502e+01
1.556465651283807539e+01
1.681551681700123524e+01
1.250439296607510187e+01
1.447456678368417471e+01
1.489162865124858293e+01
1.535567165669955436e+01
1.349281246756026675e+01
1.599192896563617694e+01
1.367562097820473177e+01
1.402651090275666590e+01
1.612840559554794240e+01
1.577935953850283468e+01
1.398940052167021264e+01
1.477915220957816267e+01
1.377900103101132778e+01
1.322743525290679756e+01
1.479853814163044845e+01
1.244225385250438265e+01
1.371252262697288238e+01
1.414602784458526941e+01
1.534579104642864955e+01
1.482905802809246332e+01
1.351893828221282945e+01
1.655520716431628969e+01
1.570916629522607622e+01
1.488980686163784206e+01
1.550589028338797881e+01
1.626010660400922347e+01
1.334669609699313675e+01
1.450832785800116831e+01
1.420623423257734252e+01
1.487697536224291994e+01
1.527869368612005019e+01
1.496058916981173859e+01
1.452311587493946377e+01
1.349368281450418472e+01
1.650382815345026444e+01
1.107249639220590254e+01
1.112913873389700647e+01
1.015084133124750920e+01
7.719062443156355258e+00
9.187243473952019457e+00
1.164474901993774481e+01
1.116979058205206776e+01
1.206418409535726433e+01
1.111868477254469667e+01
1.199126495584929408e+01
1.330373931542089494e+01
1.463243653337889860e+01
1.474000074944530958e+01
1.669276582230465067e+01
1.287105191929427050e+01
1.224833063994389803e+01
1.702335577529079558e+01
1.231978727052852385e+01
1.409747406494397737e+01
1.236444997081532016e+01
1.486898334991883175e+01
1.362572672539617180e+01
1.284114384947582366e+01
9.942811058965549620e+00
1.341613095786577325e+01
1.377006928328718161e+01
1.382669540296206634e+01
1.826725559975654534e+01
1.397995588429436076e+01
1.338228821269826696e+01
1.053806477341471393e+01
1.675095365374977519e+01
1.386017330021190830e+01
1.573606636335294162e+01
1.644534341836376967e+01
1.516012330699100019e+01
1.539582497773666248e+01
1.207098105744184480e+01
8.878197952060864040e+00
1.593643400369618135e+01
1.292929455088196455e+01
1.408692840040172278e+01
1.450943999084785396e+01
1.324389412477884242e+01
1.748498207683064720e+01
1.316611389712753422e+01
1.341176977701917572e+01
1.741377260188372844e+01
1.620549339809965161e+01
1.410562000819486883e+01
1.131639380660424443e+01
1.497886860707406775e+01
1.624068430507369243e+01
1.646870747350720166e+01
1.286538488582018580e+01
1.408014646305482565e+01
1.293845485044763244e+01
1.380334669967869310e+01
1.343371084581242059e+01
1.679871075169012329e+01
1.615910863661004271e+01
1.293696770879482827e+01
1.437651519757146623e+01
1.585939400949163236e+01
1.221295166865580484e+01
1.632260341674765414e+01
1.217642329323203221e+01
1.194864072106422803e+01
1.596758572145173538e+01
1.530291470333732029e+01
9.015261177971389372e+00
1.037325273337242137e+01
1.456777357342838641e+01
1.356807866448871636e+01
1.496798921163770935e+01
1.571772361517222905e+01
1.256449816291186039e+01
1.320397335408579309e+01
1.317412419061077955e+01
1.374259968239067398e+01
1.417733454487294509e+01
1.223641122527511627e+01
1.838029441747163872e+01
1.455777133622873976e+01
1.792925904132022197e+01
1.116250081079401824e+01
1.460749883407097016e+01
1.508093265966716956e+01
1.590440742342171632e+01
1.213111796267232023e+01
1.177053208278535834e+01
1.250161430392476802e+01
1.469871674235713144e+01
1.498469473560581733e+01
1.209743314899500177e+01
1.348730702014521832e+01
1.574299564213528058e+01
1.433008265050322194e+01
1.348203556663066394e+01
1.518309694922659681e+01
1.042578585745784991e+01
1.454069894579516031e+01
1.771796772545180687e+01
1.318283388318481464e+01
1.427613619536202982e+01
1.462620711691189612e+01
1.379590309417500649e+01
1.604225315480973535e+01
1.427104860198925174e+01
1.450846137759163135e+01
1.475037549657729663e+01
1.657839183763548618e+01
1.424519901882503881e+01
1.501055173903676199e+01
1.386540684706262283e+01
1.044554119966389649e+01
1.402670700890280386e+01
1.496631773025894674e+01
1.286472092780433130e+01
1.559445149052072033e+01
1.237071801786560243e+01
1.382505633118335275e+01
1.350498670590901007e+01
1.295364518463032155e+01
1.498284031143824713e+01
1.450783003624349554e+01
1.255068680995305108e+01
1.461338580720124725e+01
1.525700342126434172e+01
1.165419410828481972e+01
1.216902928541064988e+01
1.516348435968155073e+01
1.365128594574656695e+01
1.602464637508321132e+01
1.323484741438774215e+01
1.501388775803783560e+01
1.599591108054088906e+01
1.517871743323154732e+01
1.514220392242380697e+01
1.612630338103742744e+01
1.486224314598442042e+01
1.245898926009651930e+01
1.719491257017873309e+01
9.895131677996371167e+00
1.101192555521997463e+01
1.463825378177037351e+01
1.057278594005077466e+01
1.152681674252387900e+01
1.499621953713324451e+01
1.062498307783894980e+01
1.398434144952935476e+01
1.334571867720431193e+01
1.291351238195676387e+01
1.667711164601330864e+01
1.451151857906842579e+01
1.462123057840735463e+01
1.620377686585030474e+01
1.471084447377583615e+01
1.156099537653285658e+01
1.340004239670285813e+01
1.522065842799440993e+01
1.595611356708987927e+01
1.254471844240482170e+01
1.662917525404624541e+01
1.638852628143249746e+01
1.258849486446153776e+01
1.590926407444223045e+01
1.277836364532277535e+01
1.249411944959731180e+01
1.425380041369759709e+01
1.152111739205637519e+01
1.439153774341767544e+01
1.291796766067736968e+01
1.357091686302939948e+01
1.488763558845036528e+01
1.269853253878409127e+01
1.173704418747812284e+01
1.557235883748761474e+01
1.718724426857042076e+01
1.593682149460293651e+01
1.236799854459608206e+01
1.548372745601076872e+01
1.312312507705265929e+01
1.330022965338381802e+01
1.247041436791723079e+01
1.708197358143418043e+01
1.276871068648579310e+01
1.257554297212654326e+01
1.283841604973736672e+01
1.194794598296691390e+01
1.404147631274083885e+01
1.141167947144958816e+01
1.195766129052739934e+01
1.284428476258159435e+01
1.270204775340864600e+01
1.401378375979651736e+01
1.737455987965617865e+01
1.308774851157918029e+01
1.332965169269082573e+01
1.527443612023106390e+01
1.141923897669323473e+01
1.369629036647886622e+01
1.659127731596528932e+01
1.410938684485968508e+01
1.748565773769180254e+01
1.072279478333224034e+01
1.238220484267669086e+01
1.290310240623363214e+01
1.741248089601149474e+01
1.461064676006292551e+01
1.302089806029310637e+01
1.475281804420986020e+01
1.628148883071654041e+01
1.483344168772792671e+01
1.372212878404225123e+01
1.354244652052685538e+01
1.262555859473257591e+01
1.217100055781130052e+01
1.199701901938214910e+01
1.806257586583530639e+01
1.238586217670667367e+01
1.269686297552528309e+01
1.423017310663761670e+01
1.297730826957487871e+01
1.292588919622110488e+01
1.519596359845914435e+01
1.421979427805752927e+01
9.335342012150999125e+00
1.209542605284481454e+01
1.402792775193067598e+01
1.585707787330130536e+01
1.237173213707972330e+01
1.186702840589788721e+01
1.376260087765903073e+01
1.380193314711681829e+01
1.377708380870828364e+01
8.604009970758767167e+00
1.434054452422085824e+01
1.729584536426322572e+01
1.147893551590494354e+01
1.236597266096890380e+01
1.380821796089736608e+01
1.341939800801993421e+01
1.450071924574101345e+01
1.366859360597184470e+01
1.394012976043868690e+01
1.338242359617836463e+01
1.211210498760958210e+01
1.317055197147473500e+01
1.098979686622896068e+01
1.649722150982548641e+01
1.512036795633744468e+01
1.166965631910662360e+01
1.115304442810750807e+01
1.125637944150073544e+01
1.210017765806974666e+01
1.386826869320033317e+01
1.377289945212312183e+01
1.372073842427282209e+01
1.340575612215145362e+01
1.322412962577950424e+01
1.040207010335930526e+01
1.476071480743288333e+01
1.283765709457327020e+01
1.326939596163716750e+01
1.376736919735024323e+01
1.202953995274675236e+01
1.325010408268969364e+01
1.317410196292034996e+01
1.643270994825048348e+01
1.235682655789822348e+01
1.508460520289624895e+01
1.324529490866671821e+01
1.192581815135604728e+01
1.445357917860778052e+01
1.602836996615145893e+01
1.465131829798885121e+01
1.375418602986722938e+01
1.120353548870059335e+01
1.290559072843701927e+01
1.360868586161311278e+01
1.329179649495198312e+01
1.380997142892202056e+01
1.311580115292857407e+01
1.305727384902548671e+01
1.213948055053671915e+01
1.360748279877425659e+01
1.340233694368478723e+01
1.387329424730263128e+01
1.386348325351282185e+01
1.448051171777897217e+01
1.134173951163821670e+01
1.386633510694991500e+01
1.178385630242051185e+01
1.341737381692411901e+01
9.746164999406122575e+00
1.257286474371655416e+01
1.329167678299122812e+01
1.235078010688288686e+01
1.358524203462484259e+01
1.123620063652538015e+01
1.086330136401933899e+01
1.255876352422052378e+01
1.389838256997013310e+01
1.322920669982375230e+01
1.217299135761316542e+01
1.002894477869153889e+01
1.017338868826799825e+01
1.354184371122944697e+01
1.518276311058708927e+01
1.331402411486704906e+01
1.408962224021445309e+01
1.442520289708613213e+01
1.268351440483582593e+01
1.164733379997224283e+01
1.278094984838150516e+01
1.328923199885868556e+01
1.405172239952690560e+01
1.503207698629915079e+01
1.375277531592247726e+01
1.247567180202475434e+01
2.027732284192623169e+01
1.367509804942405616e+01
1.397169832822073232e+01
1.422852795028440198e+01
1.252104916554273473e+01
1.538700700686475642e+01
1.290611469977454995e+01
1.549971754311901684e+01
1.484294754427793173e+01
1.425639249458600233e+01
1.544992222015969041e+01
1.352519725915005466e+01
1.420883409110270890e+01
9.143942203843254291e+00
1.357883296224752989e+01
1.264205294729858942e+01
1.488860057194496989e+01
1.401505492571869382e+01
1.259677530850954241e+01
1.464501825975969851e+01
1.330485577766238414e+01
1.378933098122938716e+01
1.283402976995474098e+01
1.431346410876381370e+01
1.521092793032550183e+01
1.131796107071494539e+01
1.262495283259829471e+01
1.494508071588419007e+01
1.159698787503222484e+01
1.867853896902786559e+01
1.046020157434394626e+01
1.582602874793491665e+01
1.581689619909043643e+01
1.373032356907505758e+01
1.571039358347326598e+01
1.474898666710969763e+01
1.300659024127317842e+01
1.291610019305244528e+01
1.337866824313914904e+01
1.523375142149342842e+01
1.682156733017230010e+01
1.389415295234507752e+01
1.426964418058087425e+01
1.402401408879497069e+01
1.434449533130849375e+01
1.548430129985328918e+01
1.303954631091972693e+01
1.368903655131676089e+01
1.369579944064252608e+01
1.165794424194229784e+01
1.532767332391910742e+01
1.645799860412299509e+01
1.363541208208781974e+01
2.400671459197588931e+01
1.247430917236592407e+01
1.330139087497426331e+01
1.656989994937924138e+01
1.479098233324276102e+01
9.717980287248785487e+00
1.616897616232608925e+01
1.335769516842569260e+01
1.130114583877327661e+01
1.495581240653842237e+01
9.426777674001396434e+00
1.670733728044105959e+01
1.442067655501033308e+01
1.339597351532677827e+01
9.384713568811914541e+00
1.231078538820064416e+01
1.230551612838868358e+01
1.558619690455325824e+01
1.187337849508871201e+01
1.414479067645397592e+01
1.511281345599958037e+01
1.409840130066341679e+01
1.534712511782437616e+01
1.487321046403948444e+01
1.548185850322039414e+01
1.437815023944088644e+01
1.381522760530080873e+01
1.425136559357440014e+01
1.394221963350453208e+01
1.158996505164643764e+01
1.672433095948878545e+01
1.544387830979768594e+01
1.706235892518055763e+01
8.706059760882697063e+00
1.297838614753156783e+01
1.327620460382365231e+01
1.649358448141360611e+01
1.416864018322351626e+01
1.533285273471837407e+01
1.568817934823997717e+01
1.971878503103784297e+01
1.645615005527444552e+01
1.625795276414827129e+01
1.342515136076879223e+01
1.245914288613011323e+01
1.336462115293347352e+01
1.243180622435898108e+01
1.327003339924349312e+01
1.444854866023672635e+01
1.571070147821465213e+01
1.362482214118488066e+01
9.338836328660754305e+00
1.323821875278132332e+01
1.335005802561770061e+01
1.443088616295115045e+01
1.420383038447188184e+01
1.513488628089345589e+01
1.389592374839315525e+01
1.328929103221762986e+01
1.380453615788662169e+01
7.873766055732760449e+00
1.367894032604534615e+01
1.774057458765262041e+01
1.166959537089240584e+01
1.600607397429911671e+01
1.544753086713813772e+01
1.427566674590402407e+01
1.541466462421697692e+01
1.521085103814454165e+01
1.131336179950525889e+01
1.114596251796540471e+01
1.503953942048970838e+01
1.480890644534216527e+01
1.200306926031833399e+01
1.718777418283268332e+01
1.159964583655389703e+01
-8.003735467650763269e-02
2.711654997201798167e+01
1.427070772487858541e+01
1.550341426588176574e+01
1.431709052019502693e+01
1.692936061641713508e+01
1.542249543509255894e+01
1.460470765832363682e+01
9.940979222807857951e+00
1.248149529447177031e+01
1.902344669006019018e+01
2.031437395451921191e+01
1.314158290457810452e+01
1.400166469530710778e+01
1.594758067772889909e+01
1.242719033791705741e+01
1.817150482786541588e+01
1.290771553224560897e+01
1.087937854302589358e+01
1.444176419731464378e+00
2.205063503963599558e+01
1.423083064985439172e+01
1.309892494848799593e+01
1.082527870555789917e+01
1.438470696337663846e+01
1.337062061770286014e+01
1.439181422647884290e+01
1.386747325791376007e+01
1.374615553114984579e+01
1.633346496559118322e+01
1.386558262773915828e+01
1.236814265335881657e+01
1.368331563673685380e+01
1.452978394518408933e+01
1.619626426326186674e+01
1.217327853571504725e+01
1.402553665052097998e+01
1.571648307717675230e+01
1.504358915887907955e+01
1.535305753674903073e+01
1.228664397008279074e+01
1.508691589259404964e+01
1.526605537212749120e+01
1.069851375364756763e+01
1.548055249514110976e+01
1.302861333400691457e+01
1.674508597123718445e+01
1.316210069196275789e+01
1.362993019844428488e+01
1.175042501475679124e+01
1.434234820182441439e+01
1.559367564171985876e+01
1.505657410220770664e+01
1.178875822045482735e+01
1.473443752831442843e+01
1.564783988143804372e+01
1.339130531541937152e+01
1.363272318818200546e+01
1.795545378220496602e+01
1.470530276015106708e+01
1.364635746075058975e+01
1.456211671360595439e+01
1.365603575549295101e+01
1.367159283277335646e+01
1.200866647700045142e+01
1.589551830628878015e+01
1.287986646917878275e+01
1.349943942633778704e+01
1.561947986729508742e+01
1.559068578758138202e+01
1.103399796720555237e+01
1.317210719853227374e+01
1.215656110876005513e+01
1.200307437441656688e+01
1.193706091202055397e+01
1.167486294157433946e+01
1.361844977362463283e+01
1.390274377314731247e+01
1.339345335064229126e+01
1.323067995749676307e+01
1.230219530413289952e+01
1.363292023667736430e+01
1.324925225655778327e+01
1.290230156086509439e+01
1.465687338947223139e+01
8.175158749638372413e+00
1.324075617533234350e+01
1.348266821416527783e+01
1.082034646368038189e+01
1.210931464772429678e+01
1.541902557464854162e+01
1.065660930601409540e+01
9.709060808963497990e+00
1.205748733122746330e+01
1.196111014840712450e+01
1.284249239957076583e+01
1.252223489044397375e+01
1.045682233913543158e+01
1.317714611504940869e+01
1.789091485284390259e+01
1.383197120648700640e+01
1.144407481580032915e+01
1.417238807246058130e+01
1.248192373291450785e+01
1.215553623126359462e+01
1.855575115654630025e+01
1.183858389970545488e+01
2.151046358735741038e+01
1.198916458217089875e+01
1.233949853482094028e+01
8.307162930753387187e+00
1.208438383003434247e+01
1.263524052820223353e+01
1.275112839033848111e+01
1.153553912953307048e+01
1.037447262516712065e+01
1.946751890583140820e+01
1.823811791785907843e+01
1.042686333955279920e+01
1.874333641352187740e+01
1.230547016622542422e+01
1.284570850236378980e+01
1.432269366904314545e+01
1.257994620877870773e+01
1.136024299424382633e+01
1.543887564008163693e+01
1.414575170369490387e+01
1.554638556186990783e+01
9.021184980466433245e+00
9.146255884075625175e+00
1.374834485944256635e+01
1.246668623361510875e+01
1.321074580714116919e+01
1.452021429067459657e+01
9.524815204795682888e+00
1.200713577902984142e+01
1.310283771052736057e+01
1.033414212478844263e+01
1.415198033492544205e+01
1.351915609695754306e+01
1.240685999855068111e+01
2.063257708098548093e+01
1.027664824365985297e+01
1.405143967966311713e+01
1.357289387820585169e+01
1.520148241107271048e+01
1.357963503648799097e+01
1.315347125237322246e+01
1.671016918157616615e+01
1.196085537061746606e+01
1.728555530724609213e+01
1.263337112265337048e+01
1.387625642793298297e+01
1.285532021111339951e+01
1.268881231179470781e+01
1.417009222918263589e+01
1.243908508857122719e+01
1.262466292780212207e+01
1.418585267697244845e+01
1.184274425684930598e+01
1.400444939721306170e+01
1.651920131028995087e+01
1.222262879158589399e+01
1.795092403220909461e+01
1.335023948369861735e+01
5.389621672121648110e+00
6.046722655247387834e+00
1.925713468123251459e+01
-1.683921319632627700e+00
1.492578379557557255e+01
1.424900807251725610e+01
7.789477361078779971e+00
9.097092108967411050e+00
1.115332235679148454e+01
1.308811388614446436e+01
1.046407658572275423e+01
8.849156646957188954e+00
1.274153614156499081e+01
1.527064369534632782e+01
1.356205327757164625e+01
1.292612814928084397e+01
1.481620478335114299e+01
1.187462377125801538e+01
1.068234753683207749e+01
7.165720706576947485e+00
1.447754554006863259e+01
1.147272324485639672e+01
1.352935645741345994e+01
1.369633126475617679e+01
1.638484856765532882e+01
1.387938652412044860e+01
1.360473339923705893e+01
1.263105859652517182e+01
1.119247015713235349e+01
1.378744679235861703e+01
1.157300853674901830e+01
1.208249381218062801e+01
1.172058838920658808e+01
1.265524037405329949e+01
2.642506307737137661e+01
1.232511765962310335e+01
3.010929502511493894e+01
1.625660155974487608e+01
1.339126492957969639e+01
1.053285012011281019e+01
1.042127757933747745e+01
1.684920533564284995e+01
1.474802967016592703e+01
1.456920677369968509e+01
1.243172923561934695e+01
9.604783508540821302e+00
1.187879167575093575e+01
1.198762107774719787e+01
9.264052467049562978e+00
1.327372491608307747e+01
1.097596212661259152e+01
8.314102299338060220e+00
3.817068168314047938e+00
1.054416268377798360e+01
1.251838048956274463e+01
1.012599486986904473e+01
1.286957375971551620e+01
1.274662620633040255e+01
1.419565585221299919e+01
1.291237806072132521e+01
1.290423161049775125e+01
1.305950901583306845e+01
1.496711716793687330e+01
1.937356672636398969e+01
9.965669732219614829e+00
1.125157069630765960e+01
1.978179747921025466e+01
1.359345147303317702e+01
1.314593006452788160e+01
1.012753201407211989e+01
1.169874080007283901e+01
1.888349268216788701e+01
1.200651875545184133e+01
1.025141559861265783e+01
1.289777075966514985e+01
1.231896427287954410e+01
1.303009388062120877e+01
1.260328606688580244e+01
1.464674272664546173e+01
1.439788754475005739e+01
1.238115622402150784e+01
2.187239588060660722e+01
2.001827196712827472e+01
1.396098986993260915e+01
8.867899107821418880e+00
1.222532038233899954e+01
1.389105255877856138e+01
1.800568789362835531e+01
1.266882092138122573e+01
1.163969717109606172e+01
1.657732983559369444e+01
2.153101565082732094e+01
7.458236175900012199e+00
1.234246327642780372e+01
1.384463013325389547e+01
1.139809292743710856e+01
1.381195512259872338e+01
1.696134140247921351e+01
1.179568009846113696e+01
6.561438851333166511e+00
1.138219094525160280e+01
9.347138090618473782e+00
1.304978738784515535e+01
1.264759384900431627e+01
1.116473404294790406e+01
1.260233654989649210e+01
1.102769601088306572e+01
1.361458551488145474e+01
1.284372221153605764e+01
1.357525091911656290e+01
1.518712685057154310e+01
1.387124484966373927e+01
8.784224223232827811e+00
1.038726479575453077e+01
1.508409851413762581e+01
8.567325071772925682e+00
1.238406894260513624e+01
1.241499170408583907e+01
1.461047302166718431e+01
1.258971328864091177e+01
1.225063963607154349e+01
2.306725149582094403e+01
1.722704681434500174e+01
9.784816730555526476e+00
1.310382771863097418e+01
1.412003157957384047e+01
1.269351397571828599e+01
1.379116232282195043e+01
1.339821602712551929e+01
1.520723260824458478e+01
1.232012411437583488e+01
1.148875915965662386e+01
1.328951107690438960e+01
1.477936489397011144e+01
9.515383691534967880e+00
1.454225962139917172e+01
1.513622595558227779e+01
1.020229568829293498e+01
1.546622843915388046e+01
1.722802732457304842e+01
1.249776241757722595e+01
9.368150278448087676e+00
1.506430266483706326e+01
1.276268850459759996e+01
1.444322111120574803e+01
1.576397028718249516e+01
1.209565157351523368e+01
1.175879158966985116e+01
1.470103130630298338e+01
1.184753566424463678e+01
1.309021678865173399e+01
1.258855120235330993e+01
1.309928231680058275e+01
1.165850264549158410e+01
1.909547958475958396e+01
1.114306058343849770e+01
1.344929667235272142e+01
1.855314359550750325e+01
1.235605518668148051e+01
1.165752770619058509e+01
1.674312451177252825e+01
1.392423290450788365e+01
1.442551844391660332e+01
1.290150254782231976e+01
1.305165037009183671e+01
1.461341044079125240e+01
1.058563409171203418e+01
1.756886848703171822e+01
1.135823900570503753e+01
1.501286685891223271e+01
1.384739737105788038e+01
1.819533594593547576e+01
1.291311797875931511e+01
4.292140234985806657e+00
1.876644325237462141e+01
1.536025881347544697e+01
1.268010613098656059e+01
1.685555266359025239e+01
1.152279376466405125e+01
1.457389639109322488e+01
1.485989371196736286e+01
1.661254094241098045e+01
1.231941408841431596e+01
1.356224001386963174e+01
1.349339879340089254e+01
1.391619197043185707e+01
1.381273124915801986e+01
1.531123568943070268e+01
1.470164767915065696e+01
1.206166373858299501e+01
1.426752988600714112e+01
1.216891762000974708e+01
1.237307311908956287e+01
1.360501319925105967e+01
1.825123914240378298e+01
1.393472483779358839e+01
9.916916707870441883e+00
1.485152186019159615e+01
1.389966646165918540e+01
9.878363392230856022e+00
7.999363139683203450e+00
8.915803571073350753e+00
1.348230563631717871e+01
1.220901968141762417e+01
1.486782593888043635e+01
1.474041949038244859e+01
1.321854016691979439e+01
1.458541855896491946e+01
1.410276529322247896e+01
1.500376408369315229e+01
1.424436743752039192e+01
1.290091001159184358e+01
1.819032005170195987e+01
1.312321682620253505e+01
1.378270804669732819e+01
1.419027399448479798e+01
1.230056191855939041e+01
1.474903594460066358e+01
1.002791416114057022e+01
