1.593545078775790635e+01
5.891179511645528777e+00
8.656681991075441118e+00
1.853519968089733183e+01
8.709158819237707405e+00
1.739446841232850716e+01
2.338042054155286564e+01
2.153262944754436958e+01
3.547566278952044172e+01
1.679601354133176017e+00
1.833826970750484264e+01
5.670562919590818041e+00
1.697670577194497099e+01
3.339244754521136116e+01
2.081699102623232633e+01
2.417526472919616864e+01
2.550317304017486109e+01
2.694788997405943576e+01
2.109041734142526892e+01
2.409751164905322440e+01
2.182498992549031414e+01
1.569978172510531778e+01
4.399491043184657002e+00
2.057143706107524395e+01
4.107005859886790233e+01
2.193604875769792883e+01
1.021520405664022846e+01
1.126375836832633226e+01
5.795184989240125262e+00
1.552772103007356108e+01
1.583934735235410685e+01
9.847743151674480444e+00
1.374953615773524440e+01
1.634418276559831185e+01
2.305095066845580831e+01
1.815302193071148551e+01
2.496239282264570036e+01
1.812461299969256245e+01
1.832526183396032948e+01
1.524276366014912476e+01
4.126095520273104000e+01
3.015784389061865767e+01
3.314720782739310323e+01
1.337081699036568594e+01
1.551358226644399529e+01
2.369677268374564605e+00
1.977705654900109877e+01
3.178574515630365127e+01
2.092840468298686574e+01
2.345039559709539745e+01
1.403605941851064642e+01
2.731712176752955301e+01
8.549392923639995701e+00
2.495406755631910301e+01
2.479648633147894898e+01
2.179191274370118947e+01
1.794421046453056690e+01
2.322645187796848276e+01
2.384878917071865700e+01
1.827459899864928872e+01
2.171397986097723276e+01
1.770647486771238022e+01
2.127137449570215111e+01
3.796539460214562922e+01
2.723712299656759583e+01
1.956403049931076055e+01
3.787556571126661709e+01
1.532112494144626247e+01
1.852967263152359934e+01
1.131375538675663961e+01
2.639724792750185500e+01
2.129876832425695810e+01
1.707252551038038035e+01
1.348479227368871136e+01
1.541435490539184627e+01
1.136379080961171439e+01
1.305609508675154196e+01
2.063795891060101084e+01
2.165759997291450389e+01
2.393691452361876415e+01
2.896898745423896671e+01
2.314399118207964889e+01
2.149090094764725478e+01
3.706217643370752768e+01
2.314606061043864216e+01
2.389340858595159389e+01
-4.000634428968556477e+00
1.660605017567188568e+01
3.693720547856476344e+01
1.961461916657790283e+01
1.055645375309218714e+01
2.291936859753176847e+01
1.034845708464473546e+01
2.262630516457216601e+01
1.735247469676299659e+01
1.806343433302484414e+01
2.431474933210150979e+01
2.415065085021123537e+01
2.079346014945996401e+01
1.990245370507038203e+01
1.642599996441641963e+01
3.531902555807180022e+01
2.262454722915428107e+01
7.936840470262549019e+00
1.686560205944480728e+01
3.302705473638258127e+01
1.885663869975773466e+01
1.225987084974945951e+01
2.178523587301037168e+01
3.026232875466237715e+01
8.980845856183378828e+00
2.139852333719452204e+01
1.614157706858325980e+01
2.603545525307120556e+01
1.825704795013744786e+01
2.236161569905488022e+01
1.059006339659407381e+01
2.585087646319898624e+01
2.101715781932426808e+00
2.916175445289183799e+01
2.123577349226736644e+01
2.069901726416121335e+01
3.782164906019647077e+01
2.228484535243714504e+01
2.378828188828318702e+01
1.248737547338787301e+01
1.883008097180536922e+01
3.016672507601946407e+01
3.287635227363516321e+01
2.163066094714250553e+01
2.174560953740560265e+01
3.289774729653390750e+01
2.660791103175587935e+01
2.008168490158992370e+01
1.043771587406726198e+01
3.078722764471416440e+01
2.353986946542169889e+01
2.058584733928621091e+01
1.687082235830384036e+01
1.229269827764192513e+01
2.252180343387901473e+01
2.230337960173039846e+01
1.640976847573776709e+01
2.131832267004843473e+01
2.832743973207546162e+01
2.360859937702896971e+01
7.821879616541897562e+00
2.974062898823888546e+01
2.164316895162475873e+01
1.784708450211682873e+01
2.852999139935105077e+01
2.472109818960416661e+01
2.341452557563415837e+01
2.439612407541837769e+01
2.255670225652085392e+01
2.620512249478879951e+01
2.488028938126467438e+01
1.739686587031150111e+01
2.812644912664866581e+01
1.916762494213724821e+01
1.926984561010998931e+01
3.372782622961170063e+01
2.990531507412916312e+01
1.478171876004213914e+01
2.868126276313265777e+00
3.189483150425857971e+01
2.690993359381236161e+01
4.407032585771844424e+01
5.749736600161558897e+01
7.734397875732072691e+01
6.135907265727483662e+01
4.481399850981324562e+01
5.851614445398133313e+01
4.521969087080695715e+01
2.494503755458702088e+01
3.200008169704720729e+01
3.825448959130353899e+01
2.056158204083345709e+01
1.945273175277417366e+01
1.990479963714689760e+01
2.164017295756566739e+01
3.124622996572907851e+01
2.035304611108771766e+01
1.781874712369880243e+01
2.446280625080971660e+01
2.190915599581821382e+01
2.014078386459878445e+01
1.821193195297965772e+01
1.573718899841546559e+01
2.511003522186530290e+01
2.517542025381830939e+01
1.455409395039984410e+01
2.384672355780225672e+01
1.919551720366588654e+01
5.881919799872861176e-01
1.371994215460452082e+01
1.818414438242246689e+00
2.566101169659959780e+01
2.061350849286241171e+01
9.818011954891559867e+00
2.056084544519083934e+01
3.659963778252397759e+01
2.732363850275439887e+01
2.822743834484824177e+01
1.688207020761483079e+01
2.692060718897197802e+01
2.444641586089284857e+01
2.521768082881935413e+01
2.420514832750454204e+01
2.335937836709741333e+01
1.548650133716055777e+01
2.450408725500169993e+01
3.727482231466744622e+01
3.007756626101934572e+01
2.768445434598069710e+01
2.502641126007681294e+01
2.497999580112472628e+01
2.131925346730861648e+01
2.683383502631418338e+01
1.933094578807910224e+01
1.251910719782943815e+01
7.998086832880671793e+00
2.479754926173141527e+01
2.808979681066267986e+01
2.254734033727347864e+01
2.382298798880128032e+01
3.180724761071861906e+01
2.566781059212600979e+01
3.146497194429684541e+01
2.603704144622617278e+01
3.925806318535608597e+01
3.213350431413756780e+01
3.307271499838559237e+01
3.310887510360850428e+01
1.715967144334270245e+01
2.312291102472539706e+01
2.597182432900348914e+01
2.531289623610979334e+01
3.106339139701906049e+01
2.193681000548277993e+01
2.813236334755316292e+01
1.893092161593804690e+01
1.922085295637876712e+01
1.258029647677291507e+01
1.942748415479037405e+01
3.073148498155131136e+01
2.487471465334145293e+01
2.271853046212819294e+01
1.453204347536867758e+01
2.312409034968380439e+01
2.475730812728308194e+01
1.675518634153407405e+01
2.184583615576214299e+01
2.541471664160946631e+01
2.413770171707718148e+01
2.367086240129174968e+01
2.507834077447078158e+01
2.821839751078679370e+01
2.821794917534079516e+01
1.998034574654453976e+01
2.547997219980205585e+01
2.654876551011191665e+01
2.208176773700198225e+01
2.698161663959771062e+01
2.548471939785326157e+01
2.462817157798350465e+01
1.123329153843209838e+01
2.413850688863056604e+01
3.295098857775342083e+01
1.987142507620866638e+01
1.875908263070237325e+01
1.916954182131663842e+01
2.573894624615051185e+01
3.386852107492940434e+01
1.988626301898635163e+01
2.305808035389399890e+01
3.204025702071294290e+01
3.301744817521031905e+01
2.614802161587014240e+01
2.220260577807822600e+01
1.089498403715820984e+01
1.760592027620497646e+01
2.659106120039171728e+01
3.748549727321850611e+01
2.336341521650795983e+01
3.589516061636048505e+01
1.300217005641766121e+01
1.994972574405223753e+01
2.267320319269782658e+01
2.003141784276593640e+01
1.511033430171930014e+01
2.773816212483316690e+01
1.748475918943527319e+01
1.144814973035174255e+01
1.608128960879705360e+01
1.148700384453279710e+01
1.798499239344820566e+01
1.685068714477650786e+01
2.637414303162170270e+01
1.006328432635448245e+01
2.441968685824166485e+01
2.652394470834865814e+01
9.474774711818913175e+00
2.466370438523142283e+01
2.344512707829484199e+01
1.664304403577102320e+01
3.091683343234570458e+01
3.236594643906500579e+01
2.591396747596501271e+01
4.245877711294407675e+01
2.564813545056910371e+01
3.593535677961612862e+01
2.534681590556455433e+01
3.402614322826443072e+01
2.713101027031813572e+01
2.500702960374231054e+01
2.778361093920456781e+01
2.382067748056501344e+01
2.182304349021621093e+01
3.014623918765121857e+01
3.020407265169043853e+01
1.621112124644544750e+01
2.684819586304123362e+01
3.268524563955247686e+01
2.472259071807613395e+01
3.266322014042786748e+01
2.583406514493415074e+01
3.154836410082397435e+01
4.095700902097329532e+01
4.087262787105610329e+01
4.044150852027155452e+01
3.279837823351525827e+01
5.558002592282048226e+01
2.564357319520992462e+01
3.021105843599208640e+01
2.866063887467333871e+01
3.024069617451475978e+01
3.624190220992002764e+01
2.665283377278682408e+01
2.385244383850726280e+01
2.502281499912354690e+01
3.100190428201388215e+01
2.575041699456346223e+01
2.429907608947800668e+01
2.242684143446236433e+01
3.259618437228203192e+01
2.256306569755291491e+01
2.809127782878561064e+01
3.233350982344077806e+01
2.053784451629005048e+01
1.008381780257276539e+01
1.918965434967217121e+01
2.862910810517416849e+01
1.496263775829002896e+01
2.358963506603824456e+01
1.685930801062967888e+01
1.732417077083379908e+01
2.441998474238652506e+01
1.792578037242080313e+01
2.812315706551465411e+01
2.733292234092554907e+01
3.053707400818024098e+01
2.843318785002020732e+01
3.090700447424503494e+01
2.128384761694124450e+01
2.572182468820525614e+01
3.072623624499256323e+01
4.564736295325026560e+01
2.972962948955773754e+01
2.063363268044079035e+01
1.867705284521357356e+01
2.627708577985168859e+01
3.128912379503520924e+01
3.045738184209253419e+01
2.768617027078109416e+01
3.092951221392405614e+01
3.061578594415869503e+01
3.160360109374264681e+01
3.009470449304585671e+01
3.562715975252547196e+01
3.317618469398419734e+01
1.906753980449179053e+01
3.595490032008819270e+01
3.412028426163489314e+01
2.963673399881167470e+01
2.214355479673876914e+01
2.843699237231293253e+01
2.903416902596204352e+01
2.588866414544247618e+01
2.645562905007426835e+01
2.456239798741626856e+01
2.119069756999659049e+01
3.136667286957298018e+01
2.252272087988198734e+01
2.236480954549446309e+01
3.110499998524169030e+01
2.075214902006328899e+01
1.931964873079773426e+01
2.505709227169785436e+01
3.009944682158874940e+01
2.516284341485130938e+01
2.163984365752629202e+01
2.180967433229272245e+01
7.635887279829862706e-01
1.458795094977251239e+01
6.062930804413563024e+00
8.851677650244722528e+00
9.535975807748403810e+00
1.690041112458892769e+01
1.590539874353976657e+01
1.987255830646259014e+01
2.229843721214062668e+01
3.185698059901088186e+01
3.090379101701435616e+01
3.351081188180263837e+01
2.812234316079176111e+01
1.914145583706167741e+01
2.651267856436204440e+01
3.132330437295596326e+01
2.829757655281725093e+01
2.590199109998422600e+01
2.911092515563973393e+01
2.916273874989138193e+01
1.675579696998130430e+01
3.005610584797748075e+01
3.462258064926099621e+01
2.575285389007180825e+01
2.517645931853207486e+01
3.350896398531873643e+01
3.583993147381958977e+01
1.657702738570516843e+01
3.008997844762579277e+01
2.648588128293974009e+01
2.668868500726219395e+01
2.447868294003750123e+01
2.520869505251026865e+01
2.912373791665786271e+01
2.496707894251247595e+01
2.235177099322402938e+01
1.953397295100788966e+01
2.033029861549382744e+01
1.632984472189391312e+01
9.379416855465480651e+00
2.082025225160436932e+01
2.335236492478720294e+01
1.908346195224481079e+01
1.332488243840774444e+01
1.538851869249951321e+01
2.333750838860058963e+01
2.592930531093972846e+01
2.748958205699644353e+01
3.587566315921559124e+01
2.705360981980047796e+01
3.056403573284300990e+01
3.135737664183325535e+01
3.307005935120770346e+01
3.253444965571893022e+01
3.212913091296357493e+01
3.156221800142326472e+01
3.019529085717072903e+01
4.782206655209467527e+01
3.326098561558234223e+01
2.853346832560151825e+01
2.930887676988214352e+01
3.343214362629836245e+01
3.298827456466095498e+01
2.948048508808256685e+01
3.411904408074396144e+01
3.250285107572234011e+01
3.950110102849289717e+01
3.685306757979999759e+01
3.783588464741748680e+01
4.149110238794975913e+01
2.620887503275704233e+01
3.527791459980466726e+01
4.119479860928324655e+01
4.369487299170103967e+01
3.129872433896208861e+01
3.271696804096735178e+01
1.220374726502234353e+01
3.559572435029966897e+01
3.515330006202368196e+01
3.103307219150378060e+01
4.647920520205212824e+01
3.492517813182482911e+01
3.237773915482551956e+01
2.706054306070937798e+01
3.684202769106556730e+01
3.118836463950198379e+01
3.904516976813524565e+01
2.808670216886420334e+01
2.201547566879381179e+01
3.899806989270336999e+01
3.074240529864155036e+01
4.026118862152914346e+01
2.432229381937496981e+01
3.736096454757450402e+01
3.121211217090684897e+01
3.559467544242543369e+01
4.412914269178630633e+01
3.691348825011349533e+01
3.477795405967194142e+01
4.396597112474764657e+01
4.816216012467624807e+01
4.664523308076581998e+01
4.024694837509376555e+01
3.463848986718893741e+01
4.256845825850236764e+01
3.695701828411242218e+01
inf
inf
-inf
inf
-inf
-inf
inf
inf
inf
-inf
inf
4.702335200113214597e+01
3.086365287124674239e+01
3.310325491599895997e+01
3.560705283166088009e+01
3.326470128729479825e+01
3.575893329690950395e+01
4.518599309878414516e+01
4.139042729517541375e+01
3.473170507420847741e+01
4.631290344498296463e+01
3.922826231971404809e+01
3.242467691067762559e+01
3.692438130774322502e+01
3.275501297162614378e+01
3.899019305629008159e+01
3.444010375883635788e+01
3.719714384926260919e+01
3.934579158969019375e+01
4.405494856305747220e+01
3.491098458036462659e+01
3.778328133905419861e+01
3.949831402095661304e+01
3.403188548020582260e+01
3.513566099329435843e+01
2.757035711510634002e+01
3.205307802986435206e+01
3.716977893235254271e+01
3.633653197217177677e+01
4.646791019432120606e+01
4.496027626694511525e+01
4.372663412938273808e+01
3.924664853892549132e+01
4.746105015702722341e+01
3.369410675220288454e+01
3.812733500774351114e+01
3.039427427120359937e+01
4.498573797400957375e+01
3.951575257747720116e+01
2.223752433811763751e+01
3.601394863920135236e+01
3.295483176007557091e+01
2.861393738308755985e+01
3.174808061405877879e+01
3.373163695520213423e+01
3.649000218426408537e+01
3.343044742794942437e+01
3.148013320791599057e+01
3.599615714261482680e+01
4.493348484815048494e+01
2.445090389898125594e+01
3.748342853471068992e+01
3.782063127682462778e+01
3.819663701805445299e+01
3.781599188681511947e+01
3.756066178306510750e+01
3.311947383045379212e+01
2.368518944789807534e+01
3.146343791669718826e+01
3.292433750361305300e+01
3.268376601476461474e+01
2.882375763849887562e+01
3.721780879235185324e+01
2.835675874381249173e+01
3.404781648495210078e+01
3.423069685795325512e+01
3.734618475726588827e+01
2.841906933661884338e+01
2.665038201892221537e+01
2.914982370613389762e+01
3.121397366972558629e+01
2.870933275852887334e+01
3.220614834422285355e+01
3.191704304591828034e+01
3.551463995889022840e+01
3.018610916292532309e+01
3.302719835180154462e+01
3.560832503817715633e+01
3.026671172420135747e+01
3.651803977418776270e+01
3.450552170430150767e+01
3.417907970275781793e+01
4.042106452275567108e+01
3.555499757323927668e+01
4.187844346990584654e+01
3.386873389169567616e+01
3.275893438944596880e+01
3.494056999616415027e+01
2.553355484945453924e+01
3.318127982138626919e+01
4.571216307331059880e+01
3.815122434767440041e+01
3.416754394177983301e+01
3.140613166492547847e+01
3.752222048072212601e+01
4.360197451930316959e+01
4.742666554301984405e+01
3.646428911255519267e+01
3.531111522612377485e+01
3.311122146301547531e+01
3.513387418926731698e+01
3.911444867770197931e+01
3.419298836651105233e+01
2.821413303779272752e+01
4.158635886536497850e+01
3.955593920674834152e+01
3.921369292006941976e+01
3.925811546619390668e+01
4.516839005004118235e+01
3.209463108868563808e+01
3.511238484363445167e+01
3.151028940952973656e+01
2.857420956648310195e+01
3.195152740821571058e+01
3.684367412117512686e+01
3.765139463870823988e+01
3.743350858193539210e+01
3.562637236053460299e+01
3.470472249363857742e+01
4.159026421791259054e+01
4.431772242049795807e+01
3.254198485722734091e+01
1.867520167484398286e+01
3.262957227895019230e+01
3.468696282581164070e+01
4.920285135631083762e+01
3.673988903431158093e+01
3.877631640468355556e+01
3.489217299650129434e+01
3.562878030775641491e+01
4.310582489854577659e+01
3.611984238590576979e+01
4.637022721578833284e+01
3.932087551880176335e+01
3.680958806879070977e+01
3.386856858175574558e+01
3.340375044823176154e+01
3.955229223250042736e+01
3.903720539972610482e+01
3.002044721926658255e+01
4.600711017589814134e+01
3.330681935630114054e+01
4.958426502516941525e+01
3.762360346529292343e+01
3.498949660416698038e+01
3.542132775032043668e+01
4.199006452821530644e+01
3.696974210429105057e+01
4.306998772521274077e+01
3.193568205461548004e+01
2.966346078844737022e+01
3.650135883713821272e+01
3.881993552439806905e+01
1.913509399715301385e+01
4.008993185841676166e+01
3.261855585401990254e+01
3.280206739924270920e+01
3.326768297418087172e+01
3.339356297092863457e+01
3.728799895787948060e+01
3.819280585858549415e+01
4.092508009589939633e+01
4.082447414473909220e+01
3.568294522704488969e+01
3.239560629463882435e+01
3.436835368074569175e+01
3.368512199521014594e+01
2.709105720037782561e+01
3.282620873537310757e+01
3.269571841161710068e+01
3.634359069787598884e+01
3.138332532370242944e+01
3.380991211790616546e+01
2.317104264394616209e+01
3.612040643707818788e+01
3.608443480573133400e+01
3.764479674530402775e+01
3.735694199052000641e+01
4.092240689166069245e+01
3.103533412173643313e+01
3.884819574315577029e+01
3.860353599104870881e+01
3.770547137712412678e+01
3.828804461505949774e+01
3.135640824973631169e+01
4.287562781770591158e+01
2.884813224624873129e+01
3.968361679472229042e+01
2.666986541903786900e+01
2.249060955206734036e+01
4.207167922766699775e+01
3.265024952666267666e+01
3.873453252740936392e+01
4.381312976787053515e+01
4.879119841404725832e+01
3.176189630411582954e+01
3.561641177197306973e+01
2.947686028690946358e+01
3.501213471401111121e+01
2.264611503418119298e+01
3.092420448195989380e+01
3.064451035320276873e+01
4.730333277378611712e+01
3.215503577224804133e+01
3.734173859015159991e+01
3.304011053980535451e+01
3.034549264694749127e+01
3.615837217359510447e+01
3.494392685114875974e+01
4.333321385145737992e+01
3.808524919378738360e+01
3.274792167101663409e+01
4.122180512000382180e+01
3.118770174061215528e+01
3.905164459945750366e+01
3.340427320877107320e+01
3.169507148685635300e+01
4.368313096033538301e+01
3.110720958389287460e+01
4.096852923106970934e+01
4.717117328414416022e+01
4.424814588926324888e+01
3.348061714320449767e+01
4.669913186180185249e+01
4.060739978363204727e+01
3.991452562212541721e+01
4.034503675774367792e+01
4.482029195443628566e+01
3.362669680916175707e+01
4.012313411173349209e+01
3.925387511580903066e+01
3.815911437373411985e+01
4.140478906914655965e+01
3.733591947868973904e+01
4.386920464196174407e+01
4.119384694723912332e+01
3.983319860603626950e+01
4.004082796576037140e+01
3.864867940665081392e+01
3.819927582790354847e+01
5.002683663603702513e+01
3.461170953289987295e+01
3.287424248639268143e+01
3.661348689307936155e+01
3.267925837216859719e+01
3.721310008984400497e+01
4.403097792401254651e+01
3.590393746093329241e+01
4.264256450354766059e+01
3.109500317049796791e+01
4.137794937303957710e+01
3.848451163696456945e+01
3.936414360521581557e+01
3.964885577683465101e+01
3.584022887803260460e+01
3.886268178863581824e+01
3.835209220081719650e+01
4.795639629345198784e+01
3.795582475436294345e+01
4.079743513413112055e+01
3.704065704168981910e+01
2.826741182685728759e+01
3.707578502759771055e+01
4.147421295187353252e+01
3.498547791506291560e+01
3.829087901533414140e+01
3.932086467328765167e+01
3.882294565611768178e+01
3.680098219148336369e+01
3.431702675119230150e+01
3.532253116437831153e+01
2.685803514389168001e+01
3.271376758143089347e+01
2.787403900359983666e+01
4.218165641036220137e+01
2.913909472368974107e+01
3.470280835266301267e+01
2.813875936156226487e+01
2.983817018796623444e+01
4.213083780899916775e+01
3.073236696656330125e+01
2.226255500158689671e+01
2.948880449963475314e+01
3.695320812607634764e+01
3.153073340753048015e+01
3.822316024043792737e+01
3.684846118248443503e+01
3.610010852684474969e+01
3.627774153868084284e+01
3.456196244937481055e+01
3.641439604022892240e+01
5.191441101720926099e+01
5.133099941297602697e+01
4.584953823842601395e+01
4.052138257696665846e+01
4.045946720679952335e+01
3.161035467832939005e+01
3.373780179311749094e+01
3.403153475720995402e+01
3.390815836707692910e+01
4.081424738560765064e+01
4.448890839169917655e+01
3.796090944407568912e+01
4.086818743203270543e+01
4.220579474147488952e+01
4.111892293700348233e+01
4.056255696496682361e+01
3.664287734450545031e+01
3.784782541089785468e+01
4.585188958063479703e+01
4.348207699888009614e+01
4.257061553396738418e+01
2.464326495355999214e+01
3.982487692762266107e+01
3.425448224629324301e+01
3.762233085731222104e+01
3.618152750345348778e+01
3.509988840862227022e+01
2.440684478306924632e+01
3.741474674491134067e+01
3.949617215789304225e+01
4.154725633436404308e+01
2.618787028261825967e+01
4.208844956179952135e+01
3.289272070798983094e+01
3.251290337740817904e+01
3.511723289599263609e+01
3.058188636884206346e+01
3.151865158771504127e+01
4.128229336775659419e+01
4.577963228233129200e+01
4.192744169125411702e+01
3.453196799296414099e+01
4.398389681850815691e+01
4.344485835764600523e+01
4.441834184360295268e+01
4.429642542510887182e+01
4.418020726704254031e+01
4.786092430244763563e+01
5.247792090168185553e+01
3.838882041679554646e+01
4.527640192183927326e+01
4.336269960080301189e+01
4.146357135031925623e+01
4.038289293560718107e+01
4.589397714862737132e+01
3.528568520306976808e+01
4.125255685579266896e+01
4.326981311545320352e+01
3.934091497676853066e+01
4.848926331290739000e+01
3.970215487290062129e+01
4.159716646145434282e+01
5.025991081098314339e+01
3.787808280800434346e+01
4.820115096994002357e+01
2.649140187345906128e+01
3.678541599433219744e+01
3.701099575636777672e+01
4.029378027313619981e+01
2.806927847138813092e+01
3.466190513178214871e+01
3.854699130097848325e+01
3.465318997915543520e+01
3.165701545011266660e+01
3.880820829359343094e+01
3.803388469599870803e+01
3.653747652913727251e+01
3.359183259817152845e+01
3.987180665118113865e+01
4.500727540591685738e+01
3.303188536207782278e+01
4.057895572941075102e+01
4.795503339007080257e+01
4.813796157910657314e+01
3.878629414967232236e+01
4.691723845705346463e+01
3.556816611994025834e+01
4.323357326164973813e+01
3.606472328192850085e+01
3.553823780283146050e+01
3.972280313648479222e+01
5.806473660753380273e+01
4.684183474976977379e+01
4.173854737472632337e+01
3.926308484468895443e+01
4.229037235346338264e+01
3.149807160124745664e+01
3.549147714373261664e+01
4.399071636944783847e+01
2.350839506294253312e+01
4.426148133635556547e+01
4.195818867016093634e+01
4.179085547805625822e+01
4.120859076680178390e+01
3.325559027616800734e+01
4.069228996532898179e+01
4.680401413996430904e+01
5.176115633442206132e+01
4.193438651703868914e+01
4.927558441772284681e+01
4.605165086819440745e+01
4.146284626267335227e+01
4.209200089767898589e+01
4.373718638211267518e+01
4.432389828096804507e+01
4.357478035043643416e+01
4.352413785373185817e+01
4.273833095519586323e+01
3.557486048146636648e+01
4.308258651520601745e+01
5.119168771556008579e+01
4.645480335113347792e+01
4.812222788653563299e+01
4.275387883960902968e+01
3.769221348828534701e+01
4.301705357296447119e+01
4.400815613921466962e+01
4.707968458945140355e+01
4.335465348373143257e+01
4.506933219808062319e+01
4.795175192949079701e+01
3.925919890016378844e+01
4.040723165470023304e+01
4.299565068270643309e+01
4.140894999334905435e+01
3.802189492304309937e+01
5.137445497063679056e+01
4.753908572957697487e+01
3.532359274134807947e+01
4.173166902470191530e+01
3.683747797701366977e+01
4.077257238293763919e+01
4.557415287738027132e+01
4.579589845734365383e+01
4.329504761610606067e+01
4.330535160382898141e+01
4.176838485396344680e+01
4.955341256388657456e+01
4.629867179889755135e+01
4.271691845105012675e+01
3.935575266452767806e+01
3.940053074728835014e+01
4.217981522317525389e+01
4.409988270949769174e+01
5.240357443131497917e+01
4.345764306023188084e+01
3.307810361176485969e+01
5.546260449234617340e+01
4.598797572115628185e+01
4.208553964607183673e+01
4.880907623175303200e+01
4.286566775393229278e+01
4.709476276749865775e+01
4.374220749803244246e+01
4.729790648141690212e+01
4.694163552743723500e+01
4.480850220828163799e+01
4.128400549471260206e+01
3.781605865750793782e+01
4.882851274289892984e+01
4.842529839708090122e+01
4.603458130550582439e+01
5.156659082694340412e+01
4.337503507912131795e+01
4.673155281090246405e+01
3.636404568981073737e+01
4.320029430239618051e+01
4.698328364558451398e+01
5.033228242141694153e+01
4.206061035145345528e+01
5.098450332134740393e+01
4.840313424580084245e+01
5.659389649774080766e+01
5.039715446942039279e+01
5.227982305577240396e+01
4.373683523901479475e+01
5.038223851297970413e+01
5.527869849225368171e+01
4.925226389663568227e+01
4.374756388249569738e+01
4.675681085739368825e+01
4.980855365357599140e+01
5.699295335978406740e+01
3.394332609063268791e+01
4.610510132389207882e+01
4.641798265585455141e+01
4.098140956910744137e+01
4.513808419925049975e+01
5.226328783328521865e+01
4.673289476376049123e+01
4.697997046444636027e+01
5.153801483004391315e+01
4.491998385138476380e+01
4.024047217740353233e+01
5.542373006979203609e+01
4.245377334691283977e+01
3.869200435964361873e+01
3.269285766446879649e+01
4.517302693906812294e+01
4.450398422733896098e+01
3.744121246721405072e+01
5.069679264746435621e+01
4.997764611997718731e+01
4.341713074402907324e+01
4.175419612440276751e+01
5.333980445763550904e+01
4.792288512013207935e+01
5.219549181076648381e+01
5.890081319702241558e+01
4.213572434528897759e+01
4.802311791328324375e+01
4.559446552807823139e+01
4.844423082549553783e+01
4.920157660615521422e+01
4.599298094332620934e+01
4.516776640350327199e+01
4.025998729361835871e+01
4.646601468624590581e+01
4.543677504565129510e+01
4.643677159634399487e+01
4.317906029739936713e+01
4.776147575124046085e+01
4.746829218882715651e+01
5.621962011801068115e+01
5.481705854188239613e+01
3.213037480467232143e+01
5.246761778498032669e+01
4.996312331991143907e+01
5.360311630411930395e+01
4.288070741690065546e+01
5.413578320576954184e+01
4.607781741340480153e+01
3.899078825272591331e+01
4.740165781621569607e+01
4.580071307250556600e+01
5.903865988149652821e+01
5.446985415983513690e+01
5.436253187216250637e+01
4.921458863509704429e+01
5.180007875343280688e+01
5.666791284582400579e+01
4.910193871541198973e+01
4.150454563522191620e+01
5.302905696096724597e+01
5.013626249670222990e+01
3.617674459678562471e+01
4.771176288693086320e+01
3.541210461325268000e+01
4.431280508057881917e+01
4.762978934763557959e+01
4.294224731225261138e+01
4.186046393955059841e+01
4.870160309840422030e+01
5.052308414189918295e+01
5.372666241801614007e+01
4.687267484634563885e+01
4.902958205784803170e+01
4.802600231189718727e+01
4.205675863704633599e+01
5.422234017514491455e+01
4.737399530871074660e+01
4.671472727600127683e+01
4.617211583816472142e+01
4.717708618096794027e+01
4.722397158085950508e+01
5.205464156022658528e+01
4.935620370829765591e+01
4.785891393731814247e+01
5.192796098930316617e+01
4.418534662354503695e+01
4.992336029869538550e+01
5.021686639102694727e+01
5.888527181862396276e+01
5.567351508323794462e+01
5.054855367109040998e+01
5.330382221995060377e+01
5.361968930487327611e+01
4.395511610890822141e+01
4.767850005815154191e+01
5.152718211485053956e+01
4.838731743080585090e+01
4.990178797316811909e+01
5.723957974121141490e+01
5.034783294756343253e+01
5.163892221248361381e+01
5.443251400227735814e+01
5.861715558759097888e+01
5.535570112354013617e+01
5.218152982639087156e+01
4.847528822971516860e+01
4.315645143781732429e+01
3.918713820369329426e+01
4.701438824026971020e+01
4.935668220453384691e+01
4.785088184173100956e+01
3.974135468260208626e+01
4.948676223155784726e+01
5.383603711609527664e+01
4.542230150467359806e+01
5.140815830636235972e+01
4.977202844106309954e+01
4.684962819806840173e+01
4.956236202828191750e+01
4.887683271042952526e+01
5.216561553879024871e+01
4.896064488479547805e+01
4.519004820205208262e+01
4.641553352696328005e+01
3.595107884473753757e+01
5.838416829444629741e+01
4.332084157395314605e+01
5.616925770653345751e+01
5.131168252497352000e+01
5.578011384186598320e+01
5.055446069687631905e+01
4.878655227987668752e+01
4.581705329887758893e+01
4.367542296822705339e+01
4.933923385213579849e+01
4.918132605877494257e+01
5.140168982681767318e+01
4.655693429175125431e+01
5.797740188775811987e+01
4.553768790111174525e+01
4.386562586733976588e+01
4.537765532480216280e+01
4.500157604621576724e+01
4.068988695943839673e+01
4.378403945374943618e+01
4.273956299848733664e+01
5.844276741108622986e+01
4.695576551484822403e+01
5.140544369446243422e+01
4.421026375147552301e+01
4.991433090410736639e+01
4.958382140500690838e+01
3.476981200254897431e+01
5.188431867494062999e+01
inf
inf
5.153508631943537210e+01
4.674536003498511150e+01
4.953448847863139548e+01
4.850276211320742448e+01
4.897988772211374453e+01
4.576647989588393273e+01
4.948408066859723675e+01
4.791474722931837960e+01
4.588527575221655042e+01
5.851220211007486682e+01
5.017901017334342839e+01
3.653597402328636434e+01
5.023799893715092679e+01
4.883361440185655766e+01
5.802182699149305733e+01
4.801631997370864013e+01
4.752687260838160910e+01
4.836887932151417147e+01
4.562069292769648143e+01
4.406259842341240329e+01
4.570892017668677454e+01
4.418530993947153007e+01
5.306296240014074783e+01
4.638559787855607652e+01
3.305011472292451913e+01
5.100036199900967659e+01
4.533355320422312928e+01
4.954897447084336193e+01
5.328182856940374279e+01
4.749279173538920418e+01
5.209266574771983471e+01
4.539327101259497255e+01
5.461231849248380144e+01
4.702058002525456715e+01
4.948893739953930293e+01
4.651558114896825913e+01
5.311329324345112468e+01
4.861917696019548174e+01
5.682833302933114084e+01
6.124524565066356985e+01
5.712223408205690589e+01
5.010325560019687430e+01
4.824503465191989449e+01
4.661526948798713477e+01
3.751455131015463706e+01
4.501472369865646783e+01
5.119411116127029260e+01
4.285774363172409807e+01
5.412011127928062137e+01
4.079273421857396897e+01
4.780099795607085156e+01
4.604263999062722945e+01
5.722754392598663742e+01
4.153194138391908297e+01
5.178216024788143557e+01
4.543649489375775374e+01
5.344776160407653265e+01
4.998144394694588755e+01
4.864054869258242775e+01
4.911117926576488202e+01
5.039707369200646525e+01
4.969357840950020488e+01
4.268981427229085313e+01
5.316944091233247605e+01
4.672665028671143972e+01
5.273489652646528469e+01
4.663487341552939114e+01
4.734641450467827184e+01
5.061095484084938079e+01
3.399891302111508651e+01
4.258835000203222876e+01
4.630357286123991400e+01
4.706841705964765765e+01
5.026647519902323324e+01
5.194047387275848138e+01
4.732388464410303186e+01
4.767237961927610712e+01
4.496385253524591263e+01
4.600523808365581857e+01
4.525134447574217234e+01
4.142553758547470721e+01
4.683519715956318663e+01
4.313416570741958367e+01
4.967586797344315386e+01
5.122981667808062411e+01
5.531053468879314039e+01
5.007592872877025769e+01
4.992264027262736903e+01
4.294292486051340063e+01
4.950914830915940001e+01
5.013714118371850503e+01
5.097025874367638210e+01
5.082446625322054246e+01
5.293279870425666900e+01
5.144443980489175772e+01
5.245067905145515397e+01
4.178815956000023135e+01
5.197521621423859983e+01
4.815554931810555672e+01
4.920537449572240263e+01
5.092320733376110553e+01
4.376696319513651190e+01
5.289944122359820966e+01
5.966069873241557531e+01
4.768444501366699484e+01
4.964508224832812289e+01
5.363864782529159925e+01
5.103179516757376177e+01
6.019653414851475759e+01
5.343554362531467206e+01
5.082939765645960506e+01
5.092537081635872909e+01
4.718162379069205770e+01
5.572809880552507167e+01
4.763021076509490115e+01
6.132357652928963887e+01
4.729818659115420587e+01
5.413262468612495582e+01
4.973203277145546508e+01
5.205069756976917716e+01
5.330921271708234599e+01
5.553841792162099722e+01
5.264516137006616248e+01
5.879982468403155593e+01
4.789834298936592205e+01
5.200692777911329046e+01
5.861061434641256795e+01
5.303394761978466221e+01
4.597445315996266402e+01
5.361146229869374480e+01
4.016961901540855706e+01
5.141983020285522343e+01
5.405674389524110524e+01
5.055913307874328666e+01
5.118253440211206140e+01
4.898003276675511586e+01
5.111293201935271924e+01
5.057784788221298555e+01
4.682269677743175151e+01
4.854274729577813474e+01
5.079526037272807315e+01
5.316742922665617499e+01
5.573003671633967571e+01
4.600475310028429021e+01
5.321886552687666239e+01
4.528705835317125405e+01
4.138933027789052943e+01
4.438778892969467194e+01
5.089050931138775979e+01
4.531832107506552632e+01
4.975147755503645897e+01
4.556255004625274552e+01
5.413066044913793462e+01
5.192797507481994046e+01
5.867236899159703256e+01
3.649265414643429750e+01
4.709433532258078969e+01
4.759155895176244400e+01
6.034722334283093659e+01
5.107773351100797044e+01
5.231265431780225583e+01
4.905111723989834616e+01
5.852016774831788126e+01
5.048432081733574961e+01
5.912284389491075842e+01
4.672651551916749213e+01
4.958620330298239054e+01
4.814391627744660695e+01
4.653195013137059277e+01
4.332519916773063784e+01
4.795837966271487574e+01
4.144070479187718092e+01
5.983584944563315844e+01
4.657540890757780261e+01
4.572618359513943886e+01
3.784410618072562471e+01
4.494795892030803230e+01
4.849793800024851720e+01
4.879294257459034867e+01
4.547953598702143552e+01
4.437496724622742050e+01
5.885568935850176331e+01
4.723287067672855244e+01
4.121212677877592512e+01
3.977875301918840023e+01
4.556522312899064531e+01
5.166938388530691384e+01
4.698559810815967097e+01
3.868733649885407999e+01
4.619193170605271348e+01
4.803809402506544757e+01
5.696699597684512639e+01
5.176095778499404076e+01
4.965588063024576826e+01
4.290304192409195849e+01
5.295398049924062889e+01
5.151405523219749227e+01
5.133299096272391182e+01
4.895142730986990642e+01
6.028840851410534185e+01
4.451938863822257986e+01
4.843276430418983836e+01
4.978289911094372400e+01
5.796289763088376645e+01
5.248260116637428041e+01
5.124032094046309282e+01
5.750483178001412909e+01
6.040582530034922115e+01
5.037658745670487548e+01
4.309853690615037181e+01
4.665734094093139817e+01
5.282026498367888223e+01
5.293911628535339986e+01
4.705059548600611663e+01
5.386663038605493625e+01
4.177085944482452362e+01
4.156074339151822983e+01
4.222579376704834431e+01
5.574541785401615357e+01
5.021454971674952361e+01
4.420529162363704501e+01
5.446361073440306910e+01
5.215754938379653538e+01
5.753592504675842889e+01
5.226794289406016958e+01
5.003322039895615347e+01
4.942637208537326643e+01
4.855376230911306124e+01
6.034443580453352496e+01
4.905104636167293108e+01
5.977387057858642549e+01
4.943343567982335429e+01
5.204612726073381879e+01
4.971966267072333778e+01
6.076434544828217099e+01
5.275312642114137418e+01
5.269227309703566675e+01
5.576142223251213892e+01
4.993792410174874874e+01
5.423652156992927331e+01
5.279180722124060310e+01
4.886769178547029924e+01
5.586790491363683486e+01
5.905877006404291762e+01
5.835669814383978604e+01
6.307092469088217257e+01
5.985225592450922250e+01
8.224756444772962993e+01
8.510818442057076538e+01
1.071683280272716843e+02
9.357623277697128117e+01
8.192214405023698021e+01
6.564935834510502843e+01
5.166584003099582389e+01
5.695808790458445259e+01
5.496993959227958015e+01
4.441746408863503603e+01
5.014294161238461811e+01
5.519632291750974673e+01
5.231058434348931740e+01
6.794101760245696653e+01
5.572425916478282915e+01
6.299744470222918125e+01
5.530948497032012767e+01
8.007931076799378900e+01
4.515543792547948954e+01
6.202389391900847215e+01
5.136721793214280751e+01
4.622821552718978211e+01
4.386453386924105047e+01
4.830963499645646664e+01
4.358349615145093736e+01
4.285670468931428445e+01
4.184899047830549534e+01
5.042998022539156011e+01
5.070055086707218095e+01
5.283165447984369223e+01
5.285148489382597603e+01
5.366830308575170250e+01
3.971370849657595414e+01
5.805407375188152486e+01
5.675994723642720174e+01
5.964320366765588233e+01
7.549323367699014398e+01
6.853461763101326198e+01
6.802775639811791564e+01
8.559159634349626344e+01
9.347273962051744434e+01
1.105824245116353808e+02
1.407927032602581789e+02
1.759469256546305189e+02
2.023420101213052078e+02
1.515967684605193142e+02
1.210206638391631913e+02
1.042199910170913313e+02
8.254346093089631609e+01
6.534288913458257753e+01
5.819959319997508373e+01
5.290339120286841279e+01
4.769083664540440282e+01
5.084675306221475211e+01
4.821447730693238753e+01
5.065055536847862072e+01
4.606540931369377745e+01
4.342088239926633264e+01
3.837470995266892260e+01
4.693259251103641105e+01
4.988527771051175108e+01
4.710089720122697798e+01
4.181287818136927115e+01
5.041586586462834418e+01
5.841243901549919570e+01
4.661272854796980170e+01
5.049877511531926899e+01
4.611854006878511569e+01
4.317804511978934556e+01
4.885603887183828675e+01
5.590395606794417915e+01
4.632117629414126014e+01
4.997925816343909844e+01
4.654058977055116486e+01
4.278555990919540619e+01
4.972944406137660422e+01
5.113311505875792307e+01
5.607093535343037161e+01
4.327096890335909052e+01
5.236696391861131161e+01
5.162757861828580985e+01
5.353058596249442047e+01
3.845350682267373088e+01
4.806039987748289377e+01
5.221922442156885324e+01
4.145332825531881582e+01
5.392191516141980401e+01
5.455393682920239229e+01
4.238259526329261462e+01
4.538986876796462155e+01
5.365890828616775821e+01
5.253129796006881236e+01
5.333586538224557216e+01
5.149159964997824090e+01
5.079329166078812818e+01
4.768290672193393931e+01
5.281635699170001175e+01
5.065387912664323977e+01
4.180360185017309504e+01
5.125837880450414019e+01
4.711674518947904033e+01
5.460403354584949653e+01
4.400538151028238332e+01
4.943126995763406484e+01
5.070334058517218523e+01
4.628296814564544803e+01
5.167344143305221138e+01
5.401810150588049453e+01
4.663917229661164043e+01
4.734208363639695705e+01
4.504470368683079329e+01
4.731229417443466190e+01
4.826290803156341980e+01
4.806572024602396453e+01
6.231709435306949274e+01
4.870979161357610110e+01
5.009789517976743412e+01
5.191195282713862724e+01
5.516150360144986564e+01
5.321364197181926414e+01
4.765601309006759578e+01
5.168087680909459181e+01
5.053355377997019815e+01
5.781585530626897196e+01
4.812642355758769952e+01
5.153179983470555214e+01
4.510266947360281620e+01
4.421073415071480639e+01
4.960258019031682153e+01
4.839385569332215908e+01
4.526587295515506781e+01
4.949821442917392744e+01
5.185846619706978800e+01
3.995464428574297955e+01
6.152528387544133182e+01
4.982570067872455866e+01
4.987093203052454982e+01
5.930999447653532286e+01
4.819029748696401327e+01
5.169893604708546775e+01
4.261672050526146194e+01
5.502410461376567241e+01
6.021956741636584809e+01
4.808376962990330128e+01
4.934913354698988996e+01
5.298722933259233514e+01
4.931123846215903939e+01
4.964510457233203766e+01
4.787340848543672678e+01
4.724110003296158311e+01
4.985603589219980591e+01
4.323417352366867306e+01
6.302177477408964279e+01
5.340525864379520016e+01
4.868895708218983032e+01
5.429166602910906647e+01
5.331793863699782321e+01
4.991577111139508816e+01
4.679230840937074731e+01
5.269330738662930713e+01
5.072975585778257113e+01
5.094750019550831155e+01
5.076674219768946017e+01
4.650192169661715269e+01
4.905738999051148852e+01
4.680655426831114596e+01
4.508508821021814583e+01
4.951542155055471994e+01
4.930248301089299900e+01
3.886323495731490141e+01
4.676952708916270041e+01
4.075517198232078186e+01
4.946785880737885321e+01
4.678958656285483642e+01
5.086816736003491002e+01
5.226205387132874591e+01
5.946405414405933954e+01
4.683576587787996459e+01
4.658226180302946773e+01
4.788720690280064218e+01
4.502460980578793937e+01
4.427628355156311102e+01
3.336605911250403267e+01
3.925420909788546453e+01
4.222892272211448983e+01
4.112237093980363056e+01
4.573755885719945979e+01
4.467857250702900274e+01
4.748604693459329695e+01
4.320360826281442002e+01
5.524175077346685470e+01
4.755807223946867168e+01
4.306703420970532648e+01
5.576606656971025444e+01
4.817092033243765314e+01
4.148148403705194198e+01
4.553911153360272124e+01
4.537645762440902075e+01
5.464303064129427412e+01
4.616740653632748348e+01
5.254146220587958283e+01
3.743409595292553149e+01
5.621258078310536632e+01
5.108676940208752626e+01
5.131814300349250146e+01
5.774932724443522147e+01
5.476217046959644819e+01
5.716965962657150158e+01
5.468493083956399659e+01
5.455691727353771370e+01
5.060094584572706111e+01
5.412677608770162152e+01
5.437771146402500477e+01
4.887941759044484513e+01
4.691615352437509756e+01
4.231920890313551809e+01
4.652614637664660080e+01
5.435842015337097166e+01
5.133657053848484253e+01
5.194072243296466240e+01
4.986312300612711823e+01
5.249225555493885764e+01
6.033041016073703844e+01
4.614639907257942752e+01
5.103987380850262667e+01
5.112438912916898914e+01
5.728296750428948059e+01
4.964984498334344920e+01
5.012750890163560769e+01
5.313530576824786777e+01
5.817156848629961985e+01
4.437070051236994317e+01
4.818885128176689392e+01
4.995296230580844110e+01
4.701016911844121182e+01
5.739358510491074128e+01
5.418018830645977602e+01
4.887570329294928229e+01
5.405291608348486676e+01
5.796924224484693156e+01
5.038196821409602677e+01
5.117924307375257342e+01
5.281709053432483358e+01
4.527578514823265721e+01
6.443334482542221053e+01
4.775258510580719218e+01
4.410265013376620402e+01
5.906581655853920410e+01
4.338828231116922751e+01
4.363838599811242602e+01
4.491657378180166660e+01
6.391633187962476370e+01
4.795608651650832854e+01
4.587569917446409562e+01
4.284905339029227633e+01
5.122298296105655879e+01
5.321842180103367781e+01
4.749769947571240891e+01
4.256442647814561298e+01
5.225085259332486487e+01
5.233644704118150770e+01
5.793616770325548515e+01
4.015775009491242287e+01
4.649467575510478667e+01
4.760325799339381803e+01
5.006400097153996853e+01
5.117365224514099253e+01
5.306985820595411241e+01
4.726267188548014531e+01
4.975828790807588575e+01
5.699801699051733550e+01
4.823706310803367359e+01
5.258373906966553335e+01
5.506369253240144701e+01
5.373983192662245756e+01
6.358901941185024498e+01
5.782945351195901651e+01
5.540158831874254020e+01
5.437149871643209309e+01
5.997976639650336494e+01
5.214977288141434286e+01
5.878669955754943999e+01
5.463333492544508374e+01
6.014786670004735925e+01
5.192865614558641596e+01
5.578391620618185698e+01
5.709086946290138798e+01
5.322969234920869042e+01
5.019013925676141952e+01
5.393855641740822193e+01
4.846195410505336554e+01
5.329236809175403522e+01
4.443354768671049015e+01
4.743711830370260429e+01
5.808054713003461700e+01
5.830057072013826058e+01
5.587234079182846358e+01
5.670446729310188516e+01
5.510498228464475545e+01
5.996738191377183114e+01
5.799034170141904099e+01
5.696862502675688944e+01
5.671349818181754898e+01
5.755576646601632973e+01
5.453422203562994497e+01
6.713992156606069273e+01
5.078703291092001848e+01
6.166740179350784956e+01
5.295334144214768202e+01
5.165009772582328651e+01
6.169215540972417955e+01
5.619357961800835000e+01
4.358118482082781497e+01
5.898239483930428406e+01
5.323924675825789166e+01
5.029432952215236696e+01
4.256593626815531906e+01
5.591243619420681910e+01
5.365567204504547050e+01
5.720669400204197785e+01
5.050386530225758719e+01
5.424035157537184659e+01
5.147713975465321568e+01
3.849637293639398195e+01
5.688734433246585809e+01
4.017159348569192900e+01
5.367213221908233578e+01
5.321843919702683223e+01
5.370129085671739233e+01
4.516035572587077240e+01
5.091036494508202281e+01
5.819031293752485112e+01
5.209685595448635809e+01
5.485178078065880669e+01
5.508091473545155736e+01
5.955299982927631675e+01
5.362424174643324193e+01
5.885358534743816961e+01
5.772986247600815091e+01
5.532567908948375646e+01
5.464730810495400704e+01
6.913276802758207396e+01
5.742268786111739587e+01
5.991586914143292830e+01
5.697915030558063876e+01
4.434207383930554158e+01
4.489778513088295142e+01
4.575027602487624989e+01
5.292911550501315787e+01
4.510444775804547390e+01
5.804717336160229024e+01
5.220326940275824512e+01
5.108453875923972731e+01
5.569034125789600864e+01
6.320068592275421082e+01
6.458361658864525623e+01
7.118902983055535572e+01
6.097346802561786205e+01
5.693864240214077910e+01
5.788171957297794279e+01
5.526856914870019466e+01
4.780801971998378264e+01
5.442210748240091789e+01
5.231291258672911937e+01
6.559123027692218955e+01
7.292177341175995764e+01
3.957069560812724518e+01
5.274476906123381781e+01
6.603731939647730087e+01
5.745588614107219172e+01
7.274157234164349006e+01
5.159707011865567239e+01
5.227244900531755434e+01
5.430494156753741919e+01
5.564852909798463543e+01
4.480856189213646701e+01
5.469350904040454964e+01
3.962127484365165486e+01
5.368741908886861580e+01
5.256320947700675816e+01
5.038470436315807888e+01
5.428328787227799523e+01
5.359182359313372501e+01
5.125551604417639595e+01
5.518945202816151152e+01
5.575724153671885119e+01
6.123155290619043001e+01
5.373905449264002243e+01
5.973248920929413686e+01
5.925580026249186005e+01
5.900083272776476662e+01
5.677503066531610187e+01
6.028779700396627561e+01
5.470549103484816555e+01
5.453675017099729416e+01
5.776074368905914724e+01
3.498689862617769109e+01
6.647052729076663979e+01
5.716181974223119511e+01
4.521522993097304521e+01
5.789795569151595345e+01
5.460475068386231356e+01
5.396895663645475594e+01
5.644172069546829817e+01
5.442784846732579496e+01
6.093967500449907249e+01
6.533358076146818405e+01
6.664416929686564117e+01
5.416893357918592500e+01
5.514054506308356451e+01
5.485233939976429696e+01
6.122761298242854622e+01
4.709572919338909003e+01
5.667885034774998587e+01
5.809985997858321127e+01
5.690639485578087431e+01
5.536734488295022771e+01
5.803384118003395997e+01
5.574006963805178572e+01
4.427381897705621583e+01
5.478348996332452714e+01
6.827120076132013082e+01
5.695527729757738200e+01
5.359650382419496140e+01
6.251040736263725961e+01
4.968785077619921964e+01
4.045059156033013892e+01
5.967543634694074939e+01
6.018239368611662599e+01
5.619398651665915878e+01
7.002019655281171140e+01
5.304645114697927255e+01
5.429377121204219492e+01
5.280053283650996576e+01
5.505233401541071458e+01
6.195273427726086624e+01
5.636957287001298056e+01
5.015712678500943156e+01
5.792511263787172027e+01
6.369278595864797410e+01
6.471285416267816970e+01
6.337564905473772114e+01
5.569212676930836636e+01
5.138293179170388214e+01
5.611398325641792439e+01
4.968516954829560461e+01
5.493025236006400291e+01
6.505848862433487056e+01
5.839552959601456905e+01
5.692020402034274440e+01
5.587485845582592958e+01
5.088161902930700364e+01
6.290119299435894362e+01
5.520263524935417365e+01
4.944752856061396074e+01
5.527774047963038129e+01
5.611818920866537042e+01
6.064917390425962651e+01
5.596012545632259361e+01
5.318868432343884223e+01
5.135783353768637483e+01
6.389183326763744475e+01
4.999539990724420591e+01
5.262914086011382864e+01
5.128427969785695240e+01
5.378069446534568954e+01
5.214684814818532743e+01
5.953375613448061898e+01
5.608032440546518416e+01
5.739965122838481193e+01
6.011732315303773788e+01
5.698320216811202243e+01
6.047571148012041675e+01
5.367500075340652188e+01
5.613312457516201448e+01
5.168526336111426644e+01
5.475723084776433325e+01
6.424809180946520826e+01
5.452961969943880405e+01
5.880130946081716559e+01
5.843942029330518295e+01
5.295546553428594905e+01
5.702743026753533684e+01
5.859297043994688892e+01
6.000311238956733462e+01
6.865852185218766124e+01
6.404923411765679475e+01
5.103046516146915934e+01
5.514139672375791434e+01
5.688224606513023218e+01
5.412764306242331713e+01
5.742265591450428275e+01
5.838242233231149214e+01
5.886842771961915588e+01
5.498591772046230375e+01
4.744907682220669898e+01
6.000807969772355932e+01
5.968206738687096191e+01
5.171880904591360206e+01
4.844263907131808367e+01
5.335740575774708105e+01
5.343934116745911211e+01
5.804080874117256172e+01
5.906269026488558183e+01
5.810826356867669773e+01
5.946891596991052609e+01
5.616316332191026106e+01
4.820357811810511350e+01
5.462105621568336744e+01
5.690348472702890348e+01
5.731839620641105881e+01
5.530176883356551798e+01
5.368296803239944381e+01
5.676048882247386018e+01
5.350315381723242325e+01
5.591161697059069979e+01
4.629394109459251183e+01
5.410726828668202160e+01
6.284819012268008720e+01
5.635279208673222229e+01
5.807326165145370567e+01
4.566201714673766077e+01
5.025633947352103803e+01
4.948560449280522278e+01
5.344891741687472120e+01
5.225232862679452950e+01
5.345962502785293680e+01
5.388242394361565601e+01
4.711573173167211337e+01
5.492898776399616168e+01
5.388248904325880062e+01
5.864071184083987731e+01
5.651658278038106431e+01
4.496124466267831110e+01
5.579265143699829821e+01
5.850714109871218938e+01
5.094744274196327183e+01
6.112113911405053557e+01
5.623588061939852878e+01
5.375518469817315292e+01
6.043611555071938568e+01
7.019633002011129008e+01
5.494263500053752125e+01
5.831946196282395078e+01
5.713814885963452639e+01
6.022880920654866088e+01
5.780593031752184174e+01
5.332524553516895338e+01
5.156168101973538143e+01
5.233512985010016649e+01
5.552959943266019138e+01
5.252549502117150837e+01
5.444854641523330230e+01
5.684189751139693669e+01
5.193904062942817035e+01
4.542249129917097150e+01
5.699872251482887009e+01
5.475102461652055297e+01
4.774997324344600003e+01
5.131119090592898146e+01
5.285610916166658768e+01
5.232388647767420053e+01
5.500822320134339094e+01
5.459855339293109466e+01
5.701220333308782529e+01
5.235468378781402521e+01
6.245958790412018402e+01
5.650933013127033888e+01
5.484005590300132837e+01
6.055499762968101152e+01
5.759267608392794102e+01
5.905955828953646147e+01
5.280462708115602766e+01
5.752051815104008625e+01
5.007387798655125266e+01
5.149755866418284711e+01
5.627285224767408067e+01
6.105549700778431088e+01
5.296724044952443222e+01
5.909056930565184018e+01
5.045707570735235947e+01
5.492618820122633139e+01
5.088401727595056911e+01
5.282992691025862086e+01
5.379109615893400331e+01
5.445703289459031993e+01
6.322506396201161749e+01
5.322164224109046415e+01
5.642403119806296985e+01
6.816731330212547846e+01
5.736445436788549301e+01
5.603282311968958140e+01
5.657454294905263481e+01
5.012700259817489723e+01
5.898825451733264202e+01
5.601480877518652335e+01
5.366408348606722001e+01
5.408905583615238299e+01
5.761269077783217796e+01
5.426578869049890841e+01
5.588037117321659508e+01
5.810199629712748504e+01
6.497306569295265888e+01
5.636569920318986249e+01
5.420959817413104531e+01
5.330062562750910615e+01
5.901744799564590949e+01
5.174840040608293634e+01
5.306390790406764779e+01
5.537988512448349354e+01
6.046163161926300944e+01
5.394038984217596777e+01
5.288467013226630087e+01
5.272207499490355076e+01
5.925732450563992160e+01
5.451108790614249244e+01
5.601530235182501372e+01
5.003442069937584336e+01
5.576503381826113070e+01
5.442484916873807776e+01
5.944637600874261096e+01
5.876176728098088375e+01
6.077370567251590217e+01
5.299199804807673786e+01
6.487755412789518061e+01
5.872111021213989090e+01
5.260566436843417648e+01
5.609659277172178804e+01
5.769657041509799456e+01
5.637665826917738343e+01
5.818597926020657241e+01
5.892482575308816450e+01
5.326739663761176047e+01
4.564908865968328655e+01
5.931393031349904277e+01
5.236538366027817659e+01
4.944890428988967557e+01
6.042909381791476164e+01
6.506074670190693610e+01
6.671129001914131607e+01
5.601101842701649502e+01
6.525272419571724924e+01
6.371356261842122137e+01
5.760947470349611876e+01
5.775975980240234975e+01
5.785366613720855611e+01
6.288958676996553976e+01
6.069023032557755215e+01
5.229011734720310756e+01
5.905821324452066534e+01
6.792465413483057546e+01
5.362295985510112217e+01
5.946197521115816897e+01
5.670386475630188272e+01
5.897968038557569059e+01
5.943673993535696809e+01
6.019019301602914851e+01
5.857821539526072741e+01
6.234672595819146323e+01
5.609901802704153795e+01
5.382420355957327018e+01
6.183921622904525606e+01
5.496361023039434457e+01
5.129464135409531877e+01
6.136387539731879315e+01
6.546932423857302297e+01
6.133134701625275653e+01
6.538106778740750258e+01
5.586857166978106903e+01
5.991033486098123007e+01
5.083201181909443989e+01
5.085481535899825190e+01
5.016789530171963207e+01
5.013613010813871540e+01
5.667302195897201500e+01
5.435481768898470989e+01
5.863327973328524934e+01
6.387577251548637491e+01
6.125259938023278750e+01
6.138791631071848087e+01
5.797888759743179321e+01
5.519471639433179888e+01
5.247056333232227843e+01
5.804562694488289765e+01
5.783926459777062234e+01
5.750088853647075382e+01
5.784040591952319943e+01
5.681443849785514999e+01
5.832341782785759676e+01
6.131618595051385512e+01
5.371827163793350479e+01
5.585774028125464952e+01
6.136499905739422189e+01
5.728715447763686797e+01
6.183367064175631356e+01
4.950108753913239923e+01
6.328356711336905960e+01
6.064361163257733267e+01
6.684122812363258959e+01
5.866827091859274645e+01
5.912993641180455739e+01
5.809982172374665765e+01
6.191422825271791908e+01
6.036601013670117055e+01
5.237035949717933647e+01
6.058910210319362477e+01
7.091699287237932481e+01
6.083077912335927095e+01
5.646183638849885966e+01
5.944825963740596819e+01
5.676103549666233761e+01
5.906037525906055663e+01
6.217516921716624978e+01
5.900924280127192390e+01
6.310868550619928641e+01
6.570282594952595900e+01
6.756921417008996400e+01
6.105179478925461467e+01
6.062514505052396885e+01
6.150659378003768296e+01
5.716441380741823508e+01
5.789859967677946884e+01
6.195549414085370898e+01
6.101543474709195181e+01
5.632259974333336316e+01
5.935291782749619216e+01
5.120383238245403135e+01
5.440359814101329050e+01
5.447528443906717399e+01
5.691584297725015062e+01
5.376771030224791303e+01
5.233790140272071767e+01
5.184205460910018104e+01
5.918987633606608512e+01
5.631450012914998382e+01
6.272037463541330737e+01
6.950250591893707508e+01
6.064064610795031740e+01
6.172388527453235696e+01
6.503346066111879509e+01
5.945768738844535051e+01
6.564118701376277443e+01
5.769426661606548379e+01
6.490951776019781505e+01
4.556531814768655408e+01
4.927756274940772840e+01
5.449802736211480436e+01
4.803641602394307597e+01
4.386511120828131283e+01
4.754938124512918307e+01
4.632091465133089514e+01
4.451090667929509692e+01
4.218937870136647916e+01
4.301382368869857942e+01
3.944345546779153011e+01
5.233434714767791718e+01
4.492094434023845650e+01
5.213366987515232154e+01
5.465404959364374093e+01
5.378013670210045660e+01
5.578198953456898579e+01
5.178122939895295929e+01
5.932137940962700640e+01
5.730958329524766981e+01
4.926778534689459832e+01
6.125871118427166806e+01
6.038179348369183685e+01
5.575329827889837730e+01
5.616048509841061076e+01
6.000859829986179506e+01
5.726095397431735279e+01
5.777809284873852391e+01
5.548490548879962603e+01
5.687296319905641440e+01
4.930818102331321739e+01
4.953923439982860089e+01
5.761792482382494995e+01
5.910734111005447744e+01
5.775630058564874503e+01
5.773148711123580057e+01
5.730600987521958700e+01
5.522994713227178210e+01
6.183777481116042196e+01
5.632142177894578339e+01
5.701570450722892502e+01
7.026958879699103022e+01
5.445540609511840557e+01
5.793218983491484408e+01
6.344945856165320208e+01
5.443503948205108145e+01
5.937993592593955583e+01
5.503671097506107657e+01
5.519477588024511761e+01
6.358488284037838412e+01
5.042277488209494152e+01
5.763367475289318520e+01
5.808286596885118058e+01
5.854049246844121512e+01
5.108809743604309261e+01
5.523246174977828815e+01
5.648653905731923430e+01
5.913175044742487074e+01
5.515464270037335126e+01
5.308646557389573672e+01
5.565487054471943651e+01
5.632967213595156863e+01
5.790813183860879576e+01
6.518950288785219982e+01
5.763171841866630984e+01
5.764936993408694121e+01
5.594298073578809749e+01
5.988169784108006155e+01
6.112188865159824758e+01
7.230931233321105367e+01
6.206431604276871639e+01
5.805823172873359539e+01
6.875013255919729716e+01
5.208445674726634422e+01
4.777730155098947051e+01
6.056061371469339605e+01
5.435222340793149698e+01
5.645100892208569832e+01
6.098099662703496904e+01
6.824482102640335768e+01
6.090137836985359598e+01
5.550364693844893793e+01
5.280096935138082870e+01
5.817945617252268420e+01
6.107982252724153227e+01
5.688051140017059026e+01
5.177149327057377093e+01
4.999142340468814183e+01
4.757746340950332353e+01
6.073221200873381775e+01
5.838131050555379886e+01
4.508219986123057765e+01
5.616787527822543780e+01
5.798622561090418515e+01
6.414883237208391620e+01
5.373579405009157739e+01
5.514214916729839899e+01
5.766356890161832638e+01
5.678123215751241304e+01
5.751074325069019011e+01
5.555334678973473927e+01
5.545513367792517556e+01
6.214325085570823859e+01
6.301208986772107323e+01
6.287176432257953707e+01
5.693634303289893950e+01
7.011124359847607934e+01
5.745571566241685701e+01
4.947750471126894212e+01
5.218046664564406711e+01
5.921916357752505178e+01
6.084980765592463570e+01
5.653015267789302101e+01
5.649011327096224733e+01
5.758880257270197944e+01
6.084411634681009673e+01
6.216913857973337798e+01
6.038755374915047724e+01
5.952531139266402249e+01
5.927601835794153118e+01
5.913816597477871539e+01
5.852904637950666711e+01
6.200211521852901342e+01
6.581564909460696811e+01
6.484673653043947184e+01
5.627977316710024525e+01
5.682620656037523332e+01
6.156749290899531957e+01
6.793035678358577911e+01
5.637165674477078880e+01
4.960579582089046369e+01
5.538270692507785498e+01
6.413579703406387011e+01
4.502301322314066567e+01
5.956054624513681972e+01
6.108726365859767071e+01
5.645406666576280941e+01
6.180124126233387472e+01
5.783880459224481285e+01
6.273020787381095431e+01
5.796936030535270135e+01
6.496619700261013008e+01
5.882019448834510911e+01
6.047770403321093369e+01
5.634136125171325205e+01
5.051369025430761894e+01
6.411296760396885475e+01
6.142567335029441011e+01
5.691953259547835131e+01
5.995140360808260027e+01
6.082812496450075201e+01
5.884735347926154958e+01
6.073563401927800953e+01
5.044942152614272857e+01
5.946522082541816445e+01
5.988301464945300978e+01
7.222815085794381673e+01
5.498638154586434013e+01
5.242290869515224472e+01
5.533981618108448686e+01
5.868867931396429327e+01
4.778166704846104551e+01
6.228133485937036795e+01
7.173693362413918351e+01
6.619083920483286931e+01
6.040337438002417514e+01
5.791093548499294030e+01
5.818804611311227859e+01
5.384526656286170976e+01
5.839552297985555640e+01
5.657268918711251615e+01
5.781802592736451629e+01
5.907561030740667718e+01
5.755256679661292907e+01
5.627081085584857334e+01
5.525395600037448673e+01
5.182600564081998584e+01
4.911031055218905550e+01
6.146862440840177300e+01
5.133062029287551553e+01
5.422543558464574431e+01
6.124612576867261993e+01
5.527223783746670449e+01
5.399933575446321044e+01
5.551751630536126214e+01
6.090312737927743569e+01
4.799104585054315208e+01
6.035857315441136706e+01
5.072775365256698876e+01
5.589488508409414891e+01
5.881665174356876236e+01
5.902250863840313144e+01
6.158483561517982707e+01
5.694853313622060398e+01
5.981124135848553891e+01
6.999268502673348280e+01
6.185816614957371939e+01
6.691852978739024138e+01
5.096761467103494425e+01
5.454084210469719807e+01
4.415092991582960025e+01
5.145396192872130570e+01
5.180616930400357489e+01
5.077315255291894402e+01
4.605779505537668683e+01
5.162473952105690245e+01
5.229728760987166680e+01
5.622144019667129555e+01
5.027944512531290400e+01
5.378930345537378344e+01
5.326057233794343659e+01
5.897792752809684913e+01
5.158718176278192402e+01
6.230418392694907226e+01
5.669842579178293818e+01
5.390471421452036793e+01
5.745208292805742190e+01
6.556233569560559715e+01
5.535248742752764883e+01
5.684449432812390057e+01
5.844087915446907289e+01
5.703359905038868760e+01
5.473600525157116437e+01
5.071255621612807118e+01
5.529969649075709270e+01
5.267225114440377354e+01
5.716635270636036381e+01
4.839687328002160172e+01
5.057282452105388160e+01
5.960805599576696068e+01
5.663004790047107662e+01
5.767971365850299037e+01
6.101064926565260294e+01
5.452834258243610321e+01
5.427667017386437465e+01
5.215319190209034161e+01
5.502023425318174077e+01
5.513248996752009390e+01
5.128629564052886991e+01
4.846649261403639741e+01
5.175342592615189830e+01
6.518035863435079591e+01
5.391585950238699354e+01
5.585025946662885588e+01
5.007291597605570388e+01
5.481433566128841761e+01
5.448324121164985456e+01
6.287931212144750504e+01
5.294139213176069347e+01
4.964730617245611199e+01
5.484743580787060324e+01
5.410510796536287614e+01
5.589744730368224168e+01
5.216429440916122218e+01
5.087742212584623047e+01
6.095427195667198816e+01
4.658634306907249822e+01
5.025579210929036833e+01
4.648064838727270853e+01
5.115571804051146643e+01
5.150258491926530979e+01
5.357409042337601335e+01
5.517140362995597513e+01
6.181221228514413468e+01
5.924002005992230835e+01
5.149259675167730421e+01
5.077436224591995995e+01
5.511091464913355509e+01
4.766494551133843061e+01
5.539766388749082893e+01
5.834967624050425172e+01
5.505407655499365660e+01
5.704710295115234686e+01
6.170697080101396637e+01
5.371400035009467899e+01
5.688851918551364406e+01
6.155217253055333515e+01
6.197500053803695153e+01
5.761040251802284473e+01
5.414540435415388941e+01
6.906235455798410783e+01
5.834623793065833297e+01
5.201368103367580176e+01
5.215478499815844060e+01
6.468635412210899460e+01
5.031460430635093672e+01
5.557335736269951099e+01
5.032959994802051540e+01
4.228583594484834407e+01
6.134560146355228483e+01
5.648892383050142740e+01
5.341947397249629148e+01
6.399490043027228126e+01
5.776507117725524409e+01
4.989599399026249671e+01
7.226994011174075183e+01
6.400765673398117883e+01
7.320781789579123711e+01
7.188065826477829035e+01
6.282218709679216317e+01
6.239384966572983870e+01
5.893113380049064887e+01
5.988078052750924485e+01
5.776389850189072916e+01
5.018941122463532878e+01
5.697081310737827664e+01
5.616043481486059363e+01
5.506729901598541943e+01
5.433087992673080890e+01
5.771084619147646322e+01
5.592155225733986867e+01
5.376881781779423619e+01
5.452500881208612071e+01
5.798334867186875385e+01
5.689601391411654419e+01
6.127150763929481059e+01
5.485961311202233048e+01
5.631712189527235779e+01
6.813191170335706204e+01
5.876375442373546321e+01
6.191868065731209470e+01
5.684038825770472414e+01
5.496192293989540190e+01
5.458385891373229271e+01
5.681179723493755063e+01
5.333164438328370949e+01
6.012028645270967786e+01
5.758380200675625815e+01
5.117201729714717118e+01
5.408300349937515250e+01
5.943378220587768368e+01
5.843520194392560541e+01
5.752456854538228015e+01
5.724708591933237756e+01
6.347705093338112192e+01
5.735395991391986570e+01
5.868363305724935941e+01
6.017256460048060518e+01
5.919055336968517622e+01
5.771831399989390832e+01
5.682211453085413666e+01
5.543791536740403814e+01
5.805855073176648773e+01
5.679800060039041654e+01
5.445893896928145494e+01
6.974548352459673595e+01
5.273786258038990837e+01
4.877333933705055813e+01
6.437805895984109839e+01
6.060211448729240402e+01
6.493609529670249003e+01
5.718351951823426305e+01
6.124006173153816235e+01
5.793850025437782847e+01
5.718610579928134996e+01
5.597124777814853758e+01
5.886834101868404900e+01
5.868083317822199518e+01
5.673623272908412218e+01
5.555024489246980579e+01
5.760356492557261276e+01
5.812325130561941222e+01
5.866660148847125100e+01
5.815721632706423350e+01
5.958039313731365638e+01
5.282313892586274306e+01
6.401659354367210142e+01
4.950024237417314055e+01
6.394077001864432930e+01
5.642764936040581603e+01
5.961419411439850080e+01
5.890000728264113405e+01
5.933396879105781352e+01
5.606123601547840707e+01
5.809970726144040754e+01
5.791258601023998409e+01
5.697831258854929359e+01
5.575082991355272810e+01
5.966875271535838721e+01
5.826931399977840442e+01
5.367433399326033339e+01
5.464068515637264056e+01
5.840386044073438399e+01
5.678229634937976300e+01
5.089574609532710525e+01
4.499683009022558622e+01
6.781343030316192255e+01
5.836417906040350090e+01
6.492694668942220915e+01
4.936074430767452981e+01
5.318052173881757483e+01
5.300778200509726190e+01
5.891021399801878999e+01
5.717929760644663872e+01
5.834326767590224705e+01
6.892784052491384728e+01
5.621964586767505523e+01
5.009856516563945661e+01
5.997495005835396142e+01
5.691008131766318456e+01
6.657740325863170483e+01
6.202767380945154940e+01
5.699860144914665483e+01
6.149431144175939323e+01
5.488453489922325446e+01
5.628417341002925411e+01
5.529038651405384286e+01
6.233659490666657632e+01
5.946833814314798161e+01
5.691684960413468275e+01
5.753938817460126387e+01
5.704535394411223592e+01
6.115419943108808098e+01
6.088165328646925190e+01
5.587289139826879136e+01
5.651665229206195562e+01
6.079180759461351613e+01
6.101210540782758329e+01
6.193789824969006474e+01
7.118789338490947216e+01
5.361269661830866085e+01
6.201499521147829341e+01
5.752486878482728372e+01
6.296841412708152319e+01
6.594490530966528752e+01
5.862033057255789714e+01
5.980541346146750215e+01
6.160967668916476470e+01
5.487432236356707449e+01
5.909513356767499204e+01
6.609315288386456189e+01
6.285017366346463774e+01
5.707541981574897250e+01
6.411576906447743340e+01
6.306939467080002260e+01
6.309667324837689506e+01
6.149377788703727532e+01
6.396997910175091562e+01
6.219103804976671768e+01
5.863557141499951797e+01
7.132933674562346482e+01
6.222453783435049246e+01
7.845306774277004536e+01
6.662657944946086275e+01
7.457472100027175088e+01
6.606824230450266100e+01
6.841323084182175762e+01
6.802743535275118347e+01
6.369516217731683838e+01
6.746991432427422808e+01
6.553686054858414423e+01
6.419414587620397583e+01
6.710768828400519226e+01
6.605745564000116588e+01
6.990145350148959835e+01
6.708530182201110392e+01
7.371312448083403979e+01
7.742820098412876462e+01
6.698217756545780333e+01
7.928171562142159701e+01
7.050261013836929180e+01
8.110194907013151067e+01
7.013977290102920392e+01
8.777514497376536440e+01
9.514890520163152132e+01
9.814920202637094349e+01
9.165369809779009813e+01
9.441428446829300469e+01
9.148672968633728431e+01
9.205485188801094409e+01
8.352406897427802335e+01
8.729965160494252530e+01
1.019529587632086418e+02
1.318801024851723298e+02
1.342165557517008097e+02
1.404786636480640425e+02
1.327485794829546819e+02
1.243556925526368673e+02
1.288535201640412993e+02
1.052514313424988330e+02
8.571759754782496543e+01
8.273352739054938354e+01
6.356882038498461895e+01
8.161669458485741302e+01
9.109494969414137699e+01
1.036534280348488437e+02
1.089318359025237442e+02
1.455903663844322011e+02
1.721818302094572459e+02
1.845672442784636473e+02
1.533036750226198990e+02
1.244287790504557165e+02
1.254688145552915444e+02
1.011198049809720914e+02
8.704581090878629368e+01
7.517614056028051550e+01
6.806680655656683143e+01
7.224344571880970989e+01
6.923118916119328503e+01
6.765139224993421863e+01
6.550354685918416919e+01
6.827765149172223857e+01
5.877736114988472593e+01
6.330002694760468529e+01
6.352340359853583607e+01
5.655777472999682232e+01
6.529914788628681777e+01
6.023800580841498942e+01
6.172306887137649056e+01
6.196881363670345877e+01
6.555597901511399073e+01
6.791929826483033139e+01
6.109601604959500776e+01
5.860866743553690839e+01
7.001087106808415683e+01
6.593688770987149894e+01
5.825576544637650045e+01
6.078542480966439143e+01
5.740541968303934794e+01
5.908802899438684619e+01
6.360498169211123098e+01
6.613455582357468643e+01
6.432713222375205930e+01
6.561763425553007778e+01
5.653984586602945939e+01
5.843457107237308890e+01
5.585413543218817267e+01
6.145895650142507094e+01
4.710990001966239760e+01
5.811837005718221860e+01
5.974530926184345248e+01
5.943756457879941735e+01
6.116211238721508181e+01
6.005995695201567486e+01
6.011562003397673237e+01
5.950456764041822311e+01
4.467653597768033080e+01
5.380854271625712926e+01
6.347138934640734931e+01
6.244883336218548209e+01
5.893953522359367270e+01
5.663769667176325839e+01
5.629831471318289005e+01
5.773752278453255116e+01
6.528157267484627369e+01
6.016156318323974261e+01
5.865246489965966248e+01
6.382536494506343416e+01
5.739603696870269545e+01
6.518856071176138300e+01
5.481463248009654166e+01
5.840092059258965662e+01
5.581890133166039902e+01
5.783439838726754090e+01
5.778914327401530215e+01
5.867976517474322407e+01
5.763741637825044251e+01
5.804335569791557958e+01
6.004631972957274400e+01
5.775486676788234064e+01
4.957362776193227205e+01
5.840743884097290817e+01
6.931814058274537160e+01
6.155521216629806247e+01
5.750060070000713353e+01
6.054654547601655423e+01
5.304252959514004573e+01
5.740827366253509467e+01
5.112540605228492296e+01
5.920731055537530807e+01
5.907618242984682411e+01
5.614400588773214196e+01
6.418048970790573549e+01
7.576701088160663744e+01
7.444711081086875026e+01
6.937398640194960819e+01
7.382604047278631754e+01
7.345977995528352267e+01
7.515653677824028023e+01
7.444765084469648286e+01
6.592262250243129529e+01
6.276009043568250689e+01
7.139133161617044721e+01
7.116787007120797171e+01
7.746577476471014734e+01
7.651311485466418105e+01
6.191467337949249128e+01
7.263224027369567182e+01
7.141513194328503289e+01
6.650218751544332463e+01
6.080015541358874742e+01
6.854579220668699691e+01
5.815719098084261418e+01
6.189829647649676758e+01
6.068989407159098448e+01
6.186263376534228797e+01
5.636394839672028212e+01
5.734289719351320969e+01
6.303914107589645965e+01
5.455370364264027927e+01
5.899477131014334219e+01
5.695572879817519407e+01
5.853369164675194725e+01
5.777453374810884412e+01
5.819641285724900115e+01
5.607206476673074036e+01
5.765206350125963297e+01
5.883012131440410286e+01
5.851563045746127045e+01
5.692589881848137168e+01
5.204644003123177498e+01
4.968222176718008143e+01
5.425747490093010583e+01
5.958686586868794421e+01
5.472368104646030673e+01
5.932805517894092873e+01
6.472892760316982219e+01
5.781639847870683724e+01
5.224651595541852345e+01
6.277989451985532554e+01
5.808811009502532841e+01
5.373638973800677121e+01
5.432838450577308009e+01
5.774130843207061758e+01
5.780898007322419119e+01
5.646685465076215849e+01
5.331703812235489437e+01
6.017652576347325777e+01
6.726388051640481081e+01
5.814061629337945902e+01
5.539433324773756340e+01
5.335858578510759997e+01
5.663539597266343151e+01
5.105415419147598044e+01
5.608848502805022918e+01
6.153899679239370357e+01
5.876365712136743014e+01
5.221262127085334726e+01
6.380995505424018432e+01
5.743316812201509691e+01
5.777444752022102392e+01
4.484171217908904339e+01
5.575569943373931636e+01
5.939409060892514702e+01
5.887846544299421936e+01
5.028089949107479129e+01
5.236994428082959985e+01
5.713824430182563674e+01
6.248983969073958633e+01
6.531718526133212777e+01
5.591917180177524926e+01
5.999878095899423869e+01
5.517213579320686279e+01
5.518612959489355774e+01
5.440481369714571969e+01
4.244490346573871165e+01
7.012273920495782420e+01
6.024135023900837638e+01
6.105239530170708662e+01
5.893671067338491554e+01
5.442852867287648877e+01
5.515939859812348089e+01
6.656220847725752776e+01
5.817712411021199159e+01
5.607121423620951361e+01
5.514584162338271511e+01
5.061598804578455457e+01
5.836561336056436033e+01
6.714705493560424543e+01
5.503060230799204078e+01
5.701567542878382255e+01
5.587720553877678498e+01
5.286192465663370399e+01
5.819705193533420839e+01
5.493112970533716322e+01
6.937072651837277704e+01
5.958314242683169937e+01
5.392076450336305271e+01
5.786989118250659914e+01
5.714603352858872398e+01
5.822249375733743193e+01
5.753734317196690284e+01
5.957276282311846671e+01
5.845127475765803382e+01
6.055135235503692570e+01
5.938470575362380544e+01
6.937818492847316065e+01
6.801297158085921524e+01
6.143358703848625169e+01
5.898584322437760363e+01
6.389681078806380299e+01
5.884807797289744968e+01
5.898039246826972715e+01
5.976379257802283007e+01
5.796375081414577579e+01
5.625513996261193483e+01
5.608401752982555166e+01
6.373117631794679738e+01
6.190800083583802405e+01
4.309167673509305274e+01
6.682833298785091358e+01
5.523728379956351375e+01
6.489931673621427421e+01
5.822734191815843730e+01
7.445038650920288603e+01
5.561867721582896706e+01
6.312285527750773895e+01
5.417833705799569799e+01
5.604120999652749191e+01
5.799856175752262999e+01
5.686211368647964548e+01
6.097322158001956893e+01
5.535479887082139072e+01
6.225486688239963229e+01
5.362607518105054538e+01
6.045997531777793910e+01
6.224981239953858392e+01
6.028578939675783488e+01
6.245083262312215311e+01
5.258112803692382187e+01
5.607943068544988563e+01
5.365910972360431686e+01
6.836943764024617565e+01
4.969355671143384257e+01
5.673748450983301694e+01
5.304677951835319050e+01
5.881008950275364100e+01
5.227067718527730733e+01
5.647698976367218648e+01
5.329778639398573148e+01
6.087166645993562497e+01
6.247404231474902048e+01
5.828027590098071187e+01
5.442612606097717531e+01
7.493616093661354682e+01
5.883522604248663157e+01
6.671197215734555641e+01
5.328706569197307630e+01
6.045018649540786271e+01
5.714592249363011689e+01
6.268314932856704758e+01
5.256478682528877044e+01
5.823377817069192020e+01
5.899447512363627055e+01
5.290148889085691053e+01
5.820150248675201254e+01
6.201295613222008996e+01
5.867870394961657610e+01
5.750082110139266689e+01
5.354833336649102904e+01
5.358513236868825658e+01
5.560262040848937914e+01
6.623386136756460019e+01
5.889434085486015391e+01
6.240021864339302482e+01
6.090127716025151017e+01
6.543325302508972641e+01
5.595207243406228059e+01
4.835534966931503220e+01
6.137969356025800494e+01
5.960633686612334259e+01
5.846327887700404347e+01
5.775861789014914649e+01
5.628747853059577722e+01
5.233309634430932533e+01
5.762447172548045415e+01
5.693235747540867919e+01
5.369353055047836420e+01
5.701497849572511711e+01
6.163815570607760463e+01
6.031203704912861951e+01
5.895290021239227229e+01
5.617173988320101330e+01
5.500720724290486885e+01
5.650851957121435021e+01
5.956279793521186861e+01
5.846389172713104898e+01
6.309143892268619425e+01
7.211752141985114406e+01
6.348771194888855973e+01
5.682388648396351272e+01
6.948250519026183269e+01
5.645397664856458420e+01
6.092831695085464361e+01
6.702678508905620447e+01
5.436133282940440381e+01
6.159850632734710985e+01
5.838257178788225588e+01
6.857805279458976599e+01
6.322320548550354857e+01
5.563448342918687928e+01
5.506846011923823880e+01
5.921075341180401352e+01
5.818963309150861818e+01
5.547252151444598667e+01
5.513323582383786459e+01
5.693666044011212080e+01
5.725225547993607478e+01
5.138999454360986618e+01
5.680592727099152484e+01
5.584007368273469751e+01
5.379523347316428783e+01
5.451788406448305579e+01
5.777187419343053421e+01
5.766287049975939993e+01
5.500729969628454796e+01
6.185410597267858179e+01
5.012128116460080207e+01
6.245218047231253422e+01
5.582130578703947776e+01
5.624146297984099618e+01
5.838226378296543118e+01
5.693485450956807625e+01
5.558983778704790524e+01
5.224184686206146466e+01
5.588809940568875589e+01
5.402187965785190471e+01
5.481462699447466491e+01
5.549578018971454441e+01
5.364369821245961845e+01
6.028456907036164125e+01
5.456956183665537452e+01
5.204571794338781388e+01
5.513821853678854978e+01
5.705036802708971067e+01
5.536353458333787358e+01
5.290742432923241267e+01
5.707835529516462003e+01
5.547307216950525088e+01
5.595332289707142337e+01
4.951898164692906334e+01
5.744250537651566901e+01
5.481280106161319310e+01
5.390864311382229346e+01
5.139402509255174323e+01
4.403655555641241648e+01
5.306010034669770192e+01
5.293458550109245664e+01
4.616326313558815997e+01
5.676957829377438713e+01
5.891713652953618663e+01
5.161476569112738844e+01
5.340661240186869207e+01
4.617182219744130123e+01
5.437432505647945646e+01
4.459885555610775043e+01
6.133236400131152521e+01
4.988893112379406602e+01
5.482287427223301535e+01
5.608200844688671083e+01
5.831661478571133017e+01
5.431723664269279794e+01
6.592658774046761039e+01
6.170649146717742184e+01
5.386679303477227165e+01
6.158803491551508102e+01
4.634858314706591642e+01
5.248148136556149979e+01
5.284311006015866496e+01
5.529471372550295882e+01
6.176938971979863169e+01
5.432907123983488873e+01
5.903974922083179422e+01
5.672631577026678684e+01
5.114141387076521994e+01
5.983229861743655675e+01
5.501150246964832746e+01
5.253437752431577934e+01
5.818013194793424248e+01
4.643749739398452903e+01
5.038345219667232300e+01
4.875105479090244387e+01
5.343914085360736976e+01
5.692936627565327257e+01
5.500054268911349453e+01
4.887192338043526263e+01
5.156500619072411951e+01
6.622744028934225469e+01
5.363857749186261969e+01
5.958730744271193913e+01
4.933157064598482577e+01
5.985201988565949449e+01
5.607872554883699934e+01
5.217253299539881084e+01
5.343947921491118791e+01
5.173004608693219097e+01
5.680399283529419563e+01
5.443607858855812509e+01
5.348899231646961283e+01
5.389294957565727628e+01
5.555708103783837259e+01
5.413444430587926348e+01
5.913871461197877011e+01
5.210426604384940674e+01
5.457236716813436317e+01
5.663924282246955499e+01
5.413442001027039652e+01
4.728604629888777566e+01
6.273236010599837442e+01
3.936952053163114584e+01
5.551480415033869775e+01
5.847054413278585372e+01
6.091711143878758605e+01
5.862085456264116345e+01
5.594842752230610472e+01
6.343404225507271832e+01
5.287272651263741352e+01
5.435717992444275382e+01
5.411038275048741042e+01
5.242655940725462216e+01
5.332884989738433035e+01
5.720805167017572046e+01
5.781497371763443027e+01
5.634906382742098430e+01
5.603647898344564737e+01
4.863943345555546927e+01
6.088342667589012791e+01
6.856554502100148341e+01
5.256733403666053306e+01
5.833839543782264769e+01
5.773143144733529653e+01
6.000257434660441902e+01
6.461428952831921890e+01
5.242037784661816602e+01
5.794301316664913060e+01
5.774537373990524713e+01
5.272236772784472691e+01
5.409567516759398131e+01
6.086817299917494495e+01
4.948789772506109585e+01
5.999521919514541679e+01
5.478476033791017130e+01
5.697832796906894970e+01
5.385848412818304354e+01
5.117336212234106796e+01
5.967301535373462684e+01
5.883387208799158685e+01
5.632077613635317448e+01
5.593706772878968536e+01
5.486975985314071380e+01
5.876004312693169140e+01
4.798990079550332410e+01
6.449487302743878558e+01
6.592142299098239278e+01
5.438083123167810840e+01
5.381598258177039895e+01
5.758212767994541537e+01
5.090664001789087223e+01
6.000201760284879526e+01
5.661504012674726738e+01
5.922315532711832731e+01
5.666435725846977078e+01
5.885513299222984074e+01
6.639667923871010657e+01
6.190296067657786239e+01
5.964764559436621738e+01
6.461440396403395425e+01
5.681353731757261016e+01
5.759754791882314606e+01
5.542027706273729137e+01
4.996388784922415738e+01
6.351973468062765704e+01
5.950099885301401059e+01
5.783948911847041074e+01
6.012985507262101947e+01
6.175092037632155950e+01
6.037633174218477450e+01
5.599940484923516948e+01
6.058814079586161938e+01
5.767907637630187878e+01
6.415393294684450609e+01
5.695278811275095876e+01
5.418034401334900707e+01
6.196888891513276576e+01
6.032601055662487965e+01
6.526296865955013971e+01
5.717329305654897098e+01
6.201638071074501823e+01
6.518035950609522899e+01
6.322112195739252627e+01
5.722551640196642353e+01
6.465066494631541616e+01
6.186845736205922464e+01
5.777656192443073735e+01
6.103923977870825013e+01
5.265702537132383299e+01
4.597923975315097778e+01
5.716885957869632051e+01
5.841597655198031447e+01
5.586318876186527405e+01
5.857709789967572078e+01
6.089687510213460087e+01
6.271190562283795344e+01
6.954500079203998553e+01
6.103417739369675132e+01
5.939458534889203634e+01
5.531062055677258371e+01
5.658239038412238386e+01
6.212390100509048807e+01
5.768702831110122276e+01
5.817663375946799675e+01
5.459481671129086777e+01
5.446476644575529491e+01
5.242672116967710849e+01
5.781524058941334943e+01
5.904321280138965022e+01
5.055916341593662366e+01
6.142991005847910202e+01
5.576223063735971408e+01
5.339121399010026892e+01
5.657452876661904639e+01
5.227859514802837992e+01
6.094451103453284446e+01
5.711054162449207183e+01
5.911318333334212127e+01
5.774572453711215303e+01
6.535784140207145754e+01
5.775181620782431224e+01
5.249824211648428474e+01
7.535012759318978226e+01
6.327086216082714287e+01
5.455034360425001694e+01
5.933604021882423751e+01
5.475490230956450688e+01
5.886094599478930434e+01
5.296134102393298804e+01
6.303662036523743950e+01
6.145364914118893296e+01
4.870882123949139952e+01
5.228070188075903246e+01
5.179218300714319412e+01
6.012572706625778807e+01
6.066595003656868101e+01
5.612744313123552331e+01
5.649794262978057446e+01
4.799756362779123720e+01
6.064173311980710679e+01
5.969597951117729195e+01
5.871440620486613682e+01
5.767716490840163601e+01
6.263293249650617156e+01
6.590598933901993917e+01
5.460398359910151100e+01
4.855383870539974112e+01
6.202743977254183250e+01
6.230000109042470768e+01
6.366383875869183129e+01
5.955493311021610481e+01
5.789869411312423608e+01
5.710380331499000306e+01
6.137787216558707826e+01
6.691043120995844617e+01
5.403345965589463873e+01
6.556248735334634148e+01
5.767299763493969067e+01
5.064484578679363125e+01
2.860748943853714010e+01
5.808844181951375418e+01
4.805781512407277489e+01
7.728709306103129961e+01
6.100562776833584877e+01
5.526818312986803505e+01
6.031910400068974099e+01
6.101470098332251979e+01
6.379305584206674240e+01
6.144564527391016640e+01
5.822606738769997037e+01
6.011503926361714889e+01
6.081832796059833868e+01
7.132749192178773967e+01
6.098924403572001296e+01
6.305106787642978361e+01
6.274139106158327905e+01
4.694219352369676557e+01
5.889110237682564275e+01
4.805158464884563330e+01
6.751739125397526209e+01
6.582310479856165841e+01
5.745229748848161222e+01
5.840307032796422249e+01
5.485947955010544774e+01
5.972899264429327815e+01
5.277287115235460391e+01
5.838650163245429781e+01
6.157543815356049066e+01
5.976014629262654410e+01
6.492646210340485879e+01
5.902414875851606979e+01
5.247449227825315177e+01
5.077386765250250278e+01
6.191980647407601879e+01
5.335303526198568846e+01
6.251454861641695970e+01
5.903842310332842658e+01
6.007864796705710830e+01
5.652513524718725790e+01
6.644095955858256275e+01
6.288047151226527376e+01
5.808411214850662674e+01
5.934376639701693534e+01
6.144696925225368744e+01
6.491806806025651611e+01
5.980610331702014548e+01
6.554049193896715053e+01
5.934185498027718353e+01
6.769716641856679473e+01
5.936642035904924342e+01
5.430834612811147366e+01
5.749408462430337607e+01
5.741017115222207678e+01
5.308615570083257751e+01
5.787182220832757906e+01
5.294609377454816013e+01
5.691156026187567107e+01
5.926579583913608218e+01
5.597890909631133383e+01
6.450874788829865736e+01
6.523034053101702057e+01
5.916154993386142280e+01
4.814963548056375231e+01
5.662033717240073827e+01
5.508939157369933781e+01
6.162249953938673741e+01
5.657335078033202080e+01
5.811597406839807434e+01
5.687960743073795555e+01
5.605375736623341254e+01
6.049192966816397643e+01
5.237002182692034324e+01
5.957428315726814105e+01
5.738156705893195664e+01
5.606784100418288119e+01
5.451544022085808905e+01
5.534761501877531487e+01
5.814604154339515674e+01
6.294375251569591967e+01
4.790217441000207543e+01
5.774480914031234136e+01
5.547583941367977189e+01
5.970559018405087670e+01
6.133232970781187987e+01
5.844036568311356916e+01
4.906046303297366507e+01
5.740317382670024671e+01
5.211582637946931129e+01
5.089255097802328720e+01
6.084145389468543641e+01
5.577849997956736416e+01
5.209096510834726956e+01
5.028310672648043322e+01
4.020492793745827953e+01
5.563493470044907241e+01
5.726870732626714044e+01
4.152746999927983040e+01
5.759234568022082357e+01
5.458338056549826689e+01
5.698638677046213985e+01
5.630392282098476642e+01
5.711325083135899661e+01
5.710104117165533921e+01
5.948237310912142561e+01
5.924568238792758024e+01
4.818130010803346863e+01
5.349759814617182485e+01
4.764479936263531812e+01
5.516637697111345773e+01
5.197973966446447491e+01
5.858856143420733531e+01
5.596060495129976431e+01
5.575962619853092406e+01
5.769171154460932627e+01
5.629068949932045030e+01
5.918750912372630779e+01
4.905314628985001946e+01
5.489092974233752642e+01
5.133414684847446097e+01
5.235545131069442704e+01
6.142416793382660956e+01
4.844180841136295612e+01
5.961481726102847034e+01
4.636823060886563042e+01
6.454814376151861666e+01
5.610486763430761670e+01
5.615525727065904249e+01
6.912311591189882165e+01
5.444229983421735852e+01
5.717253660627935119e+01
5.506655655633105084e+01
5.467679696119189714e+01
6.173976280260212945e+01
5.885386610562710530e+01
5.325549370196847576e+01
5.813843935387886575e+01
5.773691227415498162e+01
5.464542087293653339e+01
5.597096995669975428e+01
5.114342919062849546e+01
5.671722219760851402e+01
5.446735381389089525e+01
5.818599449002197588e+01
5.638052469048603399e+01
5.755025690508582414e+01
5.819120409698475527e+01
5.158726088211253824e+01
5.769815998729615103e+01
5.725837603209762960e+01
5.707912258743598244e+01
5.297482539576635929e+01
5.657138725539706314e+01
5.535308163175250229e+01
5.839988889916683945e+01
5.729431642042409578e+01
6.192980339203916174e+01
5.429184618887478564e+01
5.857869566716122023e+01
5.969188220389876420e+01
5.755033727775342811e+01
6.276106027839291812e+01
4.453037127663935735e+01
5.697963865332670963e+01
5.467524182687603940e+01
5.825238544051889988e+01
6.715260628948237809e+01
6.412310499160430766e+01
5.591232257095929015e+01
6.629409810728358821e+01
5.567369855551483226e+01
6.153637693991257152e+01
5.439412328070085323e+01
5.599786591846716988e+01
4.984466880615489970e+01
5.096826372436177621e+01
5.645319492153313234e+01
5.525925087392865009e+01
6.856124829981791891e+01
5.735592390185640710e+01
5.245240901117212928e+01
5.825983694754625475e+01
5.701667861053033448e+01
4.756448683818645407e+01
5.445272308290784480e+01
5.983650659409739347e+01
5.568025103925793218e+01
4.593650850257905205e+01
5.311302810651532269e+01
6.766593462422936511e+01
5.895204130258049702e+01
5.805550551908677903e+01
5.590828533439341186e+01
5.380223733372461226e+01
6.083597091993456729e+01
5.534671475415858310e+01
5.322747572700296814e+01
4.806970070032581077e+01
5.528206836649359701e+01
6.304829624100663921e+01
5.624884839625044464e+01
7.488433529069112637e+01
7.413556552807652622e+01
5.835641366050872847e+01
5.611679084729933464e+01
5.580093359375199213e+01
5.873697389166215999e+01
6.222467583279068748e+01
5.633287134948656671e+01
5.314252088968827792e+01
5.451811084639417260e+01
5.081791155847362518e+01
3.330478647524979863e+01
5.513524977196354371e+01
5.363308627100266790e+01
4.974203880201896055e+01
5.879142393740823991e+01
5.058088480945244925e+01
5.257898832904845676e+01
5.510353299116133030e+01
6.733996022208587817e+01
5.274499223093877021e+01
5.330560498541127856e+01
5.705790771712136689e+01
5.202779814513841217e+01
4.946651301417600166e+01
4.756200477588630804e+01
5.745355761699161690e+01
5.633576175495836225e+01
4.682260288642295620e+01
3.827093540929480753e+01
5.976549001162450736e+01
5.164056409883479404e+01
5.657649669646172441e+01
6.523709971794961859e+01
5.606652446694315017e+01
5.957412236194261368e+01
5.272595258117679862e+01
5.230390099181857266e+01
5.942791383242040126e+01
5.414994719181196103e+01
5.832752457279318037e+01
4.456984663712398742e+01
5.727615172293291579e+01
5.385677402399827685e+01
5.994758025556868120e+01
7.280994077324653801e+01
4.890695546753732259e+01
4.636655340086102228e+01
5.261304003239325056e+01
4.305796791334256568e+01
5.253122453759898747e+01
4.875608080242824371e+01
5.378504129363427921e+01
4.558834122962702651e+01
5.752586996115082485e+01
6.139484127765629751e+01
4.885616930573485206e+01
5.944037125459944093e+01
5.477480094169956715e+01
6.069316113986766226e+01
5.203872874417118766e+01
5.908571692432992251e+01
5.095922598691073091e+01
5.125850940483459794e+01
5.830973362050975339e+01
5.593167693239868044e+01
5.997299667632633913e+01
5.967735214627361984e+01
5.161798059992940324e+01
5.581102181140117580e+01
5.511736960667991525e+01
5.570952524768350145e+01
5.473777292169101116e+01
5.733487021947033924e+01
4.633827788217547550e+01
4.686713109364342245e+01
5.920197199836314184e+01
5.593513748476236458e+01
5.173591309983632414e+01
6.130190694430047671e+01
6.513985532016211266e+01
5.660957754477448844e+01
5.410428296778689372e+01
6.296756063607057285e+01
6.066436901496008716e+01
5.650993170498108498e+01
5.726890009572402818e+01
5.924138019899096008e+01
5.873591737960074965e+01
4.670896742553522785e+01
6.276694131388116915e+01
5.623926867938413920e+01
5.116723965843767985e+01
6.149710564599806162e+01
5.728938039918813985e+01
5.590045042975292944e+01
5.871813549236447471e+01
6.598218476288552381e+01
6.310327046234791482e+01
5.996640065029841793e+01
5.955756107138745392e+01
5.595950316116314838e+01
5.579174237483988463e+01
5.717199709397497998e+01
4.899005855382256414e+01
7.013171444503183238e+01
5.400220828773969828e+01
5.430099734958639601e+01
5.063818754666964139e+01
5.172086013407396621e+01
5.144152767528535009e+01
5.315891807883404141e+01
6.211376348438174944e+01
5.320506948627595989e+01
5.940301131657429323e+01
5.669223399157484522e+01
5.950674670582780834e+01
4.522339564456178351e+01
5.459543498600915967e+01
5.442210836923953110e+01
5.435076763794464227e+01
4.722897187885313031e+01
5.243386311448651327e+01
6.319329996192118415e+01
5.388919242872353976e+01
6.328738061868855880e+01
5.556648190563053191e+01
5.998947683440743361e+01
5.415021274773220483e+01
5.273721377397749421e+01
5.366811627184755196e+01
4.653130190621865125e+01
6.878511114614755684e+01
4.758740765079511448e+01
5.209866418081895745e+01
4.537852119574273502e+01
5.960841647757970918e+01
5.358841268682042625e+01
5.803501503924700700e+01
5.737829179006844527e+01
5.154494160925970192e+01
5.892651568558728314e+01
5.643119531468128969e+01
5.072399847918799054e+01
5.442562148236505948e+01
5.437993646387458568e+01
5.798575974459335214e+01
4.955986569969631006e+01
6.702885478012160547e+01
5.799800570343949602e+01
5.867628659469481534e+01
5.609222025302187120e+01
5.490206608017498979e+01
4.454615791857382590e+01
6.137796306812495573e+01
6.551114601409855709e+01
6.321045166150222627e+01
5.418745622383913485e+01
5.941955565776119386e+01
5.529378103712262771e+01
5.754677691041029419e+01
6.937931475251693314e+01
6.682667957789281843e+01
5.598965224027369203e+01
5.924360320345775222e+01
5.350485420097698608e+01
5.414676837793931696e+01
5.376805515176660322e+01
5.951037061927632266e+01
4.642180675239191601e+01
5.802103094389791238e+01
5.716000099556747216e+01
5.879369649019945143e+01
6.317236523341777144e+01
5.594834510290746010e+01
5.899563439501820028e+01
4.985193767512966190e+01
4.931787705835540692e+01
6.575916348766676833e+01
7.493665865887322752e+01
6.117313714175567441e+01
6.131504096370829160e+01
5.759970233436635567e+01
5.685149820484440397e+01
5.200814245192945862e+01
5.850899084799686278e+01
5.534170378268549229e+01
4.857977589728860579e+01
5.544351451861847835e+01
5.887173034642836456e+01
4.609814573433980911e+01
6.476762149136214930e+01
4.724038514399937583e+01
5.315383361866682321e+01
4.950714985834828497e+01
5.699796091618767235e+01
5.856662229306578382e+01
4.705904111482151109e+01
5.428056196908271147e+01
5.381520041481877570e+01
5.864362000384269180e+01
5.721841416540851810e+01
5.642124596322302921e+01
4.257860567019135800e+01
5.846491412114750830e+01
6.130607771485342283e+01
5.655271007633639613e+01
5.558258914676533635e+01
5.421498259859271940e+01
6.314177284703741577e+01
6.812864782821083054e+01
5.825788960890461965e+01
4.712934746816699061e+01
5.940751559059300035e+01
5.501210360767674956e+01
5.981434180857662852e+01
5.685845305462063237e+01
6.032810399603003759e+01
5.707380701821948321e+01
5.509070964399294468e+01
5.239563385681024954e+01
5.502739638120416998e+01
6.266119798362606730e+01
6.088584814717177096e+01
5.069790679470284545e+01
6.023457025261270559e+01
5.045587680315823320e+01
4.520083341738800442e+01
5.653397155769134486e+01
5.779390447133214082e+01
5.412227011036726054e+01
5.854616846017184884e+01
5.527197947145130996e+01
5.647020557560870913e+01
7.267649844124278502e+01
5.540798099202681470e+01
6.136626884228668644e+01
4.442132544004073225e+01
5.320955328008719931e+01
3.543800698375646618e+01
6.001178360062966277e+01
5.185447707069322831e+01
4.391944561244064005e+01
5.703082028135583670e+01
5.082859412688549128e+01
5.252605182402451334e+01
6.150066160287703099e+01
5.535916954890009123e+01
6.401449782446243830e+01
3.640946997946863206e+01
5.956104437571465127e+01
4.763013245100432869e+01
6.008681880049279300e+01
5.167647831766155520e+01
5.824919260679691746e+01
4.498825916635694711e+01
4.717046677677718236e+01
4.958273509204669693e+01
5.873307145082548431e+01
5.270056209273653280e+01
5.567627508490250676e+01
inf
-inf
inf
-inf
inf
-inf
-inf
inf
inf
-inf
4.616304103820413474e+01
5.617902137695755727e+01
1.653498566931283875e+01
3.586593507777952539e+01
5.698302420843999272e+01
5.587483345253787803e+01
4.626653396666585394e+01
6.130363679751425821e+01
5.740900914007906408e+01
5.272121129236212767e+01
5.698907987064036718e+01
4.362765259351940728e+01
5.220196693850402880e+01
5.279186640152875043e+01
5.281082889100766664e+01
5.474587776437174824e+01
6.148198582179496441e+01
5.774766744056989864e+01
5.128496075350733463e+01
4.892544099849146022e+01
3.795003854642679642e+01
5.729785278452143871e+01
5.483573581812163411e+01
4.917169186855439733e+01
5.171369724066740048e+01
5.539326252999363476e+01
5.367021607030464025e+01
6.439717581848803718e+01
5.307190778045590207e+01
4.669391636334880502e+01
5.757296370262367446e+01
4.763292879944189906e+01
6.063979947099683443e+01
4.312561156914956229e+01
5.071761977177498437e+01
6.787616332642512873e+01
5.731334738706579657e+01
5.852894542911322162e+01
6.095427972284546314e+01
4.432072059770079164e+01
5.888318033960912601e+01
5.886414673524122065e+01
6.142245428261566786e+01
5.372280709626411976e+01
5.308565290828477856e+01
5.239987737190642036e+01
5.028169743744874154e+01
4.759942176070261155e+01
5.355992067404611845e+01
5.919986161671938873e+01
5.212587823412847854e+01
4.987790952651671006e+01
4.829590106742315214e+01
6.603028633505384448e+01
5.236867387165719379e+01
6.013179113057302061e+01
5.993933969454103305e+01
5.440779609379649884e+01
4.249103334777451124e+01
5.375282603899861300e+01
5.449776602130200587e+01
6.209226184878405519e+01
5.395506171412463203e+01
5.173034382386623520e+01
5.437513420378611073e+01
5.767031776211921112e+01
5.239705525348063020e+01
5.624541796713714348e+01
5.002195790705504663e+01
5.432519366372729053e+01
3.744862314354220700e+01
5.419198224120717811e+01
4.816153391093377678e+01
5.226543077309222696e+01
4.991461638841261106e+01
4.564705292926709035e+01
6.369608172122608636e+01
5.683557268966850984e+01
6.879802622034762294e+01
5.166238581750737779e+01
5.181499946833848469e+01
4.879632370165352029e+01
5.109408621243863990e+01
5.199372867884483185e+01
5.697327070021411544e+01
5.105123204341140308e+01
4.748824989310168121e+01
6.516858896840599868e+01
3.480782675308162766e+01
4.414115863511125326e+01
5.810822908224852767e+01
3.766185817364007704e+01
3.848726961303418648e+01
4.806828926676496394e+01
4.513207110081788187e+01
4.473234079973138222e+01
4.375449126798734056e+01
6.064508793356793603e+01
5.837708434221197251e+01
4.980646906612987124e+01
5.408520871795137452e+01
5.076096498249800959e+01
5.857074381019300802e+01
5.486829807963487582e+01
5.628567761675787295e+01
5.026873275522636675e+01
5.165871578274872888e+01
5.195270606177486172e+01
5.619921226076005638e+01
5.517316726658012271e+01
5.195085403817590475e+01
5.454831036094624608e+01
6.406777146585629623e+01
5.497164709603900690e+01
5.238761290970145268e+01
5.472681636043920861e+01
4.750806686967732873e+01
4.699700908549948508e+01
4.402295553911535109e+01
5.523336846005840783e+01
5.011883451854313165e+01
4.583943492531358288e+01
4.947083453616373561e+01
6.004393710369819814e+01
5.173121028737259053e+01
4.864988156819116227e+01
5.080684644222533564e+01
6.307044203532451832e+01
5.216271419877794102e+01
4.513250230846785627e+01
5.586930785554379497e+01
5.347056745893713270e+01
4.821315287764265634e+01
4.999621998146769641e+01
4.996833431424762750e+01
5.634865974607345862e+01
5.489489447572350400e+01
7.161214776070315224e+01
5.520550218417119481e+01
5.191650742619404468e+01
5.785233937981507069e+01
4.792505221393520998e+01
5.125258025986261856e+01
5.294031440261108656e+01
4.545462630433699047e+01
5.326849138972684727e+01
5.393141413961855335e+01
5.038798150357175842e+01
4.579674306618694146e+01
5.136248604933170014e+01
4.847967333727056882e+01
