1.960009194120219433e+01
2.699408932654061744e+01
6.963859264745133615e+00
1.282642159221714095e+01
2.131789393740104543e+01
2.194334536884868569e+01
1.970625206516956496e+01
1.685237666116198341e+01
1.659437827746927141e+01
2.220748043958435147e+01
2.046835538903069107e+01
2.317477069536347400e+01
1.664187834042629532e+01
2.566495673362002705e+01
2.733711141535297884e+01
1.249340076509975717e+01
2.141365906588445256e+01
2.262036872895311745e+01
2.416850013455404067e+01
1.771215585599097864e+01
2.046482526043683592e+01
2.414362627326994826e+01
1.682988420599775026e+01
3.173165615014977448e+01
3.210796014556417788e+01
2.207159576853415572e+01
2.209410149398256706e+01
1.303744142185452759e+01
1.752961327033307271e+01
1.491363389990796584e+01
2.391453407099295347e+01
1.551396517057840363e+01
1.321752849199418378e+01
1.818896574357917117e+01
2.688547133721014148e+01
1.592003759184463973e+01
1.768867142407821547e+01
1.977304123029645311e+01
2.372416625228539999e+01
1.820116279291983119e+01
2.352310377641244443e+01
2.024419481611445448e+01
2.432752531216141989e+01
2.439197981382614344e+01
1.545477881133283304e+01
1.529829697601379657e+01
2.019967429856995977e+01
2.148531437106704800e+01
1.539808232117804465e+01
1.960678599833048708e+01
2.186353100171708874e+01
2.202846654854844388e+01
1.663449692968343641e+01
2.099530605289049490e+01
1.854413181799441901e+01
2.191056945284682200e+01
1.558353076295546025e+01
2.076409041687040258e+01
2.533417582088539177e+01
1.952181550467879134e+01
1.987508162974534898e+01
1.419089419474020630e+01
2.173156120924780765e+01
2.265004144642201922e+01
2.052380766967001335e+01
1.969892368568230978e+01
2.473081152492565593e+01
1.996998094987091577e+01
2.068366710994508750e+01
2.330236636820673368e+01
2.276347034200474795e+01
1.412406127678998402e+01
1.637207700431344293e+01
2.046682630389520341e+01
1.735998759786070167e+01
1.902021600210099450e+01
2.055381822494578614e+01
1.700024809656840219e+01
1.275893722947179576e+01
1.661509007333136267e+01
2.172036019839335097e+01
1.833211814500842962e+01
2.172155631348968186e+01
2.593610867977807999e+01
1.915356534130819455e+01
2.164019689009283098e+01
2.466389363125363232e+01
1.537185103754627669e+01
1.948540871295723065e+01
1.925985633654380891e+01
1.806236585588578691e+01
1.716121046154212948e+01
1.792343394357032693e+01
2.191113943881549631e+01
2.435969933119816844e+01
2.215633938824198523e+01
2.166949459328205663e+01
2.631513082052445895e+01
1.907633849297286943e+01
1.615605303461544651e+01
2.216747270163042316e+01
2.376548366603548246e+01
2.301877565802912073e+01
2.804627263081186683e+01
1.552353435585438923e+01
2.264759524967899651e+01
2.434040524570030328e+01
1.970408303540283512e+01
2.518632769405864380e+01
2.250541378319600128e+01
2.671611613922373252e+01
2.227694835169668508e+01
2.415335033308766910e+01
2.797461008478245148e+01
1.952316792407507151e+01
2.276979046366806969e+01
2.356496995623935931e+01
2.496702793234658913e+01
2.166277906772831585e+01
1.793773502970175215e+01
2.141725097660877353e+01
1.984981237176476654e+01
2.082476439295855641e+01
2.860794580843678858e+01
2.632527653132913059e+01
2.371811052230606975e+01
2.412000894208011204e+01
2.225827367098506215e+01
2.413450717529946488e+01
2.048237519057554223e+01
2.520917542443191550e+01
2.203537597264769943e+01
2.412516769133367234e+01
2.007498189772027430e+01
1.794438308510323310e+01
2.069275959549010935e+01
2.240795065038724232e+01
2.355665630978498015e+01
2.083751319290843540e+01
2.079646506389391547e+01
2.520963692087497066e+01
2.027075847385354379e+01
2.213888836557079998e+01
1.994029905059621299e+01
2.217360468350321057e+01
2.540427262050669910e+01
1.744273657663476484e+01
2.195215075282363770e+01
1.878355030657666447e+01
1.951973386658858800e+01
2.239451298842502780e+01
2.121938753085220597e+01
2.663101387969063083e+01
2.165984256103337913e+01
2.217985151030483948e+01
2.363327614606443916e+01
2.784686410452546212e+01
2.340529915976463116e+01
2.163482036623863181e+01
2.404498573302175046e+01
2.097388223953102226e+01
2.590613601685396006e+01
2.469103789094229384e+01
3.102952906726363125e+01
3.200516056129690412e+01
3.377001576122729176e+01
3.947301949955608080e+01
4.926481460847307403e+01
5.161475776412761718e+01
5.817994795992863288e+01
5.415343864306526456e+01
4.789568829330646338e+01
4.354396797204063319e+01
4.216736579689010966e+01
3.447347268728036340e+01
3.199442303905753349e+01
2.539131502424858766e+01
1.839705937532804825e+01
1.960383951028881810e+01
2.068150607171316580e+01
2.151658850587028482e+01
2.266547648389615333e+01
2.414520233616685019e+01
2.234545335481078965e+01
2.423469911447696035e+01
2.203120507870529465e+01
2.302423470596768951e+01
1.987250552443794760e+01
2.110227900162326975e+01
2.108133967382263663e+01
2.070353324689001795e+01
2.284613689574013762e+01
2.558975033031374835e+01
1.905062413520596465e+01
1.758211724615550153e+01
1.766475022636751291e+01
1.390624919429189532e+01
2.063383178004181318e+01
1.709033335720925351e+01
1.594738489716656282e+01
2.418111024787592811e+01
2.379416991979456242e+01
2.505434020877489587e+01
2.614865101081314691e+01
2.223140007302253451e+01
2.134315960165887205e+01
2.554214940630614095e+01
2.721058276288155398e+01
2.498171209729177278e+01
2.511974868966201413e+01
2.071820789911613758e+01
2.231293016101002991e+01
2.750017285437181513e+01
1.943698902381372662e+01
2.752827748438287969e+01
1.834489767097664981e+01
2.471591996010149828e+01
1.860814028183008517e+01
2.670592553601474251e+01
1.596566351743414458e+01
1.484942550011361995e+01
1.880171575192708744e+01
2.267834101554344883e+01
2.891120382077810191e+01
2.283368055771362037e+01
2.484163369462955373e+01
2.768764877667154778e+01
2.478390259581182065e+01
2.711594239065580680e+01
2.962015454764485156e+01
2.924077080320614286e+01
3.019209755821722041e+01
2.916152723425229709e+01
2.989754529825977158e+01
3.076772365642381857e+01
3.037356837702738943e+01
2.449632637580727845e+01
2.645735675891775784e+01
2.208200350160953462e+01
2.325915478332274589e+01
2.336849035915376760e+01
2.538432533038051631e+01
2.737313989911317691e+01
2.506314397507256686e+01
2.197060223898997933e+01
2.348050977989239385e+01
2.636577566707034848e+01
2.323625254180029742e+01
1.919148667289610088e+01
1.962111158021798119e+01
2.204780508789391291e+01
2.157496635716962885e+01
1.882127897287564622e+01
1.642006416618203346e+01
1.830788020835863250e+01
2.197106514693021850e+01
2.440496395784703054e+01
2.681016695030823982e+01
2.430071793839984196e+01
2.347489232479481203e+01
2.743849687913805724e+01
2.739395382233266218e+01
2.941859836840613696e+01
2.557241320121327632e+01
2.691559354565363904e+01
2.644570557082572648e+01
3.279011554646486104e+01
2.676569290623046626e+01
2.776829935926101101e+01
2.727310620569878097e+01
2.255648603840657529e+01
2.505200801519383802e+01
2.805679292782383172e+01
2.054142360579320581e+01
2.498603587345068178e+01
2.347874291195335772e+01
2.945809550724781190e+01
2.710830165929924007e+01
2.251211219824363496e+01
2.344732255373538976e+01
2.375827759505795811e+01
2.462177487267088694e+01
2.413346738711274853e+01
2.452065268790799735e+01
2.287608535877105709e+01
2.223078355777986914e+01
2.279703551310475262e+01
1.987168628621078525e+01
1.785009130600055016e+01
1.736674666407931156e+01
1.659419797159705823e+01
1.691617648550358055e+01
1.988965675095568741e+01
1.439357865611261644e+01
1.265754640080824878e+01
1.881360699253299629e+01
1.680917206618769555e+01
2.089741486609115384e+01
2.038275011775201051e+01
2.168283118705191015e+01
1.976532900854746799e+01
2.106053555368983510e+01
2.228539838209147561e+01
2.202459341270180460e+01
2.634977117186381435e+01
2.564174102525611687e+01
2.702057293370303626e+01
2.803767106685679877e+01
2.610788559997855884e+01
2.790541490072370578e+01
2.560887333749917971e+01
2.707268910398602557e+01
2.702377479111093450e+01
2.463170510797251822e+01
2.481407497168190801e+01
2.808267746186537295e+01
2.444571713639630417e+01
2.891931492719585961e+01
2.497469913421463872e+01
3.079573673676603107e+01
2.602184082036631807e+01
2.343795070838525874e+01
2.699365028533692268e+01
2.987702938419710463e+01
2.663042182336739572e+01
3.208711179370241240e+01
3.246107721518846745e+01
2.809361214170894527e+01
3.662603615885326036e+01
4.065130704975361908e+01
4.160850003769643735e+01
4.262458832865817726e+01
3.834546902093126874e+01
3.276924938484795291e+01
3.117908388714927881e+01
3.027547046605725001e+01
2.721262998746120232e+01
3.200897412678855147e+01
2.313245907668142110e+01
2.719156471776038941e+01
2.411101295640389708e+01
2.569984734187887199e+01
2.488398947236136038e+01
2.239300864485547748e+01
2.784716388955904165e+01
2.369801209188327462e+01
2.396731151427644235e+01
2.761272249064306550e+01
2.183790381582592488e+01
2.207119483672051530e+01
2.232642988927706540e+01
2.138464160223100308e+01
2.590313905665016492e+01
2.210389057255981982e+01
2.214357649844770037e+01
2.367506144781476252e+01
2.538227890959340627e+01
2.497813506603597489e+01
1.964829713762293650e+01
2.594573548296558485e+01
2.538307408289001188e+01
2.534358716348339868e+01
2.807383341998218995e+01
2.689242523370096194e+01
2.788959005120579704e+01
2.824440113112042638e+01
2.865625212326860094e+01
3.252121752079992234e+01
2.598526764595280980e+01
2.240366512250789910e+01
2.322650751830716587e+01
2.835868432017084828e+01
3.013151389910522227e+01
3.038572915369644534e+01
3.054770754149291889e+01
3.168279595098501744e+01
2.731107568001693053e+01
3.361572494417661972e+01
3.189860244601318939e+01
2.470729928468833947e+01
3.339766192482294827e+01
3.182460010560050989e+01
3.294039252031593179e+01
3.160460452367841100e+01
2.884480824580902691e+01
2.649876188764500284e+01
2.912988025818034998e+01
2.965671472613371407e+01
2.801552502668852895e+01
3.013111924853702206e+01
2.855979834701163966e+01
3.062023587981421002e+01
3.189766307448839910e+01
2.857901077926008071e+01
2.793333018150892855e+01
2.983657387070908840e+01
2.411537301871062411e+01
2.342959631464514558e+01
2.323649360036721490e+01
1.800397582052251622e+01
1.692103998276359533e+01
1.814865804643562441e+01
1.484241417920967265e+01
1.725882304283097213e+01
9.163060678106926815e+00
1.569509677955082871e+01
1.668922725334315871e+01
1.564403036841292050e+01
1.688684390046638129e+01
1.783921896624059755e+01
2.157298552007029713e+01
2.301307577003768401e+01
2.800557380945826935e+01
2.456706996071122262e+01
2.509619186139278568e+01
2.750289018498082072e+01
2.733688385374222918e+01
2.677658062106066339e+01
2.541329620292431812e+01
2.864710205925831588e+01
2.566919871215668891e+01
2.900148407506774717e+01
3.042903180415006403e+01
2.646243960380715876e+01
2.935460900662065598e+01
2.893330858429159136e+01
3.368481382908130684e+01
3.058153235457339036e+01
2.992789872012335550e+01
2.940026205464709363e+01
3.127241856465782632e+01
3.065826296524272720e+01
2.519956944071356375e+01
2.797141036148337179e+01
2.729881401894051862e+01
2.317596480099551925e+01
2.209290148101338147e+01
2.119139105204893880e+01
2.175993027523267287e+01
1.926720673464861378e+01
2.292431375928006076e+01
1.754149935990606224e+01
1.865714353651268809e+01
1.948248943298002800e+01
2.028550613876717890e+01
1.676758822751384770e+01
1.974866369921036124e+01
1.954581883703168899e+01
2.479387333361250256e+01
2.308396564627808800e+01
2.660123723370869087e+01
2.569517987636894674e+01
2.993320989361809836e+01
2.570694660814322674e+01
3.131489806317849300e+01
3.303152468111459683e+01
3.111912925689233589e+01
3.414204386964197369e+01
3.176504306950779366e+01
3.044115623917335967e+01
3.419508587302249936e+01
3.297845717653257935e+01
2.907223552348180107e+01
3.051135027191969229e+01
3.236938176727263539e+01
3.476735684295446305e+01
3.400979070574319252e+01
3.536363064239405674e+01
3.104274969901281622e+01
3.584452224605801263e+01
3.623308775381656233e+01
3.426704979834857312e+01
3.757600078983590208e+01
3.467322992236674395e+01
3.386658726677836029e+01
3.714603295139544059e+01
3.619623635950386387e+01
2.898375503864109959e+01
3.285463622662275895e+01
3.619168267728644395e+01
3.246792170763805530e+01
2.885974569093344400e+01
3.356115963113062861e+01
3.546058565012161523e+01
3.712083945907035343e+01
3.435380688675004279e+01
3.372156935218669815e+01
3.641018921796506191e+01
3.603600153459486677e+01
3.592378254098350254e+01
4.104380794105973962e+01
3.843423502281699200e+01
3.572282229419511168e+01
3.627251426003209644e+01
3.737506959918226812e+01
3.741063100064278757e+01
3.594071391751160860e+01
3.536898312785476151e+01
3.744352698157765502e+01
3.846562435645105182e+01
3.763705718372717257e+01
3.880950652027363645e+01
3.865605320539322776e+01
3.774635496182941097e+01
3.441371170338531726e+01
3.673063166424095272e+01
3.615890494383504716e+01
3.617996415975917301e+01
3.359285412003343652e+01
-inf
-inf
inf
-inf
inf
inf
inf
-inf
-inf
inf
-inf
3.307357849243876302e+01
3.769245121664653908e+01
3.569511411280521429e+01
3.568167347910355147e+01
3.621233012986427013e+01
3.594168608180554969e+01
3.866064176355740756e+01
3.839347301840101778e+01
3.651205628214870558e+01
3.896144905211397003e+01
3.445075840103682197e+01
3.400940757098472034e+01
3.661320017513943270e+01
3.619646151502758613e+01
3.310160206332806609e+01
3.746754891029769396e+01
3.352006832058515329e+01
3.633803157645927229e+01
3.869419738685898835e+01
3.401586731099082783e+01
3.463087670712356925e+01
3.875786138544007287e+01
3.629805868207350272e+01
3.658614589093214420e+01
3.660378290365200371e+01
3.170427370108144771e+01
3.722464002431289742e+01
4.221890076370461031e+01
3.479942320618129514e+01
3.712480761555375608e+01
3.912225902657580434e+01
3.506254060928083760e+01
3.769813382454972128e+01
3.641562756268099577e+01
3.613709994773734024e+01
3.654928443960167073e+01
3.651441600339462923e+01
3.866409270598666126e+01
3.310756122605567242e+01
3.296106891360498281e+01
3.641662761572671059e+01
3.507596512101470410e+01
3.428755502701251601e+01
3.543061077998482489e+01
3.964948826691420436e+01
3.493746247228275337e+01
3.518798199391864046e+01
4.046438766722020119e+01
3.488248442025876273e+01
3.656337417717514882e+01
3.679890968858887135e+01
4.021661563839053599e+01
3.648754256836117804e+01
3.643130250397674530e+01
3.588616076810954780e+01
3.507494717803227502e+01
3.374850527358695018e+01
3.180779340673316469e+01
3.666212776499484960e+01
3.556425470209882178e+01
3.117845078047862728e+01
3.027721337869900964e+01
3.222264971972379755e+01
2.697257303730967237e+01
3.045999340264842203e+01
3.188574147531900849e+01
3.267202957334529856e+01
2.767873216221958543e+01
3.072329979121349552e+01
3.201849393007496758e+01
3.276106869838496749e+01
3.124190979671162083e+01
3.292901303808800151e+01
3.230538225340890790e+01
3.278735042182960058e+01
3.182766765965596889e+01
3.627886658652156626e+01
3.314490965852369442e+01
3.748213170791424886e+01
3.709631835764992047e+01
3.321648660444805046e+01
3.552646500516448214e+01
3.474802663417856508e+01
3.464703856695847151e+01
3.560299761061948232e+01
3.250163927864015534e+01
3.174345662241978161e+01
3.507571073584801979e+01
3.514118778854873426e+01
3.487822579707417958e+01
3.957684252923974810e+01
3.434522119274608798e+01
3.850518061244461876e+01
3.414842118765970724e+01
3.671386353068344022e+01
3.512418213461293703e+01
3.336381485066460328e+01
3.222216273562957412e+01
3.551695816547768914e+01
3.485457472660759493e+01
3.546530073160163710e+01
3.376179190162883970e+01
4.168035389676025915e+01
3.822533787269514960e+01
3.450492727607003474e+01
3.989631915470373968e+01
3.929543903681558703e+01
3.665651796722363542e+01
3.639290808436481228e+01
3.512438856969826162e+01
3.666088047612866774e+01
3.574750206790930207e+01
3.802576630982861161e+01
4.084340226669804252e+01
3.582832882933401208e+01
3.704634936392707800e+01
3.593554979886958023e+01
3.760688030749382449e+01
3.606671981645348524e+01
3.580486384925896459e+01
3.585094104789249059e+01
3.385091652581705546e+01
3.522858122624246136e+01
3.534552603695582462e+01
4.323480917743860630e+01
3.758786123757933950e+01
3.984460101609074911e+01
3.507967561612227314e+01
3.445423871852545261e+01
4.259888230410015808e+01
3.884535645213112787e+01
3.666674876964008689e+01
3.514204339864587467e+01
3.485841526633342369e+01
3.761823664628852271e+01
4.066052638041867340e+01
3.841381915091000820e+01
3.497826220821344378e+01
3.429011874118644698e+01
3.419752129595652690e+01
3.319037816918863371e+01
3.521923630610600497e+01
3.766490709374209445e+01
3.349934233710251874e+01
3.338909102874129786e+01
3.703388601728597251e+01
3.838344037384791108e+01
3.770715386728620189e+01
3.376627528551614432e+01
3.166872734978791115e+01
3.794092208012740031e+01
3.909224755317870859e+01
3.734449991903180432e+01
3.775095479101364759e+01
3.485907755268589625e+01
3.566274618290849219e+01
3.929842906982631945e+01
3.874396715309154615e+01
3.932082530016086253e+01
3.578110939035597227e+01
3.794208057382158472e+01
3.954704240077238353e+01
3.647001799477224893e+01
3.505987016828833447e+01
3.621503471014755604e+01
3.543983770366970987e+01
3.498831695547692533e+01
3.207212866751174118e+01
3.469286376552344819e+01
3.690598722389385955e+01
3.299868845556536456e+01
3.423855868724099594e+01
4.103143496120770095e+01
4.240128307168833999e+01
3.945143995792234648e+01
3.827498453903580611e+01
3.991607069568315325e+01
3.599690430539160246e+01
3.846891389454355448e+01
3.911581568301936329e+01
3.694818504487855648e+01
3.848315352248008736e+01
3.958130192151221394e+01
3.882256440403700282e+01
3.491140283749300011e+01
3.859619820782145894e+01
4.061407459677970166e+01
3.867947989757684013e+01
3.968391990101460465e+01
3.858244802122611361e+01
3.518191443706324861e+01
4.095507443932468306e+01
3.745386520860781587e+01
3.537989435376179159e+01
3.321775595450401397e+01
3.843925025165666653e+01
3.351644825462542343e+01
3.505130548947754221e+01
3.323922237294698334e+01
3.383857277659969753e+01
3.649262364823138682e+01
3.534699847896611402e+01
3.612116858802167485e+01
3.651145712253730835e+01
3.780796430690817544e+01
3.893900755477595510e+01
3.459536423852772202e+01
3.413287963683798409e+01
3.575306963656358050e+01
3.713952349271404785e+01
3.840278223510566136e+01
3.727642100317726914e+01
3.838806517147818909e+01
4.052585152223664267e+01
4.225677303856359401e+01
3.757276568949219353e+01
3.864987171197096671e+01
3.760064678939259153e+01
3.740506790653827096e+01
3.946696216238327537e+01
3.541542420870069918e+01
4.157971778987809586e+01
3.718516866728989356e+01
3.850599701726318358e+01
3.900786636773469240e+01
3.831814106889907379e+01
3.734099948544148617e+01
3.808111093199722319e+01
3.771417980111311152e+01
3.805783537290021457e+01
3.797447033367944158e+01
3.966457190525045462e+01
4.114201992692932919e+01
4.229242151215676415e+01
4.196025711764706045e+01
4.318709192248153528e+01
3.761253949935494489e+01
3.996122084035979327e+01
3.582323109241157510e+01
3.453951175061844481e+01
3.476696480309785642e+01
3.643409577949494604e+01
3.613163663553799410e+01
3.834724411200086536e+01
3.590626588288789378e+01
3.502664387047084205e+01
3.466520624410371454e+01
3.874016389427975326e+01
3.930437071156608653e+01
4.032139272815122411e+01
3.427237675067855349e+01
3.689406314104598295e+01
3.840295713578689174e+01
3.754953720327200983e+01
4.013005794614166888e+01
3.742498287457267736e+01
3.869058236838478138e+01
3.731020435945894320e+01
3.753986828975789791e+01
3.723911796223571002e+01
3.245526360373343522e+01
3.673269568723772949e+01
4.248843001799675534e+01
3.204824592425450192e+01
3.947729663400797762e+01
3.877877907594852047e+01
3.428490777189712446e+01
3.186726527227992278e+01
3.191065494658807111e+01
3.429059150555666946e+01
3.183899547909224381e+01
3.073329035524662700e+01
3.164416943700585705e+01
3.090633964323281191e+01
3.147268087346676424e+01
3.435327843148018445e+01
3.404087524665877140e+01
3.150223670904498263e+01
3.138933623951327689e+01
3.068653956344168066e+01
3.241427674700876338e+01
3.319582125375394099e+01
3.681927309072820265e+01
3.452032884211394759e+01
3.809917299268220603e+01
4.123592313730036096e+01
3.469564736710350417e+01
3.998907812239500004e+01
4.085199846013726699e+01
4.428581172990382697e+01
3.936849251540476047e+01
3.899168686560278729e+01
4.176080001821839005e+01
3.964679283098909934e+01
3.828398236747461425e+01
3.500564133289473290e+01
3.453287591755805153e+01
3.728506634078975424e+01
3.858715313820192705e+01
3.889921889931729027e+01
3.666730396512599555e+01
3.773909594914798049e+01
3.793402164553307898e+01
4.100358591156241772e+01
4.060822968450412418e+01
3.682007920843209092e+01
3.698392772170701903e+01
3.880200981449732467e+01
3.885556181952043175e+01
3.935831083338727154e+01
3.924275231633581740e+01
4.083618985029585247e+01
3.514313880627847908e+01
3.625703565351664537e+01
3.760461754934365075e+01
4.051387560213978389e+01
3.629511410384402836e+01
3.684933993316123235e+01
4.025922379510534199e+01
3.920110364755200294e+01
3.844378867624457996e+01
4.019345158724609490e+01
3.818270492273374828e+01
3.712918609421502936e+01
3.762486472059726594e+01
3.667203926671653846e+01
4.213345155614942428e+01
4.073737519167191579e+01
4.137041697469987866e+01
3.939243499722539354e+01
4.271150111547447636e+01
4.569383420725044687e+01
4.673323050075700280e+01
4.477762865495295586e+01
4.801137123293211317e+01
4.505234231687576596e+01
4.182777793772896757e+01
4.623005309414084962e+01
4.261367197215887614e+01
4.155006892172387722e+01
4.223323219754801983e+01
4.182581217454126232e+01
3.791233568141998234e+01
4.114129344006638433e+01
3.794120940059760727e+01
3.880751186108470563e+01
4.139366700561116375e+01
4.059002903485996683e+01
3.986895934023459631e+01
4.408452894682870493e+01
4.121295070862577603e+01
3.981829255453965288e+01
4.125044584394687774e+01
3.565099840543451393e+01
3.745638300340228000e+01
3.474248113455099940e+01
3.531781123870261041e+01
3.679720849125900628e+01
3.765267302210452272e+01
3.696323882691202556e+01
3.873877345437566788e+01
4.067955783638216616e+01
3.843603042991324514e+01
3.721618927681137023e+01
4.024064623964360266e+01
3.954795202578297619e+01
4.219638384064099057e+01
4.119605414807729460e+01
4.019493936336463946e+01
4.172006666766534977e+01
4.020630271841380932e+01
4.187892322177354032e+01
4.006063453242916950e+01
4.000789628852615465e+01
4.095395451028053202e+01
3.704645343241824662e+01
3.775758932494025544e+01
3.594197655677175618e+01
3.912469706177860473e+01
3.874580706693561893e+01
4.001167818333588144e+01
4.414524191720373381e+01
4.345287063442955855e+01
4.188729948730499331e+01
3.992978512548584291e+01
4.357561958870770269e+01
4.397789542973588084e+01
4.294704144606712504e+01
4.151313560862885055e+01
4.810749607590150845e+01
4.020720690714082224e+01
4.202572847061987460e+01
4.515876446765035723e+01
4.105030414350419932e+01
4.549898384087440917e+01
4.305374932153748802e+01
4.199196600096853160e+01
4.402736118396306608e+01
3.775281490904497872e+01
4.463601679642310671e+01
4.636511284099087504e+01
4.331314422472346592e+01
4.602703632195226646e+01
4.341774390322471788e+01
4.357463811049377256e+01
4.047803015288528883e+01
4.292539542521309670e+01
4.470976710704195511e+01
4.503452703725785966e+01
4.556172441156569164e+01
3.915087768722071360e+01
4.254589874567755459e+01
4.828348079366420365e+01
4.512700519243405495e+01
4.588991948272919075e+01
4.684532954350257228e+01
4.237629128728178074e+01
4.724990297736279388e+01
4.967372886063753867e+01
4.712575076119635042e+01
4.319450729951467594e+01
4.085638832958994016e+01
4.264241446017165060e+01
4.219502133550096090e+01
4.227846215913258732e+01
3.853067554849553744e+01
4.016841473935403428e+01
3.568086003600094358e+01
3.938972957166867417e+01
3.786855374537848462e+01
4.064407459309841641e+01
4.124703770177967499e+01
4.354916902382502286e+01
4.195367919944317947e+01
4.213152113930955522e+01
4.525620790836114082e+01
4.153371708144580765e+01
4.448717532644706552e+01
4.539985336256174264e+01
4.664046513167755137e+01
4.572475082095510857e+01
4.666508885521365357e+01
4.729687789702902023e+01
4.480006642857741639e+01
4.965191715857406507e+01
4.656817232441744636e+01
4.492403812320134193e+01
4.711066791212441274e+01
4.335161832393220038e+01
4.799241524350146193e+01
4.371693276220639035e+01
4.420644148217881053e+01
4.511450548796869953e+01
4.562130799576103612e+01
4.804745652156410074e+01
4.310310285950974674e+01
4.548287097287070679e+01
4.637760680300608129e+01
4.180754736943729455e+01
4.218566572676325421e+01
4.782482684614159041e+01
4.907014508624064320e+01
4.605934008695102477e+01
4.633953228357827925e+01
4.545644791295200093e+01
4.678527842762455435e+01
4.462113870266025373e+01
4.912303918016326065e+01
4.797672168310196383e+01
4.676361997944938764e+01
4.458715515045835076e+01
5.038111921575179508e+01
5.152497035674264225e+01
4.533551914025709095e+01
5.236724169310261345e+01
5.058026837846058754e+01
4.796944095651980433e+01
5.118356411474673706e+01
5.115640814183993257e+01
4.756334351157421025e+01
4.720941421446469377e+01
4.664473011966273930e+01
5.023904282118800069e+01
4.993635463177771783e+01
4.688305626929931691e+01
4.408500967554455485e+01
4.676732187830496201e+01
5.009486734737091496e+01
4.978284503728895771e+01
4.826836392004077680e+01
4.832212875621307546e+01
4.788941510123950707e+01
4.466309107076333618e+01
4.248281188724690338e+01
4.501330294850986036e+01
4.610063773524138497e+01
4.403296419397488393e+01
4.288379496443538841e+01
4.405233130959601340e+01
4.398113838162174716e+01
4.258829895836120727e+01
4.523399472749655104e+01
4.196733957316781982e+01
4.461764627598836341e+01
4.922080321256267865e+01
4.963492755189052730e+01
4.898005292296058855e+01
4.661681431303340162e+01
4.424999994504108258e+01
4.858128253677060115e+01
4.879020712211758593e+01
4.704411369494219031e+01
4.760899470181482229e+01
4.699835045789181720e+01
4.399102064975889448e+01
4.304169868216249739e+01
4.446058961829675127e+01
4.537540575820410993e+01
4.436846415578944658e+01
4.600881044239644524e+01
4.271461118231894716e+01
5.033679661779215309e+01
4.729609715596149044e+01
4.587572583463671094e+01
4.667730943869096194e+01
4.781929676634626247e+01
4.867045456352858679e+01
5.170366504890699844e+01
4.710793495608653103e+01
5.183768189701695661e+01
4.730928647917365026e+01
4.675693096215393041e+01
4.892435458132666071e+01
5.040850173329776140e+01
4.665451274799455206e+01
4.666917291088185493e+01
5.004567466555977262e+01
5.205886013122785982e+01
4.883813873758729329e+01
5.164752225900039662e+01
5.244750146239479704e+01
5.031712817194848242e+01
4.718804731031814725e+01
4.820467706492965476e+01
5.161193196088563440e+01
4.789679147572658025e+01
4.437837484394862742e+01
5.200601030399533897e+01
4.739523817635874536e+01
4.544674265289843618e+01
4.581842948555087958e+01
4.750778557016640491e+01
4.719523052912219185e+01
4.680868547986023742e+01
4.943188996118551870e+01
4.710912782673884891e+01
4.653885621383879112e+01
4.798752398767427252e+01
4.603168770393639875e+01
4.721999232375767264e+01
4.735872447463566459e+01
4.597389499764030063e+01
4.706044026372870803e+01
5.179578733463083040e+01
5.159763117653034215e+01
4.631740824176890214e+01
4.296200742000864636e+01
4.565672587432383978e+01
4.796211148196704954e+01
4.584456542327388462e+01
4.955517258912799150e+01
5.430992611131241432e+01
4.989227319580584208e+01
5.142257582348260314e+01
5.163278997084033506e+01
5.142319418925939090e+01
5.152469918679197036e+01
4.986710538196995657e+01
5.163925941562908406e+01
4.875184100303815882e+01
5.032252629375915376e+01
5.114364672700977366e+01
4.771741091540127400e+01
5.012186310841765646e+01
5.008206888979828619e+01
5.014258695631170326e+01
4.891327993395736939e+01
4.752494094811230951e+01
4.791142229795816831e+01
4.894544653290146385e+01
4.704723914706610799e+01
4.835692238681238564e+01
5.243418554087870831e+01
5.059069286942396104e+01
4.704466699651464978e+01
4.956793983067989728e+01
4.774407698547353363e+01
4.714884259978691716e+01
4.957344441486147701e+01
5.058369522218701064e+01
4.662496099546331152e+01
4.944294897388846266e+01
4.588618164069674776e+01
4.623411107931162434e+01
4.786212198381020499e+01
4.750598796058017115e+01
4.362607567299227895e+01
4.284429919425407718e+01
4.350597798097324898e+01
4.581044400536991645e+01
4.329032108314938654e+01
4.718377640335474155e+01
4.406087630913300046e+01
5.114660414558682078e+01
4.790398058346378463e+01
4.917907676311190812e+01
4.695110954221465960e+01
4.634400215174822080e+01
5.097569524218508974e+01
5.219347458507914439e+01
5.054416235455390449e+01
5.030621184597899287e+01
5.028284159221075811e+01
4.729116257617603480e+01
4.771911417976365755e+01
4.548927454165518469e+01
4.779925150744182361e+01
4.669339918542178935e+01
4.643319316855883017e+01
4.797441397128848450e+01
4.703209968258567386e+01
4.741140190406046884e+01
4.721090771767175198e+01
4.590776297625276214e+01
5.017082369894485083e+01
4.574592887501659533e+01
4.556615507854876768e+01
4.872859950920567940e+01
inf
-inf
5.030266752873182412e+01
4.659383127445055806e+01
4.901596194578333865e+01
5.410874256667803195e+01
5.140435167805890870e+01
4.817289015549364706e+01
5.087941573134497730e+01
4.666496259109702294e+01
4.933559255620132689e+01
5.051848561544557725e+01
4.376530763810003322e+01
4.789006732478086548e+01
4.941582551130925083e+01
5.132513012254234042e+01
4.533759853971980647e+01
4.739335442861994352e+01
4.673072676670343384e+01
4.333875513057716233e+01
4.307158569355686240e+01
4.275660520453426017e+01
4.380967437064808223e+01
4.646972463157791111e+01
4.830990883147644865e+01
4.395913180666386211e+01
4.568661153408061892e+01
4.507787156266823558e+01
4.677951617896288639e+01
4.655864579875797915e+01
4.956077504573038794e+01
4.715732446451503534e+01
4.516454311646550934e+01
4.926028957379180184e+01
4.853397795497865985e+01
5.032818816855944277e+01
4.854575044313056509e+01
5.280515109361665793e+01
4.634123624465983227e+01
4.675161013781441000e+01
4.701928354942939592e+01
5.114604171151325573e+01
4.810404818485260137e+01
4.921048587631951676e+01
4.753525699061204079e+01
4.529610397875540428e+01
4.661434606951977599e+01
4.508579533747460033e+01
4.655180946080566429e+01
4.535960507597909697e+01
4.607158409958721279e+01
4.553536253505693310e+01
4.676170315318523762e+01
4.972898780481827430e+01
4.783998660755568721e+01
4.670808857504031408e+01
4.975787154384708089e+01
4.567071149134691410e+01
4.828875496798522704e+01
4.888290535847816187e+01
4.643139074034144897e+01
4.981147034004144558e+01
5.033607782776098105e+01
4.991541703412608655e+01
4.654135795639294315e+01
5.012436359762486404e+01
4.815555787488910511e+01
5.128145864666054621e+01
5.073518187265476342e+01
4.355925885945417519e+01
4.755598038305398489e+01
4.771341493175950177e+01
4.445470773043431478e+01
4.474703032237882638e+01
4.922411569973588996e+01
4.920362362589435179e+01
4.331119602531101265e+01
4.608061545011393179e+01
4.530400905883877272e+01
4.492790828421770755e+01
4.623331361428019903e+01
4.865309671306854256e+01
4.556952559668069824e+01
4.848960766980105319e+01
4.910914864745494413e+01
4.960897919381631027e+01
5.091402381559758084e+01
4.975765489811317366e+01
5.149737657012532566e+01
5.006713588485833100e+01
4.909587226277051997e+01
4.757499879060715386e+01
5.135183201572887413e+01
5.287429882693925975e+01
4.819137348710230384e+01
5.034722767632556639e+01
5.217030525358339332e+01
5.032126160076511212e+01
4.545925940276347887e+01
4.789734957978104291e+01
5.145702286233274236e+01
4.933877549928765660e+01
5.089504252144914176e+01
5.179680346662462398e+01
4.971164167149028401e+01
4.891037767679662807e+01
4.937705734927398993e+01
5.190660048848577901e+01
5.482359761440405777e+01
5.085677770982533730e+01
5.250056562908719116e+01
5.088355568885050673e+01
5.208701867986291489e+01
4.959318982624470351e+01
5.051754978282377806e+01
5.207081775941838941e+01
5.123709932638946896e+01
5.242838401627425071e+01
4.933204903367555261e+01
5.167724766143986415e+01
4.843825022119607127e+01
5.187021559103205703e+01
4.951743571365423691e+01
5.029876226612504553e+01
5.265543337341011920e+01
5.329556547302199476e+01
5.081236233227827626e+01
5.211370330406634821e+01
5.748428794070792947e+01
5.090011930023553788e+01
5.053569363317559038e+01
4.797859544000409215e+01
4.819562136102494065e+01
5.358042957328014921e+01
5.131672574080444349e+01
5.206980285117717244e+01
4.818055869469505836e+01
5.262069548802032415e+01
4.913012378103646682e+01
4.676557794156968129e+01
5.104333106302200918e+01
4.670991645756846822e+01
5.095281896093061391e+01
5.003787483766058131e+01
5.285264506012753571e+01
4.956365429873149253e+01
4.805743684336736976e+01
4.993352530991391802e+01
4.983123085901656424e+01
4.889936985649918455e+01
5.119191818092715351e+01
4.817653415218685353e+01
4.901641404021511050e+01
5.086507064828344937e+01
4.861349425033600369e+01
5.191893992787075973e+01
5.088000368448416566e+01
4.585232498420234748e+01
4.925750664515898336e+01
4.828347657524308545e+01
5.047357970565993668e+01
4.664933695491183840e+01
5.226232763022887440e+01
5.960330398429118048e+01
6.231935552877030204e+01
5.616151700985897577e+01
5.884009649861283719e+01
5.469105326218544860e+01
5.124772864364923919e+01
4.936592286995532675e+01
4.632272125108356420e+01
4.458058347798573351e+01
4.584645883561348967e+01
4.477085361814682329e+01
4.244892724378820503e+01
4.542323719832265283e+01
4.620521398136541080e+01
4.749409064140288450e+01
4.780580209687649784e+01
4.926484008973853435e+01
4.913877875238544846e+01
4.894165916304859820e+01
4.700595701234180268e+01
4.940935264482981637e+01
4.658752822820552097e+01
4.723820105589070550e+01
4.621717209802400816e+01
4.876845002117140382e+01
4.766334370764825223e+01
4.570944457196141286e+01
4.760782711124995359e+01
4.851694022481445501e+01
4.694335236119356125e+01
4.723209853985677142e+01
5.018641322425771989e+01
4.913744473156841508e+01
5.038143615900786898e+01
5.174913018238935081e+01
5.189263276571544736e+01
5.086830914229435763e+01
5.030760888393800201e+01
5.078289994516519812e+01
5.172797766968317035e+01
5.145619440006272072e+01
4.793579816998032328e+01
5.460571918463385543e+01
5.038671258958434152e+01
5.239117014890862833e+01
5.457728332444487762e+01
4.876626602712491376e+01
4.919628712756979638e+01
4.818131983744323321e+01
4.927283168705382366e+01
5.079885596815469739e+01
5.117898947846902047e+01
4.791964374723801967e+01
4.547490915882708862e+01
4.564058956538883649e+01
4.700677497601907362e+01
4.782225061547027423e+01
4.689012347120007007e+01
4.807156429969151645e+01
5.061386560761071252e+01
5.094046305409504782e+01
5.035458690963033490e+01
5.354919965220251044e+01
5.425174615694356106e+01
5.268395731480600830e+01
4.810225373885961631e+01
4.871311500302813613e+01
4.904220419673751508e+01
5.011967487715899239e+01
4.659617331713840116e+01
5.271070775641566541e+01
4.899989120115092334e+01
5.198922785562334070e+01
5.150676511318349782e+01
5.268845074257441752e+01
4.896752180369128382e+01
5.286428570483710132e+01
5.710358311917367757e+01
5.561138939993897878e+01
5.826103095137155918e+01
5.718106907740011025e+01
5.831145681423493699e+01
6.109369004573176198e+01
5.848788302589058219e+01
6.533716213765701752e+01
7.076697755572077142e+01
7.605986859626379726e+01
8.729903811220360410e+01
9.740384282851121611e+01
9.005340043299223396e+01
7.908266490782604308e+01
7.080504459930277505e+01
6.199745410399393108e+01
5.906824169989683071e+01
5.683476340510340918e+01
5.197616381718764700e+01
5.591058697484901074e+01
5.053377356460180181e+01
5.146496543354288633e+01
5.359650242244630647e+01
5.177311245499313230e+01
5.340081181280217493e+01
5.409256429902288943e+01
5.543012319742862104e+01
5.120183662128509638e+01
5.251974463744984689e+01
5.267384215408412729e+01
4.469680508383034123e+01
4.827236137235978219e+01
4.593075610707138878e+01
4.792078927440952185e+01
4.978739443576373702e+01
4.818540563628241102e+01
5.321136952266055431e+01
5.399254536371829971e+01
5.343350673248134086e+01
5.486217016029299742e+01
5.130889115394320754e+01
5.611539329282361166e+01
5.743308526832834815e+01
5.600401578903078104e+01
5.961564688635925080e+01
6.178932589220750060e+01
6.370934926589204395e+01
6.944794274499179210e+01
7.815988780739567687e+01
9.378419482316628830e+01
1.072699853125623974e+02
1.430367251903451802e+02
1.746360436858886089e+02
1.865293371601026706e+02
1.588211077611322821e+02
1.226500856450236370e+02
9.421625586640502092e+01
7.459487746789956475e+01
6.537566041094682134e+01
5.697620581027155851e+01
5.408260804048638448e+01
5.256557558839415378e+01
5.146539962954819458e+01
5.150835790451944263e+01
4.743715749400480775e+01
4.641737442326030560e+01
4.947095297106395861e+01
4.809306011186853169e+01
4.808460722198722692e+01
4.774949213300676121e+01
5.275563049027501705e+01
4.809567625427780513e+01
5.058532004562056983e+01
5.039431842931520578e+01
4.997791434565105106e+01
4.922953137248635613e+01
4.881685520996108352e+01
5.216438681001802280e+01
5.116708215910401236e+01
5.221551672577675873e+01
4.814032164777932365e+01
4.665242808930472052e+01
4.575094111680085263e+01
4.591908421118180428e+01
4.889021541351080202e+01
4.848107583905895979e+01
5.088701975522725718e+01
5.314188674049989203e+01
5.030169141549569645e+01
5.283641206773322807e+01
5.130973126607117507e+01
5.077532008470171832e+01
4.748652506583386668e+01
4.889242123607093049e+01
5.078689909839956584e+01
5.116671882420189377e+01
5.538909080396003048e+01
4.963544916673431118e+01
5.025197518338722347e+01
5.216304475642051841e+01
5.342819374302833779e+01
5.311839925624134651e+01
5.041942666090525904e+01
4.989350469992931636e+01
4.958531232017626422e+01
5.143616872244837879e+01
4.801502082186078013e+01
4.979491788289980292e+01
5.126957123188875443e+01
4.699404673593024029e+01
5.103533931565508652e+01
5.142789821054434896e+01
4.800696976690126405e+01
5.081182579201845328e+01
4.727203070532442553e+01
4.892649264786913221e+01
4.738220573020465309e+01
4.588792877526650216e+01
4.426358318285728188e+01
4.831291590400844882e+01
4.578926507409569524e+01
4.855563179157061882e+01
4.800912049836905737e+01
4.882139647653771419e+01
5.193043858045295025e+01
4.774701527250812916e+01
5.049142857238508952e+01
4.828909838954173495e+01
5.145428374835691443e+01
5.075054240562180041e+01
4.867638019894987167e+01
4.843528194683148058e+01
4.935512666331472786e+01
4.859214539049980175e+01
5.045313226225378855e+01
5.063183538346333279e+01
4.973135300852123919e+01
4.993508056659166527e+01
4.839849770512886096e+01
5.286142474540250902e+01
4.782028539555110314e+01
5.277436642065763550e+01
4.569547455664319813e+01
4.776190694380540691e+01
4.937409527436690126e+01
5.166514948059019474e+01
5.212978035906129293e+01
5.176234704514164520e+01
5.219066194982902118e+01
5.069585232408772413e+01
5.079400081381747611e+01
4.824085405656400383e+01
5.000858402749623366e+01
4.992799353131773898e+01
4.860151918503958512e+01
4.818026016135056722e+01
4.803523901984027589e+01
4.594585725827548117e+01
4.468094709411340659e+01
5.047071542193189231e+01
4.924405103810016016e+01
5.120176147244622911e+01
5.341548322484526778e+01
5.071047946331504619e+01
4.710914909031091469e+01
4.754511454075130672e+01
4.872146743094872789e+01
4.958135423781486395e+01
4.877429971399064357e+01
4.926616810596959084e+01
4.750867670223434658e+01
4.800024003352941548e+01
4.575706641221342608e+01
4.884953792980044796e+01
4.676271828300754407e+01
4.783990042973933754e+01
4.875081607512561988e+01
5.006760754685299020e+01
4.984782134821296751e+01
4.687059891388057054e+01
4.892833597080080921e+01
4.997035049762736492e+01
4.734288199892081650e+01
5.092016142343494067e+01
5.200417612633770403e+01
5.137057591745148244e+01
4.791243773615045143e+01
4.738804836793510589e+01
4.382633595647116209e+01
4.413947526364226093e+01
4.197203332852226509e+01
4.119598460774069082e+01
4.179207921913668855e+01
4.126488292989314743e+01
4.476384067868313110e+01
4.192206930665714282e+01
4.207263396563976698e+01
4.822266811317647495e+01
4.308498110557347616e+01
5.046224471218858554e+01
4.393945814476858658e+01
4.764291627507851956e+01
4.724272345735647605e+01
4.665489508936482110e+01
4.535679425586707936e+01
4.525554622321710951e+01
4.542498381377212269e+01
4.599343569379170305e+01
4.740408928421054924e+01
4.645473975679375656e+01
4.799049173570727334e+01
5.162819727639037382e+01
5.087098660128603456e+01
4.994598436458025503e+01
5.253381496214820601e+01
5.221151301452970017e+01
5.556405746414860403e+01
5.395090743390478849e+01
5.264471478278638017e+01
5.519183280043826301e+01
5.206656761514872045e+01
5.247831293919779938e+01
4.816714174897330025e+01
4.455507801635608445e+01
4.918399315645753234e+01
4.500516933261381780e+01
4.859813616103579648e+01
4.718702985428146945e+01
4.796364424725630471e+01
4.647443270336354715e+01
4.888408298934708540e+01
5.181537351429344085e+01
5.165045142414538759e+01
4.983998905793443868e+01
5.078169461402897156e+01
4.927636010256261301e+01
5.143259268564676034e+01
4.815441172748719367e+01
5.033282399129193863e+01
5.094353673912234370e+01
5.138046570769181898e+01
4.641722389248485570e+01
5.131797287993908441e+01
5.092308441822429188e+01
4.973250617793046047e+01
5.026978981755112130e+01
5.085255324605060423e+01
5.308398025721437108e+01
5.591225433253229227e+01
4.549450846357496658e+01
5.108109063466331889e+01
5.434043837621218387e+01
5.020795065451022765e+01
5.210226928002025915e+01
5.596414608208409192e+01
5.108000933018933409e+01
5.271462349966918026e+01
4.923809230411089288e+01
5.246320067369298101e+01
5.017717961359721812e+01
4.585998478828558689e+01
4.956410052657700760e+01
5.915017475576282635e+01
5.317348439010405770e+01
5.380039489959264642e+01
5.373606179587540765e+01
5.056080520200296036e+01
5.263463777514883191e+01
5.080631195122065691e+01
4.997577004681093626e+01
5.008711249520220576e+01
4.859656349723164936e+01
4.636675510653339671e+01
4.439982156393176638e+01
4.527354019319172096e+01
4.755718090845368806e+01
4.679330007065370722e+01
4.877018369073288540e+01
4.633376537942591256e+01
4.915899289660335825e+01
5.078968051991210331e+01
5.078105092483674099e+01
4.912817086035912695e+01
5.039988779086382209e+01
5.116254800243861212e+01
5.284022918411140068e+01
5.451187808362475806e+01
5.451100045458532151e+01
5.369303790840994850e+01
5.447809621431654392e+01
5.449723550774377401e+01
5.558847883388453681e+01
5.604291631133919083e+01
5.846136791842376113e+01
5.228334265278236614e+01
5.709054816375038399e+01
5.719697121827888253e+01
5.687167440858995349e+01
5.143741378242655315e+01
5.393589097162279700e+01
5.290640696600883075e+01
5.141217181171149520e+01
5.317567273461839505e+01
5.394795378806100672e+01
5.421752825059540726e+01
5.845119315794543979e+01
5.703777423539961688e+01
5.772361034053605522e+01
6.124974191697053527e+01
5.338477047555481647e+01
5.773970097482476405e+01
5.791310027712581388e+01
5.654757187615258118e+01
6.019327648903931305e+01
5.760083092671210636e+01
5.434691138789163745e+01
5.664745047978144044e+01
5.439231407373594607e+01
5.315190499576806360e+01
5.598611986178100608e+01
5.508493287214348300e+01
4.832298295618502948e+01
5.102527058939824656e+01
5.266974688313705855e+01
5.293112798713791278e+01
5.278501603570686740e+01
5.269978507540977120e+01
5.136847353456250431e+01
5.633694604392829319e+01
5.408365714691296944e+01
5.492158832841538185e+01
5.032707220109060842e+01
5.464659495025597380e+01
5.564338418441523970e+01
5.251825464351485806e+01
5.439022230675735159e+01
5.293790013062748301e+01
4.875612292896202860e+01
5.564221636804498416e+01
5.354890004834673078e+01
5.387783573618679611e+01
5.570215132968039029e+01
5.349964201546749365e+01
5.404546241792665029e+01
5.765956475083020649e+01
5.638731600569089153e+01
6.079865785499410435e+01
6.293032362306096417e+01
5.764932709892848095e+01
5.940082472065875407e+01
5.782025980410975308e+01
5.708206331789159549e+01
5.730404932583083877e+01
5.676389304492131771e+01
5.199475202812976704e+01
5.499835394854750348e+01
5.488340740756269298e+01
5.314057013545377828e+01
4.802834515363070977e+01
5.358346093711505631e+01
5.319350885964284004e+01
5.253413794789306479e+01
5.675542663545824951e+01
5.567537109560222319e+01
5.724762136921101074e+01
5.714379977717592851e+01
5.755647864498939725e+01
5.545635627260742950e+01
5.624650011534728122e+01
5.552638022655020222e+01
5.513660684162473302e+01
5.728333780853439094e+01
5.733949497912787763e+01
5.417440799547495800e+01
5.406338086872475657e+01
5.251825572245954987e+01
5.309023205968419035e+01
5.318723156641328842e+01
5.548312094995439736e+01
5.385382928716967399e+01
5.235525711910378277e+01
5.466490937344790524e+01
5.132516412190214083e+01
5.462713359122399481e+01
5.176374112032993935e+01
5.241754491697108875e+01
5.054243133929263365e+01
4.880956098722940339e+01
5.320227602561474356e+01
5.279827467562704157e+01
5.151050793251915394e+01
5.208688420226729221e+01
5.240396442160241008e+01
5.693629889048582982e+01
5.962201762570291663e+01
5.582843428707356992e+01
5.545098455289392803e+01
5.564959818197817043e+01
5.508983678968100151e+01
5.638286583960892528e+01
5.775540344067262311e+01
5.450869149859339302e+01
5.510400819676668505e+01
5.395825717976108393e+01
5.305141081274909709e+01
5.551463764783898824e+01
5.402328436438821768e+01
5.728177654549273257e+01
5.454577054333902453e+01
5.702740335455832366e+01
5.254728418715345839e+01
5.432244264502859465e+01
5.568290578684992909e+01
5.485991911544986266e+01
5.726719671988730909e+01
5.598633616043335337e+01
5.963935644882720766e+01
5.421194285336977003e+01
5.606669078296690145e+01
5.833207983243310224e+01
5.724402884956792548e+01
5.513471532454271795e+01
5.544459838407543373e+01
5.313130415662914174e+01
5.415771720344233842e+01
5.372023388095432495e+01
5.403574448399161412e+01
5.404243157613391446e+01
5.353862210167019242e+01
5.713000957986842110e+01
5.604352432944322260e+01
5.390474197931114730e+01
5.436603806996660637e+01
5.925139760002685563e+01
5.456329361442769965e+01
5.713793827328075281e+01
5.384416480565971597e+01
5.469686542207638524e+01
5.619886668125825935e+01
5.590743655222754427e+01
5.528624276817521377e+01
5.450080701314700349e+01
5.278103806980770685e+01
5.661274163998592002e+01
5.664230335307667730e+01
5.742174180157800834e+01
5.960326329949334934e+01
5.641500384324998407e+01
5.622944817996311428e+01
5.829637349587688533e+01
5.705527240001513434e+01
5.581947094001869658e+01
5.655199474618243016e+01
5.782835789307314656e+01
5.627166923882092675e+01
5.470406972081799069e+01
5.909661132686255769e+01
5.651677860709166623e+01
5.655249617704153309e+01
5.560630162173579549e+01
5.540019402603190457e+01
5.827243765611909510e+01
5.468862662997017310e+01
5.829085740877790300e+01
5.622874110484074350e+01
5.396307521317930878e+01
5.634634519502546368e+01
5.775316303469556090e+01
5.365344211161242782e+01
5.407780325552295864e+01
5.744064081340645345e+01
5.108766705871205005e+01
5.884544583468162671e+01
5.739804044073910205e+01
5.858014410459490051e+01
5.430738118452329388e+01
5.784631901572426216e+01
5.833153224786995139e+01
5.724729441807265573e+01
5.771105607710178020e+01
5.750530782696611709e+01
5.482616672622589959e+01
5.757679730521124384e+01
5.466113244542317062e+01
5.263303484542130661e+01
5.473506132813373171e+01
5.483864589306385540e+01
5.942979175766009803e+01
5.905950047845222883e+01
5.757174142236124936e+01
5.669422847481302341e+01
5.919655079372770246e+01
5.646028980314722645e+01
5.550412891630055157e+01
5.514887554096361555e+01
5.543540848719523240e+01
5.356981039584450599e+01
5.728566365955008877e+01
6.013943975512137996e+01
5.885740516915439002e+01
5.597554005648057540e+01
5.311547311894164380e+01
5.706153282095806389e+01
5.887761339330405974e+01
5.765331451780466665e+01
5.838821881010500903e+01
5.565605307207745511e+01
5.669297633565849992e+01
5.758223716363374223e+01
5.616057667672266263e+01
5.627653257552572796e+01
5.558952496688092992e+01
6.003548639283400234e+01
5.927450247585812093e+01
5.806142273364837791e+01
5.676145058603763971e+01
5.457727971982173187e+01
5.334453987072730285e+01
5.593148347516387986e+01
5.778779893740562557e+01
5.775582348603035143e+01
5.541301170185677449e+01
5.483841315474695932e+01
5.406335488038111237e+01
5.862566289154565879e+01
5.456935924922333214e+01
5.627171294922961664e+01
5.485755695323306469e+01
5.702012421319737001e+01
5.299576286051379270e+01
4.978059116111019478e+01
5.160958517225632392e+01
5.123649340723338952e+01
5.239447080620686137e+01
5.528073049588326171e+01
5.502309562826531675e+01
5.357100911828592160e+01
5.309895763332116303e+01
5.358759645785110592e+01
5.408435308583477763e+01
5.445195796848610570e+01
5.515575256618419786e+01
5.358878862288797507e+01
5.281363874877899889e+01
5.471549526581112843e+01
5.573508053517362271e+01
5.769485148177101053e+01
5.932216587703416621e+01
5.635500046836371979e+01
5.717784614360689943e+01
5.585000320930559070e+01
5.551378459397291465e+01
5.448337859549118889e+01
5.656883583404700744e+01
5.459087110939865539e+01
5.252996289720395140e+01
5.376230958245678693e+01
5.488759118954364169e+01
5.623533970001451365e+01
5.603843504909985995e+01
5.396105914683713678e+01
5.379230471674097913e+01
5.626665330047026714e+01
5.498874064815565532e+01
5.396087810658527673e+01
5.709069084785820536e+01
5.485826076367773396e+01
5.280816248177058014e+01
5.330149540679600051e+01
5.589801752548526537e+01
5.249036180664230500e+01
5.362215175342927154e+01
5.753924167080748475e+01
5.488802977278554351e+01
5.346550620076072136e+01
5.660212790188411702e+01
5.437387860668875561e+01
5.413983912140443522e+01
5.646489170197709484e+01
5.504265348351527365e+01
5.469514891435269988e+01
5.659400692832001312e+01
5.639559491465444552e+01
5.237066985908754191e+01
5.181482309644541573e+01
5.510622327519797636e+01
5.554654752197756551e+01
5.222676832582645545e+01
5.157906670967750529e+01
5.535239305430244627e+01
5.189749871784269430e+01
5.179078363940205065e+01
5.187491576843540031e+01
5.321021727528076184e+01
5.432414522879829377e+01
5.616795621052077792e+01
5.548164463331848140e+01
5.727663318820351179e+01
5.792158375599493780e+01
5.833192652109870124e+01
5.902732041880774005e+01
5.587666633127845017e+01
5.459671390795635659e+01
5.564850131689831869e+01
5.628903901452642344e+01
5.554696494963208409e+01
5.430375349831081877e+01
5.357442241886206347e+01
5.926932455283066048e+01
5.673821704405605004e+01
5.790966546112363744e+01
5.754555569209810528e+01
5.685901142208626169e+01
5.578617415950318303e+01
5.904857115337141238e+01
5.615596367700231895e+01
5.340655198318984986e+01
5.724615957759261420e+01
5.679662160722312336e+01
5.779369567540351937e+01
5.737493782082574967e+01
5.678610496233070393e+01
5.431021606440162230e+01
5.384370127113818683e+01
5.678402422183157228e+01
5.284502975210589426e+01
5.342475647864341681e+01
5.578895525980147596e+01
5.466409686110588950e+01
5.668075688726095507e+01
5.553788200952783427e+01
5.616410703964599094e+01
5.615532111707879181e+01
5.771889240433786483e+01
5.896547177775406823e+01
5.470941171912827627e+01
5.833615332670895270e+01
6.119662118024432829e+01
5.712429399611706771e+01
5.904356183527445978e+01
5.953522659232995551e+01
5.947022526138065501e+01
5.619688871130272645e+01
5.719127451408135698e+01
5.537209743592179478e+01
5.439340890757467406e+01
5.698708799359106081e+01
5.593911401444876219e+01
6.269127506202150357e+01
6.113506080964917544e+01
5.720627523312800378e+01
5.854820615078605783e+01
6.040026836296705426e+01
5.884831213339792555e+01
5.978464868749466632e+01
5.768422544354689308e+01
5.818601785489358491e+01
5.917933659669020585e+01
5.947233123620194561e+01
5.947189558413383281e+01
5.568079312424824678e+01
5.940591425282990912e+01
5.871759619622331883e+01
5.642956760106097391e+01
5.648282786623863672e+01
5.862532559261042309e+01
5.659000044876257363e+01
5.966812999476301371e+01
6.081153400024856381e+01
6.081922180100202979e+01
5.772218863306105874e+01
5.436913724218008781e+01
5.691057990582550019e+01
5.911104264431548927e+01
5.423179052833283009e+01
5.990251880895240078e+01
5.719776262885518747e+01
5.783226468589798941e+01
5.601072873786315398e+01
5.477450264364404831e+01
5.308017759871131602e+01
5.540911300704641462e+01
5.354476994685179392e+01
5.735331792802271877e+01
5.688130823204416231e+01
5.806142416538124706e+01
5.861091263672932428e+01
5.829539558465511817e+01
5.725055249928023926e+01
5.722055145005712973e+01
5.836808722730819454e+01
5.431488071290102937e+01
5.491565310284897095e+01
5.777551037989410077e+01
5.967444859437580362e+01
5.726961563793906151e+01
6.079365187967726314e+01
5.963984246828852065e+01
5.702414506174991971e+01
5.531525888620588916e+01
6.001434789831867533e+01
6.008789570013256309e+01
5.698551297907745550e+01
5.998356331260575303e+01
5.722672792689485277e+01
6.123381753720113352e+01
5.809638385973875785e+01
5.981230047778219472e+01
5.987749218439491017e+01
6.031007829695939648e+01
5.680495656336264432e+01
6.244350205270662713e+01
6.089813228348997143e+01
5.947395768921244041e+01
5.957310408408757496e+01
5.905907496289658098e+01
6.030060529409806236e+01
5.814932794091996016e+01
6.567151790868098260e+01
5.984788737357089872e+01
6.012166980660670390e+01
5.814336627412893677e+01
6.091539925503661124e+01
6.430747490884333217e+01
5.940295231939411025e+01
6.218461874486742147e+01
5.878284866773109485e+01
6.079892257862242388e+01
5.794830967997441462e+01
5.713111973166316915e+01
5.890558773292298156e+01
5.810206264539850451e+01
5.795766885727336160e+01
5.974605979020734736e+01
5.879004551230683973e+01
5.267331751024844522e+01
5.635543624558144415e+01
5.392071479894006814e+01
5.908996228150235197e+01
5.577056909101796833e+01
5.451372150819377538e+01
5.634753432206287016e+01
5.689544963455429638e+01
5.733052390964772371e+01
5.954664898078423363e+01
5.768943751274230891e+01
6.279126025911133979e+01
5.995704844101994269e+01
6.140980046321012509e+01
5.794805204589576419e+01
5.720136674641391750e+01
5.874878862381327593e+01
5.831162233616889523e+01
5.932835483403172816e+01
5.166869934473850634e+01
5.226644390856456823e+01
5.039401103828625850e+01
5.112770647054657047e+01
4.518150623073945127e+01
4.446264878082433114e+01
4.243073389466930934e+01
4.509969490549030979e+01
4.407374499076637875e+01
4.413900161635232422e+01
4.799065892481588236e+01
4.804119761339849504e+01
5.246121078141179339e+01
5.526299871588335577e+01
5.425371316842934277e+01
5.459006685468323639e+01
5.590923349017070620e+01
5.802485473455333675e+01
5.665528531365364984e+01
5.469138252691823254e+01
5.942412691494421750e+01
5.624585859678717981e+01
5.499321419701428937e+01
5.675251959526882217e+01
5.442664011627449838e+01
5.561196771312361875e+01
5.371945716780093250e+01
5.494694335778690686e+01
5.627629498057527258e+01
5.716676593655705574e+01
5.445334992204329438e+01
5.692195462208686507e+01
5.927904206049621649e+01
5.503552322359418270e+01
6.030834443992013405e+01
5.253652164615292008e+01
5.321479322677834034e+01
6.275367142940316256e+01
5.424821596566417981e+01
5.592289245113172313e+01
5.811424423222534585e+01
5.854969755707793411e+01
5.533744445208800755e+01
5.614964503225499470e+01
5.862966441031428388e+01
6.012021112917403087e+01
6.076560168772403614e+01
5.779938995499124132e+01
5.900984883138495007e+01
5.882777404905929330e+01
5.581338030822219309e+01
5.428188638775882424e+01
5.648452445405959566e+01
5.431602582895459363e+01
5.309106365001309058e+01
5.758998005145137711e+01
5.957799204800120663e+01
5.669837058526839968e+01
5.842048706101695643e+01
5.741918493099247200e+01
5.807426522635309851e+01
5.844862546633109446e+01
5.880925933151939944e+01
5.660603389212457870e+01
5.901725896931218074e+01
5.897478447635064924e+01
5.838845752348091622e+01
5.643124320403336469e+01
6.078827821401367970e+01
5.716349051717075724e+01
5.853849657692638431e+01
5.738462843039866357e+01
5.567426924954649081e+01
5.688222394343799238e+01
5.791426800925665930e+01
5.572459097501271685e+01
5.739500745987125896e+01
5.885338251899710826e+01
5.868245272976652416e+01
6.004002106751396184e+01
5.965660456245075238e+01
5.771068677158967830e+01
5.532046851356479777e+01
6.051523402697883114e+01
5.631707216717656195e+01
5.742116605506863181e+01
5.576104671243869859e+01
5.703189734140428158e+01
5.593201973090621237e+01
5.579330140600538357e+01
5.793018301541842874e+01
5.494123935892804411e+01
5.722745619530848415e+01
5.457123060201876541e+01
5.461043596728229232e+01
5.571655937425795457e+01
5.660010377607667920e+01
5.708327523928277714e+01
5.706604908986316360e+01
5.564053972194626851e+01
5.108714909370437596e+01
5.715110296023394909e+01
5.737981171077628062e+01
5.634941379483242230e+01
5.749651558411991203e+01
5.632844426944910055e+01
5.763310535915631050e+01
5.705727769197285681e+01
5.692331458067900485e+01
5.807136585575737087e+01
5.951032919965310697e+01
5.762277433531838255e+01
5.593418107571292808e+01
5.835778716576230352e+01
6.113383880764284584e+01
5.892029555779669181e+01
5.981788233233234564e+01
5.897860222528648677e+01
5.864757276081126491e+01
6.083093943637155121e+01
5.858372818648881264e+01
5.988136581218450516e+01
6.163466762183418979e+01
5.969816317181413723e+01
5.672197552972372137e+01
5.824934925808450004e+01
5.758159616408079273e+01
5.674775438349146839e+01
5.858567118935432205e+01
5.909051117335669545e+01
5.805676924410343531e+01
5.692909607148573770e+01
6.012854394284075710e+01
5.901373043165335019e+01
5.711926904620874268e+01
5.516656896649868713e+01
5.872974343638870920e+01
5.741641733495032440e+01
5.806126070730601185e+01
5.824580319104175175e+01
6.170316727043823590e+01
6.123968564709597473e+01
5.974567955589280643e+01
5.835442520666406097e+01
5.808135658832047454e+01
5.492098412101854876e+01
5.729064041888502601e+01
5.805735378180030182e+01
5.924694640402710633e+01
5.866948034198687623e+01
6.042722946603146994e+01
5.801559795519552409e+01
5.988972213603204153e+01
5.844556437707222329e+01
6.037933054498282104e+01
5.797265535596343966e+01
5.705399714497577435e+01
5.730616691432330612e+01
5.604223993493129541e+01
5.552409508668428373e+01
5.634577924524760562e+01
5.787300957967220683e+01
5.812477590392153814e+01
5.733814091129129764e+01
5.776417993472571055e+01
5.745328719884111734e+01
5.683202139280735565e+01
5.743947220799913111e+01
5.786563454552122465e+01
5.453270556141818304e+01
5.907085193344409646e+01
5.919197855569699129e+01
5.897248181251233490e+01
5.757830299754868264e+01
5.747281915524141027e+01
5.911010852622671052e+01
5.569974324690043943e+01
5.704581764583905823e+01
5.717531368670689318e+01
5.871708436208141535e+01
5.992317860492243398e+01
5.394736208202345296e+01
5.654656040915845949e+01
5.715025226483767540e+01
5.391554575110449576e+01
5.425189441429729698e+01
5.683348984187936992e+01
5.675766441251075634e+01
5.430569669102361985e+01
5.505028656156651579e+01
5.690207667222491494e+01
5.967369202329979316e+01
5.615471493147039439e+01
5.583100925206736065e+01
5.530685726215844511e+01
5.969809335971578435e+01
5.908591503219928143e+01
5.813527210920887711e+01
5.341045659843792492e+01
5.311556748810350825e+01
5.436306661131929729e+01
5.288728104563931964e+01
4.965825888934111987e+01
5.140176793757434126e+01
5.313177853187897171e+01
5.308155768454678736e+01
5.148894521795409673e+01
5.297355901527021160e+01
5.441629572992366093e+01
5.656955340228397944e+01
5.184511741032797261e+01
5.561840922642056739e+01
5.744318556032708756e+01
5.666131313746990372e+01
5.518857192319337202e+01
5.676232944496714339e+01
5.465160344705056872e+01
5.779239386622947450e+01
5.939821075185831489e+01
5.435942712350232142e+01
5.518114913126780152e+01
5.400175687534212443e+01
5.653215759870371926e+01
5.432532880775817574e+01
5.640317728607114134e+01
5.493381348457702273e+01
5.726767670904892071e+01
5.537134704676272179e+01
5.719003861929815002e+01
5.814624401232978101e+01
5.584783600077402355e+01
5.439237500308011164e+01
5.450209506847929930e+01
5.703512852837003777e+01
5.597885688820067429e+01
5.349328901615999854e+01
5.285958145982925060e+01
5.593478975490272376e+01
5.266990283253900884e+01
5.389246100216784185e+01
5.671483765410924605e+01
5.444577484727477668e+01
5.335640753284079807e+01
5.333531376238381938e+01
5.590881779608789515e+01
5.717390808614045028e+01
5.485571779956440963e+01
5.345398471168459764e+01
5.539410656460742644e+01
5.306951553352448769e+01
5.001766836175744402e+01
5.468547365190838860e+01
5.376525464507793828e+01
5.431420923912858001e+01
5.551748317996942461e+01
5.375638503133505708e+01
5.109523664416067135e+01
5.073017548426327750e+01
5.258050924855108121e+01
5.309576315288214943e+01
5.297873844891322648e+01
5.285463912449478130e+01
5.058587065648656989e+01
5.228430391349993300e+01
5.462035671929135816e+01
5.293688384950385739e+01
5.205642890540845258e+01
5.311297827840679275e+01
5.182625309632678068e+01
5.462099505813947076e+01
5.397631215599257359e+01
5.857400753974349072e+01
5.436357688413064437e+01
5.607561030139505931e+01
5.643773527818062519e+01
5.556223663042021599e+01
5.483996612899690604e+01
5.538462850175523755e+01
5.802693769583270722e+01
5.462429293800823871e+01
5.406177111425104442e+01
5.534434701947504465e+01
5.375919980500518847e+01
5.664739317613566527e+01
5.458078869427646396e+01
5.503895634641146728e+01
5.329691355596396107e+01
5.560094787906304958e+01
5.610529119353579830e+01
5.542884499436507895e+01
5.721647987623188669e+01
6.079175332453289826e+01
5.938310374578507123e+01
5.863034453196435436e+01
6.003755363448770765e+01
6.249291949289166581e+01
6.499316447138018304e+01
6.324323831279704677e+01
6.342117237885376113e+01
6.085878062901026198e+01
5.861196072355621567e+01
5.685452287263162674e+01
6.049434607198733715e+01
5.647007385994768924e+01
5.414754641949348013e+01
5.798663622163888931e+01
5.580653127449533457e+01
5.507846637040432825e+01
5.497180009217528607e+01
5.700194990669497486e+01
5.402545893298363922e+01
5.519176695023579526e+01
5.479103027665892967e+01
5.560230852866287421e+01
6.055424420135842212e+01
5.499443015336738938e+01
5.694211647609759552e+01
5.751290880595116306e+01
5.607137759345930306e+01
5.786189147680515532e+01
5.877436696070212463e+01
5.972879643292699825e+01
5.612501965407238913e+01
5.544766752279976885e+01
5.571559410642222332e+01
5.631675357112431612e+01
5.495498223664132098e+01
5.462052598444223861e+01
5.618853166262645260e+01
5.930508633963262355e+01
5.603946596995513119e+01
5.785779715759772301e+01
5.781535605405248646e+01
5.780090201362320101e+01
5.764103646052455332e+01
5.819360956110519112e+01
5.725513129296282244e+01
5.697825780252237848e+01
5.624199768034196723e+01
5.714224986826783947e+01
5.781016217015619674e+01
5.635932832837256967e+01
5.997971109072083351e+01
5.475677837534791337e+01
5.812232799314678999e+01
5.763336633727411140e+01
5.791068974518683632e+01
5.984300756115318620e+01
5.619636811823238531e+01
6.031996907068741365e+01
5.869486625940871960e+01
5.739431432251853948e+01
5.722728379329820569e+01
5.954466286624467131e+01
5.726868483777064966e+01
5.882749372398411225e+01
6.038211321144458310e+01
5.672259476688601154e+01
5.847147261172139565e+01
5.924656399005634455e+01
5.594489571612708545e+01
6.024182030785910769e+01
5.723976744212681211e+01
6.039606684472009590e+01
5.771254875361044867e+01
5.777309378817703589e+01
5.611019702075574855e+01
5.911171298954728570e+01
5.830538084129232601e+01
5.786615719074575992e+01
5.809312702276605478e+01
5.830370009301427814e+01
5.637716463895485930e+01
5.545891720614365994e+01
5.613212091553707239e+01
5.654571271997940585e+01
5.954997783522639310e+01
5.680490759815560864e+01
5.624247347347075987e+01
5.496286672936238915e+01
5.536952587158263839e+01
5.806114496724930518e+01
5.956643342138476527e+01
5.710860833282006865e+01
5.850892720230838506e+01
5.675217604369851188e+01
5.871700553809286305e+01
5.548134008919728188e+01
5.752150329200713941e+01
5.655000441945399814e+01
5.734398210879935220e+01
6.092531439201181342e+01
5.830704480561063718e+01
5.418940345793052416e+01
5.961703238929752757e+01
5.819980834372088196e+01
5.764053358006493255e+01
5.957536061779455849e+01
5.710979040352894032e+01
5.508822382826943453e+01
5.857795714197964543e+01
5.836516554628740749e+01
5.670536833491894413e+01
5.852312939285982907e+01
5.621452391478815258e+01
5.716421448410299888e+01
5.652755707569956911e+01
6.073961712152534176e+01
5.852247502963587067e+01
5.865551783544432851e+01
6.153734772384996177e+01
6.038950549244709265e+01
5.833588030736162722e+01
5.748570076549820840e+01
6.054001672201710704e+01
6.087497991236602246e+01
6.171814228821394011e+01
6.190958817704574102e+01
6.064752199446895276e+01
5.919801277012199847e+01
6.543577550469913717e+01
6.108906900710066168e+01
5.999447019628726707e+01
6.170668454337219799e+01
6.073845927422656388e+01
5.997119061394420925e+01
6.212397991894135174e+01
5.802791244302021312e+01
5.863050991152871205e+01
5.908023883172196378e+01
6.055680913684638256e+01
5.898310500354921260e+01
6.057522431082186642e+01
5.931930814910147376e+01
5.937546765508547253e+01
6.038502135481876820e+01
6.235007045937122427e+01
6.190208387841278892e+01
6.405564196647290487e+01
6.289053695497512564e+01
6.388853887719785973e+01
6.278331338904604308e+01
6.663616047093614725e+01
6.477441552998823227e+01
6.727732391864908834e+01
6.175644322761176852e+01
6.258303439393718293e+01
6.502918075508014795e+01
6.301737821481213331e+01
6.577755352331817562e+01
6.167716653637699409e+01
6.471850355096181318e+01
6.558549974860405030e+01
6.968080569450536643e+01
6.840817149374836958e+01
7.086373823181082798e+01
6.751650667003805495e+01
7.176483391426322100e+01
7.035420409054638924e+01
7.155157302747255699e+01
7.562525004888998126e+01
8.512131944886436941e+01
8.806486993958989729e+01
9.713262266457759608e+01
9.931246939842819188e+01
1.023661574884471008e+02
9.527388586399285941e+01
9.194894978463399582e+01
8.182615453623145640e+01
8.307836599535085043e+01
8.408776705512404703e+01
1.027068957674151761e+02
1.224376358720618754e+02
1.291994634234728778e+02
1.335676113429477425e+02
1.336930331880927270e+02
1.314701107951147208e+02
1.194879834683893591e+02
1.054587118916163178e+02
8.597884522196878265e+01
7.867099212604168201e+01
7.622412758396205845e+01
8.080874550069496820e+01
8.576947212265922360e+01
9.692659077575619619e+01
1.219215048107379147e+02
1.521400176620711022e+02
1.664623907423856224e+02
1.722498076321263625e+02
1.595976222147719739e+02
1.358172354925418404e+02
1.214477083266099129e+02
9.602902460835787224e+01
8.023173780345997841e+01
7.379465031378343554e+01
6.732177978100615690e+01
6.520926880303450446e+01
6.773366462584380088e+01
6.608473117890549986e+01
6.505728872421822473e+01
6.568811957182337835e+01
6.416576663026262395e+01
6.461959350596883667e+01
6.427030963725350432e+01
6.197871322911963432e+01
6.089697828177515504e+01
6.492525316447601824e+01
6.139280154435640213e+01
5.956052284245904360e+01
6.243786973656618500e+01
6.301949881395603370e+01
6.168875832972891260e+01
6.299659424849749456e+01
6.154674460202937780e+01
5.966491296288031521e+01
6.341893636406068424e+01
6.196157138029924027e+01
6.072412607281505359e+01
6.183972642163915623e+01
6.245021893094024534e+01
6.293075627160872187e+01
6.155683386813849722e+01
6.070513839750454110e+01
5.952439442496485356e+01
5.749770514240570662e+01
6.240181669462226921e+01
6.076638791996265354e+01
6.050129730974966691e+01
6.191024301054969214e+01
5.971821661166335105e+01
5.637300833708357573e+01
6.258983147122474833e+01
6.042821762213269920e+01
6.021156908988693601e+01
5.990437970771109377e+01
6.065424759701969748e+01
5.947047881596582641e+01
6.052392178698200809e+01
5.924261792811541483e+01
5.816702504426547193e+01
6.004139026746108243e+01
5.803191057354271010e+01
5.880274403386741966e+01
5.932555923377363882e+01
5.971339925529197501e+01
5.632897560704061846e+01
5.889431631793070920e+01
6.101152313719566678e+01
5.927021426472403931e+01
5.923788605483991176e+01
6.161269391850969868e+01
5.764220097688845357e+01
5.833255926726672413e+01
6.190280464449448061e+01
5.916125015223700245e+01
5.845604815632708551e+01
5.862509471979448250e+01
5.915203558960078567e+01
5.936196873433657117e+01
5.780051331273862303e+01
5.665866062137856574e+01
5.827375885108358489e+01
5.724219545693125610e+01
5.972417874624952816e+01
5.938133253198710548e+01
6.061589792148902234e+01
6.279340700581936119e+01
5.890162697157441585e+01
6.182038900320559094e+01
6.169116463461612909e+01
6.196528896015018972e+01
6.415623395313430422e+01
6.944032837789701773e+01
7.384562660581468663e+01
7.445150258705935187e+01
7.546617309385455030e+01
7.857149947889026009e+01
7.310859804153351149e+01
6.674802750283915032e+01
6.874140717999399897e+01
6.569895607838127205e+01
6.518000688151784061e+01
7.169540923089847695e+01
7.382695828265421767e+01
8.041964024412837375e+01
7.465192819981132288e+01
7.268447978379626306e+01
7.104478614895285205e+01
6.409353900401669080e+01
5.894709981907084995e+01
6.019524718418841758e+01
5.960841192356968321e+01
5.945601396504066116e+01
5.669924384001215856e+01
5.866829909824882350e+01
5.909093832748382624e+01
5.806959352750456560e+01
5.599571103034553943e+01
5.657791772162091348e+01
5.418142829656894577e+01
5.888434689191635840e+01
5.688346890331693118e+01
5.445782626979275420e+01
5.830939055062152931e+01
6.025527796939194047e+01
5.900916526027925357e+01
5.631299662935535366e+01
5.731231511910576160e+01
5.430331763777419951e+01
5.369546013282867136e+01
5.698782419661294796e+01
5.803544908749343989e+01
5.692866887435767609e+01
5.613373767528855041e+01
5.912058418947893301e+01
5.928468815944719950e+01
5.693660313135837470e+01
6.018630693348559646e+01
5.729569447868262699e+01
5.684492859894883310e+01
5.583304395731124714e+01
5.744686052264033549e+01
5.886716573655191809e+01
5.714649921660259935e+01
5.685539182781694478e+01
5.387214508444666450e+01
5.715097757279040280e+01
5.712635671483084110e+01
5.688054674873619376e+01
5.806752272592657960e+01
5.426516337794753042e+01
5.666866923202287865e+01
5.551817015999361615e+01
5.690156016306629283e+01
5.543774998635208817e+01
5.486907040089040777e+01
5.744211939273914425e+01
5.894056925350827214e+01
5.997849573862254857e+01
6.039846342322361750e+01
5.786814570468499141e+01
5.757043976207280878e+01
6.063062783980804227e+01
5.632132632511584802e+01
6.068732107605514869e+01
5.816426715557801685e+01
5.809278313428056606e+01
5.728400751541810365e+01
5.807787647918458873e+01
5.742289046465089086e+01
5.663972114660725055e+01
5.905561658561565253e+01
5.490900157336350418e+01
5.562728700711667074e+01
5.711458523433997669e+01
5.434103940774733132e+01
5.767101983010947208e+01
5.494033797220104276e+01
5.722768664665487393e+01
5.632344693071751607e+01
5.927203807728780305e+01
5.798075868701655367e+01
6.134077989973952327e+01
5.611841685743332420e+01
5.957882652460561701e+01
5.613584280952704830e+01
5.710718920428258372e+01
5.731353781065612907e+01
5.504389061970203301e+01
5.700001288075934269e+01
5.641644419712341829e+01
5.864779877666497754e+01
5.622849638012074536e+01
5.751090209288705779e+01
5.953144907679993025e+01
6.030102704097645727e+01
5.806219545537072690e+01
5.965063357703589020e+01
5.735062503884178398e+01
5.615091686662930925e+01
5.775140027058435521e+01
5.651303358049590742e+01
5.745655610369409061e+01
5.811081879571067788e+01
5.986889371839414764e+01
5.868704415121825946e+01
5.722693367581578627e+01
5.800142006154333529e+01
5.778171074272514574e+01
6.115895814430856348e+01
5.990626294518035877e+01
6.010454072189305208e+01
5.881964636014129866e+01
5.610624693742502700e+01
5.717651294926250216e+01
5.840704081176849627e+01
5.794440657598870814e+01
5.998909673279087684e+01
5.757779388390877529e+01
6.216647560760173263e+01
5.854920203940881862e+01
6.275249989137921602e+01
5.883417965258661297e+01
6.096461426594862587e+01
5.638364671472164247e+01
5.817635267161568180e+01
5.875755491392169461e+01
5.863842692688685077e+01
5.845136426115489314e+01
5.529935371079110240e+01
5.848259654113751083e+01
5.759182658622277273e+01
5.973417108647196727e+01
5.676675684426071911e+01
6.149567847231643469e+01
5.755377878789629165e+01
6.087968285628370779e+01
5.768291359189444023e+01
6.135769552478628697e+01
5.552524453740993238e+01
5.688434317036622900e+01
5.962090444034288339e+01
5.635726307587624717e+01
5.931380054293876469e+01
5.754949631514395492e+01
5.528321947136444692e+01
5.624420548467590208e+01
5.636192370008207320e+01
5.715014597491998671e+01
5.679228897210011695e+01
5.782954004162142780e+01
5.981997551684492009e+01
5.573726545121464682e+01
6.007848863800818862e+01
5.855726079714791865e+01
6.015514978921051892e+01
5.894189706502308468e+01
5.739049783796482984e+01
5.749754394545671232e+01
5.798245657955590104e+01
5.471452531884869330e+01
5.884414594170402779e+01
5.630408985468950789e+01
5.475307544272647675e+01
6.058111245945605816e+01
5.752524265010814730e+01
5.995140958988274349e+01
6.104543941436674004e+01
5.807008177878872601e+01
6.112679282138990544e+01
6.113921234878309008e+01
5.654204545270487614e+01
6.189187234424188944e+01
5.908260218017812804e+01
6.071914268972604134e+01
5.918300763807825149e+01
5.639482341595429205e+01
6.041961450862918781e+01
5.838005466052163683e+01
5.700278989118018558e+01
5.786383624133112846e+01
5.490907839475887897e+01
5.472176309353156398e+01
5.850323460039743395e+01
5.851694749905336579e+01
5.753868370298221890e+01
5.866050636414728814e+01
5.490685774505378447e+01
5.463719640941542366e+01
5.644271813678702898e+01
5.704193497726655693e+01
5.737348075525888191e+01
5.687984762568586206e+01
5.935581954248683445e+01
6.051587333641294464e+01
5.670967015098061381e+01
5.993797523630413338e+01
5.966737899918696542e+01
5.824015116013870852e+01
5.895923744538271905e+01
5.965707431799020810e+01
5.661928887756857876e+01
6.137663178199211700e+01
5.948825181043260102e+01
5.941754284162539079e+01
5.778958954139420712e+01
5.698503782873669365e+01
5.967767261911068033e+01
5.725329780825165216e+01
5.741347885353064129e+01
5.671729170794930752e+01
5.658132463657126010e+01
5.547594384997219663e+01
5.641422684375788066e+01
5.526620128618768746e+01
5.826637960142905115e+01
5.628768094599661964e+01
5.471831209183102374e+01
5.531285064743396163e+01
5.709702364384721562e+01
5.700113394688438717e+01
5.510202476273884287e+01
5.837252162295784785e+01
5.681872397813931741e+01
5.655981606190264444e+01
5.917058809609714842e+01
5.721873492300370145e+01
5.749689574171738116e+01
5.608172224378360937e+01
5.649016011745054300e+01
5.729035253910280545e+01
5.361318568021270892e+01
5.407140872583067193e+01
5.428001065811563564e+01
5.470643942551112815e+01
5.546253879619771254e+01
5.736830702228084533e+01
5.509278598857999043e+01
5.730462040027137505e+01
5.659836447661043479e+01
5.543547365123590254e+01
5.519279482439047513e+01
5.445861115495204530e+01
5.392985546666803742e+01
5.538884550252629424e+01
5.703950054803802772e+01
5.575210779285061591e+01
5.772805235737621388e+01
5.346392876983863829e+01
5.352234796623383062e+01
5.660019165326787061e+01
5.469587670046151828e+01
5.522551644058034981e+01
5.784595226088717368e+01
5.514883296468083529e+01
5.619001884364532629e+01
6.060527139681934727e+01
5.624713411066272784e+01
5.872366912727103028e+01
5.826347295199364140e+01
5.488573893878548660e+01
5.485488441026499373e+01
5.842634101284627945e+01
5.526011233195053762e+01
5.633319009247139064e+01
5.596803498913753572e+01
5.475299235641454487e+01
5.319397604189925488e+01
5.611788272168215741e+01
5.197268763241931566e+01
5.175163769815892323e+01
5.499294485733941684e+01
5.678505772535494600e+01
5.141973215077782555e+01
4.891749712500867986e+01
5.407670480862854134e+01
5.523181332823119050e+01
5.571902077888753269e+01
5.544588015893288713e+01
5.486847658402086836e+01
5.477550206050256776e+01
5.520682543180706858e+01
5.594245141401725618e+01
5.482396746204724280e+01
5.596959721151065281e+01
5.427745263349806493e+01
5.353486048852224854e+01
5.477797939579821929e+01
5.803680593605344740e+01
5.012804340284694860e+01
5.200262234893192925e+01
5.821850419995256232e+01
5.790188149739208257e+01
5.526504440554331410e+01
5.354997471818375487e+01
5.520080707711939283e+01
5.392528820997817007e+01
5.361624455825341329e+01
5.373394587383729259e+01
5.104444658850712813e+01
5.332743481951142428e+01
5.397640092324980543e+01
5.437806988573753841e+01
5.300443791446566166e+01
5.406708962102540283e+01
5.532836289593941359e+01
5.312422464284907164e+01
5.659241329609789517e+01
5.517309590444476441e+01
5.765173498141724906e+01
5.837380241204126463e+01
5.768600090435801775e+01
5.403285152486939324e+01
5.400387803231986794e+01
5.688442783029294958e+01
5.437841876404891650e+01
5.526695317669083352e+01
5.547045865896618722e+01
5.822881065558428304e+01
5.639626814328845228e+01
5.777795871599540334e+01
5.596953140351025979e+01
5.492119747435155830e+01
5.587012979379193922e+01
5.826208197170805647e+01
5.421801440725715793e+01
5.626348028064970208e+01
5.649496286811105961e+01
5.678196522576281779e+01
5.507057217326494936e+01
5.844310897150371886e+01
5.777310698890594409e+01
5.544833719741376399e+01
6.132050570699387748e+01
5.542871443095980766e+01
6.085372535213859635e+01
5.785895068434175670e+01
5.614586646837772577e+01
5.426252367637448515e+01
5.948127016401227962e+01
5.692173911200579539e+01
5.883471388764375121e+01
5.485208232659679339e+01
5.655808158415376141e+01
5.762010374738235896e+01
5.373422814564831640e+01
5.382920105544280887e+01
5.671704739992505750e+01
5.662066643659867538e+01
5.553897494829945458e+01
5.492304113300303925e+01
5.776971954654181474e+01
5.328827596491176166e+01
5.447875729990414584e+01
5.839162638705803232e+01
5.697740780769701274e+01
5.610979132382801993e+01
5.626601304594728958e+01
5.685703967151046356e+01
5.757377139838396829e+01
5.529973079031959315e+01
5.620980023228865718e+01
5.352408750934507253e+01
5.654367073982889735e+01
5.670045392429835829e+01
5.806506006977884482e+01
5.597194871138699312e+01
6.038263514952289057e+01
5.854362984619341859e+01
5.811265011716595552e+01
5.626645658421901430e+01
5.809600031251978436e+01
5.851932062547880520e+01
5.831845149137503626e+01
5.918732278816166570e+01
5.869696948334171793e+01
5.879429973772849394e+01
5.819197404144365038e+01
5.975757551278700674e+01
5.979799652571944080e+01
5.750519187844088265e+01
6.086557940569186798e+01
5.808094562441123543e+01
5.666530398938798641e+01
5.776369414837515848e+01
6.089182758126862183e+01
5.749289817440065775e+01
6.058569320151964632e+01
5.749579975208354909e+01
5.896646890518643147e+01
5.600624764581640136e+01
5.813895828245921393e+01
6.018249518876015713e+01
5.398786424573672349e+01
6.039067203492182045e+01
6.089923376621810291e+01
5.738497700403710411e+01
5.875202313961558076e+01
5.791302683369566040e+01
5.694456678801590499e+01
6.051956583089972952e+01
6.220908353364797705e+01
5.655720907521349972e+01
6.425389643467434553e+01
6.203509986385824249e+01
6.269849642283222835e+01
5.837348916298115853e+01
6.092000331736342389e+01
5.861300173704524497e+01
5.657378138344007112e+01
6.061451731617486161e+01
6.056282671543751661e+01
5.812349742241849526e+01
6.266019783715305635e+01
5.905261450884248120e+01
5.696319814155609862e+01
5.929007944777832506e+01
5.586295020537654210e+01
5.951837448646377027e+01
5.991688517847857298e+01
6.145565508421643841e+01
6.054308539546315160e+01
6.056442912873615114e+01
5.874283065063277576e+01
6.048690813490954810e+01
5.897084882571952136e+01
5.712450719997198689e+01
5.748687430722542047e+01
5.464048944811140274e+01
5.557407365103194508e+01
5.757844168471603297e+01
5.852451585649711063e+01
5.715446287083710786e+01
5.731239606369658901e+01
6.047916782161330929e+01
6.208175481568835608e+01
5.672418553348627057e+01
5.615012555515600212e+01
5.919812628187928283e+01
5.824762941123287874e+01
6.118238839701849940e+01
5.887292062971059181e+01
5.733328994517806620e+01
5.961789080396516738e+01
5.931340901039461500e+01
6.355505209859138915e+01
6.172511128533587765e+01
5.639928236897957703e+01
5.886705911135802438e+01
5.919858104768517393e+01
6.001833884184443946e+01
5.807179525521207353e+01
5.920302985225211501e+01
5.855716552197538505e+01
5.951485428086541418e+01
6.279200234716102358e+01
5.783448831917831257e+01
5.496099941600220262e+01
5.793834885803923385e+01
5.820713236791335987e+01
6.270974101420309665e+01
5.748510062093711070e+01
6.117404642852979890e+01
6.006835914152090794e+01
6.091517303560546281e+01
6.256323288106936786e+01
6.052827132504258145e+01
5.685631955421590078e+01
5.975775565087406704e+01
5.705352968162597449e+01
5.749433382541531756e+01
5.812803777919923931e+01
6.001077925169246896e+01
6.031120312158028440e+01
5.850993062620967322e+01
5.618454609402475342e+01
5.806481760622205002e+01
5.743373406000362991e+01
6.305699305887490880e+01
5.992924947256623369e+01
5.939852432745627908e+01
6.084974842991861976e+01
5.915715531050744147e+01
5.847282936289042254e+01
6.010241490187463853e+01
5.996822717401101244e+01
6.031911056110894265e+01
5.970269254318883867e+01
6.013759415659617247e+01
5.717464041281883880e+01
6.074830049695627565e+01
6.463590592984085959e+01
5.929011853111587982e+01
6.061004802425997440e+01
5.890591330576060614e+01
6.121510592176819188e+01
5.821761136742199483e+01
6.319209553130402668e+01
5.947323655822266630e+01
5.627607794797503971e+01
5.971127301848364510e+01
5.771746787924518429e+01
5.975234837137904975e+01
6.082395754361227347e+01
6.011223521639396239e+01
5.938759490431003485e+01
5.879052320326925241e+01
5.959795989218572743e+01
5.978248446821656614e+01
5.890908733108137341e+01
5.948894248844700172e+01
5.927356673312511504e+01
5.922615386148402195e+01
5.762542494053541020e+01
5.551250111932951370e+01
5.667117892611307184e+01
5.938559816517131651e+01
5.637918549038629124e+01
5.869588417830196647e+01
5.931696302361589090e+01
5.893436979258598996e+01
5.894581521083738096e+01
5.993387586068682538e+01
5.750691345504636587e+01
5.874396573842565061e+01
5.981189142051454866e+01
5.999496581821625796e+01
5.458874974881072006e+01
5.481315970761355771e+01
5.858324859671339624e+01
5.399714427659899485e+01
6.028840237842819505e+01
6.029238562470960261e+01
5.707983388836240835e+01
5.824439725814627167e+01
5.771402595906350541e+01
5.582334292014425614e+01
5.667747165121417652e+01
5.504152361728137066e+01
5.700808450091020774e+01
5.394540594140313061e+01
5.554013613875207511e+01
5.529868166824248732e+01
5.512832072882462597e+01
5.500397142883122825e+01
5.840710129082909674e+01
5.825198499746834813e+01
5.903524702427521476e+01
5.851346524603360422e+01
5.693369563708375125e+01
5.894757784705981862e+01
5.570724229897027868e+01
5.834784941450848805e+01
5.472018522800270546e+01
5.704981072911691342e+01
5.903210852489471705e+01
5.870335987004524014e+01
5.575148922008565933e+01
5.748963916424515475e+01
5.819266149468877813e+01
5.617587422079436976e+01
5.548643243225637889e+01
5.598252712259922248e+01
5.289101722270904560e+01
5.761512384329817849e+01
5.783519737721563558e+01
5.589013469722684135e+01
5.715996666077141697e+01
5.632856028589549169e+01
5.053611668281754987e+01
5.566855570265511233e+01
5.180281403632194070e+01
5.487296014921280829e+01
5.451220619897998176e+01
5.653593365431560613e+01
6.030602114326691776e+01
5.447830516232795617e+01
5.698356795567111988e+01
5.752854658210423366e+01
5.845391905893647788e+01
5.500193653006962080e+01
5.976625300252491257e+01
5.705956042965805608e+01
5.473384588399541428e+01
5.374827645377207830e+01
5.601194199829531328e+01
5.623353167311094580e+01
5.330977490378973727e+01
5.541470061666862534e+01
5.660061069541848155e+01
5.602804743966904510e+01
5.594442872654231280e+01
5.851069520537309643e+01
5.634162891227102676e+01
5.565341624315930602e+01
5.603111206313634796e+01
5.378384817958017550e+01
5.708233353274329858e+01
5.387570515037110397e+01
5.805082311622767577e+01
5.635053245889812246e+01
5.534122099892098845e+01
5.496572832109197293e+01
5.919940716709331952e+01
5.881257342526172494e+01
5.607090375277614669e+01
5.528422141248952926e+01
5.471657168186159481e+01
5.630837252882472654e+01
5.624306746355978248e+01
5.774989394503998597e+01
5.545079166204369159e+01
5.880546097673217787e+01
5.660638065127679397e+01
5.771771423990018945e+01
5.479512884825137320e+01
5.711047283639928906e+01
5.719573112024905015e+01
5.792936387115371843e+01
5.401991161589743484e+01
5.611423018990178235e+01
5.834038522378210700e+01
5.736689569787456833e+01
5.517297189659947065e+01
5.504924016467735015e+01
5.621641878784907931e+01
5.557759665259457904e+01
5.638736576299528025e+01
5.986517096355082401e+01
5.570179526436348993e+01
5.610155349039619921e+01
5.222607804670134612e+01
5.370237557931408645e+01
5.590887655084176799e+01
5.643575738998958258e+01
5.380359626846130539e+01
5.687159850075396861e+01
5.357616965192159597e+01
5.769383158802882150e+01
5.435967562412590581e+01
5.863045407106432094e+01
5.964208888654836471e+01
5.925721544939091956e+01
6.227412970341009668e+01
5.517394899598318148e+01
5.840284497260102370e+01
5.719350009813803837e+01
5.579125491086846012e+01
5.691575721099203378e+01
5.537401746812108172e+01
5.726460644249758047e+01
5.817708801586615408e+01
5.801798859230471095e+01
5.486328983360780853e+01
5.591309432515043909e+01
5.653419855660487059e+01
5.826310959022698910e+01
5.579461846733297392e+01
5.527322035548785806e+01
5.737226427036270593e+01
5.608772013101462761e+01
5.577728056993476713e+01
5.412737141133791852e+01
5.565046645227567979e+01
5.833637628301898559e+01
5.906637145649710163e+01
5.541509510762254109e+01
5.501831901228790400e+01
5.684533614960719206e+01
6.130327492566735970e+01
5.300149028920647964e+01
5.362395956158771071e+01
5.672899294561680961e+01
5.494167889204565824e+01
5.841630031232456588e+01
6.121594115144493031e+01
6.061076523153892026e+01
6.173032632082779259e+01
6.121097346677662188e+01
5.445605459531164882e+01
5.765982165218836286e+01
5.308190187802231463e+01
5.612667752121659959e+01
5.795935265859829144e+01
5.531390359484652208e+01
5.456890615443875703e+01
5.812864993798963553e+01
5.540801557846550196e+01
5.257908014999931368e+01
5.828216115918115037e+01
5.503345466710980816e+01
5.347346872023221209e+01
5.550722047059161213e+01
5.472682707237076016e+01
5.176137474682059292e+01
6.050930692402953071e+01
5.428957752500439682e+01
5.379741252570333643e+01
5.526860807281811816e+01
5.341190133478578161e+01
5.392408331042199876e+01
5.608652540984874690e+01
5.488026209133408884e+01
5.555344094680688016e+01
5.874466433110528385e+01
5.465600496404945119e+01
5.369918960208960357e+01
5.490170578663032330e+01
5.602570225659813019e+01
5.518447818422509243e+01
5.315534885093313022e+01
5.421292714306690641e+01
5.747631668699855112e+01
4.852029961630609023e+01
5.545159134350406305e+01
5.226859339682117422e+01
5.401365218443469018e+01
5.045189181797405098e+01
5.621813733635011801e+01
5.028706302978381615e+01
5.739400188742880005e+01
5.392047705329467533e+01
5.327515849832553840e+01
5.149403462288880462e+01
5.350712118435457398e+01
5.181460099890925619e+01
4.992417315719237081e+01
5.323705343131357637e+01
5.550198175115951926e+01
5.256684191679217122e+01
5.689191084799940512e+01
5.689781120245356760e+01
5.361333100304072019e+01
5.319457238373161800e+01
5.340401064722471602e+01
5.946233271245638718e+01
5.645128034573063047e+01
5.563481250762110619e+01
5.681995258529116910e+01
4.699604768640638497e+01
5.643999134597829936e+01
5.451267054494263675e+01
5.717466212106521084e+01
5.683192007003640356e+01
5.561790249267246367e+01
5.612828318438715058e+01
5.360566961324330038e+01
5.353257552785395035e+01
6.008758273613760537e+01
5.780975562470591456e+01
5.466475242648939314e+01
5.529717030645981879e+01
5.177519981491211354e+01
5.612000593222251155e+01
5.634456608799155930e+01
5.544959943712608919e+01
5.703122354238035996e+01
5.844799709430957790e+01
5.496146925765286539e+01
5.505699901449856526e+01
5.358173416145756107e+01
5.611781855317165935e+01
5.673006850931191281e+01
5.609608908796307958e+01
5.784022776063580551e+01
5.316189720556177889e+01
5.811552322733515297e+01
5.149071763661880397e+01
5.985722046034717181e+01
5.347975047190970344e+01
5.638572185666269121e+01
5.375655321566186018e+01
5.560599769228774392e+01
5.617049965640133991e+01
5.832996302228011842e+01
5.577654967539882591e+01
5.796949468802945660e+01
5.665604329655344884e+01
5.918368000279419761e+01
5.958680009774830921e+01
5.671391859252820211e+01
5.659943549754264325e+01
5.778383395872852901e+01
5.582182157399565625e+01
5.659488102745336136e+01
5.637037347162716117e+01
5.282910920010972688e+01
5.546622986949240186e+01
5.726719117379768420e+01
5.915368268525981676e+01
5.875385573209402423e+01
5.712621271073390972e+01
5.274944238731908541e+01
5.412355862102513271e+01
5.659423421987495573e+01
5.691409479768336155e+01
5.449005412483595734e+01
5.457340605808668244e+01
5.246906042117451108e+01
5.594600376223232274e+01
5.314677970742519619e+01
5.663406145385889801e+01
5.358740218799616173e+01
5.582106042689059677e+01
5.422219450861342693e+01
5.195319172049669731e+01
5.495124029734648730e+01
5.308920078278998034e+01
5.564667776123672382e+01
5.648940125791322941e+01
5.331812468701850349e+01
5.416803722961669365e+01
5.570393484399124162e+01
5.545513732460744194e+01
5.785955183302732507e+01
5.441807278722131258e+01
5.677851174214359986e+01
5.594546605112245885e+01
5.618650029974515547e+01
5.632025708533467423e+01
6.046651630881800088e+01
5.444414869875264884e+01
5.280888733879595520e+01
5.514839752294667363e+01
5.777819084278145567e+01
5.798863777784156781e+01
5.717724694048313694e+01
5.696643128475116669e+01
5.805026920274988100e+01
5.733215124010714447e+01
5.509333246378945148e+01
5.613945018231225248e+01
5.705320377415763744e+01
5.377018724374808301e+01
5.349826776943548623e+01
5.780434089393440900e+01
5.548191606594652825e+01
5.801839771503372845e+01
5.699739323170971517e+01
5.771144897403510754e+01
5.750334709170761016e+01
5.491187938513649414e+01
5.740489980850961160e+01
5.658282642342484081e+01
5.752607875970782914e+01
5.459878255794355795e+01
5.362607376922758817e+01
5.759897757261119722e+01
5.363753345923384330e+01
5.421881152013779115e+01
5.540725729885726025e+01
5.493907939207357316e+01
5.771973003941499769e+01
5.871841852236342163e+01
5.742426427928096189e+01
5.273476458625587071e+01
5.646345924560969820e+01
5.840081376625092702e+01
5.507890312647361242e+01
5.762088083237837566e+01
5.666329574796767332e+01
5.573450195628240778e+01
5.391901731687091370e+01
5.249652174604440091e+01
5.767128616203662261e+01
5.665590353586022587e+01
5.592457261751113862e+01
5.401519277879945946e+01
5.355433482618356322e+01
4.818136924336840110e+01
5.441610902725339116e+01
5.750674460872568972e+01
5.561828678172549445e+01
5.833025147631857266e+01
5.641761872785346554e+01
5.595332701912928286e+01
6.269246548374680117e+01
5.357950837213456197e+01
5.616491434927843329e+01
5.401971727279536850e+01
5.352950942283161595e+01
5.106282039403839690e+01
5.984462952527227486e+01
5.965767127970515560e+01
5.778897099642221491e+01
5.886571770166655426e+01
5.874821631393565013e+01
5.809182077803664868e+01
4.951675568778317427e+01
5.769780314201587146e+01
5.741373688351308147e+01
5.586894615246930584e+01
5.258018162698139975e+01
5.838688670614394027e+01
5.458594377527235508e+01
5.158679664651521080e+01
5.206282818081052000e+01
5.432881629394623957e+01
5.695206445757333569e+01
5.561290816309936957e+01
5.640636733122381230e+01
5.498788818888662888e+01
5.745489685184442408e+01
5.161662135575031840e+01
5.820671338928367078e+01
5.832796414486848136e+01
5.463131331839092297e+01
5.522949291517620907e+01
5.650955995534819465e+01
5.582767690961492235e+01
5.454099593635006471e+01
5.644598909045085833e+01
5.096519659391825030e+01
5.650400404324575021e+01
5.583223891465464561e+01
5.427744624274810548e+01
5.713328089511717423e+01
5.686341809726509666e+01
5.820776771621169843e+01
6.112874104040210455e+01
4.943783407727615753e+01
5.648199857727914264e+01
5.530223476211618561e+01
4.902899393376580406e+01
5.523641493492138466e+01
5.815056424518072475e+01
5.810178181969742184e+01
5.430175505141115622e+01
4.984766667188576150e+01
5.443524235977793779e+01
5.127609772925844567e+01
5.606880169515709156e+01
5.507483154119420732e+01
5.371789258923020327e+01
5.384715135684778886e+01
5.362204993860842706e+01
5.474337626752768671e+01
-inf
inf
-inf
inf
inf
inf
inf
-inf
-inf
inf
5.198009950242484223e+01
5.102683793217770614e+01
5.322731154882755789e+01
5.216219388412033453e+01
5.701910305870164564e+01
5.418501958869463664e+01
5.656735602183553624e+01
5.946943059069741366e+01
5.624974472980507301e+01
5.639809399999900563e+01
5.321451526153897049e+01
4.722868318750254701e+01
5.438547328678516379e+01
5.422063206645316313e+01
4.891401367492318286e+01
5.179567511637951327e+01
5.079531891645405750e+01
5.854960673395697768e+01
5.302520529315336262e+01
5.007472702778839846e+01
5.192421312259644139e+01
5.749334176886340231e+01
5.577474453159175738e+01
5.500811818679122212e+01
5.562022193107073775e+01
5.107601952053320105e+01
5.502385785292113951e+01
5.430989356020794645e+01
5.503455477745750102e+01
4.904536648005539945e+01
5.016766562789288741e+01
5.441043628010873334e+01
5.478605976442943160e+01
5.727826807063943448e+01
5.090266181774816090e+01
5.694198099620303566e+01
5.241463970319824028e+01
5.220590159857827217e+01
4.169574754714565756e+01
5.629794435236335914e+01
5.262119144910786162e+01
5.267987299089408282e+01
5.077685509058404989e+01
5.233561002140073271e+01
5.156941311833968911e+01
5.067332205668122214e+01
4.996466796853846404e+01
5.013877583400854832e+01
5.374088658980780764e+01
5.759967051092822032e+01
5.234429254912484453e+01
5.827944813415277281e+01
5.111414461894317895e+01
5.746381477372327140e+01
5.267685502469697667e+01
5.426552233923361968e+01
5.106663405821927881e+01
5.170912766260125437e+01
4.919494885260500183e+01
4.898489612703963303e+01
5.301838728218125851e+01
5.552803795729181502e+01
5.089899572981671128e+01
5.540141125980593273e+01
5.328138636262056593e+01
5.159249097887779811e+01
4.803227528669312107e+01
5.042828053889756745e+01
5.125006339385463860e+01
4.785815989298692585e+01
4.962191719029173242e+01
4.975607712105203717e+01
4.635306014487911597e+01
5.085532581813960462e+01
5.131610655407760646e+01
5.977783319281842722e+01
5.233788618396676640e+01
5.787695967466929403e+01
5.486263470456010793e+01
5.289475844525377113e+01
5.212631353952679092e+01
5.111538931821602461e+01
5.342461316291378637e+01
5.129371316346833964e+01
5.412705340326452585e+01
5.218050451071702156e+01
4.747670550383281807e+01
5.406348294494014084e+01
4.968704718794868569e+01
4.516654362972168002e+01
5.041259488046424764e+01
4.404457347921373866e+01
4.682417802048983191e+01
4.267951239337623548e+01
4.014813954212419844e+01
4.737032569812716787e+01
4.775970106515055846e+01
4.909981909000370592e+01
4.943314757688456496e+01
4.691089084584898217e+01
5.274172414629549621e+01
5.060497000259515943e+01
5.200811889820933942e+01
5.648902102740631648e+01
5.202046242997111847e+01
5.351261488281683398e+01
5.467082426874624446e+01
5.703846743259559560e+01
4.889596287380501849e+01
5.720649281473006198e+01
5.508695761959518222e+01
4.864313760205619275e+01
5.495637264979612979e+01
4.962600446240485041e+01
4.959259740385592607e+01
5.388439705742477770e+01
5.098110042274574027e+01
4.817052937920728795e+01
5.831728858574982155e+01
5.310168069482155317e+01
4.982910224667209320e+01
5.546600953372271903e+01
5.056419895747995952e+01
5.354572747651949527e+01
5.190969093393474765e+01
5.189437707195181559e+01
5.511636800971197658e+01
5.669902732468619178e+01
5.043510426819455716e+01
5.041974367022693571e+01
5.657580598020510365e+01
5.790896797933995543e+01
5.440693728824113862e+01
6.225093840192080563e+01
5.604828636272267062e+01
5.219557296415013070e+01
5.921021366433940614e+01
5.437164810501587908e+01
5.503345898889023857e+01
5.642646021047981009e+01
5.555921354983173188e+01
5.184522248642817033e+01
5.757520880587243539e+01
5.525892685403857740e+01
5.433684936661174447e+01
4.877153525840601134e+01
5.766454537760118626e+01
5.031021541751729131e+01
4.819341391422860710e+01
5.257010810800613854e+01
4.868073588346916125e+01
