1.711670737148133270e+01
-inf
-1.511915025300282434e+00
1.115098937948347491e+01
8.646857761886785454e+00
7.770203136782735776e+00
1.997162620340850125e+01
4.119976552962363314e+00
-7.994508526338877985e+00
8.841897463867651297e+00
1.497346934141458519e+01
3.815532247229864282e+00
1.479403384347084049e+01
6.001155244550519186e+00
1.542868959130065321e+01
1.091485253996067151e+01
5.468726113202130534e+00
1.041349177155860772e+01
9.927498249825491783e+00
1.190950565420998863e+01
1.231959938682076761e+01
1.540111785467107275e+01
1.129823015672889497e+01
1.228984381350856481e+01
6.119799372490349221e+00
6.882483490690136207e+00
1.597121567942349252e+01
1.475805500709779494e+01
5.910735939507715031e+00
1.287477294218930801e+01
7.494673327775951854e+00
1.344275842022381973e+01
9.238608421166235374e+00
1.053619153250728324e+01
8.404122925014823053e+00
9.835307891300328009e+00
6.359563290121779566e+00
1.462917396018094252e+01
-4.784048298045798120e+00
4.613049497832674817e+00
1.137200761773417312e+01
8.819232272137423223e+00
9.578835902901511545e+00
3.247645016895751802e+00
3.670282026591367153e+00
7.945350190025192383e+00
9.834990814265841763e+00
7.657121326316566723e+00
1.233537358908995607e+01
8.988521658635521661e+00
7.370714038830028514e+00
7.974219810545883469e+00
1.359802443389627769e+01
1.100448169824734812e+01
6.317519281378977780e+00
1.185659943479638478e+01
1.118800728758011687e+01
7.816426237432869684e+00
7.092347562388703786e+00
1.200660953396520014e+01
8.033858644108603286e+00
6.635876308574493621e+00
6.964082530971518636e+00
1.073346624228020119e+01
7.683794330863773503e+00
1.514794428135054538e+01
1.258780094551818785e+01
3.689189170844762611e+00
2.431483892977793548e+00
9.285653259919465441e+00
1.438644588656065437e+01
1.527810231189546641e+01
8.208046487896554666e+00
8.399097394806011252e+00
7.496338084535986823e+00
2.119644117746536160e+00
5.424674494944075498e+00
7.650789128821039675e+00
1.032126952211050330e+00
8.911617461571102794e+00
5.287759220826908191e+00
9.756691295121289187e+00
8.510873238177737221e+00
2.767106905455600785e+00
1.021586676084632295e+01
7.901445266035880266e+00
1.020326939394309562e+01
9.186196218772630928e+00
8.479668716806537887e+00
5.952550811513939166e+00
4.454003092872644842e+00
5.027034598003423227e+00
7.158121458662169978e+00
4.619175707683389476e+00
1.032340057540125500e+01
3.280393276913039280e+00
1.385337841925570856e+01
9.182940378725383823e+00
1.258856610495202766e+01
1.284599818198712029e+01
8.629839153453078282e+00
3.789213781700587980e+00
8.825097237958257068e+00
1.099984646296784518e+01
8.622083741284011893e+00
5.480134843206670325e+00
8.980736524606079740e+00
1.362054260756969626e+01
3.618789269281139198e+00
6.797016418321009112e+00
7.682268915711267354e+00
1.099170113400103066e+00
3.937854020392365761e+00
9.768200255798298315e+00
9.023584395682057391e+00
1.068073027734909886e+01
1.171100324820576688e+01
1.077486492767559234e+01
9.076706015228177549e+00
1.087670418858090571e+01
9.119487982825706496e+00
7.666455998747293776e+00
9.918879445267720030e+00
1.229504846794961104e+01
6.185688228852401771e+00
1.414789821625668864e+01
3.028544481029550095e+00
4.313024811858872098e+00
6.069615214974760420e+00
7.570578062651406093e+00
2.555423592862477999e+00
8.214231173255782892e+00
7.038420276741191195e+00
5.886512472267090956e+00
8.742275256382429305e+00
8.130051934329966201e+00
1.065982920830136393e+01
1.201367578672054037e+01
1.091857394769693457e+01
6.676746814714691780e+00
7.635220713998438491e+00
1.240003720989707237e+00
6.704784388772388581e+00
6.726669592392398478e+00
6.572798624704542014e+00
8.138926239052977962e+00
4.826308310523161893e+00
6.575451407100036505e+00
8.441055269036288777e+00
4.224997300664692368e+00
4.556076004826230985e+00
5.293765501162706499e+00
6.011556713697760124e+00
1.199367340456918640e+01
7.362801331814251782e+00
6.435617198807730865e+00
5.737620309284459097e+00
6.120980485242043301e+00
5.170655340138692324e+00
9.194958642239729585e+00
4.818413280703191859e+00
9.958152401265143894e+00
3.364101182875746332e+00
4.738728058644285923e+00
7.148823355263759893e+00
1.116078320413085478e+01
1.064723138926727941e+01
4.000441145046687019e+00
1.031727299290085220e+01
8.554267346912864056e+00
6.873544862390480681e+00
8.331017741171050872e+00
1.056182510852398337e+01
4.869376937153251816e+00
5.336907288583363496e+00
8.594117424415486539e+00
6.186035051594661383e+00
4.450988862523765022e+00
7.367388297367941874e+00
7.811741253516328420e+00
4.473284459685466175e+00
7.685372692172058429e+00
7.950182402109494006e+00
6.764405418992907926e+00
8.226042756737045991e+00
5.632038026557886212e+00
5.139015150066471804e+00
6.903118009930114596e+00
1.152073883641035756e+01
6.995478750103219845e+00
3.293000667998804420e+00
7.543052761219308344e+00
6.171131971117116422e+00
6.773220487898797160e+00
1.081165572403206454e+01
1.278436289671113713e+01
7.264144766508263018e+00
7.001985823292953270e+00
5.005866023363646278e+00
7.186985068007959221e+00
8.880684763704170592e+00
5.690976680456773629e+00
9.567991033243645305e+00
1.187361526868403772e+01
8.569458731626442116e+00
5.491489987322399458e+00
7.888205682648701256e+00
6.000011256743819743e+00
7.193424439329336728e+00
2.656683164266800734e+00
6.097376799488802845e+00
6.429487858741970818e+00
2.256073781103844489e+00
8.651804323754685555e+00
4.089113093728911075e+00
4.663584637746232886e+00
9.113852114436349794e+00
1.010034946445019877e+01
6.081806619208011355e+00
1.118913504993759389e+01
1.245238907787484095e+01
8.336689841945235102e+00
1.013990313925959619e+01
6.641980896062711359e+00
7.269511022188721583e+00
9.657077075928055976e+00
7.606235273258064922e+00
8.842213389128655621e+00
6.906336411366039485e+00
4.095512749169920141e+00
3.892076434169799981e+00
5.147462421817842859e+00
3.685227126408743725e+00
5.201608762442757161e+00
3.279459685353023346e+00
1.075933915277945729e+01
1.072685770794358717e+01
1.104980873829854637e+01
8.302435300801244367e+00
3.748764204472428307e+00
1.116479637993895935e+01
9.974563689142504685e+00
7.193695035867959220e+00
7.279719454983553106e+00
9.378102466186561514e+00
4.906008574811283829e+00
7.154588787485968382e+00
6.216780906087155500e+00
8.618605245757452238e+00
4.951073686885514746e+00
3.951146004894825481e-01
7.500478269434879053e+00
6.997168700457494062e+00
5.460337221523859697e+00
1.156790876507500165e+01
2.975026395526845224e+00
5.736970482563010343e+00
3.652934738848704121e+00
3.666748962169239512e+00
6.266612996373429390e+00
4.998066944096658304e+00
6.704323909093250933e+00
5.730121080032585468e+00
6.662557461928491520e+00
3.352409093230085624e+00
5.532400579355484460e+00
1.107694428399262776e+01
1.082328407105781665e+01
1.133242673841193149e+00
5.511797155097670320e+00
4.179211485977496032e+00
7.221111849195632537e+00
5.118148701959550628e+00
4.191363693698544779e+00
4.759066064921678496e+00
9.988470583703136896e+00
8.685861757656754278e+00
2.600726439123347333e+00
4.867301548097871411e+00
7.148898437484074719e+00
7.006686963825655035e+00
5.859133890939109968e+00
7.756700528360171987e+00
7.774675479983433668e+00
6.297420162768302632e+00
5.199892053566827599e+00
6.101613230906124841e+00
8.836790188088201603e+00
1.045918529340991832e+01
6.608885159361205019e+00
1.080494969614296608e+01
1.038315244010399319e+01
6.132050667264284272e+00
6.925755707274316997e+00
7.096660098350279888e+00
4.587934065930186378e+00
1.182402742462490508e+01
8.915379024966281207e+00
8.918088928285014205e+00
4.825915183665598462e+00
3.792001581890915851e-01
2.550464400285947786e+00
3.315961531691102415e+00
8.156872520617213240e+00
7.404090522324509038e+00
3.976512252355423271e+00
1.152196634358328708e+01
1.073376076777580224e+01
6.613457902520146092e+00
8.978367417425911157e+00
7.166222878114139050e+00
6.824110699114422474e+00
6.120293102865051793e+00
6.655006463172790987e+00
8.503594859778937476e+00
5.602410592357384367e+00
4.926775143785737221e+00
9.459957548685419937e+00
5.425586207801285532e+00
6.312881184462160178e+00
5.193711404822502153e+00
6.916129536023573721e+00
3.859561156823384742e+00
7.419974710704374310e+00
5.246880748262054084e+00
7.478446600274629930e+00
1.005631432670389280e+01
4.744698594551904236e+00
4.474175575770299673e+00
2.886077412116052621e+00
8.020159671310132410e+00
7.319197218891789092e+00
2.103715318332056938e+00
3.775621826633844158e+00
5.421559083176060057e+00
8.628316156470738463e+00
8.102467689769952131e+00
6.544798676609890009e+00
7.583721653004459995e+00
1.140187416578276114e+01
7.826465509051238278e+00
8.813140726515017676e+00
9.369818194097895514e+00
7.937516837183759222e+00
5.316870860625440898e+00
6.918191522666026216e+00
6.984760498705048448e+00
7.379368661196822110e+00
7.444754067666409902e+00
4.959136062552668811e+00
6.038266936920045680e+00
6.939910888869869510e+00
6.087628537698797082e+00
9.401515317515034553e+00
6.980153075047213385e+00
4.407191712406249628e+00
5.732639617282472955e+00
3.304362346484637669e+00
9.818590107156873970e+00
4.261449266500831001e+00
3.408327923638068579e+00
5.965509930930346982e+00
4.807409226246907252e+00
5.605979760246247778e+00
3.998485643170043513e+00
2.655170864514464490e+00
6.931656704311278006e+00
5.368940152620112372e+00
6.163053132027612513e+00
5.543185372357474883e+00
3.881597953573343140e+00
1.074145697979779435e+01
8.010606274494403323e+00
8.685155730166464139e+00
7.164604247318473895e+00
8.336713120142423605e+00
7.438887052625686280e+00
5.964950729981649324e+00
8.365376033206215922e+00
7.640642070872247338e+00
3.443013565376718432e+00
2.604814792367960319e+00
1.407546668611531882e+00
7.828077937254781737e+00
8.604092531338878302e+00
5.134787238004575372e+00
3.848554412329044272e+00
7.142442556872038217e+00
3.618863157888045468e+00
7.677707579990432407e+00
8.103879970331430371e+00
7.357995366362816370e+00
5.556676294354883971e+00
3.903998728294397758e+00
8.174957401652601874e+00
7.223016812210485860e+00
4.247479924769314685e+00
2.066865960711280259e+00
5.011484149597806415e+00
1.090782150254768013e+01
4.890147070761326376e+00
6.627066369111623167e+00
4.983852854639721386e+00
7.395427326033768622e+00
7.837434660198341341e+00
6.193475424087317549e+00
1.036341170953211410e+01
1.203755558420660243e+01
1.085249227281630269e+01
1.115751333523933830e+01
5.612133608358965020e+00
5.917895222282906431e+00
5.929643095495416460e+00
5.721176544772208494e+00
5.951008496613528820e+00
1.196569393567772366e+01
1.075947234668362817e+01
9.787285839946290977e+00
5.624505448457897572e+00
8.933110835933520733e+00
9.141761302963820057e+00
2.833215591117267174e+00
8.423099918894932259e+00
5.937915168745324657e+00
4.743834535005402309e+00
5.493690684321516748e+00
5.850482243315417108e+00
9.127203553844157824e+00
7.116619448866570607e+00
5.854179227698764976e+00
6.792877176042995124e+00
5.062609144737532318e+00
4.905450692760922493e+00
1.113693123334054214e+01
9.729405393161307813e+00
9.143682871468088891e+00
6.997280739958191553e+00
6.254556528521033165e+00
5.665262217558495017e+00
5.489768146532994386e+00
3.812841374979459630e+00
4.858272619595905617e+00
5.087886614430773058e+00
6.666306685876287830e+00
7.880932224791767915e+00
9.170055668708325669e+00
8.285527681812784095e+00
6.655709163821680541e+00
6.821185551288261095e+00
5.910992577241441559e+00
7.211219682562473920e+00
7.088446209342148308e+00
6.446768419424284247e+00
8.368899972170929402e+00
5.055597353951104544e+00
6.577380120707374545e+00
6.061817734739012309e+00
7.470249875635334824e+00
1.011289703480113644e+01
7.468914313003609529e+00
3.731902780687855525e+00
8.832774454372351869e+00
7.135272131186056299e+00
5.400894813073094269e+00
7.222752427954530319e+00
7.860600859186828160e+00
7.710754443558750282e+00
3.858633072953752574e+00
4.068450983019744172e+00
9.860070077093224583e+00
7.508291758072358490e+00
6.826957882808892819e+00
6.373486548745488811e+00
6.386633843418916712e+00
5.233806198721021374e+00
5.644319110842231701e+00
4.727773163110121857e+00
4.290637242698172038e+00
8.994728694238162348e+00
5.452110801612541024e+00
4.656379783219358970e+00
5.889719623386876712e+00
6.451600742306390579e+00
4.192935636785573905e+00
5.429630061056712975e+00
5.005499466771544448e+00
5.023829441863776779e+00
4.750449724528965412e+00
7.493274857590530580e+00
5.231254225361806398e+00
6.952848102576781208e+00
6.554289690238373822e+00
4.454367310086019494e+00
3.908061866028947229e+00
6.850955200034201553e+00
7.192475820172486323e+00
4.602050232036320132e+00
4.002920349481094320e+00
5.986305646525333479e+00
5.370353411152937184e+00
9.221872163957813839e+00
7.752771669797367871e+00
3.016531030269635316e+00
3.320216602328445177e+00
4.597849699227877451e+00
5.686157264344828377e+00
3.882345229529690300e+00
7.019445836589142118e+00
6.877544828274730015e+00
7.853310349759450304e+00
3.763980712478268487e+00
6.001881805897688160e+00
6.563516921739232401e+00
8.752503604606188148e+00
4.443857538181672062e+00
7.804378348677905031e+00
7.779302567917929956e+00
1.020057354293875029e+01
9.797727827975348802e+00
6.915545791136869624e+00
8.531173469444041757e+00
3.806365805010785586e+00
9.802881853599540563e+00
8.584213122439122046e+00
6.816333012135288527e+00
6.709049781857756578e+00
6.777841640418976965e+00
4.926301506098591076e+00
8.105453937368119810e+00
7.327480633757549100e+00
3.349296668277203626e+00
5.478776375216335204e+00
6.464915508717218984e+00
4.080865366436005282e+00
7.393591693690106936e+00
7.733593352975831614e+00
8.337114842592837860e+00
5.322137600408830771e+00
5.362976921640544070e+00
7.696593144983062018e+00
9.205772725889291408e+00
5.542097243493949499e+00
6.715187186292516763e+00
7.218035756544387560e+00
7.929385662121981149e+00
6.921551529330021602e+00
4.319103841694047929e+00
8.015466291367827623e+00
1.106587175850962623e+01
7.474058108522195099e+00
7.960683983471447789e+00
6.282594721486702838e+00
6.352125382097680628e+00
5.637471291637188742e+00
8.052415131580746177e+00
5.775735724637656610e+00
1.080705449036468657e+01
7.246672985002959422e+00
7.372374282048115290e+00
9.927088267361884988e+00
1.086355891834472587e+01
7.096039374000377542e+00
8.814369188900796459e+00
9.515943940641951926e+00
9.867026533165292435e+00
8.488344169255466198e+00
5.580283591885104144e+00
4.414752888271789466e+00
6.891225704241970007e+00
5.939861024952320712e+00
7.263151131553842177e+00
1.008215144270449493e+01
7.703592854080783425e+00
5.767933880156706827e+00
7.488400226871243071e+00
7.624041916676925545e+00
6.537739827250374169e+00
4.135642032940924473e+00
7.225102155841520712e+00
8.231091405391769200e+00
8.700471614189353886e+00
6.195875948797590738e+00
1.001990518150553022e+01
9.337095325054203698e+00
4.568572239012719471e+00
7.053696673846639342e+00
3.338616117434149544e+00
8.220310625902014223e+00
1.051858549463745618e+01
7.058233940104717163e+00
7.858603485164196378e+00
5.480638945241685711e+00
6.716129377222511465e+00
5.403148117916695803e+00
5.734787232651204825e+00
3.661204651638388263e+00
7.522929015199347091e+00
1.264754269199876013e+01
8.036411025307375056e+00
2.979617520144795417e+00
4.906859893328015865e+00
6.595483759039606930e+00
5.066930571518242665e+00
4.990769543832138666e+00
5.762440892718037944e+00
7.781413161267695777e+00
7.631690642252501711e+00
6.909148081732783275e+00
5.785871713171280462e+00
6.754278702601697049e+00
7.346465783244979342e+00
4.392496945389410712e+00
2.941183122005869510e+00
8.888252143083072099e+00
9.668406584116171487e+00
7.068022293193132022e+00
7.743856528985783250e+00
8.418160182388701784e+00
8.310122417917320092e+00
3.610091615947815580e+00
9.372675217935302783e+00
6.738838286629313501e+00
5.428295086961410831e+00
6.457104583342242243e+00
7.103782010498663979e+00
6.686399338054364705e+00
8.193177351949405107e+00
7.391380313157084103e+00
9.976127263537570400e+00
5.877517475100029642e+00
4.674028857438749185e+00
4.458570191907567093e+00
9.797719095641825859e+00
7.490135329287105570e+00
7.091203093803069457e+00
7.493687573362911358e+00
8.794847843261635489e+00
9.402999750675940405e+00
6.874076194299281184e+00
7.638022801964179820e+00
3.736537693350845846e+00
5.982397297036133210e+00
6.542915549132748865e+00
5.205619478477213846e+00
7.760745442132930272e+00
8.570587354375964750e+00
8.391255574165816356e+00
7.453889451420795176e+00
9.053797597838842748e+00
5.270460854801220840e+00
5.891006792300127692e+00
7.180414374520633913e+00
6.731758610032728463e+00
6.238429848336987327e+00
4.315988314646628687e+00
8.292789756681353097e+00
7.423643879557767278e+00
1.083194621457521833e+01
6.917999391487634320e+00
6.244269487183018441e+00
9.319379909089715142e+00
9.717153932729495125e+00
3.607574787905251323e+00
5.916964862952232451e+00
8.104491733597592784e+00
7.564334329993123163e+00
7.759134491053613303e+00
4.449893013965168009e+00
4.964806739489629805e+00
5.833023138751944892e+00
6.805341897605919677e+00
5.789712787700682206e+00
8.107928455844144011e+00
5.321926300348454042e+00
8.136314402367180065e+00
8.446513524893090263e+00
6.556333017329881940e+00
4.741396501168489763e+00
6.607899460696955884e+00
8.395864772577368740e+00
4.947491408780114952e+00
7.528742523354704730e+00
8.001756431891855925e+00
6.666950785852046479e+00
6.664947088374924888e+00
6.557748571231067913e+00
7.290361571808533725e+00
7.195692068141502418e+00
6.745559610027019204e+00
7.520962948358191014e+00
5.943013389648432288e+00
6.201376929775701541e+00
8.738743941203182430e+00
5.540903516195660572e+00
6.764241252482275257e+00
3.969398507936027443e+00
6.350304018366853320e+00
8.712688928748088202e+00
7.496497031322435944e+00
8.280108780146308689e+00
7.125879505298684968e+00
8.078000074764021932e+00
9.446752712360694915e+00
8.699390480462200870e+00
5.872643533118727888e+00
1.034365273655156336e+01
6.275564272571052982e+00
5.933438789495514953e+00
7.156611347967394288e+00
8.915594536463459008e+00
7.100598212861232383e+00
5.604784375716580946e+00
8.472955269711173187e+00
7.405870702254461868e+00
9.758426866064171534e+00
6.665454238958339772e+00
9.076582211682712398e+00
9.314163084611188026e+00
5.473484370594924542e+00
7.470692600497826241e+00
7.269391263923083990e+00
9.038442083279193184e+00
6.311302018286141902e+00
8.034337656987982967e+00
8.826265399805926393e+00
8.087589315881906771e+00
7.074510042985183489e+00
5.870814278259976149e+00
8.716227490836283565e+00
7.039372710830788193e+00
7.810661133574348547e+00
6.336103440255787866e+00
9.334692031152426850e+00
9.342268647428205952e+00
5.906287565964047914e+00
6.775047900434388204e+00
6.385218110907865174e+00
5.883252522827691067e+00
6.674351788746874625e+00
6.329780962879467232e+00
6.944612441998238239e+00
7.042367816283631399e+00
8.501789079019951956e+00
5.234200801944681736e+00
5.428449952814927926e+00
8.495560008294450682e+00
9.173292931827692342e+00
8.983943348674358731e+00
6.237397159706171479e+00
7.670008860459814670e+00
8.141876446157024105e+00
9.568337996359037589e+00
6.379181413106638665e+00
6.672533480839483389e+00
7.942768750604273897e+00
8.362916493020748021e+00
9.776331720530617275e+00
8.091983356471967426e+00
7.144758264934298886e+00
5.825853244937534647e+00
5.450863788638010021e+00
7.284074138767380191e+00
9.864046686053745461e+00
1.145595207621391509e+01
8.679880496506461540e+00
7.113612564057709697e+00
8.598569706695659676e+00
7.111808074668088508e+00
4.742246033930945792e+00
8.148575490265686838e+00
6.098475693209168824e+00
6.988901413513626260e+00
3.481396212277303448e+00
7.180746133252136509e+00
7.271833752607177459e+00
6.605163885779536059e+00
5.722519401533707750e+00
6.975422483365433912e+00
6.398038218959765544e+00
7.416359768971507727e+00
4.472828511908488736e+00
6.812203317525557189e+00
3.344582761756017319e+00
7.613797529473677272e+00
7.785064574929925207e+00
5.776808107897968725e+00
7.841364519305568770e+00
4.971210348007742752e+00
7.154448620937500003e+00
7.301517908975543314e+00
4.746720369614629398e+00
8.919638560885223555e+00
7.531686311057953276e+00
5.338729290840338315e+00
9.578273514078269102e+00
8.924006269290195803e+00
3.748073971664224402e+00
7.950342807098781606e+00
6.110087220024674082e+00
5.851337160337947374e+00
6.963153509649497863e+00
6.330483515131536620e+00
3.142517838607517433e+00
5.633313439088667884e+00
5.577231565345320163e+00
7.942652008996097024e+00
5.457107572739531065e+00
5.766341425694015754e+00
4.589035389302924983e+00
8.292402427892703543e+00
4.403644508912347710e+00
5.077107377947697842e+00
4.603604560200163398e+00
4.248350869315049572e+00
7.137010910642757722e+00
6.756074291532657483e+00
6.171680765534866886e+00
8.481325400233719947e+00
6.064658186350921021e+00
6.144851383447109683e+00
3.840576793159138802e+00
6.418053641796135800e+00
6.532819728950729044e+00
5.275139273778924220e+00
6.132112291931925974e+00
7.896355990721436235e+00
6.174071895051948644e+00
5.053473589009389144e+00
7.649892526277796811e+00
8.651073616935095245e+00
7.580657781764461589e+00
4.568404429787358723e+00
7.593105468400858094e+00
8.369111904451226991e+00
4.691080758725314936e+00
5.170972155534658832e+00
6.529939249459854267e+00
9.386296721051710534e+00
6.713154922013988113e+00
8.957691405239904370e+00
6.959460884860519947e+00
7.802434036421043828e+00
4.874514973613035096e+00
6.973159540087304542e+00
4.176325897005511045e+00
7.235012055181332613e+00
7.217951702697667393e+00
5.858863583011786780e+00
6.749442120519350219e+00
5.321079835263328839e+00
6.007557768408727128e+00
5.889638318198994860e+00
7.932790279996692284e+00
8.314303885409099593e+00
4.527840301125857003e+00
4.426359679904234845e+00
4.744329291363079015e+00
3.499599404161875427e+00
7.170613782740704600e+00
6.057611260397135489e+00
6.454239192629138699e+00
8.595329226108539444e+00
6.879838979001021038e+00
5.263506916344512732e+00
5.514476133135099545e+00
6.805431950758191739e+00
5.567773977326942791e+00
9.880535519023554869e+00
5.866843305032563016e+00
6.138559750567623929e+00
4.541662624054162656e+00
6.356867018241475265e+00
6.440166327814488056e+00
5.733826367658977574e+00
6.745093046146530824e+00
6.492993634967658245e+00
6.922064082888901737e+00
6.296359222950760781e+00
6.536927108478950643e+00
5.230068403065010862e+00
7.397536543455506930e+00
6.399527174549644926e+00
7.018160640365668890e+00
7.063763534868467531e+00
7.781473907189793593e+00
7.170514996822827669e+00
6.035624026379327489e+00
7.539601745634051611e+00
6.202892057816033144e+00
6.156943794443000328e+00
6.358345779239057194e+00
1.169225350758626192e+01
6.999523224356433815e+00
7.855057610307603966e+00
4.222527192437606658e+00
6.489883261447623397e+00
4.738867921162795760e+00
6.001705124504106870e+00
6.021803219779103600e+00
6.637944659072756437e+00
6.015855720887596902e+00
5.196891395888119547e+00
7.123479515731241385e+00
8.869074213942324647e+00
3.990724796341150515e+00
7.094053283991121894e+00
8.995463418780406784e+00
6.141917414878840020e+00
5.135657079882220089e+00
5.291780883409945346e+00
5.478082776841320722e+00
7.110008883297335380e+00
5.983957792626499739e+00
4.438847563508788063e+00
8.495472227395769238e+00
7.452976719071278566e+00
3.160789184399289020e+00
6.513296967685141325e+00
9.061278253130520710e+00
6.315728104312129609e+00
8.024510466924072105e+00
6.506835834278072106e+00
4.180824157607931468e+00
6.613479134997572118e+00
4.013033731169311835e+00
6.401814392615193583e+00
5.484451820428202673e+00
3.025843681208443936e+00
2.422125479512946100e+00
7.041310718895779530e+00
4.643359928291829419e+00
6.387391920143661750e+00
8.707810040371704474e+00
7.275329171463323696e+00
8.273820094427099647e+00
7.753183884323195940e+00
6.171763542443909678e+00
6.004901977199077479e+00
9.755325696541108371e+00
8.479353304759786880e+00
8.814898778415507508e+00
6.122516865246143247e+00
6.416191856334612531e+00
5.606764181027355853e+00
5.443617658511297641e+00
9.520697098591268670e+00
7.853068459626988407e+00
7.315929186353107738e+00
6.471084654830234761e+00
4.299495898365234048e+00
7.634111491134421890e+00
8.381545150185695903e+00
5.056824237770218389e+00
4.705728454393532267e+00
5.846203181302293217e+00
8.734613993340680338e+00
6.591187188246111717e+00
5.180169307414670854e+00
6.119143256144405463e+00
4.439469372300973049e+00
7.647660542238947201e+00
5.360283905952086592e+00
8.104526620857340546e+00
4.967477404885309866e+00
6.984731678883512984e+00
5.752067983618413649e+00
7.620712701483777884e+00
7.368058083240743628e+00
5.435984968609672841e+00
7.085848590071214481e+00
6.907834787424870449e+00
5.835418848447343265e+00
3.946121440326787244e+00
6.564817291993772841e+00
5.199011562831270084e+00
5.911703233015368042e+00
5.747591508963901141e+00
7.360132620956649774e+00
6.721952516571887415e+00
8.437382755950729063e+00
6.657569530411880265e+00
7.621480242057192989e+00
6.403517824758537813e+00
3.839149262958717390e+00
6.855202419018841198e+00
6.276518532088082303e+00
5.135301375099381005e+00
7.143622849124041885e+00
7.094974526035826123e+00
6.944786003198040625e+00
5.211122194021475806e+00
6.208125101625455500e+00
5.211100916738866218e+00
5.408343937643676824e+00
6.922421686546843311e+00
5.973224058786942514e+00
1.756520222361030337e+00
5.124840104009319219e+00
2.721526870013041943e+00
5.367984371964809931e+00
4.599097840833977990e+00
4.618671504325674526e+00
6.523616603068218112e+00
5.186242051925111340e+00
5.211582139237273203e+00
7.013822537926280631e+00
4.634186054723872239e+00
7.722243121382361686e+00
5.068483515460151523e+00
6.652625441894827851e+00
6.295810074718815486e+00
4.832223133896500045e+00
7.031820721496488957e+00
8.273727256289010512e+00
6.048351489513244417e+00
6.428490162910299510e+00
5.949613526278944242e+00
7.895847933149628517e+00
6.293546060316270285e+00
5.898214584204555244e+00
7.950032571794719338e+00
4.654155410636263035e+00
5.377527218159919187e+00
4.812617725047779516e+00
4.752901627987834665e+00
6.100808183214543767e+00
7.742666234715358975e+00
5.927723318467432279e+00
6.475355089175449663e+00
8.394526426433195354e+00
9.081198078905256210e+00
6.116809790255159029e+00
6.851303795461854307e+00
5.304166523593600857e+00
7.638055139208211664e+00
5.457737495884903645e+00
6.961338821423597167e+00
5.380030545815165155e+00
5.865434824276093195e+00
7.621417775230774794e+00
4.502098737206671863e+00
7.313112974106203978e+00
4.569984788515585095e+00
6.024305111403536195e+00
8.121523422146916360e+00
5.134131584615507116e+00
9.074404475656750790e+00
5.764615574924996544e+00
5.720226248458937235e+00
4.388593678907607654e+00
4.253750942450400530e+00
5.324033611539114474e+00
6.961046725566077953e+00
6.957911885003497332e+00
7.319907780816481413e+00
6.537777820933758477e+00
4.165365668510748520e+00
7.057429710786387922e+00
4.890653884355698366e+00
4.666841507444021708e+00
5.458100585213728984e+00
6.440533026005247130e+00
5.993255681625131004e+00
4.184239432109465362e+00
9.187876406530639528e+00
6.776724913204727585e+00
6.024179477494763901e+00
6.577223164696437863e+00
5.220927662936079017e+00
5.956205894083717034e+00
5.226642536332643196e+00
3.743769353437967240e+00
8.108682118790579096e+00
7.905614024802894768e+00
4.829691270823830429e+00
8.149948786798468348e+00
7.429527087567757704e+00
7.212392599452487119e+00
5.877466925077849957e+00
1.081596744381635489e+01
1.005259571368251059e+01
9.690061941369323861e+00
9.705427826682718973e+00
1.496679010789882902e+01
1.753180673307600657e+01
1.939809538354061402e+01
2.602379020386907271e+01
2.908324338033257916e+01
3.085524678342317628e+01
2.692531098065218842e+01
2.524055905676497602e+01
2.412371172621061888e+01
1.911259074936488389e+01
9.950652574107223813e+00
1.012184167364099174e+01
8.616851977075567603e+00
7.331793553633362492e+00
8.615791383886534760e+00
5.586012989706000020e+00
6.646298446828224904e+00
4.328048057875854226e+00
4.613542721473319119e+00
4.801019259268973549e+00
7.497116546741127152e+00
7.121607420877252181e+00
5.090911136468032616e+00
6.343474119732752214e+00
3.939072898361618336e+00
6.439898459104469453e+00
6.690513640814271135e+00
8.158307183371357851e+00
4.426051595080709333e+00
3.308255372812902717e+00
5.937583487688062434e+00
5.630463451311539913e+00
4.550266832910691228e+00
4.291387915301740463e+00
6.023598124565118894e+00
6.331051928333818246e+00
7.669514595550901426e+00
6.341744367059975573e+00
6.613258344489968188e+00
6.781808132435330982e+00
7.247563249263707874e+00
7.584206270722701149e+00
8.623722016752243036e+00
6.258564898686238998e+00
4.063737994274951859e+00
4.599617947609652369e+00
6.930496025682502115e+00
4.973068963620070448e+00
5.954342749694990999e+00
5.305130694629242250e+00
4.525228711921998048e+00
6.425312057698755908e+00
6.043377119965395394e+00
7.199389592347317901e+00
6.128707894030627656e+00
6.976632652130622780e+00
2.968685805811679401e+00
5.936146683644454747e+00
7.119698651808224810e+00
6.016013408155952646e+00
7.541867847289615234e+00
6.234871296778408123e+00
6.130876863183766012e+00
6.759640921285738457e+00
5.323626243281320392e+00
5.542221747569251455e+00
4.711107515317675798e+00
7.567694777073795898e+00
1.188015538105864088e+01
5.785076643117224471e+00
5.746068223303287148e+00
7.229710937104877111e+00
6.101929294961313310e+00
5.640284287220892701e+00
6.819275809485968232e+00
5.369749481611323816e+00
6.448336251997545787e+00
4.180436502387983921e+00
6.763852259638020392e+00
5.740747472360881787e+00
5.533361235668769140e+00
5.707357026211552942e+00
6.078696351614257587e+00
5.072917014552665194e+00
4.589408280484061464e+00
7.227978382608371000e+00
8.785503295923701828e+00
7.810284034757135174e+00
7.608416891877880062e+00
4.563187281685761043e+00
6.007598864835648200e+00
6.413652672654934328e+00
3.828486079434353151e+00
5.146885422865235427e+00
2.368332005472211677e+00
4.313456105084054748e+00
4.721876181154540220e+00
5.393578494335534046e+00
8.801305128235235031e+00
4.279206060274713508e+00
5.608719857835861688e+00
5.145402512817165430e+00
6.598982253783523433e+00
5.320510736345962499e+00
8.073929934349219906e+00
8.516021666500970255e+00
5.311648133491481794e+00
5.630840228572513873e+00
6.853688269007356837e+00
4.048386746263703984e+00
6.315450500877582307e+00
6.584256385676676260e+00
3.959394099731296190e+00
5.546077314302083394e+00
4.800390649429148837e+00
7.771928237993517286e+00
4.772350087201068014e+00
4.732830227310850901e+00
5.950783368556234798e+00
4.215918050793534100e+00
5.970944690401971400e+00
6.286718998899132771e+00
3.146512763186239958e+00
7.246242947335563400e+00
5.594809670451751593e+00
4.411982595896778214e+00
5.879780453276780783e+00
7.486013136160519110e+00
5.740150112611460465e+00
7.523180934212793325e+00
5.577792270372247785e+00
6.444382730995608988e+00
3.845492087590708152e+00
5.163528829530974917e+00
6.221807985776194094e+00
5.676723242402333724e+00
7.169302659050130977e+00
5.329064170246271104e+00
4.564698091054760987e+00
5.347764636708933317e+00
6.462584109009975819e+00
6.517680234240262216e+00
6.661731567150094513e+00
4.836349462840378699e+00
7.045593818023346167e+00
7.447577380950390236e+00
6.891202534856319950e+00
8.929374796844680162e+00
8.063130213091435294e+00
6.041525094946672780e+00
6.467475505648295986e+00
5.799599131616639980e+00
6.399862633136704559e+00
4.702983248630867585e+00
6.210232095890477311e+00
7.474174637139401334e+00
7.534530830100583998e+00
6.734263318935978404e+00
6.959100650429174806e+00
8.824542347143337295e+00
6.031208041277500875e+00
7.986584130195309328e+00
7.495159451829248809e+00
7.623156013901025929e+00
8.434444842616228399e+00
8.500090588282095183e+00
9.898812504587164440e+00
1.056490986125915654e+01
1.179032577123567371e+01
7.893529012623539565e+00
9.288681527398040316e+00
7.746627516637818900e+00
9.951217672627338473e+00
6.707524988982523695e+00
6.859123995063852064e+00
6.827235598138742922e+00
7.765117544131136640e+00
7.715521603316281229e+00
7.290684418028554603e+00
6.469014242815996241e+00
4.527736243155750628e+00
5.621331508809151778e+00
5.968784152938483523e+00
8.022904713568806301e+00
4.768863611861670293e+00
4.412628050323293749e+00
6.601605393921840204e+00
6.284174973436600808e+00
7.806917277498537366e+00
8.471445264154796817e+00
7.220088529229919949e+00
5.368895956750635357e+00
6.628783743368535930e+00
6.787384180880526863e+00
6.875399464869524024e+00
5.636836885184412616e+00
5.865821419989825536e+00
4.817676126526587943e+00
5.963583775579854418e+00
5.852098902101920075e+00
4.412201504023796517e+00
8.231167626447838614e+00
7.050289126164267728e+00
8.025372930506424751e+00
5.128281262134723129e+00
5.797411874126235709e+00
5.193808199547946813e+00
8.383587877374139907e+00
7.587763744283110512e+00
5.655848559902983297e+00
7.493546954531344895e+00
6.828689370854834628e+00
6.112262011143429596e+00
8.251902508892591470e+00
6.062161558455920307e+00
5.247433903937517741e+00
5.425093219838632130e+00
5.805619099969702823e+00
6.336279329809524796e+00
6.426014271042002513e+00
5.673484552959942029e+00
5.867101861417020281e+00
6.796634240458208076e+00
6.121498462723141465e+00
5.408166041480117592e+00
6.636786207852687802e+00
4.842809676918187201e+00
6.440268922596159129e+00
5.488135062437388356e+00
7.733747256956536198e+00
6.940151511789660610e+00
5.132994013705330261e+00
5.245678333650737990e+00
4.106419405176888304e+00
5.579946499367673063e+00
4.205450270768417376e+00
4.639704239711433864e+00
4.725777172863496745e+00
4.549024426350047001e+00
6.088549507013466311e+00
4.991797567980285955e+00
6.422366466633603110e+00
5.290331295274357970e+00
6.238901441895221112e+00
3.526512480966189855e+00
4.952391835274112530e+00
4.035909738796950030e+00
4.649885283112084267e+00
7.051914306002871946e+00
4.606097990945828613e+00
7.357439454001610812e+00
4.912692024678250391e+00
5.115475068406332149e+00
4.669969583497965537e+00
4.880314608166514745e+00
6.915347898008048944e+00
6.120097430343056644e+00
6.149855056107002227e+00
6.085858785287863171e+00
6.458498544530097973e+00
4.728330960353709145e+00
5.653039083685260202e+00
6.717733280549904151e+00
7.445653293719431076e+00
5.153534737717779812e+00
5.945693409408656649e+00
7.520448773573287227e+00
6.973260387763899892e+00
4.523480268987388087e+00
6.989716950853656741e+00
8.923356282727198163e+00
2.448316043941081599e+00
5.950811880010962618e+00
7.326009416569741362e+00
5.273367031518892745e+00
7.075575683107216740e+00
6.915911926273434318e+00
8.953706158867666076e+00
6.081131539713653389e+00
4.433716099061721039e+00
6.286847733747264577e+00
5.107592640423342267e+00
4.443438170840494195e+00
5.102268970352679567e+00
6.201941199300017082e+00
6.445090036683323476e+00
4.836267081124608680e+00
5.516886574169561186e+00
5.743394790047009479e+00
6.322948198166139733e+00
6.420635767559518925e+00
6.268889207420349940e+00
8.275392055895984811e+00
7.347268465014429317e+00
6.543844953211850779e+00
8.870721973102341451e+00
4.196480239789831757e+00
6.146237337733812645e+00
8.481629621074633363e+00
7.168351496417230351e+00
7.132862714141003480e+00
8.661210697768126465e+00
7.402438608807603515e+00
7.202421301350261373e+00
7.352751923201425122e+00
4.187883429048866013e+00
5.183282917648722510e+00
7.703380259285044218e+00
9.396233951884720881e+00
5.675999280375221723e+00
6.558965137255032829e+00
6.934787758332362273e+00
6.051530318140594389e+00
4.730276775559151048e+00
6.806879987149596190e+00
6.523103333280745986e+00
7.782641075595108759e+00
8.112167468021656447e+00
5.501862146833675027e+00
7.514530262449125253e+00
8.636564514603010778e+00
8.634953279620559030e+00
7.573385635713067998e+00
6.836786328798067025e+00
7.356038157114827669e+00
6.246549067066186289e+00
7.016168753153554150e+00
8.986619292567324280e+00
7.403189139030700083e+00
4.653349646995220468e+00
6.729759029429600581e+00
7.775034992294906466e+00
8.884366288152424573e+00
7.595347367115405923e+00
6.649345031113472970e+00
6.430012624825793388e+00
6.552246450731799676e+00
6.345909909008872418e+00
6.760092509689061835e+00
6.375116644653377129e+00
6.241523332113623646e+00
7.393788039634090481e+00
6.516102292268774576e+00
6.114313686166029882e+00
7.790194126485687320e+00
6.376183427088583322e+00
6.629469049546997894e+00
5.698466895068597715e+00
4.668114655432074045e+00
7.336729479928267850e+00
6.551003546112905696e+00
6.187865942211245418e+00
5.949335983048597676e+00
6.904908332135369697e+00
6.801423872474467558e+00
7.410259795321843868e+00
7.759409161596231286e+00
6.540375837138602044e+00
6.222961435401115793e+00
7.594088667295247674e+00
7.841170876568130055e+00
5.064358579274115257e+00
6.949284754117688756e+00
6.479929559443798226e+00
6.651824469566899545e+00
5.028420222916432536e+00
8.941537662572805800e+00
6.369836420352442907e+00
8.785370341189675969e+00
6.751039775152494649e+00
7.399656693528751106e+00
6.842237747146763027e+00
6.443119299126120580e+00
6.282073567641099920e+00
6.623081562265356936e+00
8.058640439202925165e+00
5.554931011981651068e+00
7.883904957768226751e+00
5.742077252169059953e+00
5.109020245422144946e+00
7.175657743350448037e+00
6.643254889859614210e+00
7.795627448893860389e+00
8.534668442289419232e+00
8.741764450420815180e+00
5.900400580303061027e+00
9.217110267322501826e+00
7.047447684648924238e+00
8.188211990339011592e+00
5.767423120407999093e+00
8.112119230030508277e+00
8.487630356271521848e+00
4.728443660885568889e+00
6.704294458113705169e+00
6.017562455446308967e+00
6.643817221715320187e+00
7.206868541938028727e+00
4.978575600072290719e+00
7.111657316203350732e+00
6.597629807703247806e+00
8.002807836926454144e+00
5.363085096101439575e+00
5.739380103480669959e+00
5.838703107390988301e+00
6.212945883084552534e+00
6.220987018644280830e+00
6.717635987279803267e+00
4.353847295876824397e+00
7.886571409019561330e+00
6.280658821833300820e+00
7.933055219305992445e+00
4.255320183518921162e+00
7.531426762129722619e+00
7.299619090534850585e+00
7.758958134116072713e+00
5.870166422847340471e+00
3.231666324337227891e+00
5.287251558865528445e+00
6.236747852851491025e+00
9.741044309461440065e+00
8.717729632485843538e+00
7.462916385935533192e+00
7.347885971187153586e+00
7.386308761007129853e+00
7.047999907820216237e+00
5.854607331603624232e+00
4.672363332567110561e+00
6.866510533858559917e+00
8.353551980207972960e+00
6.234793447259069588e+00
6.011277218623842344e+00
6.407821442315706939e+00
8.416816206808960033e+00
6.987976749912087726e+00
7.278434340025519589e+00
7.457764774810557995e+00
6.190479830302173525e+00
8.394753446403878883e+00
7.989106281171183710e+00
5.770909940562207296e+00
3.974015628491965657e+00
6.355292017686147155e+00
4.342807123103686884e+00
6.992124921617113742e+00
3.847161992425631283e+00
6.298826229725039028e+00
6.096829508069221859e+00
5.779830596613984461e+00
6.524076114852475961e+00
6.566620582585032118e+00
5.755120929404665908e+00
6.159486689840624862e+00
7.413424507894244897e+00
5.576405457002977961e+00
7.871352533554383690e+00
4.351309356199334566e+00
6.649030813650126603e+00
6.593670466314734746e+00
4.023060156454802083e+00
6.180589890515597595e+00
5.640462757227503232e+00
5.458646438564172421e+00
5.860218282123539346e+00
5.303010646449071608e+00
4.845584484486691323e+00
5.650296387859230940e+00
4.758317720086065350e+00
5.302167205916690662e+00
4.537799155286638353e+00
7.295532744303518946e+00
7.264166193767868762e+00
5.623381071215358240e+00
5.490411538938094083e+00
5.302364489448029516e+00
7.386566442318612147e+00
7.248206105508906205e+00
3.620468201483429294e+00
5.786236139831157033e+00
6.959768311688760534e+00
3.740980693129615009e+00
5.689356768188315705e+00
7.488098091862699590e+00
7.258549301464787717e+00
7.119521984600558184e+00
6.118720908959073057e+00
6.007354001446365110e+00
7.154273191615232008e+00
7.355156522575616584e+00
8.495877033757475161e+00
4.182859626269820552e+00
6.580671528654904456e+00
7.053229507861262348e+00
6.087639530448798908e+00
4.763767957912547146e+00
7.362082879870810004e+00
5.320540454730797286e+00
5.696522770473087860e+00
8.460852700665801862e+00
5.733167064001632340e+00
5.289385427078213908e+00
6.753835371248634978e+00
6.430504474589964659e+00
4.756536140077854746e+00
5.294575802315347524e+00
4.724719195830359375e+00
4.798365704083228600e+00
5.807044943483957056e+00
7.684008946774992133e+00
6.432104657613020748e+00
6.346753075082931517e+00
8.082547043605313064e+00
6.364517664127305352e+00
5.355662424610885708e+00
7.130870365039309711e+00
5.986271546868274562e+00
7.137738564062171776e+00
6.541134599780710879e+00
6.287371874117418713e+00
5.450066639097950194e+00
7.449424552299243274e+00
9.856602430734444198e+00
6.894028513606211384e+00
6.803602523402256352e+00
5.246825219154744424e+00
6.453422968806703075e+00
6.721175925844401711e+00
6.102241070750398677e+00
5.733139388050961571e+00
5.009114721299661177e+00
5.257443520148839866e+00
5.968664436655149785e+00
7.081282230335173011e+00
6.997978526999187210e+00
7.472241887190759435e+00
7.250705925919456618e+00
4.802015356655725320e+00
9.245492279633818811e+00
5.595067939860523865e+00
6.056773602171892534e+00
6.648486858848634107e+00
6.662623027701711109e+00
6.355700909181540403e+00
5.784593209281346127e+00
4.336319108663593269e+00
6.643274085542117291e+00
7.876109484705549946e+00
6.159730121243910617e+00
5.556096151418199902e+00
4.899763009732772900e+00
5.627399480325198766e+00
3.815266062283693582e+00
6.996173658286954478e+00
6.765503749034616376e+00
8.260124703146374259e+00
6.235900206942107893e+00
7.499620807117628019e+00
6.850449786478893799e+00
7.821920616505208201e+00
7.501408775985539457e+00
5.472375291537957764e+00
6.708718527357058647e+00
5.991134734407009610e+00
5.394122717235958930e+00
5.242466100157836983e+00
5.214664089416076287e+00
5.363436382442744232e+00
7.505047310000660943e+00
4.970872891791158210e+00
5.682395141554894558e+00
7.996776347417447361e+00
5.429700784936648539e+00
5.887394484994764809e+00
7.615547552507567985e+00
6.965346421361578777e+00
7.855351959158405784e+00
6.411946415117545151e+00
6.590895974545129654e+00
6.255963252677902986e+00
6.876192777814541301e+00
7.256291276186377814e+00
7.447836385668958670e+00
6.621955635610746072e+00
2.035852741912878017e+00
5.334076930935924388e+00
4.120597402546263766e+01
3.906644394704996692e+00
6.988582095707258190e+00
1.139304509807358912e+01
5.510185266480627675e+00
7.983974854576348257e+00
5.337021003122863760e+00
7.538833227633594092e+00
6.247527332776687814e+00
5.195951640514471670e+00
7.752919482416197994e+00
5.073226189712378265e+00
4.621846859025767529e+00
5.438430239793097698e+00
7.691537727485346920e+00
3.688385912172479575e+00
5.503279808682242980e+00
8.763514050364014096e+00
6.571112242037864704e+00
8.384104691836736123e+00
6.865025633962424934e+00
5.998024303947119051e+00
8.397116402605723451e+00
5.621813201160373197e+00
6.401077527633448838e+00
5.076659212202492277e+00
6.654834730871630910e+00
5.817440603722115355e+00
7.037545943805388227e+00
6.125481084489125649e+00
6.719890003262895206e+00
4.598467391681180239e+00
4.969874303073783750e+00
7.665701444895052674e+00
6.835424772529022697e+00
5.337961592722058057e+00
8.255270757597049425e+00
5.840668768676451350e+00
6.140429412641880802e+00
4.446574711319298601e+00
5.210160541952518543e+00
5.526134619428408001e+00
7.099292074403771302e+00
6.194737338365523094e+00
3.516421108931440553e+00
5.687695116182212907e+00
4.838820390965091534e+00
5.364256945561454160e+00
5.018975448239957338e+00
5.741357485121282522e+00
6.498000109300851257e+00
5.818734848472007393e+00
5.192369587831423772e+00
8.142539925316020444e+00
5.003933455636835781e+00
7.707055926490597564e+00
7.147375993290175700e+00
5.097334647383236828e+00
7.390483730238473825e+00
6.568149389190993226e+00
5.448210407955832224e+00
8.125778724885723392e+00
6.017182906005501764e+00
8.133446909527226154e+00
5.825895273806892760e+00
5.652125853835078928e+00
6.137952371500849047e+00
6.410105260349028278e+00
6.409894664459461211e+00
5.024145659601266800e+00
8.603717957780618875e+00
6.354306104250532883e+00
6.230426920169553462e+00
7.877065356253296180e+00
5.492399134198148403e+00
6.016656787647363558e+00
5.572289577159963869e+00
9.517949762141283188e+00
6.146065433531359368e+00
5.508460178006070684e+00
7.746813784810855807e+00
1.067348413871060231e+01
9.770575216416137465e+00
7.667798981993299456e+00
7.287091874443254902e+00
9.123304584384989369e+00
8.603656807185878108e+00
7.591096216081758996e+00
7.039909740786561620e+00
7.682486519779252454e+00
6.630585151588461734e+00
5.844679211133589902e+00
7.068667480751184229e+00
6.708629135708777724e+00
7.655099699073636188e+00
8.172769692169147504e+00
8.952215738525039157e+00
9.752903838282875881e+00
8.244568058601702276e+00
7.889413931089442222e+00
8.169320334837435027e+00
8.920013757873123339e+00
7.440198976954022214e+00
5.711584920614473759e+00
7.732107997083377704e+00
9.267697055168877540e+00
7.761683470034579813e+00
7.572026156439550348e+00
7.234101434370992401e+00
6.115351937726641651e+00
6.566846866810609029e+00
7.376452548356146721e+00
8.730599751634750660e+00
9.218811340597337534e+00
8.588227902996086627e+00
7.384970342535147836e+00
4.989675536722754323e+00
7.754219849196825720e+00
7.062137316667878473e+00
6.416753523790228009e+00
7.445861170862892564e+00
4.753641946112765915e+00
5.508929971948177240e+00
6.445257124740889410e+00
7.900120616796757034e+00
7.096556384801393946e+00
5.061633985568450456e+00
8.063897663190035203e+00
7.721308234938568660e+00
7.210388623381270179e+00
7.631786230067723942e+00
6.631534653737324980e+00
5.258026266514263192e+00
5.509820891770975670e+00
6.679606444986344371e+00
7.093281109402065354e+00
5.500901626799295840e+00
6.212456397637719618e+00
5.876530056119363188e+00
7.044429374006301536e+00
9.069390095217812586e+00
5.236113870488480870e+00
8.843305594701281080e+00
8.949561781837301666e+00
7.706955833275149104e+00
5.621885643360036156e+00
8.046339366306249019e+00
9.215198859836624123e+00
7.194970036155319271e+00
4.537685354004206140e+00
5.387433229284068759e+00
6.391718919323616355e+00
8.020707762836256194e+00
6.940677388984976659e+00
7.724987967898496066e+00
8.333750385866004251e+00
8.373560972832484239e+00
6.927774740294438516e+00
6.468682652316676496e+00
6.467115316867062980e+00
7.755159173371865222e+00
6.984822749915154283e+00
3.658100329989595778e+00
4.525467872727808150e+00
6.135033293824816880e+00
9.356238218652206839e+00
7.332208048158424418e+00
6.960475026397472398e+00
5.818699885336165778e+00
7.360844966345047702e+00
7.482526643880970774e+00
6.847450034538228536e+00
8.111005206608592033e+00
7.338808416047784000e+00
6.735785015834881762e+00
8.099532896388200953e+00
8.919364818463698441e+00
8.203852515492590314e+00
9.192663186085349381e+00
4.738148809745716505e+00
5.628999202715566419e+00
6.986841931165300501e+00
8.083637891338860015e+00
6.850424016306801533e+00
5.356767147281040309e+00
7.223060682717685310e+00
7.085718210437392806e+00
7.857506156444893364e+00
5.308162416446307041e+00
7.078444917364079991e+00
6.641958320225372248e+00
6.847752613938730804e+00
8.104379955316563411e+00
7.824314714818723537e+00
6.002213117590097013e+00
5.583851847300534743e+00
5.067309411640301242e+00
6.109934281587110938e+00
5.296220554197430985e+00
7.697336455409844902e+00
6.843625345814688288e+00
5.635415322744901090e+00
6.095690699264967982e+00
8.948297008291230981e+00
8.222942139688765195e+00
7.799389536348480867e+00
5.583934855591776270e+00
5.236932434560219285e+00
8.455595882557307874e+00
6.966756531791845397e+00
7.346268318453919477e+00
4.977661097233525567e+00
6.036053929019674413e+00
6.204397793141311013e+00
4.548306625079774790e+00
6.956304193016270787e+00
9.076780788260226274e+00
6.354533873355196150e+00
6.086532457777983574e+00
6.059306661236142588e+00
6.246435964908664928e+00
5.714295488936087075e+00
7.856709084575409285e+00
9.015688885201051050e+00
7.928487979589574408e+00
8.135123025772154293e+00
7.615650357094991385e+00
7.909919255656931547e+00
6.512736900792219785e+00
7.385261137732566539e+00
8.674878370569148345e+00
6.626564915601919736e+00
3.640979786919924521e+00
4.708411274792281276e+00
6.941804675990511875e+00
6.676422259627390332e+00
3.666556050247149923e+00
9.490299971140721880e+00
8.602837434982438580e+00
5.422894751264156099e+00
4.270201764350503026e+00
5.961477915332805466e+00
6.733517310090689989e+00
5.932881387765582382e+00
4.737343383381357853e+00
9.634824896543717543e+00
8.605776202660154084e+00
6.964505733345050409e+00
6.226830486103160034e+00
6.454964863084999394e+00
6.148551411845239123e+00
6.952993458656915315e+00
6.661549666006444603e+00
5.940655792337382834e+00
8.000997179960657846e+00
7.290766270524533077e+00
7.865841379807907430e+00
5.464498548322424654e+00
6.112117349317696124e+00
5.581805112061473118e+00
6.717546935415274589e+00
5.099513961014899621e+00
7.091704813500111726e+00
9.362788581036014079e+00
5.831992750667478020e+00
7.242884118667221038e+00
7.747242136049011130e+00
4.768357436620277667e+00
4.678186734590642715e+00
8.581351956506491518e+00
7.333794312143593785e+00
6.258561392216373420e+00
6.924029429551550763e+00
4.626472252476566460e+00
4.656681418731276167e+00
6.379353739495225994e+00
6.385282226482852153e+00
6.342361131441857758e+00
6.357243948750499030e+00
5.150696102785959241e+00
6.896408764538930036e+00
7.202375534475402574e+00
6.340047487510918067e+00
6.360014177553191317e+00
7.579794068691168896e+00
5.164543106425211860e+00
6.946197484136443556e+00
7.129692724970910334e+00
7.752073654633890420e+00
6.406600912662838709e+00
5.383505606922588171e+00
6.560138142244657189e+00
9.985621409041394614e+00
7.287538912865188401e+00
8.392000798279799056e+00
8.274792910532072554e+00
8.560857053551243823e+00
6.926882048702541539e+00
4.392809885489813659e+00
8.422211606062402822e+00
8.190398109039248808e+00
7.194266226354920413e+00
7.367167601027166057e+00
7.070753178095245062e+00
7.204951264961046320e+00
7.850989162878631689e+00
7.554985208322010592e+00
7.168435158883327496e+00
7.003045946611581307e+00
7.410300399239661218e+00
9.364795934496498830e+00
7.664116010013126257e+00
7.103811482472827343e+00
7.287281386721824461e+00
7.787555856568700641e+00
8.870367804601340112e+00
8.322994662057737969e+00
6.089059379633908087e+00
6.748741404165081725e+00
5.398512262118940974e+00
6.630125084020346726e+00
7.173108190756305902e+00
6.349792114108470997e+00
6.652519671098353626e+00
7.836122065744918430e+00
7.977007444925273916e+00
8.148239907752993005e+00
8.251843543464225661e+00
5.558568239294756630e+00
6.653832806233846320e+00
7.764045975527555044e+00
7.274682792458694536e+00
6.881467360416809953e+00
8.334530477575308183e+00
5.620266377738345476e+00
7.085124624210655142e+00
7.985934486986886682e+00
6.606217978828886395e+00
6.972677931523049821e+00
7.613469571101794564e+00
6.551981656900905726e+00
6.343820768135607580e+00
5.428561806506773557e+00
6.146802540186325992e+00
6.773322217076576557e+00
9.304330466791641996e+00
6.840194829064411230e+00
7.255942264806644282e+00
6.508590390604824805e+00
7.143394586655643863e+00
6.934960899326361172e+00
8.658056054624488240e+00
6.823965331880899932e+00
5.509479256018342319e+00
7.113782407605199865e+00
6.779463757267421009e+00
5.855463837224164969e+00
6.844169505360009786e+00
6.850046842884574438e+00
6.344951952940165008e+00
7.345029074261100632e+00
5.842367762863176495e+00
8.283517881081211343e+00
4.956726058033123827e+00
7.449447539683870190e+00
6.984493827194199866e+00
7.057866329642294545e+00
7.733375224920983726e+00
9.895268593910753196e+00
7.434598826160347507e+00
9.009204198084125537e+00
8.219829139000625062e+00
6.690814803007707035e+00
7.064135913465285022e+00
6.095729043081926868e+00
7.432396705222878985e+00
7.549138037243985799e+00
7.010449277783317612e+00
8.863357155731858228e+00
7.106612312871742887e+00
8.253083075428618187e+00
6.293798487234635530e+00
6.094893735552498804e+00
7.570555056139217420e+00
7.270807183388662054e+00
9.033077883852591583e+00
7.834371585668240989e+00
7.982169427019320196e+00
6.982832615293619760e+00
6.860526613192613254e+00
4.785721213142652530e+00
5.716747218240818995e+00
5.657995890762683722e+00
5.803504688606687445e+00
7.172850032864779735e+00
7.658555162023890972e+00
8.298152932401006154e+00
6.201902816865419332e+00
7.082367961615714691e+00
6.643614619200816307e+00
6.689006020888683679e+00
6.643857355556221478e+00
6.863080529259883988e+00
5.450242882551923351e+00
6.597494531879018353e+00
7.277179542094754261e+00
7.645213548958925465e+00
6.672017985907349846e+00
7.320200225552343731e+00
6.878930941726100201e+00
7.590930958689122043e+00
7.817157670228747079e+00
9.475745152837506069e+00
8.931765305268648092e+00
7.185075135620675013e+00
6.777136077735018915e+00
8.536400794450198504e+00
6.914667336378879980e+00
8.781107109353245121e+00
7.269615171900100314e+00
6.573103596721447950e+00
6.221580512858505330e+00
7.044248848571051269e+00
6.978054173174797370e+00
7.572305135251951924e+00
8.205617141386039037e+00
7.340066928157199300e+00
8.532367135323664087e+00
6.721215685107892135e+00
6.111275439151278910e+00
5.252075007200835088e+00
8.545340553044487919e+00
6.960098773441365516e+00
5.752171168977428195e+00
6.253400551337532143e+00
7.551130551444891204e+00
7.835093453625406212e+00
8.101371347748383300e+00
7.035570947233762418e+00
7.520877233575876453e+00
5.882959330637131501e+00
6.526692467864854130e+00
5.990609796716845459e+00
6.511317233775627322e+00
6.787109129514822925e+00
7.710186124543043640e+00
7.577618862843676695e+00
6.612035525971481142e+00
7.445816985933864096e+00
7.112607488059006222e+00
6.952643669084038969e+00
7.657340728962523713e+00
7.021881736125494378e+00
6.268543656355935134e+00
5.308849033691205754e+00
6.238846133280919304e+00
6.700713298712654975e+00
6.315192530755266986e+00
7.377143720128793269e+00
9.881252048558941681e+00
8.979108836456152432e+00
8.773610089201829609e+00
6.867013495266708567e+00
5.300912082004192172e+00
5.275121119548791704e+00
6.978115243614890773e+00
6.311759816061595529e+00
6.894179825212452428e+00
7.630810649870642948e+00
7.458960583233520403e+00
7.373859997813408285e+00
4.647705917995889280e+00
8.360961514774347236e+00
8.083042398514860949e+00
7.257199739863469112e+00
8.422559935544134291e+00
8.933614926372250409e+00
6.837762344082250365e+00
7.855177937147997724e+00
7.774627515950649936e+00
6.370623286075683289e+00
8.382892798252083111e+00
5.083471686782059962e+00
7.577898387638601463e+00
7.398837799439702323e+00
8.568904712147974223e+00
8.994596621686145710e+00
7.559292130489930095e+00
7.326198445048500041e+00
7.832442074385570052e+00
6.672205188882004201e+00
6.636789905070456186e+00
8.013719957245204029e+00
7.801967209876353948e+00
7.439870743211141502e+00
7.791059214337479055e+00
6.025658798261190441e+00
8.517040272730309169e+00
9.172810269798500116e+00
6.542580565311686414e+00
8.600622049181657403e+00
9.858169247127394286e+00
5.715736885856011362e+00
8.172967750756445326e+00
8.861183109452673179e+00
9.140028988181279956e+00
8.110710168738444636e+00
8.112954276747878168e+00
7.356908500922132887e+00
7.106515148814733784e+00
7.621283429426611633e+00
9.187647580879524156e+00
7.696736319571212626e+00
8.334430836665957187e+00
7.098251329324092751e+00
7.049625673476763055e+00
8.262387904111053061e+00
6.481859027281985597e+00
8.140776863050215084e+00
5.895919659957449710e+00
8.615537950811704704e+00
7.214893530673546884e+00
8.942687709325712220e+00
7.349884911094560991e+00
6.083718187847759751e+00
6.955039306181150849e+00
7.208443642209044100e+00
6.559000120432063596e+00
5.762024040719627926e+00
8.271511465126513585e+00
8.341441892888731502e+00
2.094121853166948544e+00
6.638458176509635322e+00
7.958652761959787547e+00
7.928392386131661418e+00
7.269915392050927849e+00
6.306787025736167784e+00
7.511147722683472416e+00
8.001286532118351502e+00
6.712500806822206734e+00
7.200588188659701849e+00
8.931310249784345956e+00
7.065713706253459847e+00
7.633944899944047791e+00
7.574058372782760173e+00
8.259034503164492946e+00
7.590174069462747752e+00
8.396644425061332129e+00
8.212811429980620304e+00
6.867047183371842500e+00
6.338307972496951770e+00
8.014328659744318628e+00
7.251370145549308255e+00
7.479460888294094723e+00
6.638514406560542369e+00
8.657205889556440326e+00
8.984352289194463381e+00
6.857978233928964329e+00
7.337711079808524772e+00
9.031925228910951731e+00
8.550842937734405069e+00
8.015655171659645362e+00
7.480562352939629456e+00
7.882219203305408151e+00
8.073482313588101533e+00
7.973372339811090725e+00
8.922443573756098090e+00
8.439222156239583938e+00
8.013910512080261839e+00
7.487355031847823028e+00
8.510872731708097660e+00
9.782585973016022507e+00
1.094081619897087876e+01
1.359165108941244959e+01
1.429347418390374358e+01
1.483721051994966267e+01
1.311945203303856644e+01
1.070091895964634077e+01
7.197896695224104135e+00
8.231999206534730718e+00
9.156620570526047942e+00
9.824652294013535681e+00
7.919272995471178689e+00
8.395148786720113776e+00
8.419840011846666528e+00
8.540668195851218059e+00
7.792364937436515149e+00
7.968117310864123226e+00
5.834487234090969032e+00
5.882043773187029423e+00
8.983116982180384014e+00
8.089587321327895708e+00
7.832385984792072264e+00
7.778235457771966566e+00
8.297782049419572203e+00
8.450085885755441950e+00
9.049249808216023538e+00
6.676595389571944317e+00
7.189938527804748070e+00
8.378208371803340881e+00
7.224100137774467356e+00
7.796112872823337980e+00
6.629994987655979166e+00
7.194917771106575266e+00
7.654795258348974230e+00
7.172936293584993628e+00
8.883169964827290599e+00
8.698955799025080537e+00
6.258350795304391312e+00
7.815799587611997445e+00
6.974240175401094533e+00
6.453149040207740050e+00
6.309876175975070112e+00
8.051875977103259530e+00
7.294787843243946135e+00
8.707124217960505064e+00
7.956507144968624878e+00
7.333196839958890045e+00
7.699611720436718265e+00
7.595133210472309493e+00
7.296355716196288199e+00
7.159644543251463489e+00
6.948680634505569387e+00
7.711930025857521187e+00
8.116626657984951976e+00
5.940133163188854759e+00
7.747427191337609820e+00
8.359612640934802386e+00
7.379007817193723895e+00
7.454774909671542105e+00
8.353748794617029461e+00
7.217168936951089186e+00
9.718001157919973210e+00
7.811833662468534278e+00
6.424541157659586332e+00
7.385417145559744156e+00
8.053811257349083874e+00
7.872260043793742668e+00
1.016476805258736604e+01
8.457719276978883371e+00
8.482529440744457361e+00
7.654369988683196624e+00
8.336792254957318349e+00
8.391356175138726670e+00
8.696626176530450891e+00
9.416169622842531339e+00
9.033471719428550983e+00
9.018912506107975346e+00
8.198849192182256829e+00
7.715867852731288501e+00
9.198230124722856615e+00
1.091190882791534378e+01
9.803247893876582353e+00
1.010651454014113249e+01
1.054057749643600950e+01
1.083754107338782013e+01
1.178737195799454085e+01
1.248000277950929160e+01
1.308394991533026364e+01
1.309039654057633761e+01
1.369849596334319841e+01
1.487297388113234398e+01
1.485249444501512706e+01
1.454810007857622978e+01
1.571528673594323422e+01
1.249443432745969318e+01
1.303579172289006571e+01
1.033140545241981734e+01
1.017382257167233739e+01
9.143913494938328057e+00
8.197876215321441506e+00
8.406181150108531952e+00
1.013861391054718908e+01
7.733414045896931377e+00
8.807604007029098625e+00
9.226904859635313372e+00
9.129383643723526731e+00
9.544848897654620856e+00
8.673876657319745220e+00
8.033141367588557458e+00
9.617999417148295649e+00
9.606095177471932089e+00
8.705747971995307921e+00
7.446273750632743216e+00
9.128358015343481568e+00
9.385093314169363765e+00
1.032502227682356910e+01
9.247335518484501193e+00
1.026670260699817305e+01
9.085130019829520620e+00
1.118820171835355382e+01
1.003024323872353563e+01
1.136047339688941626e+01
1.342476118972729715e+01
1.279648555353009165e+01
1.359272194951215162e+01
1.529292920241841713e+01
1.583349803410936474e+01
1.670386582536804099e+01
1.890924118791590303e+01
2.151854068543104148e+01
2.646810603500332348e+01
2.651164567868840649e+01
2.536176640238379676e+01
2.719585883491882683e+01
2.514595061042111368e+01
2.373832819281651041e+01
2.411907734033640693e+01
1.974612977320541063e+01
1.565523268908828136e+01
1.326888121244161134e+01
1.093647826746388851e+01
8.431618148889301168e+00
8.831999905214575008e+00
9.862150927861478067e+00
7.245679130070358909e+00
9.000631159241118340e+00
8.230670298043692767e+00
7.367802631367533550e+00
7.225440801411876279e+00
8.931520109317682810e+00
7.433013068529056966e+00
7.786892376887412759e+00
6.986475013079481045e+00
5.842455740175893197e+00
6.503815218105581941e+00
6.270401922359114977e+00
6.833424656063685987e+00
6.285787116076575920e+00
7.682527232676411799e+00
7.042035276681478884e+00
7.941575755703773609e+00
7.673339616716297940e+00
6.458349153094522066e+00
7.220061765300289203e+00
6.209614682344447800e+00
6.871856510119021877e+00
6.171187326356723624e+00
8.795833571184903832e+00
7.804767454454754727e+00
6.773148807628208701e+00
6.501638577121855889e+00
6.211946773796653609e+00
6.658606919235721122e+00
7.570737677073084981e+00
7.430895693367112642e+00
7.012364424603224400e+00
8.438734178719201395e+00
6.221503657341011184e+00
7.314508586677995972e+00
7.376299193828852019e+00
6.139239224809196926e+00
6.629284556518051374e+00
6.548002368067368018e+00
7.362166572820939336e+00
4.258868271521083493e+00
6.860543826382310861e+00
6.690481414099656909e+00
6.880497448406924121e+00
4.942748324049165198e+00
6.091741140405454225e+00
7.131814650383891063e+00
6.228866863164879142e+00
6.185961660553097374e+00
5.658891755566131998e+00
6.840821712842256375e+00
6.741621571731482909e+00
5.807654576410641312e+00
5.711472285643145241e+00
6.653421189025666038e+00
6.363791768388659342e+00
5.846456297163539872e+00
6.551183763829754980e+00
5.565662323709163140e+00
6.303290722339701446e+00
7.711010437755986047e+00
5.786045225360092914e+00
7.009281970660675043e+00
7.489866149379133198e+00
7.894747390668779730e+00
6.302407434727967050e+00
6.741461385575344245e+00
6.487441465990944955e+00
6.094438866274789035e+00
6.523572901827482617e+00
7.778762268393611734e+00
5.391196636065897607e+00
5.718854204931200336e+00
6.898124802604150396e+00
6.373451809681235147e+00
6.207130353185365657e+00
5.391995742284307447e+00
6.853371235006594731e+00
6.495579472822427647e+00
5.800819054872925484e+00
7.120636306901488410e+00
6.929651291064626406e+00
5.526559894593060740e+00
6.433402325024662360e+00
6.932716039144406928e+00
6.772812232276637090e+00
5.335892079596103343e+00
6.484316023615273039e+00
5.972559100865833415e+00
6.233168562474507013e+00
7.165203557536768741e+00
6.347586492704488492e+00
6.065890069255853057e+00
6.644203767837102426e+00
6.891334096690092892e+00
6.240021524049376822e+00
5.954749391855165719e+00
5.794732699401922815e+00
6.465568761583172730e+00
5.668598196082466067e+00
6.521676522634391127e+00
7.376255269754342869e+00
7.144882591372306635e+00
7.950059540932798541e+00
7.988028374852490288e+00
5.905813194322893089e+00
6.716322807786466065e+00
5.971645663329651299e+00
7.283052322034895276e+00
5.835285592121421061e+00
6.252151071151194728e+00
5.383635176205643802e+00
5.690264612833952462e+00
5.565780920707936730e+00
6.552828734763622265e+00
5.984771064722832712e+00
6.253815742468128214e+00
6.789556497546590741e+00
7.964847240826509633e+00
6.856976781224721762e+00
5.238883454337222467e+00
5.741640398662907430e+00
6.291676291120269049e+00
5.557048446577574907e+00
5.739670822366774061e+00
6.887825364370497638e+00
6.290804696060547485e+00
5.342617671413621316e+00
4.735090489488188226e+00
5.189848865551811130e+00
5.113867737018050974e+00
6.447337835664638028e+00
7.129900380335249643e+00
6.408183166484088922e+00
6.796770561925540299e+00
5.715297671594853135e+00
5.025645916992890427e+00
6.371770896894493497e+00
6.507945838849852116e+00
6.656836613362472121e+00
5.535353297404871142e+00
6.961600271725620459e+00
4.758257518664982477e+00
6.061627554672310403e+00
6.500496345922607055e+00
5.835832194587436739e+00
7.005041772839684100e+00
7.973746048675720566e+00
6.342273173395944319e+00
7.041350001108803269e+00
7.253686480831063932e+00
7.282574928202464548e+00
7.200883291086332960e+00
7.171459825890037720e+00
7.387747363813017110e+00
5.541991550317741932e+00
7.006519784543704610e+00
6.482569158036013413e+00
6.271769949044792014e+00
5.508856020242850704e+00
5.839392270007525809e+00
6.506531294823599154e+00
5.209538858019319818e+00
6.451414356867513078e+00
6.294006480618842936e+00
5.960133737326509973e+00
5.739504563071589516e+00
5.414902487052611235e+00
5.732030355354122975e+00
7.540722017410481648e+00
6.122688464226016869e+00
7.814838817877849841e+00
6.661560068065745632e+00
6.839526687788447745e+00
5.787765009348941447e+00
6.090239483959130951e+00
6.397402705916789500e+00
7.294292899137809982e+00
6.031762300334481353e+00
7.106023228524369628e+00
5.618603994298577042e+00
5.912386523727357179e+00
5.952421952190491972e+00
7.342181956945414534e+00
6.473993257913367216e+00
5.925721536141231205e+00
7.231695318577329168e+00
7.409138377435366962e+00
7.621674357520043408e+00
5.451793954366457307e+00
6.499425868926694605e+00
6.512354938040030738e+00
6.789953864100633396e+00
7.592008292744022668e+00
6.200335180212073638e+00
6.611527799741872435e+00
6.219703363387496076e+00
6.561613585870358811e+00
8.105382380533901809e+00
6.646428254637934074e+00
5.667325891455978315e+00
6.793899482951711200e+00
6.514766540135258133e+00
5.586070944253821224e+00
5.474598824757504367e+00
6.500269310261091782e+00
6.782050072933122564e+00
6.087333617547511011e+00
6.303725899419557521e+00
5.865313522375917188e+00
6.931448638926942074e+00
7.622123062939199833e+00
6.313092422735794074e+00
6.359341251022386565e+00
6.433701050861995618e+00
7.463098147741924926e+00
5.537830541263056183e+00
7.517286815176958292e+00
7.111902723306212870e+00
7.010467370325467407e+00
7.228573025951471109e+00
7.184087696297583037e+00
7.286683992192600101e+00
6.684714091671532188e+00
7.079401460797445367e+00
6.316478824345351128e+00
6.885042567960825366e+00
6.871042820681556584e+00
7.618420229956934797e+00
6.254050241923341247e+00
6.267167423884842492e+00
7.203562447567528615e+00
5.631313146079860665e+00
7.862611745257391149e+00
4.673914045467145506e+00
6.879114577339485059e+00
6.629799461349933587e+00
6.572168356596832517e+00
5.129275026296603812e+00
7.670122451756578030e+00
6.042016649635287173e+00
6.710467612314902297e+00
7.946968782304201895e+00
6.999187671252772525e+00
7.003291571277472372e+00
8.866086874191667633e+00
7.095936321395170943e+00
6.370117542965972213e+00
6.535215689700607733e+00
7.384880532633902206e+00
6.561183007480487994e+00
8.272478371782817419e+00
5.624468753999872561e+00
7.552449265708545134e+00
6.077573384622849240e+00
7.173477141574251092e+00
7.294435044027531845e+00
4.940473789216952127e+00
6.186603214238823867e+00
6.842279385447377571e+00
8.649475294381080204e+00
5.834027401492513754e+00
6.990267223895227922e+00
6.203524365142270902e+00
7.701585525085788753e+00
7.304811704950471274e+00
5.803259596695291123e+00
6.604013271798637952e+00
7.243850726832833153e+00
6.451539926696933769e+00
6.168648881086162383e+00
6.272535511586347923e+00
6.414122874239587269e+00
6.649595969823740127e+00
5.491747341124583848e+00
5.584174627432866522e+00
7.547180851311680705e+00
6.997802090405741637e+00
5.483635524202330913e+00
7.309350425013580121e+00
7.656742477701509841e+00
6.467967848022979638e+00
7.229952120234352186e+00
7.277109385608584446e+00
7.063769657550806436e+00
6.795507534060934773e+00
6.956091677983723187e+00
6.640280359817865019e+00
4.993924410146833637e+00
7.299507895444759420e+00
6.722305605228109826e+00
5.189616150179192644e+00
6.214965217737487002e+00
7.442076210457404528e+00
5.519433533272439796e+00
6.488050062628937020e+00
5.996963811857377813e+00
5.782943842431111925e+00
7.114598399690056141e+00
6.420645858033823039e+00
6.219056937894133164e+00
5.581082261733516958e+00
6.838961819325927394e+00
6.907775112718047339e+00
4.970813206979132204e+00
5.423562268135701636e+00
6.782214076408224379e+00
7.358233482145900339e+00
7.461726945222688201e+00
5.356226677704913897e+00
6.573977631855099091e+00
5.938174544080290218e+00
7.085708831217909953e+00
6.314575190200272914e+00
5.874538028022220360e+00
7.186728430158395575e+00
7.685429144575431692e+00
6.579935934815192233e+00
7.162133441386901112e+00
6.119265987798727657e+00
6.305288545808143574e+00
6.099252483383579282e+00
6.015036446818393223e+00
6.591629641473298662e+00
5.932994442696220894e+00
7.018610569546148703e+00
6.591666036277858076e+00
7.587039570207952721e+00
6.897271719918321331e+00
8.088992452926355270e+00
6.429473527725595439e+00
7.046957723848821686e+00
6.390978903958161261e+00
5.766662713889322944e+00
6.212915622231149904e+00
7.145325982661734798e+00
7.041763780429478814e+00
7.395409810846802934e+00
6.500065532416397396e+00
6.406516108484361816e+00
6.352699439552186966e+00
5.640528207577979458e+00
5.826487005562954735e+00
6.034416945327139459e+00
6.003346273188987503e+00
6.369672771515833887e+00
7.081592022264180386e+00
6.479134692070988244e+00
6.474305548839299540e+00
6.609435090709122385e+00
5.846897148027049518e+00
6.375895107931474293e+00
6.236904915987484088e+00
6.698857028148297310e+00
6.949304053483913890e+00
7.309591060415565167e+00
7.707763245124500173e+00
5.265270688862070614e+00
5.672631594719303116e+00
7.435725813679540330e+00
6.758602860000537227e+00
6.996689826672535695e+00
6.657742129025678857e+00
6.908808080883793501e+00
6.408359406639403844e+00
7.313020795805234009e+00
7.287762887742685436e+00
7.592289216523973039e+00
6.083466976034413776e+00
4.753678692856312615e+00
6.007378921825537788e+00
6.228069603136857424e+00
6.276771324481538628e+00
4.745810178800367041e+00
7.086623303865913215e+00
5.526795493266168258e+00
5.306362682353312543e+00
4.516110623786281586e+00
6.053139395543988499e+00
6.072662584877140723e+00
7.954441540929388488e+00
6.083603990248865223e+00
5.701510494750423597e+00
6.194243051859845473e+00
4.581905432737430672e+00
4.860715761242293098e+00
6.029439477122308766e+00
6.545661831567624489e+00
5.870039799483596887e+00
7.097328920141880104e+00
6.322854130741395906e+00
6.776558570539752857e+00
7.310973129324012554e+00
7.366170735635384048e+00
7.065511145351287325e+00
6.712010747666695032e+00
6.632748590525007870e+00
7.203699052939649405e+00
7.051105288497748091e+00
6.816054374007750383e+00
6.765716218499772339e+00
6.704576684673437370e+00
6.022279813687372751e+00
6.982562413346078856e+00
6.278843007986622204e+00
6.142668590286186614e+00
6.317624343472449056e+00
7.139493616953314081e+00
7.462699341815092424e+00
5.819492622751631927e+00
6.341261304233636764e+00
6.434365607931753495e+00
6.852328159044605016e+00
8.001531527153325385e+00
6.148386438660557118e+00
5.621562245315187667e+00
6.929089415933128215e+00
5.770354279739894565e+00
6.945067777883135562e+00
7.842200872572295367e+00
7.421723097996729024e+00
4.376520533409377300e+00
7.931356262898794363e+00
6.423714823636402116e+00
5.367971437964873971e+00
7.363853951915061202e+00
6.770691471390925642e+00
6.132402721516719168e+00
7.047974746292688053e+00
6.307096057384118382e+00
5.721958611166411579e+00
6.837823516581713612e+00
6.612314522508587089e+00
7.910553876313342947e+00
7.428215549488362157e+00
6.606041474905802957e+00
6.554192021065231799e+00
6.925810208293011527e+00
6.741790191978239477e+00
7.156004129204096564e+00
7.273357583375373636e+00
7.323753453490705390e+00
9.510401988016903729e+00
5.822846370405418526e+00
6.347169256802438042e+00
6.572465324051463220e+00
6.774596808964657768e+00
6.024519157426705185e+00
6.162206727779461879e+00
6.461421780674569071e+00
6.493225388358757399e+00
6.127483987368194107e+00
7.420117429278549004e+00
7.336621566489919033e+00
6.936953670250097126e+00
6.763138210907299275e+00
7.074685793236389131e+00
6.946875689703041701e+00
5.449493775337594492e+00
6.444950801342611335e+00
8.257589205797508214e+00
6.080644511972759680e+00
6.992988326610194427e+00
7.620393311005579484e+00
4.994703503471253470e+00
6.016181110909693430e+00
7.068467533270181846e+00
5.791920016261568271e+00
6.606978892485006583e+00
6.405462797096241445e+00
6.879472391644273266e+00
8.350781419486684953e+00
7.073498474947419012e+00
7.855152380814903523e+00
5.731511397255823148e+00
6.712663903001015342e+00
4.934432399767009869e+00
5.762106034431837109e+00
5.133942536703564485e+00
6.974603697094380550e+00
6.044372317935817307e+00
6.314408137524413434e+00
6.843359924681795547e+00
6.932743317860139420e+00
7.238061033414107115e+00
6.887090997669901071e+00
7.495090161570228560e+00
9.270431226886344689e+00
5.752162943599675948e+00
6.249025623812268115e+00
6.849001036893007210e+00
7.302686056895916877e+00
7.020820448417135928e+00
6.694918260527240150e+00
4.488212551671882267e+00
5.815137750166002206e+00
5.754379291492119464e+00
6.954177459530928473e+00
7.533078426676613759e+00
6.896823303581482101e+00
6.251955877884059376e+00
6.088728123893272226e+00
6.929761495417080752e+00
5.979967729892502248e+00
5.136409769226609079e+00
6.098019280489663352e+00
5.826117004785628772e+00
6.016414527128041811e+00
6.080166708558024879e+00
4.731302712725735660e+00
5.357913986978697807e+00
6.260219340110493746e+00
6.998024212606686056e+00
7.211426764740274109e+00
7.987336034056002454e+00
5.419723568361968447e+00
4.322401851222853253e+00
7.149606699200805160e+00
5.372399785999313337e+00
6.643540469135007065e+00
5.164975448082273601e+00
7.384193381653195942e+00
6.561972519214942068e+00
6.642297351933851068e+00
7.468545217372694722e+00
7.124354948648872643e+00
6.681825469638373427e+00
7.281374316417296377e+00
6.631004728988573405e+00
7.106605968798685780e+00
6.999880420389825275e+00
4.371517503236288960e+00
6.551207941130900103e+00
5.615053264929461996e+00
6.777823644862266406e+00
6.041870451462142633e+00
5.489128514901190137e+00
6.826436482471780032e+00
5.838940328033600302e+00
6.660473759426857931e+00
6.746361548181114998e+00
7.004891460139272219e+00
6.248725847501718889e+00
6.376203704472912293e+00
5.362343855395209857e+00
6.472102309947490362e+00
6.011255329047545892e+00
5.564626610997700951e+00
5.882548173919095902e+00
6.001656069699328633e+00
6.346149125197136698e+00
6.716440015285821019e+00
7.337070056033488719e+00
5.552523041655874181e+00
7.076691208556233903e+00
6.723932638832144981e+00
5.762648040812770489e+00
6.235688805286963898e+00
4.871480688428185601e+00
6.363818481230954838e+00
7.736582369040305274e+00
6.732430691581789084e+00
6.089459363481203980e+00
6.907835880579904497e+00
6.328941279094577155e+00
6.395321881425301669e+00
6.908358443666888782e+00
6.752228462165245304e+00
5.528054883112702989e+00
7.853303687057645810e+00
8.171181483002980528e+00
7.385917772334849474e+00
7.117933613807510440e+00
6.793118940633460667e+00
6.785770738056570828e+00
6.041191008947258467e+00
6.385875729508666332e+00
5.406722454699261604e+00
7.204850004648585049e+00
6.297955669889455876e+00
6.323129367742059692e+00
6.589631258476755349e+00
6.857414216805217677e+00
5.955587201577857037e+00
5.688735771445266209e+00
6.818974313817002475e+00
5.334761665877714165e+00
6.858913413376150459e+00
6.592019777798360458e+00
5.397872367360937673e+00
6.094391940867460278e+00
6.082867023903514081e+00
7.302119998674724499e+00
6.504838496560918060e+00
6.188616741908280261e+00
6.608843593927351101e+00
6.954705267793296564e+00
7.092689153392570667e+00
7.249559422850083479e+00
7.099568977611844467e+00
6.763825600348675415e+00
6.496499649650067099e+00
6.486721765532896811e+00
7.355590183608679666e+00
5.977621535589571877e+00
5.704557926289656855e+00
8.031508771686519665e+00
5.938334472872274894e+00
5.818165232256363950e+00
6.773823290765824900e+00
5.854053768225332632e+00
5.811698418715716130e+00
7.318919825932453271e+00
7.600875000009126303e+00
5.050025558623360666e+00
7.069969242707943025e+00
7.793660834089735090e+00
5.789038613973258585e+00
5.841739198545045753e+00
7.632120878241131834e+00
6.909251648556076653e+00
6.406356992595399369e+00
6.728381099191719450e+00
9.162098667660345086e+00
7.727559545380887407e+00
6.284191554305235350e+00
6.803983653918395547e+00
7.997921557015749805e+00
7.056487994522349538e+00
7.564946511784217620e+00
8.000246236763304708e+00
9.838854948545455059e+00
7.733131306392975191e+00
5.945807715057699561e+00
7.582232089807045661e+00
8.482749440889342907e+00
5.722174597159337850e+00
5.486780168057596718e+00
7.616794429364746044e+00
5.729714971355826414e+00
6.230091281714387641e+00
5.943485394228946284e+00
8.872198284019681580e+00
6.529452095626157693e+00
6.601334849364151935e+00
6.995775187772681036e+00
5.194955661077470310e+00
7.511326548553443949e+00
5.848874468516155112e+00
7.281658567318195274e+00
8.132086898605473735e+00
7.735178277422510185e+00
7.945844540106386411e+00
7.771619269188030366e+00
6.112946104426006499e+00
5.760661730963994920e+00
6.016451647366800159e+00
6.997152759184031012e+00
6.716577529958319914e+00
7.268239716569668829e+00
7.340489760327599811e+00
7.112296623270619733e+00
8.204895102745851432e+00
6.367317239752153135e+00
6.680267172605967474e+00
7.447866556792379633e+00
5.670638135607161345e+00
8.754933053151741973e+00
5.789245509117937338e+00
5.970363928896968098e+00
6.917378732459675383e+00
6.235310875618527149e+00
5.287252927673040226e+00
5.826545204562332714e+00
7.025807903800925125e+00
6.533101561014444059e+00
8.248796639573937384e+00
7.911627941469068226e+00
5.598187908396986323e+00
6.645723339949709541e+00
6.158322047344000794e+00
6.571231979788877631e+00
7.448032166800944154e+00
7.873182224765860049e+00
6.857120928607017163e+00
7.388004497883313704e+00
7.037780377199850612e+00
7.650198958976648811e+00
6.931775257800251389e+00
7.478883808666791033e+00
6.785470876326721523e+00
5.330076835226202903e+00
6.850996766816835226e+00
6.637640912851106023e+00
4.446830858050855539e+00
5.332020109518915696e+00
7.250155588440665433e+00
5.680695981933492789e+00
5.783782640617571857e+00
4.810475079293170531e+00
6.738517555255185698e+00
6.012835974477916956e+00
8.286746206922586566e+00
7.673613401226663022e+00
6.759619415490925043e+00
5.996638629073868465e+00
7.699185729145543000e+00
7.410113818128274410e+00
7.052332734602082986e+00
7.180216219695236823e+00
5.926165525765393127e+00
8.082973288015113056e+00
7.323261326185732223e+00
5.498522338809600285e+00
7.799147338497228077e+00
7.238178303182511542e+00
7.868846194181775111e+00
7.562578923279979826e+00
4.002986077292337797e+00
7.126504730888003181e+00
7.332754009610766843e+00
7.133371080893351923e+00
5.880777458533468227e+00
7.649761780149628265e+00
6.731476167640480845e+00
7.466247298129366605e+00
6.399295512490066784e+00
6.088958702851101634e+00
7.161123723503627581e+00
5.571312665449949186e+00
8.814788613510557980e+00
5.030832257510375882e+00
7.566080710579588420e+00
6.897696887625770934e+00
5.779224354763118576e+00
6.731172464936361344e+00
5.967227713552761159e+00
5.475837530552743360e+00
4.722670635661314620e+00
5.804547205394146481e+00
4.361594066665392511e+00
7.049775504483950961e+00
6.913265819154889691e+00
6.699550631782974719e+00
6.378074940170613161e+00
5.998765592627316678e+00
5.908990723186953176e+00
6.420428562402082484e+00
7.409312577833707891e+00
7.030456128131943316e+00
7.549034483788813255e+00
7.887629261339998088e+00
6.597386909704639812e+00
9.758560061969649979e+00
8.240796836950547544e+00
3.922992498462188227e+00
5.708085655258657631e+00
8.438967607794792158e+00
7.062552502839270829e+00
6.332055133948465198e+00
6.928646671582301408e+00
5.568819449044273284e+00
7.131096737701437149e+00
6.074543883244151843e+00
6.914523269686119633e+00
7.065889111795231159e+00
4.672118187137881407e+00
5.670281272285145668e+00
6.667757131891092648e+00
5.856338553497291599e+00
7.930521368031318019e+00
5.364229388368611851e+00
3.445488881251028701e+00
7.264095383671744344e+00
5.856238171318326025e+00
7.242078093524721538e+00
6.509182508694358660e+00
7.096289220662934660e+00
8.022562759175423608e+00
5.813097948884400346e+00
4.884108615793981478e+00
9.066486981188123906e+00
4.804979540811841865e+00
6.557529966433002677e+00
5.726842130256251551e+00
5.821299962047400633e+00
6.916639613044751833e+00
6.711643750911723494e+00
3.577352702679741370e+00
7.423675398261696756e+00
5.696804609298365740e+00
5.920561214552240159e+00
5.367167621524975729e+00
6.975140469273410027e+00
6.277180578749878670e+00
6.082202223023808862e+00
6.802452166932583033e+00
6.417202666854091575e+00
8.023981933751226592e+00
6.407143663691883262e+00
7.666215247134783084e+00
8.657216445613327593e+00
5.408789479543140821e+00
7.056323409139963587e+00
7.389517717966953114e+00
9.640557969467307586e+00
6.311026162407721962e+00
6.932098064723107633e+00
7.236621759005432253e+00
6.848981639326616744e+00
4.546109474455919397e+00
7.466107831654390736e+00
7.002505849997373133e+00
5.572122751292653220e+00
4.760989229062081662e+00
8.872548322668983189e+00
7.415100623331992047e+00
8.167385580226410369e+00
6.070397508829821653e+00
6.581477055246383046e+00
4.809628177727348408e+00
8.031686354223131374e+00
5.183759942365903761e+00
6.774275464494934340e+00
9.258913546115268289e+00
5.922403952843444230e+00
7.735336658077148542e+00
6.357651171123356093e+00
6.296326492799068753e+00
6.303257395654834561e+00
6.001966155219106369e+00
6.759664751324728549e+00
8.592056957215863378e+00
4.896791739347772676e+00
6.342310588777566593e+00
9.038271950421798095e+00
6.941992837729100252e+00
6.624295684414473584e+00
7.556817841369095845e+00
5.911834623142299350e+00
7.554075284977906257e+00
8.164501699212395991e+00
5.134386334543941111e+00
6.987577817797829383e+00
7.222441711328826841e+00
6.724049904276415468e+00
5.817335427423302008e+00
6.484316438015759410e+00
5.051380083867373472e+00
5.389381040705636394e+00
7.591424332434214328e+00
6.131651861888160582e+00
6.861413367566298049e+00
5.580368236580027563e+00
7.155341448376351998e+00
6.851981305597684369e+00
9.556238199072581097e+00
5.332296448198688310e+00
7.031495966671098330e+00
5.825011089260724972e+00
7.625894029660950757e+00
7.315512206318395272e+00
6.437381754765687525e+00
5.561568318715652381e+00
3.471479485389375341e+00
6.680564506891448318e+00
3.541118726938579098e+00
8.358137813110266379e+00
5.656129864650830008e+00
5.494019154420285211e+00
7.844179312791353276e+00
5.466305610331422926e+00
8.177381879793713892e+00
6.770274561458204943e+00
5.823795962248880187e+00
5.503238700814548245e+00
7.653014368807823153e+00
6.237846195515091452e+00
6.701985629137276135e+00
8.380661742572129924e+00
7.251414870784757660e+00
7.354939934863485185e+00
5.472293074393033585e+00
6.802379624710501282e+00
5.863657234719138245e+00
6.499199514104406106e+00
1.982878758724922807e+00
7.559879373936150060e+00
6.485712963894012972e+00
5.636962146311092603e+00
6.205885414790513366e+00
4.965919699912769048e+00
5.255439032850826919e+00
7.781120055728511176e+00
6.477479325236531693e+00
6.408445930015817638e+00
6.212271253659126913e+00
6.987513742749908552e+00
6.353748796469141702e+00
7.362913426640269599e+00
5.340439515196332643e+00
6.720766845888738850e+00
5.980769471176538232e+00
7.052335410858040277e+00
6.496415646429393398e+00
4.355194659906462817e+00
7.781179768895141180e+00
6.475609396312479227e+00
5.938118810955556270e+00
7.247219792628150081e+00
6.146709078555049111e+00
5.885259917219947567e+00
5.429271219784874702e+00
5.151811339128283151e+00
5.980255044699396727e+00
6.289066264194955735e+00
6.670714218490579661e+00
6.025801398409464937e+00
6.211092261708667905e+00
6.658811656106878196e+00
5.714331274578132280e+00
7.490732753734426375e+00
6.347800486720493574e+00
6.935952103852473627e+00
7.742237680012268086e+00
6.417900778251171445e+00
6.443667859900630290e+00
6.065126953693021683e+00
5.222620078201871685e+00
5.693336158475539754e+00
4.787297499454218119e+00
7.298216250918830639e+00
5.402239409571774509e+00
7.555053236772631742e+00
5.467353030546360237e+00
6.038031258415294644e+00
6.255665665445896195e+00
5.973120064037720667e+00
5.810147618502113254e+00
5.874685930986980331e+00
6.015320382952364930e+00
6.882892716116781884e+00
6.554813444001983846e+00
5.231588887381044550e+00
7.618504103215189893e+00
3.759605249392233617e+00
6.780124992457874811e+00
6.435431871493729972e+00
6.196148758814203461e+00
6.463274467460206729e+00
7.623753780275333014e+00
6.296122622019217019e+00
6.526285267259801515e+00
7.134292093085782938e+00
5.877890810847590686e+00
7.327039649343992878e+00
9.481419855627951421e+00
5.338502141184988226e+00
7.093113876844258314e+00
7.471125270121024897e+00
5.006578541159462326e+00
8.382642862272923878e+00
6.621636584761404265e+00
6.761323109301187628e+00
6.801835944949742085e+00
7.572481675104530296e+00
6.999668896446745947e+00
7.218978755135731618e+00
8.393256469578707524e+00
6.349995844658067767e+00
7.127723925117154025e+00
6.140168199669858495e+00
5.470811113353933663e+00
7.653482715954337046e+00
6.967695853219825430e+00
6.168805263999631805e+00
6.674140038518233453e+00
7.221346078320095785e+00
7.470846142426995407e+00
5.819370508283652654e+00
7.856424836162122283e+00
7.608964600474870998e+00
1.065720095623334274e+01
1.165526085103235410e+01
1.160435453953090423e+01
1.058698433123501914e+01
1.253379782544275578e+01
1.118583982276228461e+01
1.033988078935486499e+01
9.694895029205316206e+00
8.013360270137878771e+00
8.937037574220536129e+00
8.116190556682095547e+00
7.923811923482450226e+00
7.804100463403782051e+00
6.508784565692339541e+00
7.305148437227725999e+00
6.366390421334338079e+00
6.305834890675611426e+00
7.867705089984883493e+00
8.073036374390811787e+00
6.910071874115853774e+00
8.001795067352947655e+00
6.922700996017258745e+00
5.375390828151391354e+00
1.238703841935031313e+01
5.220849590818804842e+00
4.926061778887492082e+00
5.332132614795842329e+00
8.529666781964266420e+00
7.063465557634638792e+00
5.778041375254947098e+00
7.257410971866137928e+00
9.032077135554185787e+00
5.951137440765144504e+00
7.471423092944663225e+00
5.980373866403366989e+00
1.052511779561633176e+01
6.256510286145618771e+00
7.456297642844634588e+00
7.797925440204549474e+00
7.960964919570889364e+00
6.524424995967538443e+00
7.167695562357662808e+00
7.002950835267913732e+00
8.302030547841047436e+00
8.054042945078537130e+00
8.515613273515809212e+00
9.044283126401978734e+00
8.296826516092078663e+00
8.001619679750914926e+00
9.645464353934851687e+00
6.739692018527433603e+00
5.026447084079448402e+00
8.610212755706614374e+00
4.900350918875852280e+00
9.358777532425655465e+00
9.416237307189478045e+00
6.073174159732197097e+00
8.601920558795157490e+00
4.962562948234308102e+00
4.998274782584079645e+00
6.575336240773330232e+00
5.840402880285616050e+00
4.939578409384643543e+00
5.319556331297884633e+00
6.919827114852632910e+00
6.128182933276061561e+00
7.286512974891875771e+00
6.772956234311524604e+00
6.516834325076054313e+00
8.702764368820119500e+00
6.079259830133636022e+00
8.560983878234468492e+00
7.160432472148427152e+00
9.879306596820965680e+00
8.139066357559190834e+00
4.825782292991977585e+00
7.738120712579170224e+00
7.444343259252730327e+00
8.264177486070742873e+00
7.164551041941081166e+00
4.048917259947255154e+00
1.308058327070187588e+01
3.626636963414396675e+00
8.040436793928021686e+00
8.056967757098963290e+00
7.901901344486571332e+00
8.226226069089930704e+00
8.744405862203144864e+00
5.533923733175000415e+00
9.510304619879164534e+00
8.293193296025398453e+00
1.035424423694844620e+01
9.016107353738773256e+00
8.882723717049270107e+00
8.656615187149141022e+00
7.394014260945108497e+00
8.787271783137974523e+00
1.138624501333148942e+01
7.530010426433971560e+00
1.271717139073273017e+01
1.048168363970305350e+01
8.960639307905330142e+00
9.555620813272195591e+00
1.072280416652351320e+01
9.130732154613440343e+00
9.384016059575493784e+00
1.004826431271399656e+01
9.403316901876452860e+00
1.191245757520416859e+01
8.075150769059980860e+00
1.317742879122747190e+01
1.244822652046227240e+01
8.903810723143664063e+00
1.181745334695069971e+01
1.126668884149482075e+01
9.452689693192265707e+00
9.756551781872037310e+00
1.373589349532443649e+01
1.030500996859926488e+01
1.054703356578406215e+01
1.110901482519680350e+01
1.107285314947479549e+01
1.052301760688433596e+01
1.090999731316511046e+01
1.094755829716757667e+01
1.218608023708158861e+01
1.093088526889168044e+01
8.825384437751267797e+00
1.150807187267858467e+01
1.077375464805126448e+01
1.182967419638794837e+01
8.991360405976001502e+00
1.106500896244670074e+01
9.945240351995225936e+00
8.679014151523549714e+00
1.030040112870541336e+01
9.041775408063557506e+00
1.008274969709844626e+01
1.201633919704428877e+01
1.089814221660172322e+01
9.322789602653289265e+00
1.120578173627039931e+01
1.223022157155863354e+01
1.049189228427674259e+01
9.847976472529309078e+00
1.073835999522769846e+01
1.298566985848878375e+01
1.093608933746302725e+01
1.125220646693293070e+01
1.021931766543529108e+01
1.112493976189611899e+01
1.044657670824561713e+01
1.158100868953802731e+01
8.647537982919422106e+00
9.342367062239786080e+00
9.904732632178353313e+00
1.111989697556708023e+01
1.147825172480570899e+01
1.300584068067480104e+01
1.286585569211622726e+01
1.296815407564413647e+01
1.054099987281856698e+01
1.102275054971462609e+01
1.339565918919004162e+01
1.089303455748074256e+01
1.216926550628113901e+01
1.362928315506021981e+01
1.368397089519275411e+01
1.401136912000665902e+01
1.553748293382605361e+01
1.599030798674672305e+01
1.507744260328803776e+01
1.634436898518357140e+01
1.629613787808133551e+01
1.607196912470698180e+01
1.564142873925558774e+01
1.733510142070010573e+01
1.609915144528586239e+01
2.353891352400360049e+01
2.735296465491088824e+01
2.692314191482574515e+01
3.374945630071327685e+01
3.019211187232830440e+01
2.405720665840419770e+01
1.743737673321093240e+01
1.511856198160093356e+01
1.429983694471752820e+01
1.340128192619361158e+01
1.336697860442369645e+01
1.217344661491145885e+01
1.593823096105759163e+01
1.486817489038096696e+01
1.930345068809623044e+01
2.049759837374852367e+01
1.933546500018546510e+01
2.063961069410828131e+01
1.893000240903415232e+01
1.413493078712387252e+01
1.503470128826755037e+01
1.528950395611276214e+01
1.114886471816371838e+01
1.342198226498914160e+01
1.282589251957815257e+01
1.779359026998319848e+01
8.191629742263671687e+00
1.073101513857112010e+01
9.374883015243112183e+00
1.167447875757882336e+01
9.202741039644571686e+00
1.031843063246856573e+01
9.712639178685751773e+00
9.746035405055392786e+00
7.295220932850758899e+00
1.057325080544125306e+01
7.074146652526586365e+00
1.091407818965558718e+01
1.290746835161944261e+01
1.035352549777821274e+01
8.696462507320667612e+00
7.975609097264835690e+00
1.358822533002439492e+01
6.118968871596925041e+00
1.084510404917899606e+01
9.685941532705976798e+00
1.246994227012026535e+01
1.068983885815499235e+01
1.258537457063188114e+01
5.619190553805649913e+00
1.050929022268971913e+01
8.254789592394002895e+00
8.242794316040606972e+00
8.010857994979783570e+00
9.835098615055851923e+00
9.958494739987575173e+00
1.095712313772424373e+01
7.640409917326049793e+00
1.169497929803053360e+01
1.041221015253375093e+01
1.119033859527647046e+01
7.375823122543930133e+00
1.107504533010297187e+01
9.665885128850879582e+00
1.251356941349918017e+01
8.854587757851678731e+00
9.117789506675121558e+00
1.102122634865391682e+01
1.154740549376953318e+01
1.038442817051415190e+01
9.866632926208339427e+00
1.249186445764851605e+01
1.030932996685745096e+01
9.138288382499894169e+00
1.121904706712826716e+01
1.207088240799240886e+01
9.967930229054914548e+00
1.099511395456015528e+01
1.040998111185534469e+01
1.170488646095657259e+01
1.256345934560494904e+01
1.037838130445944529e+01
1.148990631592191036e+01
1.175365823839630330e+01
1.088915086810956723e+01
1.243905639910606808e+01
1.426481185116368522e+01
1.186438149751684001e+01
8.724027482146990309e+00
9.175833838876043203e+00
1.545671173486978489e+01
8.555048499019413555e+00
1.148915363900779418e+01
1.221064429468096435e+01
1.750118581175420118e+01
1.304240832766380898e+01
1.089430044650933560e+01
1.212257965856714570e+01
1.325012924269082148e+01
1.164107631554012201e+01
1.364629427296052810e+01
1.627691580880141586e+01
1.068299650225177189e+01
1.725127339062738230e+01
1.784106808920125786e+01
1.747734218646226623e+01
1.628440305758402218e+01
1.412011572472286502e+01
1.317195445433380740e+01
1.431799537735169991e+01
1.214709699828878264e+01
1.405428173097814160e+01
2.045713895015777695e+01
1.267740910531964005e+01
1.367845568322865013e+01
1.220645979101532497e+01
1.091385850003214486e+01
1.206242797809257539e+01
9.981270550957500376e+00
9.435207915427115566e+00
3.971870467115490300e+00
1.789519387287889529e+01
4.829267750194185638e+00
1.200519202103686567e+01
8.803528214099568316e+00
1.312638648907321937e+01
8.010193440255941155e+00
9.365592609512397360e+00
8.676814766527364498e+00
9.295004057434619327e+00
5.870432603783963366e+00
7.039846808076388740e+00
8.105656237898124061e+00
9.319261422198353628e+00
5.745349356676713093e+00
9.714114215805979669e+00
8.761604631901271034e+00
9.121314385526954283e+00
1.014623593254752620e+01
4.501747690412085667e+00
8.562904445965680011e+00
8.790876554394102982e+00
8.256840351568671466e+00
8.385146581807891408e+00
7.468602854602931274e+00
8.855539309761535804e+00
6.901781272931332367e+00
5.590438715676949499e+00
1.777609613349570239e+01
8.354335033481202544e+00
5.082687808935384410e+00
4.872792916690038112e+00
8.751892080803568064e+00
5.930256609057324546e+00
6.987392900602692691e+00
5.505970017538233563e+00
7.269533155854594142e+00
4.364289826323534349e+00
6.761868685572267168e+00
6.971380677659878344e+00
5.138101961673424256e+00
6.236092674265100833e+00
7.065174138391042469e+00
6.322467768623074136e+00
7.195144236751038314e+00
-2.893060782544331744e+00
2.395530495832892015e+00
5.957771101325336716e+00
6.992787339687851045e+00
6.259987140512617287e+00
6.667463069310517021e+00
6.223910679873534413e+00
8.954447942612576483e+00
6.644899579432820502e+00
3.572742771008618590e+00
7.189920376524752577e+00
5.074211530266258485e+00
2.927279478882640174e+00
6.241510993268288843e+00
5.019210795518788792e+00
6.472896675303602798e+00
7.459487511924774772e+00
1.141755707970065892e+01
9.252665100227073225e+00
8.018852641746793353e+00
7.215839906942241200e+00
7.787124527738564339e+00
6.769625600641189678e+00
7.804116108065042745e+00
6.524042019986254104e+00
6.790970452636033272e+00
6.215519548015446816e+00
6.836092203787685229e+00
7.496371286177922144e+00
3.717423272405107504e+00
6.862712612183627492e+00
5.095941912344130742e+00
6.714278566227942058e+00
7.603250288113290623e+00
8.691241982201246330e+00
3.454047196902965577e+00
7.503768519905703371e+00
6.039761130046325199e+00
8.497405290194564031e+00
8.350064323397418775e+00
1.926308768150254380e+01
2.951220430721203769e+00
7.287109385622349222e+00
7.201395302797410913e+00
7.079499310679183921e+00
4.088707419366797602e+00
6.173084841317623805e+00
5.299685957049440788e+00
6.046831579516995347e+00
4.515974015185226342e+00
6.290290347968141127e+00
9.357856391135786822e+00
4.911976321767465237e+00
7.498410871267668476e+00
8.310734068545837516e+00
7.787582054976953216e+00
6.101312332688159756e+00
6.793305860302888632e+00
6.612133441532985323e+00
7.902834574102253207e+00
7.699788901614779135e+00
7.670643990863236894e+00
6.571924457031818712e+00
4.812756455327497740e+00
6.530508265975831783e+00
4.966247256639546137e+00
8.155927801163372237e+00
6.407307777916230407e+00
3.510234437119407858e+00
8.095956712416320755e+00
5.869987869447409246e+00
5.804664553706492924e+00
6.104824499843698682e+00
4.419762549724040923e+00
8.369687516735160315e+00
8.100180877043429817e+00
4.316313729440979685e+00
4.447054507522659073e+00
8.395643332693627059e+00
7.177969036111711887e+00
6.951006318275930518e+00
5.243808700216928464e+00
3.720718924797646654e+00
7.040183982291133624e+00
7.361257828610257903e+00
5.950143376713663557e+00
2.836724956613934978e+00
4.671238123139333176e+00
8.938529163168823288e+00
8.572799787741964828e-01
6.888259660106222704e+00
4.780139557338459966e+00
7.608093272044215816e+00
6.838475210444867614e+00
7.030384607089127158e+00
6.539448553068313963e+00
9.301655472542417868e+00
6.995424833859810398e+00
6.834070155916627698e+00
7.393964305494917788e+00
8.340330995449155793e+00
6.286029179897730579e+00
5.241518249544149022e+00
6.148218148620133050e+00
4.402627247899696172e+00
8.436745539538675231e+00
5.637539135847299043e+00
5.648691279335677606e+00
6.896426160468686284e+00
6.188605923982597901e+00
8.870055546559038717e+00
6.343021526372552898e+00
7.504627411199033205e+00
5.845183301660592079e+00
6.239424281351279689e+00
5.737927995579568119e+00
7.854158312502854677e+00
6.381085362061638122e+00
5.018087312836234659e+00
6.058777710589533960e+00
6.600164288575384397e+00
7.783154747615451008e+00
5.461646021671345608e+00
8.237529981710983051e+00
3.951461164881663990e+00
1.004701799771191340e+01
4.638403448633409809e+00
5.491450923576708831e+00
4.608833212487961184e+00
7.988758919800760694e+00
5.357145534295487899e+00
2.835105808937446348e+00
8.403749680073117290e+00
6.766345590257846432e+00
6.975419610064022891e+00
6.169606738037923144e+00
9.735500770806440940e+00
6.796304061997795465e+00
8.314189608769007478e+00
