-1.713283602835184549e+00
2.019911837227533979e+00
5.333237772671441945e-01
4.647985555697790261e+00
-2.736857814904612773e+00
9.472426384316352532e-01
-4.190151019129867649e+00
1.949127843911802049e-01
-7.342141930600112332e-01
5.196103728155420320e+00
4.371052257469004054e+00
-1.407295178832601579e-01
1.831028622093531233e-01
1.054504155903103424e+01
1.087297337141498232e+00
-6.931401664793694906e-01
-6.336346246995002929e+00
2.640199059496417089e+00
1.981216373284271359e+00
5.575178046880647997e+00
7.454320531541905659e+00
2.166462403067747289e+00
3.630347752164390318e+00
-2.469622660484127596e+00
-4.481289207606452329e+00
1.139816291666332138e+00
3.778566951532777107e+00
7.661633527813584976e-01
5.648954671531178917e+00
5.332071582276344479e+00
4.383829941725071677e+00
3.282869587306489478e-01
5.542727770707793766e+00
6.223513866226981772e-01
3.074647518126593759e+00
1.139165807078066361e+00
6.618053366143715976e+00
1.885949854914988455e+00
2.747397815610484795e+00
5.742058318754843071e+00
3.880172419919049709e+00
5.778147385180668394e+00
-7.380539752432335732e-01
6.740191370402109916e-01
3.319093181633641976e+00
1.604091345606052821e+00
3.424144016097625087e+00
9.893940913262637693e-01
1.117141281785930307e+00
1.854743261104992769e+00
4.944436816699023574e+00
3.832952895349568401e+00
-2.203263967971643478e+00
3.956082124613286233e+00
1.680958429131028664e+00
-2.356812734178782787e+00
-1.725852826706937293e-01
6.776553137114666114e+00
3.365174177288917434e+00
4.944209218840822651e-02
1.834047656704997253e+00
6.228955723341874418e+00
1.400298467080349329e+00
3.383723374599874933e+00
1.508785857885849957e+00
7.231338914431971077e+00
1.544758148374631990e+00
3.323930727206320768e+00
5.854879166438049509e+00
5.304552520545378513e+00
1.370662243158626836e+00
-1.212219724973725876e+00
5.754097915208755687e-01
-1.379425585480266392e+00
7.349041879582386194e+00
9.076584707358197335e+00
1.453319755452483486e+00
8.810705541755174508e+00
2.381353178428510908e+00
2.417533617390362100e+00
1.073573713016664932e+00
-3.398986770346079100e-01
1.119793916555983149e+00
2.939212923384220133e+00
5.904196112071973701e+00
4.501020412060626086e+00
1.795875572755172289e+00
-2.499429227750924021e+00
-1.832298030948542378e+00
-1.279125475391757583e+00
8.697107991654357662e+00
8.740975062342997148e+00
2.214820621105914711e+00
4.992785259353452076e+00
6.589839155408218296e+00
3.392850361125589131e+00
5.328254915300443706e+00
1.226776355251860240e+00
3.556199699837501171e+00
2.509728664697184808e+00
-9.861659574246568472e-01
3.969134779237672106e+00
-1.294569446118754685e+00
5.330308599429777416e+00
9.228864742553314571e+00
-2.912272978724868011e-01
1.743735554966160706e+01
4.383824652983399517e+00
-5.810794441311335490e-01
1.260273423090369382e+00
5.813648020833396934e+00
3.212262459366497680e+00
1.269254471946872354e+00
5.111172505792266563e+00
5.495395242195451058e-01
3.814410572551047096e+00
1.091173044045494933e+01
6.252133983982265164e+00
7.346922116972392836e+00
-7.220796913697192565e+00
-6.526111238723610875e-01
9.055811420498683262e+00
2.964467559364801552e+00
1.776728709974078058e-01
2.080535580456102096e+00
3.235813062599051992e+00
8.257613858586090316e-01
2.827982549948997892e+00
-8.269506661082295373e-01
5.318764018731251042e+00
5.318665699896163446e+00
4.140377127329948337e+00
4.890668744734814943e+00
-9.486609529048308787e-01
5.222215855285175401e+00
3.963160322655790324e+00
9.446895924327851635e-01
3.057428888844560877e+00
4.365474389221798646e+00
4.277189170983007216e+00
2.136068385423765648e+00
5.358932859638608548e+00
4.560604466324524431e+00
8.460692692182721686e+00
5.154800109040413858e+00
6.367053797731877296e+00
-3.485687893307143348e-02
3.560519802257137822e+00
2.372817433161905409e+00
7.363701989394225045e+00
1.298859921314959198e+00
4.909462845801386699e+00
4.538596802131697139e+00
4.600881083973767716e+00
-2.313740941180953414e-01
-1.239488929127423367e+00
6.239741407514838301e+00
7.087445434611278294e+00
3.287190884091242715e+00
1.126130523001096329e+01
6.814749832248975459e+00
3.128136762149663408e+00
-4.529165702647557357e-01
2.000027466301953716e+00
6.701851532155590263e+00
2.706360141300889754e+00
6.684212516322240560e+00
-5.775299460508038774e-01
-3.110077220718234781e-01
3.092141370134367850e+00
5.175144208154403458e+00
6.735746830985714695e+00
2.777879057521882800e+00
3.678271994017453306e+00
2.799479503646432832e+00
5.099556960367035430e+00
1.797772125165861823e+00
2.124269602078595387e+00
5.336190515361738385e+00
2.335532674845672396e+00
4.733768284930338410e+00
1.563106357649085121e+00
5.233796166972737751e+00
8.084299082861501340e-01
4.908039770107003541e+00
7.124532271485012558e+00
6.429215526509933554e+00
2.669760153689740623e+00
3.467576347841073492e+00
1.302961640950416111e+00
4.759050004347266771e+00
-9.850803603157611832e-01
4.319827429922264095e+00
5.515060461094044797e+00
2.835443951015120589e+00
6.627102149637455142e+00
4.066096623763203688e+00
3.976308410588030640e+00
5.460010068627684454e+00
1.299910194475937253e+00
3.051525652730952221e+00
5.364775701755385207e+00
-7.531279769840315552e-01
4.218450617993845242e+00
2.446123731127525680e+00
1.125142085352914600e+00
6.582055595793427472e+00
6.527465676898248859e+00
4.296627309412860640e+00
-3.376589975002480593e+00
4.119367903817754417e+00
3.232875662966485653e+00
3.709639941346057235e+00
2.427561704065559933e+00
4.616325798616225384e+00
6.579025877917008547e-01
1.586133991485567440e+00
4.580653101628733737e+00
2.332482179485568796e+00
3.534531767747422393e+00
4.386819934742312910e+00
4.404551666051441217e+00
6.900797537244802271e+00
4.150512715718129186e+00
3.752295545005750466e+00
5.040152243005455723e+00
7.066335116355872970e-01
9.496387168147926161e-01
3.730733170193947235e+00
2.504547339617843704e+00
3.038803381450555285e+00
1.721076269124579561e+00
5.529794192352079030e+00
2.860418167047593663e+00
8.198451845039127051e+00
1.781508022087863630e+00
5.081931685053272751e+00
6.393475513958057022e+00
1.084736929376868497e+00
3.502155848551363082e+00
-1.582847637752680114e-01
9.845792240610938606e+00
5.294351034683868917e+00
2.180278979951545626e+00
-5.731687694122219234e+00
1.105553651726453035e+00
2.835906236058886254e+00
4.331625910571371918e+00
1.998607431146173230e-01
5.979692388321650398e+00
3.101779814609626484e+00
6.170262554870406646e+00
6.127701331961990405e+00
1.417119166531698449e+00
3.646406617029410491e+00
8.275241694453834285e+00
8.186275907810479424e+00
-7.216526959021432042e-01
-2.084269592476659216e+00
1.648732905766289614e+00
3.026525611931220716e+00
1.180813959524708245e+00
3.497397145221948112e+00
4.433603507642320807e+00
6.035518024092104028e+00
2.502082837421471417e+00
3.923907202900940305e+00
6.423622882545691581e+00
6.904112664630719820e+00
3.746624020290066248e+00
6.970080590241766849e+00
4.460319671244864281e+00
7.647665269574819291e+00
4.839901204608334950e+00
4.954054058072546063e+00
2.713635895926497010e+00
3.936290949627315960e+00
4.145370698656312136e+00
3.889502982996501323e+00
8.160434342644006245e-01
5.477695092497601337e+00
6.751408176839148290e+00
2.028947420655250689e+00
4.118515444179164042e+00
6.566963281590864066e-01
4.323841565569189527e+00
6.200299197068657620e+00
3.836298491873501249e+00
4.053877362293402342e+00
4.938034099836611901e+00
3.080709876114758661e+00
-6.017791040165023642e-01
1.897648674181202644e+00
5.729366068224581277e+00
2.444913863863457770e+00
-1.482539927495150955e+00
4.049814382752122022e+00
2.089262370465523322e+00
3.699835694962794630e+00
-3.826980601143059602e-01
3.955246510368315427e+00
8.797354395325065468e+00
5.345922491733793080e+00
3.705562729049081572e+00
8.131068403305677705e+00
2.850742560166120487e+00
4.308399002913515297e+00
5.589383638738127935e+00
7.184524124608904216e-03
-4.752027608285680493e-02
3.948694553274211927e+00
-3.994736003781804712e-01
-2.634941783102782598e+00
2.802331112236454036e+00
3.209242198210533914e+00
6.755728917582848325e-02
-1.294698527756747097e+00
4.118975086162674160e+00
8.756795686887297592e-01
1.128782408956042094e+00
1.206955987267326336e+00
3.102251119313137462e+00
5.575450906484373803e+00
-3.367184114805099604e-01
3.262814980925028419e+00
1.606364185164684821e+00
2.730468208660322027e+00
4.607132234547059113e+00
-7.082806118433504494e-02
3.377520586710082373e+00
6.312153946854657249e+00
1.896917323089589713e+00
2.948229401205646028e+00
5.914260207855149609e+00
1.505633192752211968e+00
4.911501453427605135e+00
5.679146483648247923e+00
6.156485007313885482e-01
2.142021988691930279e+00
2.644425033910435818e+00
6.753183013265995349e+00
6.327620599748938091e+00
2.990907901763131704e+00
5.547704464765050858e+00
6.602427559758507591e+00
4.328846871342989289e+00
-9.308423184887937296e-01
-8.616576253693599696e-01
1.025085387965962269e+00
5.914174858074547458e+00
1.659090301799388989e+00
2.311445106796419680e+00
1.901259899158095568e+00
6.227169797270898144e+00
3.293734070452393858e+00
2.900237226878926933e+00
3.257205402031135399e+00
4.021479285024764927e+00
7.990508286761690560e-01
-9.090633557687275434e-01
6.221840760487327149e-01
5.004876906023542738e+00
1.472843593480798852e+00
5.927527927955244635e+00
8.633139507945081448e+00
2.585381960361953890e+00
1.525971313111039063e+00
2.565093665543174417e+00
4.064013845560551452e+00
6.879324440545090624e+00
2.256308351231296250e+00
2.408126866655293519e-01
7.819026936587400556e+00
2.261456175213065301e+00
6.017928323949777614e+00
5.003989846467018943e+00
6.999065276978374328e+00
5.992502460618224447e+00
1.801337304522188765e+00
-4.552149278462040982e-01
1.774169711765408497e+00
8.080512346202077367e+00
6.494679894169866685e+00
7.004352018476389219e+00
3.012181073610508797e+00
4.239953755311547390e+00
4.151273467187639454e-01
3.251360424042096575e+00
-6.225232915201444062e-01
2.347831895303650995e+00
3.414357057791208572e+00
4.241077669875064515e+00
3.552793814503884207e+00
9.078694983577545230e+00
4.274632972884055970e-01
3.274627189444152542e+00
1.049959608125243138e+00
3.543172678653514041e+00
2.346141408230637548e-01
5.354657011557274693e+00
6.834999819114581321e+00
5.810470769470341246e+00
1.317889870004247843e+00
7.321865568407782909e+00
5.225842917341486427e+00
6.643590692331313718e-01
4.009820590928504735e+00
4.888724911203435219e+00
5.740855978467135579e+00
1.540776995093147583e+00
3.893005826609431175e+00
4.721823194970969695e+00
2.896727351029523501e+00
3.680751537424100661e+00
3.696183789379671847e+00
6.658450481645226127e+00
1.994836336168365198e+00
3.462862426114779346e+00
5.348859848422362617e+00
2.440729341389536344e+00
2.349433493544379026e+00
1.369803054578722090e+00
-1.481897985515229443e+00
3.800446214596826078e+00
2.222075686889997570e+00
-1.044495227900834600e-01
-1.147343609059796155e+00
2.906161766282202574e+00
6.124330938650591527e+00
1.065776855736148887e+00
7.294432394128968156e+00
1.209069684650093013e+00
3.463501007464269144e+00
-2.813993635955069905e-02
1.595925679413683795e+00
3.153101984376879940e+00
5.647171887659478529e+00
5.753947263187846772e+00
2.900508412486087373e+00
1.174642892624061741e+00
1.279154095473107322e+00
1.645004192339459603e+00
5.771000156284664673e-01
3.887777024866817310e+00
3.593672575921998291e+00
3.018446680895490619e+00
5.851161578024056453e+00
2.127653713070581265e+00
3.925382626304519285e+00
3.324989358201010159e+00
3.426982528514147308e+00
3.810140714118226857e+00
3.629382096144395664e+00
5.994858644369093881e+00
2.548504899743927687e+00
4.858102027132014555e+00
2.638489735957473492e+00
1.775510696728847648e+00
2.714050416580489955e+00
2.942065120557954661e+00
7.913047485835111861e-01
3.308451620631127632e+00
4.605809516171421869e+00
4.990305021733181690e+00
4.174052841195237562e+00
2.087123012918764786e+00
2.897622864595180037e+00
3.872531177093846644e+00
1.390056673446075308e+00
4.022862386314445260e+00
6.495450310847719955e+00
4.424726236951881830e+00
5.497965031537590974e+00
4.107880242405675730e+00
4.030914707977403033e+00
2.243464413819597603e+00
2.141934334765424275e+00
1.149917703352788312e+00
6.354431326587127060e+00
5.058926113747340914e+00
2.474348585371967335e+00
3.752626178752925590e+00
6.529046760946268790e+00
4.367956587478946773e+00
1.083700373346108359e+00
5.144319983882049918e+00
5.802136706962801149e+00
5.649645463762531961e+00
1.540021676833292386e+00
3.476921915229825633e+00
1.500143356470467371e+00
6.535624946032994487e+00
5.346806920860722734e+00
4.174359188672761789e+00
2.492557125264337259e+00
2.583873704449401565e+00
4.550910315231392111e+00
6.667542156973632395e+00
4.239357504439335678e+00
9.715462309068281233e-01
2.536687276608030839e+00
4.366863545779567701e+00
4.576599403981409964e+00
2.814169972537513331e+00
6.621017105963001192e+00
4.412114632557969429e+00
-1.571164854475639139e+00
2.510530173429317280e+00
5.295751724514851766e+00
4.374739293606388912e+00
4.695888694820714804e+00
3.217989291547582731e+00
3.595739010701221261e+00
2.489033002351810353e+00
3.207920493015135932e+00
2.971291130093875577e+00
2.570241826194078261e+00
2.106656352437151547e+00
3.273088946373613695e+00
2.866650163145731511e+00
3.691648388505353040e+00
5.132438126984341764e+00
4.616613762849047120e+00
7.825566814997619858e-01
4.404477938629152156e+00
4.256950805534494009e+00
3.960128523915375176e+00
1.688710342806900133e+00
4.451646205949349344e+00
4.803852888759426065e+00
3.042768594727011333e+00
2.561811143572977123e+00
2.156163273369005040e+00
5.992322905940200783e+00
6.689702061582504022e+00
5.426138985008520876e+00
2.125340456685657298e+00
2.297670958881210979e+00
1.952135573398315671e+00
1.453978159125748348e-01
5.258947502227657722e-01
3.116232424402449297e+00
3.682268355654207515e+00
2.455605584006133491e+00
2.433882813226442732e+00
2.303192600519645694e+00
3.291456755356557462e+00
3.008177291936381170e+00
2.593657268486981415e+00
2.890165853513226857e+00
4.308170352383838164e+00
7.327267821205128762e+00
3.097316627829384217e+00
3.652037001440118669e+00
3.370752337001841958e+00
2.669716689291352640e+00
7.148757592923218773e+00
2.673813950822768959e+00
2.321618204941291008e+00
3.592247748488676118e-01
1.923900409628812813e+00
4.432731704957107333e+00
3.485642045085623586e+00
4.654092279462212822e+00
3.183341960345486221e+00
4.016896996226950733e+00
2.991154739385619710e+00
3.221843029877311082e+00
1.774197210351484255e+00
1.608560108534266009e+00
3.719255926032326354e+00
6.021330006907444243e+00
6.134077008347635918e-01
7.080076820869156684e+00
1.430639069947008402e-01
2.794674732851043064e+00
1.176225941957791621e+00
8.535820666325850681e-01
3.327150558515681755e+00
-2.030654963259108658e-01
1.349633260367127718e+00
8.280441771501816817e+00
2.169030065160534981e+00
3.860107893390012812e+00
4.253388708713776722e+00
4.455113744197863213e+00
6.171635293043847170e+00
4.358469680272139435e+00
5.519320855591691277e+00
8.106065128067520220e+00
4.436456351615094995e+00
3.577065287459777032e+00
3.684655048614981165e+00
6.066306319868036923e+00
5.235618564986149082e+00
4.653693409616069587e+00
1.620026063629060431e+00
1.925767504399459540e+00
4.078241952547204008e+00
4.876309576283259339e+00
1.705363037279889360e+00
1.354819282744851972e+00
3.851900608340836918e+00
1.793362050415737929e+00
2.938432982246395042e+00
3.079677037098139891e+00
4.493164250935405946e+00
1.977122207329403025e+00
-6.936033636057139518e-01
3.717253634574838372e+00
3.611624936815029052e+00
3.662625051529377451e+00
2.025324051695321703e+00
4.509278539359848459e+00
5.821904676187200423e+00
4.204910529729380286e+00
5.981099557515374698e+00
3.691178209690803680e+00
3.305138531572972216e+00
7.116903363057764942e+00
4.633236979315794812e+00
3.483275720211906901e+00
3.884531561226521212e+00
3.099274220385723311e+00
1.275562714966455014e+00
3.992259423666827622e+00
4.463069017894362389e+00
2.025271906383406151e+00
3.447250637604055701e-01
5.632184210036489169e+00
2.159638286530652262e+00
1.726834007311095265e+00
4.018667258994319980e+00
-5.556254612259716730e-01
6.207500837288425721e+00
5.349778533641336153e+00
4.484681736132228869e-02
1.847575730258726789e+00
3.515037210053896022e+00
2.813703957345276230e+00
2.943805773893144462e+00
1.869680030694991224e+00
1.537774936164354900e+00
7.020568881750273604e+00
3.104662668603541675e+00
3.669470235644640255e+00
2.510754494740389031e+00
3.793110506978431662e+00
7.941516180282617299e-01
4.935935741847765179e+00
5.182243218131241669e+00
7.974977662729447303e+00
6.821654805155197288e+00
2.096561007256206643e+00
3.338498332963597548e+00
3.870935047287420883e+00
8.814383318610943263e+00
3.450860113438884991e+00
3.203283358027183336e+00
4.788312306022739051e+00
4.938750456741602513e+00
3.311048448085393225e+00
8.087165969328765636e-01
3.892674380181738059e+00
3.924182660698471103e+00
4.651437720707091827e+00
9.738362891063392368e-01
-7.481246156868865960e-01
4.549594445507873175e+00
4.923110661459697113e+00
1.730662389918598887e+00
1.600702008753402739e+00
2.136876896548800087e+00
2.729276007617201572e+00
1.148231149574572285e-01
3.230518543948163845e+00
9.323010660247496029e-01
9.883258224912649936e-01
5.349236286055145673e-01
3.625653844882302579e+00
2.943286731117172650e+00
6.924852081614729649e-02
6.230768747745862868e-01
2.954551927655823640e+00
5.792224671826750715e+00
1.294914883654328941e+00
3.660677182606491886e+00
2.957905567073300546e+00
4.986665887935247454e+00
9.960009845541977214e-01
-6.675842542793998247e-01
6.604809256386094951e+00
5.171012888354103332e+00
5.603241760405289540e+00
7.069055727504971465e+00
3.104162677191837805e+00
2.018844427260373386e+00
5.941707891719992141e+00
3.597666674838187362e+00
2.250433422082412260e+00
4.154215630865831343e+00
3.277694244096099663e+00
2.538421758400422945e+00
2.864951240598661020e+00
5.338726854511124387e+00
3.981920334312277987e+00
3.635545364544491065e+00
3.953659963870282290e+00
4.849222093290466162e+00
3.114154207418414533e+00
4.370847163562027404e+00
1.669126526777290120e+00
3.941478176213241369e+00
5.070449741695870038e+00
6.250870409134332562e+00
7.784365882699210815e+00
4.764463202219593185e+00
1.224924057901017660e+00
1.476714454360770645e+00
1.171963566756396791e+00
1.155493593650511741e+00
1.187859003438856531e+00
1.966029165996253214e+00
1.049908576008029559e+00
-1.360946217232283928e-02
4.745884839803808930e+00
2.969811931937529792e+00
4.483752100219430936e+00
5.803830015035827294e+00
4.476638849798098896e+00
2.328682394605590567e+00
2.495172171667485728e+00
3.583985974528562934e+00
1.444283085420105195e+00
6.140345248290128843e-01
2.749095501259797292e+00
1.978031524297611643e+00
1.976443928323817323e+00
2.131814759664448111e+00
1.152474935543358336e+00
3.292130797507619722e-01
1.707447351817775294e+00
3.869106192618875895e+00
2.989550417617826028e+00
3.093747574039137138e+00
3.990040823457718044e+00
3.696430884723451715e+00
3.231511809050823025e+00
4.544663824631987481e+00
3.565090531416668540e+00
4.950632201558754275e+00
5.677934310648291572e+00
2.607111059188102153e+00
1.932959605311489693e+00
6.302535919108775531e+00
2.418497459760902579e+00
3.489241041517845421e+00
3.846427202670538392e+00
4.527897918408242184e+00
2.647043181573086823e+00
4.355981875454750352e+00
5.844490262825271287e+00
3.768578552391814718e+00
1.063237625269775055e+00
4.242614771958977293e+00
4.019454721640514094e+00
4.573789393067070108e+00
2.045771273946128233e+00
4.680954405299374343e+00
5.872070845250491722e+00
4.241232297102991211e+00
4.559806841914030962e+00
1.345237576424211490e+00
5.190589702230784752e+00
2.689086832755382961e+00
3.005907733440477791e+00
4.811230872400371616e+00
8.439041342447921590e-01
2.344814835616811699e+00
2.788415255844702401e+00
8.635252423732773241e-01
3.509581034411235478e+00
5.530272014506268263e+00
1.465307209760710272e+00
2.665267809272958477e+00
7.408449116806063550e+00
4.771475802212072459e+00
-1.139986335044544052e+00
1.954106616650747474e+00
3.454573188950149643e+00
5.273539821514446224e+00
1.118462774119476366e+00
4.184359203100788349e+00
2.336381313464741538e+00
2.907615551143952537e+00
4.573882936680623956e+00
3.181697128998500546e+00
4.707379063710616762e+00
4.507338605221570482e+00
6.401122375811600484e+00
3.421650236178253479e+00
3.364346716209345889e+00
6.599276737612343346e+00
6.010296865237178210e+00
-2.996425629667771595e-01
2.524696191272116863e+00
6.414492472282100621e-01
2.605140562233592139e+00
2.671021151146110384e+00
4.014414030933012967e+00
4.784734085805590453e+00
5.180427033388218305e+00
4.120533175387803837e+00
2.170566780054088873e+00
3.893416562573079887e+00
2.726651114525088904e+00
1.419145229886002779e+00
3.544183263619276936e+00
5.037031176646552311e+00
5.873453280634417517e+00
1.270441444317817359e+00
2.263974565590051835e+00
3.128950402550689791e+00
2.846538817083168471e+00
4.743465575324952610e+00
5.517962447985493846e+00
4.916108948837383252e+00
2.646020545595589191e+00
4.517526496408291514e+00
3.259568834559175343e+00
5.429008735839307320e+00
7.526566367643239275e+00
2.655783267973936379e+00
3.928985365705721655e+00
2.524832459092809067e+00
3.508803236909824097e+00
4.405794715377211457e-01
2.142394694203286321e+00
4.417459140363049208e+00
2.936376147713824381e+00
5.524018722977199758e+00
4.057351228603740978e+00
7.045292809888372698e-01
2.817075598042054096e+00
7.013140019139410875e+00
7.764078517985879557e+00
1.076080725764728108e+01
1.276463309819563285e+01
1.557999529557377016e+01
1.354385205617964516e+01
1.124173063705064024e+01
1.431153777967972474e+01
1.351344771808225609e+01
1.066552686670996763e+01
7.235556749479211014e+00
4.543642173784923521e+00
3.539576868026852452e+00
6.241141055337759092e+00
2.547632228735249083e+00
3.049523420025773479e+00
4.247547263682704077e+00
5.035545098965386934e+00
5.034041216363887017e+00
5.259163839742291735e+00
1.761005860557093516e+00
4.348027027420622304e+00
2.082119936133854488e+00
2.412508975242028120e-01
-1.830608766292390888e-01
6.150908977606556860e+00
5.594535593500895132e+00
4.915915116142234531e+00
4.087539500657452862e+00
1.858777304308718126e+00
3.283241217041821258e+00
3.208586718416753136e+00
4.046470114561638631e+00
2.001286299381449751e+00
2.188326039716052662e+00
-2.924228543104725464e-01
3.322078924985063964e+00
3.653380133792039519e+00
3.915994566247869457e+00
1.656516296729030557e+00
5.746309681025465466e+00
2.047189429045066511e+00
1.783428116050731482e+00
5.457974374181413069e+00
5.907129759199914787e+00
4.216633575027757708e+00
4.923049288961875547e+00
5.315766859682759637e+00
2.114883288140900319e+00
1.890245988679137845e-01
3.987490800693781257e+00
2.822722162909490073e+00
5.648814771668757118e+00
3.213496996359588298e+00
1.351962310919996524e+00
4.488572670347851457e+00
4.373380400394643708e+00
3.786040909340634641e+00
4.487278278853415792e+00
2.721104293439330135e+00
1.278056997092853919e+00
3.858200515735083602e+00
2.202625603085901052e+00
3.586418266094455465e+00
3.109489854382283536e+00
2.401144954334834658e+00
3.767873813278447503e+00
3.603194242952056481e+00
3.053625273087577696e+00
2.988499401997745331e+00
3.693617704968724880e+00
1.719280092764832402e+00
4.193061661011045160e+00
2.022126171323500365e+00
1.425740173228376539e+00
1.633174982329129055e+00
2.067506080741726038e+00
5.622423129867116565e+00
3.498541833975077786e+00
3.493179707932549505e+00
5.262070671761783558e+00
5.939525329621392125e+00
1.839555071378257134e+00
-8.864917008258454967e-02
1.038897669108067356e+00
4.193117725806589036e+00
3.391839371484277166e+00
3.308107361303336713e+00
1.990439876547628550e+00
3.168099610114749609e+00
9.893665581908396289e-01
4.948294187588974324e+00
6.857863029545528732e+00
2.785339665865501413e+00
2.247694273365447248e+00
5.228256358581744756e+00
5.321998219106370165e+00
1.320438161592468296e+00
5.852324694748356926e+00
3.365097302223436948e+00
2.056827222589987514e+00
2.061345246435582368e+00
1.693966109644678752e+00
4.924718962866807104e+00
3.619282931314006913e+00
4.536214528159759674e+00
2.574592080151278939e+00
2.949357617938784593e+00
2.233198564489234261e+00
4.064801278456301681e+00
5.071375391210956707e+00
4.667939408189923256e+00
6.322278233407111259e+00
5.678068813468879483e+00
1.388806798315489255e+00
3.026445042082093195e+00
4.059976734350432714e+00
3.056206331998200909e+00
-7.798429333635314986e-01
2.378894558570367579e+00
5.614997858792615482e+00
8.226053452981982872e+00
1.930232456848359979e+00
2.657345930315206495e+00
3.292970473709023960e+00
3.361369261624115534e+00
3.334456295265498138e+00
2.473642206073395133e+00
3.467892790168722428e+00
1.897793411148128939e+00
-1.468906942544710326e+00
2.915178887326994150e+00
3.682539679914172748e+00
5.390896766545418828e+00
2.163724033456277507e+00
1.882980008259943272e+00
3.550824926269643189e+00
4.701800316559070936e+00
3.934713596992362117e+00
3.636036699927871041e+00
3.170555314858920060e+00
2.770478419827490768e+00
5.891736178920144340e+00
1.862442328834437610e+00
2.716206962091592736e+00
3.370840501280597312e+00
1.643989814140597083e+00
4.807739710442434422e+00
5.758198908911636771e+00
3.012273246979645158e+00
1.404054736098121703e+00
3.850358240444001101e+00
3.874220726407201276e+00
3.863391893269102706e+00
3.781871049660047390e+00
6.148364644891083586e+00
3.971450467059445266e+00
4.726162671494737566e+00
4.396680784046099078e+00
2.774103766069321519e+00
8.243087624568236293e+00
4.766391936774005522e+00
3.728539421311143798e+00
7.496825781295126667e+00
5.089753056336044246e+00
8.137898598408060735e+00
4.961766626466227237e+00
7.535087110155073375e+00
4.023704461377049846e+00
3.825240137655874673e+00
5.651504868311957530e+00
5.055126075209857461e+00
4.463135749027489219e+00
4.309426306971306353e+00
5.541800428775953691e+00
4.473914050800763320e+00
3.194610032370295283e+00
7.013674309870698842e+00
5.769895400649507344e+00
4.123482429300388219e+00
4.216196882929053480e+00
2.708119180667417414e+00
5.770915219251271822e+00
5.510969287551874096e+00
3.520470936215465141e+00
3.524088698258007302e+00
6.496585565180557076e+00
4.626531948632479185e+00
2.745483150774764791e+00
6.428842447969245200e-01
2.285979953360601780e+00
5.201351648288024876e+00
6.218040603625468954e+00
5.597384489287039244e+00
1.185026817202743388e+00
4.070285817374435844e+00
2.775669000143562215e+00
2.682040921689997859e+00
2.660789297546491738e+00
2.978061130481834962e+00
1.489996493980588976e+00
3.026148868764066524e+00
3.588748569158733304e+00
5.317714476775677213e+00
1.379598626298914610e+00
1.869081806292117287e+00
2.330488550438998274e+00
2.232977405310360375e+00
1.688056767732273089e+00
4.711357542309754898e+00
4.461524484073597918e+00
3.864126144968703436e+00
5.616674354307241046e+00
1.378642028230066208e+00
4.665487537983044497e+00
3.502154031120730870e+00
2.961479594681644567e+00
4.797772401486708915e+00
2.994017327721852251e+00
5.665146736119803350e+00
6.847657422039354458e+00
4.648435162019428191e+00
1.603577975681499623e+00
2.858078315413905113e+00
2.676381673048920717e+00
3.299140325565060206e+00
3.340415919642183873e+00
3.624649948925870113e+00
1.582028200268666307e+00
2.931221746670481743e+00
3.634245035793091105e+00
1.448324850806711250e+00
2.981641902771075880e+00
5.208629208572470581e+00
4.199112830605525204e+00
3.496142107137155008e+00
3.530356249438396432e+00
4.484731759500784065e+00
4.066157683602211748e-02
5.520317075115923622e+00
3.808117742556399676e+00
4.412812415499042906e+00
3.925644999138699909e+00
-1.999446970030066772e+00
3.579604507895336241e+00
4.076881837614907411e+00
5.690836265293505392e+00
2.883906816004636831e+00
1.675921666512105723e+00
4.136675166109141877e+00
9.487585396193212173e-01
5.730991720647950594e+00
2.401956261505061363e+00
2.571723602102565565e+00
3.604158745476230052e+00
3.362595453010841506e-01
6.347689474775227936e+00
1.888570586218840219e+00
3.855165578670718407e-01
4.627291130420575271e+00
5.973124190849568471e+00
5.931135088401001454e+00
5.928032171951643114e+00
4.188321978202098173e+00
8.079729050835707582e+00
2.869862668654608040e+00
1.906669071827486128e+00
3.950660200726530569e+00
2.234462490741786489e+00
3.668186421704721756e+00
5.194805406453410157e+00
3.573655779500904295e+00
7.634935399771738407e-01
3.289664888415034572e+00
4.037920790710306740e+00
2.696993382945997109e+00
2.593647735881515537e+00
5.661532541267347618e+00
2.688534920728817834e+00
2.550735145824571948e+00
2.767985347218936631e+00
1.683023120156531549e+00
4.022731313747943460e+00
4.230872361393806180e+00
3.878290046795024093e+00
7.613183300907487627e+00
1.665997681290505517e+00
2.864815628702702455e+00
6.580021478418530023e+00
5.038219596198711514e+00
5.846987376827459393e+00
6.526630195359498288e+00
5.933826116682333840e+00
2.570412334648683128e+00
2.000057021397104506e+00
6.796361414266607781e+00
3.022550968947261829e+00
5.153923984839144268e+00
4.877514293054576733e+00
3.482353527093295931e+00
3.413815795352799221e+00
6.112098171690615089e+00
5.089483193447444265e+00
4.401464273309796837e+00
2.064782035074503419e+00
3.742694623342111448e+00
4.125890858837233388e+00
7.509151549176365847e+00
6.627108757507624404e+00
3.275230740322407019e+00
3.343752302731434867e+00
5.097188270510618402e+00
3.502047184538247926e+00
4.268892216099296810e+00
3.905649271898664843e+00
5.196165473575887539e+00
4.833370462685378399e+00
1.991775171667856892e+00
2.734114378670802648e+00
4.845458579481586092e+00
2.853680986595227953e+00
3.617185810362956833e+00
5.148324703038864136e+00
4.228488946959840789e+00
3.171196363387013051e+00
5.251740292918380959e+00
5.742531672500921225e+00
6.068409943155661956e+00
6.024884899530768223e+00
4.882800251004693060e+00
4.711663353918771335e+00
4.167148675647625033e+00
6.254642101625258022e+00
5.539908550425110434e+00
3.004790401207315220e+00
2.826476584583721419e+00
3.679414662336404351e+00
5.604516467761887277e+00
4.337477734383711869e+00
3.037026193201680435e+00
4.558997429356353770e+00
5.086837181013732945e+00
2.821181258104061396e+00
3.656696585961467960e+00
5.415160799304802097e+00
4.559573326288439254e+00
4.586146949618473023e+00
3.926237100273364700e+00
2.555331598523399084e+00
5.531094269440434807e+00
3.212782950379620583e+00
4.591105462396066983e+00
1.896535085479164495e+00
3.904506955095652376e+00
2.689135964393559508e+00
4.164908956870323031e+00
6.162866492381674277e+00
3.519785850569902674e+00
3.117131081617912969e+00
3.444328689703871405e+00
5.684075821768839631e+00
4.057405301254755514e+00
4.449278226014437898e+00
3.961036907488190817e+00
5.399549840663681266e+00
5.158057064138539261e+00
4.300063369740578345e+00
2.922487217541033022e+00
3.398972555863727152e+00
5.521105690305904368e+00
3.421056257268762835e+00
3.042255882914836729e+00
5.227303294697840386e+00
3.878551730320377811e+00
4.167132758678459226e+00
4.674920639171316950e+00
4.949685768853564483e+00
4.138431871012274499e+00
2.678888132537955435e+00
5.616650814477780251e+00
7.213601955671293808e+00
3.112300563018341126e+00
5.248573905872166989e+00
6.914216168302272258e+00
4.465035429378096943e+00
6.925781544801166589e+00
2.702592968456277056e+00
5.121276273959844971e+00
3.824129512520138441e+00
1.639517897771650468e+00
3.743568388891065801e+00
4.286396533181457968e+00
4.113130905597024878e+00
2.385021389612130172e+00
1.569740404744423223e+00
3.634872688071597580e+00
3.539199201426725061e+00
2.837489763051336045e+00
5.044085350078267638e+00
6.566374441956190466e+00
3.700955473334704759e+00
3.933406936376454777e+00
2.787695284940181484e+00
-7.658859503666315405e-01
5.420015743530713692e+00
3.869960599279545832e+00
2.013467633335722873e+00
2.543856119364252599e+00
2.438443743641407480e+00
5.281385101562984907e+00
4.284477317586222078e+00
5.451306553809934563e+00
2.935834086044203595e+00
4.777171145092728111e+00
2.317267146835388036e+00
5.394098554616084229e+00
3.003122166324703635e+00
4.119342350520019735e+00
6.773711426780320011e+00
4.287021450999460193e+00
1.671056249895477075e+00
3.204441818342476545e+00
3.092627206316063138e+00
2.918705734490390391e+00
2.155770030714476260e+00
3.118468999873722503e+00
6.194344000936224504e+00
5.129640534067201330e+00
4.911192910304174930e+00
4.812101115063859069e+00
3.603540332533612833e+00
2.903664320899745910e+00
2.434266352196480021e+00
6.250955830265296775e+00
5.068457203948729450e+00
3.525669927102724532e+00
2.693811395289706034e+00
4.016081109040607444e+00
4.801814498833787859e+00
1.548094997631824343e+00
5.264664956159051279e+00
4.145861865261454504e+00
5.264254703465295115e+00
6.861341758779756717e+00
4.759285811926977416e+00
5.561438897501895795e+00
3.333311863420006738e+00
2.152922411133770808e-01
4.498924084645739008e+00
6.035191108444062813e+00
5.375474623886994152e+00
1.493385928334378887e+00
3.729438417001727846e+00
5.331672243271645684e+00
3.372345628995496725e+00
4.597429515958472379e+00
4.817365754439281389e+00
4.323347358026884635e+00
2.980018147783807692e+00
4.741530778464039919e+00
4.147747974338525268e+00
4.484981528160638220e+00
2.891670120114729237e+00
5.624871397543588003e+00
2.614566662301888833e+00
3.807485464694186916e+00
6.515771474342598069e+00
2.825409611739778004e+00
4.092204560570386285e+00
3.381290095827713671e+00
3.589604685726856204e+00
3.273575179190734374e+00
2.603225856740131405e+00
5.080184681027901661e+00
3.759667633760454653e+00
6.683623478736334889e+00
5.096051145913115477e+00
3.708684780877022025e+00
5.389098299269916126e+00
4.070281247263236146e+00
4.841178071619901324e+00
4.390938923303018271e+00
5.051899170996666300e+00
2.649521261049490928e+00
5.011421560212403925e+00
1.494486221337369525e+00
4.007863060538089606e+00
4.451144058158681638e+00
2.535787962324754563e+00
6.327786736766426223e+00
2.136773747108184907e+00
2.564922988379072066e+00
2.926367646271802236e+00
5.126491226028839776e+00
6.051738663878181157e+00
5.567955837599201985e+00
3.391099783400339351e+00
3.031159340401504920e+00
3.991798508023554515e+00
3.378141317574610003e+00
3.441951791837891239e+00
2.743796465166451704e+00
1.421391574838366312e+00
6.027416905623913301e+00
5.051017973761385171e+00
5.431536608890521478e+00
4.226308803052158503e+00
5.862009868045773509e+00
4.490811493375267638e+00
6.061661670864706863e+00
4.854093910560668412e+00
1.344817122422707456e+00
3.831459812581167412e+00
3.095896573383995154e+00
5.993814541603611268e+00
5.986408934399184645e+00
5.266406585020622089e+00
5.519197172963371756e+00
2.757779150380224031e+00
3.947937404881269430e+00
4.114910200535548235e+00
2.487652044910672711e+00
4.853922767627562251e+00
3.453160711154495299e+00
4.415741031248312964e+00
1.894651708967534987e+00
4.864012805036049159e+00
3.195196011342015030e+00
3.930086251982757517e+00
2.888315258011861619e+00
5.927099977154271393e+00
3.792588896474701876e+00
4.018260749503527407e+00
2.753749300900328212e+00
1.779409184772792640e+00
7.211995292299886451e-01
4.357599068221164273e+00
2.765730013747562666e+00
1.203765719452803307e+00
4.765764271658529339e+00
3.927680029299938091e+00
2.432721589072432078e+00
1.986883908249134967e+00
3.790152287367862805e+00
4.938841206354200430e+00
4.150021903344522478e+00
2.683156557001963982e+00
4.818487248136524848e+00
5.595445299391601068e+00
2.303183363658632743e+00
5.045848127197954724e+00
3.060416208174982611e+00
3.553425589117014116e+00
2.494657826521723187e+00
4.081722167831308923e+00
3.685237751883792434e+00
5.383746149677194559e+00
3.367634568437234854e+00
4.830874400151057735e+00
3.319843365637368926e+00
3.583437220949464930e+00
3.025972717164660875e+00
3.484523108124822688e+00
5.585727677204470609e+00
4.789609674778037451e+00
3.674030830149414228e+00
5.659399001893701708e+00
2.945439351877569223e+00
4.210548314148348403e+00
3.802485225016373871e+00
6.405136437205276145e+00
5.317241917360997938e+00
5.329752590817125046e+00
1.801215703383576727e+00
-2.061234507626119594e-02
3.656690394872384786e+00
5.068488861046716032e+00
3.052080675075673266e+00
1.705293357318212077e+00
2.328869585549910859e+00
2.628070986811516185e+00
5.986023916475384787e+00
2.280225698669096523e+00
4.041590059961613690e+00
4.399002525276634046e+00
3.232425841497895469e+00
4.552852423185919761e+00
4.233636837424308297e+00
7.021170003951732852e+00
5.947408946805252228e+00
2.102604942686915557e+00
6.410277872300084390e+00
4.704826770057087160e+00
9.169876610073985912e-01
3.645993884960932796e+00
3.773463549538574657e+00
2.440349510483720508e+00
5.605657126606054419e+00
4.182720537975426645e+00
4.986448967434426116e+00
2.347522508275098563e+00
1.886680661588225227e+00
3.255959627186592709e+00
4.390149666439072895e+00
4.048638862220766299e+00
4.909684836616126091e+00
3.024341070806570997e+00
4.282550512810585630e+00
2.868672058233913358e+00
5.468708348348676473e+00
4.285148902089678913e+00
5.312773073571348981e+00
3.785253532813740662e+00
6.895742908813923933e+00
5.116190756385474714e+00
4.798125714655267160e+00
2.959189968693308082e+00
6.131380012745889729e+00
3.342001535223692699e+00
3.926985596515061072e+00
5.764088028420618848e+00
3.516091600419684937e+00
2.964494719689191982e+00
1.155637868114159250e+00
5.176905634864418460e+00
5.875682402224843059e+00
3.849258372675016027e+00
4.064298777651844219e+00
5.242171564180817533e+00
3.819561376058103086e+00
1.395218513883978328e+00
4.506670929394486436e+00
3.522634707014774325e+00
6.051516162320116798e+00
3.438758350375709760e+00
1.190546178337196448e+00
1.446871670596771242e+00
2.958538829496922595e+00
3.484514352322917841e+00
2.208704469605262677e+00
4.803034996430169734e+00
5.688201804168066644e+00
6.507199885963681929e+00
2.527813299996466867e+00
2.007963132805128836e+00
6.138650101179894847e+00
5.367510534660456578e+00
4.747107573836281347e+00
3.299941865116683637e+00
4.479336012923234911e+00
2.285393102156037859e+00
2.171178646497093467e+00
4.586444992095783491e+00
5.545344108508521330e+00
3.643439400386951910e+00
5.042896835484799389e+00
5.151879412837574890e+00
5.431377655652014802e+00
3.633540815334328933e+00
4.599023057152138882e+00
3.535353870875876048e+00
3.269462310868276766e+00
7.351841485177572189e+00
3.368570386219342350e+00
7.499866007473309892e+00
5.390665658970914542e+00
6.896914085527779292e+00
3.921496585835877902e+00
4.733417847992165584e+00
5.855461932052150154e+00
2.998751793405274313e+00
4.739008771875945492e+00
2.453607942997717561e+00
3.838622205541834198e+00
2.974090741140538174e+00
2.168919112840892449e+00
5.364401824096399096e+00
4.434611283890927069e+00
4.299660930239125101e+00
5.354304093407902698e+00
1.344593216238761268e+00
4.911464224515179389e+00
3.871001249249751197e+00
3.374034011870033822e+00
5.734669283603224699e+00
5.845213178772909579e+00
3.788621718103948766e+00
3.418592839787547799e+00
6.188975627454389894e+00
7.478806758348498285e+00
4.948318668166525214e+00
4.962666590830890456e+00
5.658223937039522866e+00
4.362030440309990098e+00
4.629200912491707065e+00
5.173892961704136262e+00
5.309364454609919903e+00
3.703607542828933674e+00
5.313012744866842496e+00
2.727732462009711423e+00
5.556719803528086921e+00
5.974967609255605439e+00
5.073823343840659028e+00
4.264236190463692289e+00
3.956674866145947878e+00
3.976289609792544866e+00
5.240118596026847264e+00
4.860481429943572351e+00
2.636797144330913945e+00
3.616128484854129965e+00
4.637660268065489255e+00
7.130890747189960521e+00
4.119908703448582621e+00
-1.246437510289561956e+00
8.104061859447069693e+00
3.687400938021003327e+00
3.715474572822655031e+00
2.965160083719298179e+00
6.118371363534282459e+00
3.281147034229857873e+00
2.836382355814956568e+00
6.440475790265973721e+00
4.226079943486753976e+00
3.998084554769946841e+00
3.757811336787067802e+00
5.712338646795890540e+00
6.024584005309384871e+00
5.118958073569380929e+00
6.637101467833300461e+00
7.022732370098400345e+00
5.609538220419970855e+00
4.342273732015508259e+00
6.491147426353975014e+00
7.396776397691624538e+00
3.113696992556425069e+00
3.826899145402251179e+00
5.818544723459596391e+00
4.510168174227597859e+00
6.057900417832402518e+00
6.143651286565530611e+00
4.881577384973092570e+00
3.145309593136921933e+00
3.277918701328723206e+00
2.064578389156933813e+00
6.357437383536477249e+00
1.908385517589710201e+00
4.581526431526989462e+00
5.067951993057163484e+00
4.444713010009887277e+00
6.814313736404353783e+00
4.848880360884531449e+00
3.235793573311633864e+00
4.710823390935436450e+00
3.936567867588266711e+00
4.746414187869906876e+00
3.851419435063286656e+00
6.173812155888847464e+00
5.461596686548578994e+00
4.732587309135032783e+00
5.162415058202933338e+00
4.955362551045897845e+00
4.981465320307475686e+00
5.243482742906577343e+00
4.680105160664407293e+00
5.814035080718293891e+00
5.873987804107710708e+00
5.818433675446046394e+00
4.400412771608847251e+00
3.853339584899774461e+00
8.552584498991539164e+00
4.482204325084361507e+00
5.243123724394248342e+00
5.148231390587047152e+00
5.728998000254518885e+00
5.223578526170744141e+00
3.745923554806573019e+00
4.500429919332026962e+00
5.378172079591816868e+00
3.848210595748684071e+00
3.021819549953217887e+00
5.765588602648909600e+00
4.450731861627960306e+00
3.136926861313073633e+00
4.111046275138872552e+00
3.561939552374028484e+00
6.122782616148084500e+00
2.981955992594047977e+00
4.909477014027507025e+00
4.847859601143013286e+00
7.946242618246781575e+00
4.134709139689698887e+00
5.134144907994794949e+00
4.698669516608486418e+00
4.276163459733458794e+00
7.288833188148459818e+00
4.253245899854479539e+00
4.207340692062646603e+00
4.155062067186987562e+00
2.313586197788519705e+00
2.290545348404061876e+00
5.839546547988628156e+00
4.886500952978291679e+00
3.768762987933607977e+00
-3.171235331915664091e+00
-2.683373618974949082e+00
2.146962073297519069e+01
2.200542265260544639e+01
-2.093706437421861466e+01
2.034243593849031306e+00
5.069078582536215904e+00
2.725711825321593729e+00
2.182468007015356815e-01
5.018325541698994918e+00
4.763395315538874186e+00
3.178299398208323634e+00
3.839048651246780963e+00
2.611352322368226009e+00
4.372717562110556955e+00
5.838365057032813610e+00
6.301869646983285556e+00
5.796274548222575262e+00
4.326057144189244141e+00
4.649391225160548480e+00
4.680180482878713022e+00
7.528684532891329440e+00
4.696494619584933083e+00
2.772443571940421680e+00
4.225882168907979519e+00
3.990993437003926392e+00
4.532302130144976182e+00
3.277052647765657412e+00
5.463127786482337989e+00
7.584148897024918234e+00
5.116092310141860722e+00
4.333554084782658578e+00
4.795877594297119018e+00
7.056335358775728039e+00
2.784543682882343774e+00
4.138490911522166193e+00
5.935181268789333942e+00
6.701046316937145697e+00
6.719056563011887029e+00
4.475456881365325046e+00
5.302812585782093358e+00
4.363922080821087235e+00
6.187881022255370844e+00
4.026281600962770213e+00
5.653831205642951829e+00
1.703019270596527246e+00
3.541544909139276331e+00
4.179641378308629918e+00
4.492234041321291116e+00
4.283577965687068279e+00
4.974537694792307008e+00
2.881697311319909804e+00
3.262428982299153901e+00
6.044532737911305631e+00
4.708296013509488454e+00
2.439437413041496416e+00
5.742590051206086343e+00
3.678022469346604595e+00
6.054640569296678265e+00
3.972322366314366082e+00
4.030213975219447242e+00
5.295750950698831616e+00
2.718851404321619647e+00
4.409552602069179983e+00
5.661635128009719686e+00
1.524568550479859397e+00
5.306913793098416932e+00
2.063143366332162110e+00
4.904144100955527108e+00
4.660422973502794441e+00
4.338689833562661136e+00
5.871333929137683150e+00
3.529970659591938009e+00
7.008469167990614146e+00
3.759121181707185677e+00
3.881229822785429384e+00
3.796872802124029889e+00
3.971836169724380472e+00
3.810598788264260239e+00
4.671522435390230932e+00
3.385690207587081169e+00
5.350489211342543072e+00
6.307296972602959961e+00
3.648246882798850788e+00
5.226771416930980685e+00
4.098764189222850796e+00
4.230048574706926523e+00
7.058844882241529284e+00
7.462687127106058860e+00
6.256842535688451612e+00
5.281803074774211737e+00
3.988861342972160884e+00
3.849872946648139838e+00
5.820458976096041681e+00
4.812729072939421648e+00
5.195004044083773032e+00
2.215131488097804802e+00
6.268644298348529986e+00
6.386606691175614081e+00
4.018781964158481657e+00
5.859931780040239957e+00
4.749003258450998466e+00
6.101618954745144485e+00
6.513049398683353530e+00
4.078667675415748484e+00
3.749272291844587102e+00
1.695612221287699395e+00
5.595290511066934869e+00
3.768477136846213327e+00
2.772403719085009488e+00
3.461022379281204486e+00
5.953958393653056902e+00
4.378684197945865719e+00
2.342181008307782086e+00
4.493108823457986567e+00
3.096180655835155449e+00
4.390196733565526088e+00
4.485736068831807088e+00
5.789652729328199854e+00
2.821022780227955273e+00
3.080443374835912795e+00
4.364889537664393693e+00
6.607728586694550543e+00
2.912570760272434001e+00
4.413514405745820213e+00
5.706558729292957821e+00
4.342390734595583446e+00
3.271200434772606691e+00
8.293814606197154049e+00
3.795212970075898085e+00
2.430515102506182856e+00
4.325046344856203540e+00
4.217800539365424761e+00
4.153399773873370115e+00
6.297499011672570646e+00
3.996692120425878514e+00
4.137909149727894587e+00
4.752917788640651509e+00
4.611555849647247740e+00
4.044001266547403439e+00
4.618949155725889710e+00
4.501486877264932573e+00
4.290887345071538128e+00
4.573612994451977443e+00
8.321706227997282213e+00
5.668047734532374093e+00
3.619347570028776495e+00
6.752864140736431153e+00
6.446686112199455643e+00
5.164236373472090413e+00
6.411233510776175315e+00
2.252234728506178563e+00
4.969020943231631904e+00
5.652073718607990571e+00
2.538682937049208999e+00
4.677617254501148736e+00
3.180562382427689183e+00
2.207283101199091657e+00
2.348095585367592442e+00
4.198655951174307788e+00
6.161581069089713480e+00
6.212847536762822642e+00
3.978965596901101964e+00
3.475304197027648812e+00
2.255115651417381351e+00
3.346464456320061842e+00
3.943639062494185055e+00
8.171373650735778149e-01
3.716370786895857758e+00
7.495639989035266737e+00
4.442442908374620636e+00
6.560230004643218926e+00
5.619463094272913573e+00
3.532172076509846104e+00
3.617149259099573300e+00
5.181146900063338556e+00
4.746973120875396468e+00
5.899365642013246536e+00
7.864187554564128213e+00
7.081605212376919312e+00
3.997138265525175260e+00
1.522220698058435184e+00
4.808160221840090287e+00
4.938404423768599116e+00
5.920561903010042926e+00
5.431331260541001349e+00
7.517657632911079801e+00
5.365557169407814797e+00
6.930624934067752818e+00
2.400003802610221726e+00
5.876301230732838832e+00
3.522293515774201467e+00
4.328072804556129860e+00
3.666448980084729747e+00
5.495182631617826274e+00
4.767551988248111883e+00
3.263675452916323216e+00
4.158716594863940408e+00
4.641209828089436940e+00
5.626335173640608645e+00
3.880975934050100218e+00
3.914916415524175797e+00
3.857602247705508081e+00
3.062041745149681304e+00
3.596498255551593637e+00
3.734992495256341360e+00
3.078161591381727735e+00
5.012984988152420662e+00
4.793756878630575535e+00
4.438285745191964615e+00
3.854639903027485826e+00
4.561003186866813941e+00
2.532291500115570138e+00
5.613287593715221568e+00
3.217914571796153034e+00
4.516421323364475882e+00
7.375889828230937084e+00
4.900595331196186066e+00
7.546494065953011088e+00
5.937055415680965176e+00
6.488611717406837620e+00
6.370317409376228923e+00
5.159969192995085052e+00
7.638736941116007984e+00
6.587950998144579629e+00
5.120034864789142937e+00
2.968640587741889547e+00
5.854697584549307443e+00
3.872985912410491061e+00
5.648568100409410597e+00
5.916640239734236140e+00
4.180436331978230058e+00
5.505485234508093129e+00
6.248601347522626526e+00
4.948407929159759355e+00
4.595989204954192608e+00
1.904410989400493026e+00
4.565921055199753553e+00
5.192484327466857508e+00
5.478874757252820693e+00
1.833462934733572025e+00
3.886486371135379869e+00
3.168080212405305573e+00
8.705299834455226815e+00
3.196024319621237009e+00
3.849428812533063127e+00
5.764046685485172183e+00
6.315430654194569726e+00
6.897919294795189060e+00
4.245286818569190324e+00
4.107362814251014349e+00
4.143480809910935925e+00
6.946501543448743377e+00
3.135376444692239417e+00
4.641388065479058689e+00
5.125516451506308080e+00
3.071750552578999649e+00
5.622044351297460274e+00
3.434085916120774407e+00
6.951731971486345252e+00
3.342199340744956171e+00
3.933635955398312234e+00
5.407204950983467207e+00
2.944510241996701083e+00
1.171012095247134788e+00
3.218751693719249740e+00
2.009809538418383834e+00
5.825955550477228684e+00
3.990750803542064240e+00
4.906952020642036061e+00
6.505269824197116080e+00
4.659905658276307427e+00
5.474045897882675149e+00
2.790108647510520790e+00
5.378971686502172389e+00
7.776578628094044987e+00
4.630189913773859800e+00
3.814981274127454025e+00
6.156029837920997672e+00
2.823397876347920388e+00
2.979008753893361838e+00
4.142816395626021553e+00
2.554269304983727729e+00
3.578509760132623008e+00
5.038014854613829030e+00
6.803297727981728826e+00
6.328463739887396855e+00
5.004540546793348810e+00
5.704356966238485427e+00
7.611879274357963965e+00
5.468169240367109829e+00
4.114113977495910568e+00
5.514874987273874041e+00
4.535189580031980583e+00
6.131777137895705110e+00
5.704112951771196371e+00
4.346681257852126556e+00
5.596729624586721741e+00
6.484884716878551281e+00
3.281192127278060422e+00
6.137456144457191343e+00
6.302811523019894224e+00
5.614525485026288898e+00
6.671738497711849014e+00
3.838297866994639485e+00
5.290625106412438328e+00
8.293676208018808893e+00
3.835515118789865063e+00
5.741242104794650025e+00
5.930062789699113601e+00
5.673425801875770169e+00
7.143152306999063228e+00
5.318598420220558509e+00
4.047937741830069491e+00
5.827524828719075956e+00
3.973809753149207591e+00
4.009554458795599352e+00
4.563389085618355878e+00
3.542423406406776110e+00
5.227370112367983879e+00
4.108943444212845186e+00
3.510122340619608039e+00
6.428340130243641148e+00
3.586950287816471850e+00
3.895687542318887253e+00
5.981413116791579831e+00
5.664459696965849389e+00
4.925038662472138284e+00
3.568137352817667196e+00
5.836628273653569288e+00
4.462852340754194458e+00
3.687580927144420873e+00
4.590983903014855372e+00
5.764376594532968134e+00
4.141354387024541950e+00
5.070875091782557575e+00
5.968085993111573728e+00
5.309321207351485050e+00
5.785124611180878951e+00
4.330080581799162331e+00
8.994677766998522728e+00
6.929415601084597753e+00
4.399508122238939833e+00
4.145663166500902719e+00
7.586872591892804607e+00
4.823271852868889376e+00
6.746504088806211996e+00
3.958594706926149343e+00
5.986051224922762870e+00
6.472366930906513716e+00
4.560406341637171401e+00
4.598477464896087774e+00
5.508244664082453390e+00
5.945274396212492540e+00
7.078611813146083342e+00
8.609904987937570198e+00
8.224296457378525105e+00
7.187544487680292526e+00
7.172401839753236530e+00
1.026875041451538095e+01
6.537549676525610032e+00
4.817789650735687879e+00
6.798362119036777784e+00
6.857507733151751772e+00
6.634714979196522755e+00
6.287924991630550409e+00
4.754023664062905219e+00
7.580790964209570326e+00
6.997953491537975523e+00
6.397649631127577230e+00
5.057927588378550610e+00
6.945358486717975843e+00
6.704795535283697205e+00
4.461488657608803088e+00
5.421600369954285625e+00
5.315204656744149325e+00
8.473658678203666028e+00
5.222997000895055031e+00
4.939978914876371086e+00
4.442215077753845165e+00
8.273311751342124154e+00
4.232755547846381639e+00
4.315433919037683808e+00
5.024836262682558896e+00
5.375269193845486626e+00
4.637625641080041383e+00
5.945357636388877154e+00
5.434152116703044655e+00
5.842803498302501453e+00
5.964870780164864605e+00
5.773668295733069833e+00
3.708984667356498122e+00
6.766653139382528437e+00
3.086123909389983488e+00
5.203297121143644510e+00
6.315901703526071387e+00
4.471547202496951812e+00
6.704996208571288641e+00
5.418462187043340705e+00
5.235038790484527915e+00
7.973633411913107594e+00
5.926486079097814219e+00
5.388433621644829863e+00
6.655671848306792704e+00
5.377568606854225663e+00
6.296887718185836036e+00
4.721279406320601169e+00
5.023550589114395670e+00
6.093075771401689877e+00
5.768135734503612611e+00
3.421311874688907295e+00
4.359233097240798216e+00
5.589864932267246012e+00
5.865339428707558866e+00
7.822405698228811488e+00
6.682103861690460889e+00
4.205679554991236913e+00
5.785291767774245031e+00
5.014143696811402151e+00
4.538488598117021766e+00
6.436133299951000808e+00
5.018224437840881791e+00
5.204389145665139438e+00
5.604030513110671130e+00
6.184729663658106169e+00
5.731733990204917362e+00
5.606909902809953827e+00
6.739647331770139971e+00
5.930102227449554952e+00
6.841632353878486228e+00
7.484073883058540488e+00
5.640588380450119566e+00
6.033882207491528149e+00
7.556958452401163484e+00
8.225593298323726543e+00
5.571197138292458106e+00
6.819043095940553023e+00
5.387259607696114116e+00
7.409342080568309008e+00
8.619352232185823581e+00
7.643633417494414495e+00
6.827260395755568645e+00
7.558342607525172063e+00
8.223873209365395454e+00
7.326795498139244245e+00
6.962120792192918017e+00
6.365706702016314722e+00
5.804112917832764396e+00
5.315130302061459311e+00
3.921997147837410491e+00
4.574046659177091634e+00
6.033183336098761451e+00
7.688974241438380375e+00
5.563800147426446685e+00
6.277292413043349839e+00
6.233242418189115064e+00
6.439265287975180385e+00
6.905171433708922279e+00
5.878485092853159344e+00
4.526312896628342131e+00
4.697669243338639333e+00
4.164649414738606836e+00
4.920962916853529379e+00
6.635024229002354446e+00
6.569237554723998507e+00
6.340296257033579685e+00
7.560715005498113150e+00
6.880631745304631508e+00
6.555454212220176657e+00
7.617619552713057018e+00
7.633666620736492270e+00
6.184892572906566244e+00
9.700113237420085355e+00
5.115609814547109835e+00
8.079464331627020712e+00
7.669204549150693495e+00
7.342385848440823537e+00
9.650904894551111113e+00
8.292359623340608721e+00
9.888171884990892835e+00
1.149531858971099751e+01
1.064332155104444588e+01
1.291426271257067171e+01
1.258118743379992921e+01
1.281545211188502797e+01
1.290435874610703770e+01
1.062776768481887046e+01
8.061215807897106345e+00
6.100785285030065452e+00
6.260054715351035526e+00
5.758208989399439481e+00
6.798225748688956571e+00
5.145639088850628262e+00
7.529341356536523477e+00
6.143044317526544340e+00
5.053202229593797945e+00
5.525696677617681019e+00
5.182650442191033768e+00
4.241677033383062678e+00
5.570198799171107495e+00
4.533053446267993003e+00
3.775991362860287914e+00
6.738789905433566041e+00
5.423869407909506890e+00
5.968968182352324625e+00
6.460868854628158076e+00
2.993727810499233311e+00
5.836748760397080460e+00
4.937225334265326282e+00
6.682516378554703707e+00
6.342216579317548231e+00
5.390997462198003021e+00
3.956414108160102749e+00
4.509659388588786122e+00
4.689930953398905089e+00
4.436480432213762981e+00
3.232675698239984907e+00
3.952889028239000346e+00
3.348984874152749036e+00
2.680293674020045813e+00
4.151931798691183673e+00
3.809233042454032603e+00
6.290395229224959195e+00
5.343832867620573523e+00
3.211829968136166613e+00
3.507196110495597097e+00
4.452491909078405641e+00
4.920526230913933041e+00
2.835577576971206604e+00
5.309915452510545641e+00
6.298069983862114363e+00
6.693211415063689884e+00
5.633893638286537886e+00
3.730681154658897825e+00
3.518305229301448289e+00
4.661379608200449276e+00
4.989393304890273662e+00
4.994748916672179462e+00
4.596402039753265889e+00
5.405714467481497643e+00
4.670463662252729797e+00
4.387186587245711422e+00
3.682394358544865742e+00
4.246464522018672305e+00
4.895004450727792111e+00
4.644255859025067323e+00
5.227039810965143474e+00
4.614719617378082006e+00
3.534058563943806686e+00
3.385494842595206499e+00
4.607753526394322563e+00
3.183750099311195569e+00
5.773514681884509336e+00
4.241109352582475900e+00
2.565977880743457895e+00
5.109801876086611294e+00
4.004645750743508259e+00
3.149978648791675440e+00
3.722214857175547564e+00
5.469248023298337813e+00
3.586193264499315969e+00
3.068437557478553401e+00
4.453427932905205999e+00
3.254696100365722433e+00
5.213457909864458450e+00
6.044986163738633955e+00
5.939058434015534793e+00
4.369699637203790843e+00
4.691334978166254999e+00
3.906325441884405780e+00
4.066965325968154410e+00
4.044269098072581059e+00
4.345073757323531183e+00
5.391131196280079863e+00
4.985028759247343011e+00
6.139167830033693818e+00
1.577772523418215167e+00
4.982968908662682495e+00
4.544945486919482747e+00
3.988510586514917744e+00
5.212228768199109297e+00
4.571462291333319605e+00
3.305750197387697931e+00
3.285787311360729213e+00
5.629190640086244812e+00
5.661032408141442041e+00
6.003046237114353367e+00
5.028511140998688234e+00
4.761229854700088637e+00
3.442641903100211120e+00
4.342887863610338073e+00
4.343045008370729043e+00
6.389958495744251898e+00
6.425238793172641572e+00
4.907798036947631282e+00
4.625473556081861837e+00
2.856561876382555987e+00
4.297982208975275498e+00
3.777546387948334861e+00
3.883931638412931875e+00
5.503583437506883946e+00
4.364606872465023102e+00
4.384911640501597319e+00
4.313362814512612609e+00
4.558987692613152731e+00
2.798043878785250183e+00
3.798412128091515072e+00
4.798881948098661532e+00
4.989497083656676324e+00
4.370317024174042331e+00
4.379337104828969096e+00
3.991202518869268800e+00
4.520661531238949316e+00
4.510737233391683532e+00
5.616659807607859989e+00
4.849579044643406611e+00
5.201340100822188006e+00
4.740126080569661227e+00
3.371565218502372563e+00
4.838398156017158058e+00
4.237139700444859436e+00
3.809763730417929040e+00
3.140083784856482207e+00
5.288569770260529879e+00
5.242147195957654660e+00
5.028975766493465116e+00
4.752278866770997645e+00
4.361766527071913480e+00
4.677985094793755572e+00
4.130779243631907960e+00
5.034390708289277150e+00
3.787885144665323889e+00
4.806584920602405830e+00
3.821320512835554073e+00
3.512328974117658209e+00
4.131075779508756263e+00
5.360563883465147228e+00
3.936159827058618443e+00
5.204984575956990156e+00
4.159449602063831186e+00
4.709026572081079109e+00
5.462958435789741607e+00
5.249752202705896487e+00
5.287114714190839670e+00
4.702918401046794372e+00
4.438792586949138474e+00
4.126566450554925325e+00
5.871430080294892662e+00
5.408289356780557000e+00
5.632080294119535147e+00
6.231850293834233945e+00
5.302956744524946586e+00
4.847399580121612317e+00
4.772183906915438811e+00
5.611951763207955857e+00
5.130650695777832837e+00
4.147283769774750439e+00
5.728004596080150002e+00
5.459615463421118697e+00
4.321351563167492138e+00
5.489718448139940143e+00
2.220898936385799605e+00
4.982099192233111040e+00
5.365468945510837528e+00
4.730462997130868708e+00
5.287495784294041989e+00
5.554783503512355836e+00
5.744379091267300730e+00
2.600726820739474920e+00
3.456364463367298967e+00
5.153846934751579845e+00
4.752124979508463909e+00
4.946908991089505214e+00
4.673281340444511045e+00
4.666939666072908999e+00
5.185974082177732924e+00
4.926997635916809060e+00
4.829672666692940375e+00
4.713935585673823425e+00
6.098275902334693299e+00
4.208237018439586308e+00
3.571910072160955796e+00
3.363866073219593744e+00
4.615590584480294467e+00
3.301175277184362322e+00
5.784277945466004489e+00
5.430548919328043844e+00
5.584021804625623808e+00
5.568770178265350701e+00
4.248912769273720968e+00
5.954710982408737863e+00
4.244897988320195381e+00
3.637855562777645435e+00
3.944074533470165012e+00
4.539694880502435304e+00
5.345645489758434010e+00
5.478730593573027718e+00
4.444438741090640299e+00
4.865354315449474498e+00
5.114170230093613156e+00
2.816101181023728639e+00
4.813082074517323505e+00
5.377755767310946844e+00
4.358148622511019532e+00
5.449660443639039897e+00
2.790472237490955187e+00
2.826408374332438633e+00
5.449035356209508407e+00
4.554154346987359325e+00
3.143534624053853310e+00
3.608294898547339091e+00
4.843105395830368032e+00
4.625331215338361446e+00
4.424768534135724352e+00
3.663357802608387725e+00
5.207523435442052318e+00
2.878360568092657612e+00
4.261903445854453132e+00
3.812597159953523995e+00
4.179773465060446114e+00
5.026476972875239646e+00
5.781956737304600580e+00
5.219328527486898572e+00
4.106214343881007700e+00
3.624938005473615554e+00
4.549760229253594801e+00
5.420519588405874778e+00
5.999595516450803245e+00
6.087524947400905440e+00
3.862314692548383555e+00
5.234040017900119857e+00
5.260040430008947610e+00
6.172947394535506227e+00
5.336664811989368928e+00
5.729204694907219952e+00
4.260099438988306453e+00
4.448153762564078129e+00
4.084548200096200787e+00
6.333526389446480387e+00
5.804588485152170740e+00
3.197639257065023166e+00
4.070784597256189130e+00
5.919402540901220533e+00
5.924056405667549541e+00
6.232682775424055244e+00
7.172020346503076738e+00
4.873890564999221908e+00
5.562297366796139286e+00
5.647246496421497675e+00
4.956403576107059727e+00
5.401524742928851097e+00
4.719591369630180999e+00
4.173096320358574474e+00
3.871174142451442535e+00
4.569436443972700879e+00
4.058526521047630453e+00
5.091397296522559124e+00
3.797092255457779064e+00
3.241962530370672724e+00
4.900957221991803614e+00
5.965588795556802992e+00
4.893258800072239012e+00
4.423175828652516905e+00
4.348854489448511274e+00
5.360715721257308886e+00
5.327475279380261775e+00
5.267931022336661329e+00
6.045548242747793566e+00
5.099627909261175596e+00
5.146310306391201905e+00
4.772382706121716112e+00
4.498946065942127426e+00
5.449771547560209761e+00
5.058260335113940798e+00
5.259383583277207563e+00
5.247930834930436106e+00
5.927520622155745933e+00
3.808319987146968622e+00
4.069593191431054358e+00
5.582614818022188174e+00
5.349821253520363307e+00
4.368633692643612676e+00
5.549845371259704230e+00
4.638687790990421611e+00
3.341216770878525200e+00
4.624702453541542191e+00
4.003225355182601142e+00
5.407290551366843445e+00
5.020131483529336691e+00
3.684244051253264818e+00
6.010846978179333000e+00
5.845934590088294414e+00
4.704337200852527268e+00
4.007002040767364548e+00
5.398697884318282902e+00
4.772004864767618315e+00
6.243050492702198362e+00
5.013353608329271793e+00
4.895119681005088097e+00
6.288675536455514248e+00
5.358427781809726120e+00
4.224502052883693182e+00
5.264299667917823555e+00
3.446185828296258524e+00
4.358640806242885191e+00
4.586406722559267735e+00
5.124682210965315399e+00
5.719085406473141120e+00
4.052016072640892475e+00
4.491171295408332043e+00
5.283782038350460120e+00
4.953281549772451164e+00
6.935536794085914281e+00
5.857928672294582917e+00
4.461993101448460841e+00
4.669881148607887944e+00
4.699152817393661863e+00
5.619411090924519847e+00
4.799119630042635976e+00
4.303471397736824855e+00
5.056285165668400694e+00
5.407291449252347171e+00
5.030166212226930611e+00
4.391117151317179612e+00
6.191804631546481197e+00
5.638467140137708000e+00
4.269702998489027124e+00
5.077559192235729491e+00
4.944453884920215536e+00
6.294196941745540563e+00
5.979674123920032613e+00
6.161381426326036248e+00
4.900502872096511808e+00
4.706554285672909899e+00
6.607721994144788447e+00
5.480857755793343777e+00
4.569401986588174758e+00
3.378311862229986140e+00
4.479282631513903823e+00
5.288312256708187498e+00
4.851401217315713055e+00
4.347915876184345940e+00
3.709879723483822112e+00
5.498202944618213017e+00
6.240305827612642631e+00
6.431159631471711435e+00
6.322135750158986767e+00
3.943801975117211533e+00
5.468905671239461697e+00
4.604655361044909689e+00
3.459938475043949246e+00
4.832224429797246756e+00
4.776858400972774810e+00
4.851985650616668977e+00
5.199097681632128598e+00
4.012250823962541624e+00
4.712229489067327748e+00
4.782150335336528890e+00
5.608729858357437870e+00
5.365904356872043479e+00
5.581107700486189316e+00
5.346927123674022120e+00
5.320636726535377115e+00
3.394898627421803372e+00
6.473206296049230701e+00
4.041845226592583273e+00
5.203925431082315534e+00
5.057991512992477290e+00
4.940769098984938879e+00
5.737210996572652988e+00
5.359221650259407888e+00
5.029392443172058691e+00
4.825590335576951162e+00
4.831131489486717889e+00
5.167630364132619114e+00
4.324558959098452782e+00
4.893443230723522497e+00
4.548843344031092251e+00
5.281395613544838774e+00
5.441641605930306547e+00
5.216198142222729039e+00
5.726223175248058794e+00
5.901342610705626157e+00
4.313456993982923926e+00
5.293228831889046582e+00
6.380925764295477087e+00
4.931992935111513710e+00
4.010864007581520063e+00
4.954615213912615168e+00
4.517305207438471193e+00
3.724488319468767461e+00
6.106175527137942538e+00
3.742057710852539021e+00
3.842479201897631036e+00
4.043445261005369495e+00
5.977136255869786474e+00
4.112597555292171414e+00
3.852034591099715133e+00
4.608130637466638646e+00
4.723451561942330734e+00
5.838070207957765767e+00
5.609489010011926347e+00
4.361138912637178677e+00
5.976208989462358900e+00
5.352685924000843976e+00
5.011027110364322468e+00
4.544773794398899724e+00
3.829975228382307861e+00
6.201263809152229634e+00
3.783722012189969508e+00
3.136813149707245785e+00
5.287506631258838574e+00
5.210517945479217872e+00
4.250154683219001583e+00
5.856359572786240086e+00
5.014503613278379568e+00
4.963338824575244779e+00
5.712364342772342063e+00
4.504469644605808121e+00
4.846470198061036960e+00
4.898326162930072947e+00
5.443891658743578610e+00
4.346026817882561843e+00
4.224623190466591183e+00
4.004744796246713534e+00
4.909735686182794545e+00
6.139249290526294978e+00
5.589853914956837144e+00
4.533606218050959313e+00
5.893777941860058434e+00
6.418938830612743729e+00
5.352906692095987573e+00
5.735921504276321414e+00
5.906723987165563905e+00
6.079456494107933651e+00
6.119814240328999233e+00
6.118790281808510478e+00
6.286067264711237002e+00
5.962034859771600637e+00
4.912200121423008881e+00
4.527318293240631952e+00
5.086596205338407728e+00
6.810377686291301025e+00
4.390856032864479452e+00
5.041635787342453767e+00
6.589988577436485251e+00
4.903602068442958206e+00
4.833290815131988438e+00
4.787081723840369563e+00
5.815787102672609343e+00
5.954509804758343350e+00
6.056926254629792616e+00
5.530175240981360041e+00
6.045192126686651513e+00
4.710572208778957659e+00
5.581508242740013337e+00
4.462133185929343604e+00
6.475687828933622825e+00
5.997177224222269842e+00
3.987652701741196459e+00
4.160343234963606918e+00
3.992167158420666162e+00
5.145513084915474877e+00
5.218756562816393441e+00
4.674135227770277012e+00
5.190399963477279499e+00
4.314564468656616469e+00
4.108185726118882108e+00
5.731386757347329386e+00
4.220746236225873638e+00
6.302161478606204348e+00
5.227188002355618757e+00
4.522571995702818093e+00
4.044372531266883009e+00
4.916726860825609613e+00
6.345298957696453357e+00
5.034056621325968983e+00
5.059775160942316496e+00
5.317842102584032560e+00
6.628581225467032212e+00
5.260416232877333620e+00
5.205260321862641426e+00
5.142518430878850744e+00
4.238720649453663114e+00
6.051536825102941108e+00
4.242120519351328944e+00
5.329548508526966266e+00
5.190693962754981072e+00
3.375772249019352689e+00
3.649088502978442339e+00
6.513284879022975815e+00
5.900982878273532961e+00
5.716775338865360823e+00
4.903668622719612458e+00
4.657550604957446438e+00
5.086710891708129623e+00
6.197031030672745189e+00
3.963697920719661205e+00
3.198984826133739467e+00
6.706437965451070404e+00
6.092276602360977122e+00
4.542863052365116339e+00
4.832722113155783816e+00
4.698006029216381663e+00
4.532838496562889397e+00
7.368877494400205563e+00
4.546196450685074275e+00
4.623544794409429670e+00
3.775940355030449336e+00
4.495969050636282383e+00
5.677731390379668674e+00
6.331763464639739603e+00
4.849765187785328280e+00
6.119161726593374873e+00
5.679195708793649544e+00
4.282783024245845560e+00
5.130903434581264300e+00
4.727616774994948479e+00
5.182155958115998828e+00
7.117557928755873675e+00
2.892499330336280927e+00
5.415393325790773815e+00
4.911565619508095004e+00
4.214670090499845756e+00
6.533215113199483781e+00
4.251389567383187185e+00
5.499403291787761106e+00
5.856706302062522518e+00
4.939974667701319433e+00
4.434078883299624074e+00
5.215259906035742965e+00
3.918074344682159538e+00
5.158948159865418326e+00
5.019244351568820761e+00
5.474445552735421217e+00
4.914120681009681135e+00
5.265612371267424763e+00
6.983555028678297916e+00
4.720111938871115242e+00
5.635065118426999753e+00
4.672672951487456316e+00
4.837168106772271159e+00
5.361777538730179593e+00
5.445559141753699706e+00
6.587861697391080185e+00
4.757845838800912830e+00
5.728006072260948933e+00
7.005976327702335027e+00
3.927719397170426952e+00
2.512105745899794407e+00
4.448527326557325523e+00
6.170359490370711519e+00
4.596123357102032791e+00
5.370555354999860143e+00
4.811827451674183465e+00
5.182375979324438831e+00
5.377628037757174795e+00
5.133501826958396741e+00
4.316381542714125885e+00
5.353544746278644517e+00
4.253185192680780879e+00
6.975642428925834970e+00
5.662495238272016174e+00
5.245189810770369832e+00
5.268073059993915841e+00
5.126313786033180442e+00
4.809043800970861149e+00
7.211046324352097692e+00
3.230990622240789811e+00
5.743876576779641141e+00
4.807018579627435173e+00
4.530497303929037933e+00
4.958203701426548093e+00
5.482170195060056983e+00
5.977475547779956599e+00
5.405343606999316819e+00
6.168382484651474762e+00
4.775539370584392707e+00
4.730937574692527292e+00
4.831288620524140320e+00
5.703289442432698308e+00
5.948944208850734938e+00
4.989184019011450033e+00
5.972328088312349514e+00
5.438598264818828021e+00
6.476444405796973669e+00
3.061582162303476018e+00
3.997779373308634199e+00
4.954170198728151675e+00
4.826201149410412228e+00
4.405837047978568677e+00
5.487534594328217885e+00
3.805875530645024263e+00
5.799428029646940708e+00
5.250483315874289403e+00
6.419258667880423097e+00
6.188273682342242843e+00
5.846174656409002246e+00
5.102230075716902569e+00
5.531642126703355977e+00
5.459401470089398245e+00
4.412398282132013350e+00
2.848861463786663162e+00
6.268863898597978768e+00
5.150519086145321168e+00
4.956030984593093436e+00
4.869711205206413318e+00
5.526182261717424105e+00
4.860883223368833939e+00
4.262712087449189724e+00
4.176276602184716857e+00
5.068484282489945869e+00
4.986094342148160941e+00
5.579102177691249054e+00
4.938250789442338196e+00
4.796361890959309981e+00
5.751547414372747191e+00
4.886079657194843051e+00
4.896376861554054827e+00
4.398745477821116800e+00
6.674264256008379803e+00
5.274148807170154996e+00
6.652626117767191261e+00
4.930024443273944179e+00
5.293050174795464358e+00
5.036592752664488692e+00
6.029534868924456781e+00
5.201077352071305171e+00
5.318368526203443913e+00
6.142536714157742495e+00
6.034593729930434414e+00
5.879520643188594242e+00
5.307415891464191127e+00
6.558250482998053243e+00
6.144583806370405021e+00
7.044822576916730306e+00
3.891100556398514598e+00
2.893073640722684026e+00
5.588873403665995276e+00
6.357078302292646477e+00
4.132658045835529315e+00
4.179192760544623297e+00
5.062962834703831128e+00
5.448254937936003905e+00
7.967177351371808491e+00
5.128288876186830159e+00
5.220558382023091859e+00
5.476783421406500096e+00
3.581130763797347960e+00
3.977178096659943485e+00
5.243479613656004013e+00
5.331941943587327870e+00
5.363167242321950745e+00
5.928007216471872454e+00
6.930251725023454767e+00
7.493649159857675990e+00
5.985956487220388311e+00
9.695738767614599851e+00
3.495516614939610189e+00
2.837690281936119163e+00
4.629769354676563253e+00
6.029251228067559865e+00
6.550005774642876588e+00
3.807568106779527284e+00
4.034796649887669950e+00
5.022676376920903962e+00
4.860616723023426289e+00
4.573667053377596936e+00
4.375352490935819461e+00
7.222185032064721177e+00
4.410247131628145745e+00
6.983832357900165100e+00
5.916656021349147920e+00
4.283287345899103649e+00
6.926843551141320887e+00
5.650724272110390523e+00
6.023943217356857005e+00
4.197113301243025063e+00
3.567807288678622513e+00
5.574212864978579596e+00
5.694711737824634135e+00
6.587458719086631831e+00
4.693804479893096016e+00
4.266580012240707376e+00
5.124350180546892730e+00
5.817438503704568831e+00
3.989603554594724599e+00
4.109320409510161198e+00
4.984633856891193204e+00
4.688235189895248567e+00
3.695721211105873483e+00
3.018971756889771374e+00
3.742236840653208496e+00
2.325048958211720418e+00
3.893927884369488002e+00
8.998733754035006527e+00
7.572181202854736171e+00
3.545241112084879909e+00
4.158572828771568197e+00
5.060100921201029500e+00
3.988024559251624801e+00
6.312344486131745036e+00
6.704930988926332880e+00
5.810492049528383163e+00
4.552223560432391736e+00
4.685379132850949091e+00
7.646117263231292149e+00
6.403730275383578530e+00
5.641141375555035253e+00
4.509747328361585872e+00
5.578821768333900089e+00
2.711027272218109907e+00
1.055219756100852102e+01
7.009194997068504129e+00
6.058755650439520579e+00
6.301697546310269793e+00
5.998208360629315727e+00
6.194002342211454071e+00
4.329350409464341354e+00
5.137032240262597860e+00
6.030474573747330425e+00
5.157989681760530409e+00
5.858218550070815489e+00
4.671847873889147351e+00
4.852122442316136208e+00
6.481470436495160747e+00
5.398486959407417629e+00
4.348345494142931145e+00
4.982048846213005255e+00
4.480584581359197571e+00
4.902742460969783167e+00
5.351332799865459400e+00
8.422078947867143839e+00
4.552064442726548421e+00
5.433933732292474339e+00
5.341203836923961390e+00
4.913148850614478924e+00
4.792691023244929127e+00
4.187300194227311145e+00
6.362358057706678949e+00
6.430617808180218553e+00
5.912004019641304176e+00
4.222871073783950990e+00
5.081028830287793063e+00
3.908795774358235331e+00
6.168368329081628687e+00
5.352524407409330109e+00
5.664865436396131493e+00
4.845814308760931333e+00
5.601936004316980799e+00
3.678802008254850708e+00
3.892544500140089792e+00
4.949637535392440668e+00
4.460415753568481634e+00
5.347385486188318104e+00
5.050313307600014845e+00
4.762730560893308152e+00
5.302023036872713924e+00
6.125543575273419528e+00
5.189448944397285324e+00
5.011940688650970088e+00
5.001092282567170422e+00
6.791340155801808720e+00
5.255445009692924607e+00
4.781532826452661311e+00
4.629279787638972188e+00
4.879990405497424355e+00
5.686569014484433637e+00
4.498637757273063364e+00
5.922922050283808915e+00
4.260581579934838103e+00
4.542305678273430125e+00
5.640826620410684278e+00
6.231346486036891896e+00
4.246648244827069263e+00
5.134875308664152094e+00
5.906554491731249357e+00
4.993276475984139040e+00
4.224822227615652181e+00
5.814303023287069827e+00
5.590382233790739619e+00
4.391138896240615708e+00
4.299568797061048997e+00
3.881580275364635568e+00
5.559216694558609895e+00
4.487633371168673335e+00
5.531921637533487868e+00
4.029404175881250438e+00
4.992738334196149097e+00
6.617225776620690780e+00
5.623760292248463522e+00
5.122951957781947563e+00
5.103913892166169752e+00
4.126446520799079920e+00
5.466005990150910598e+00
5.512107478245016345e+00
4.854607222194773364e+00
4.817511937135626532e+00
5.306226829536329070e+00
4.617904213274703906e+00
5.625362159578538801e+00
5.501152586820089674e+00
5.709071625445123033e+00
4.174428925188911066e+00
3.031283861518638378e+00
3.525488611392801896e+00
5.439642104364076580e+00
5.483270637236506317e+00
5.401276755226189330e+00
5.111222019262246619e+00
5.889245315848616436e+00
4.523212050692755781e+00
4.814236531532262831e+00
4.937347208594859538e+00
6.169664064004822812e+00
5.632611511549999506e+00
4.213895153104087576e+00
1.806179769443654992e+00
4.534416957272018323e+00
4.171409316557157076e+00
4.739493247013157884e+00
5.386197923190128023e+00
6.688652844957298171e+00
6.792991949387644723e+00
4.026445935448083269e+00
5.629542290102854452e+00
4.821284086447037431e+00
5.685775426110943442e+00
6.695956967579994590e+00
6.367680975278748434e+00
6.527909778561038046e+00
6.684967239616034895e+00
4.329966075282317028e+00
3.339995340456142880e+00
4.549483471973355897e+00
4.003276451739855801e+00
4.898001690735748426e+00
4.972181125175939798e+00
4.161558882860624031e+00
3.962087281194968114e+00
5.403515446486682805e+00
4.368816284661673599e+00
5.227450108088520508e+00
6.411009478396058725e+00
5.970932383156462464e+00
6.581025863666620346e+00
4.702076340800187992e+00
6.567807551249532416e+00
6.872155349675940883e+00
4.267297155402173914e+00
5.315362336633777218e+00
4.454760533412732038e+00
4.275714876145638499e+00
2.396485444102898210e+00
5.436119394893294654e+00
4.018174414958830098e+00
4.520625350343058457e+00
4.972965327253143109e+00
5.209790377641618342e+00
5.307101964970062369e+00
9.420713568743913413e+00
4.757202361651377664e+00
2.146452470909284926e+00
6.971404674792803569e+00
3.846407682442503084e+00
5.634829771780830221e+00
5.555089088300750433e+00
4.976055243878056089e+00
7.041002344655341361e+00
5.916818911857223640e+00
2.906206441624517467e+00
5.824227748585300901e+00
5.306895577995118352e+00
5.272847454554030477e+00
5.427483526389631052e+00
4.447442475923308436e+00
5.652567938265317338e+00
7.394477026590830171e+00
3.611418240781045341e+00
6.990715072511719086e+00
4.916221095864502288e+00
5.809228568582448737e+00
6.170664720730420605e+00
4.670287080076973574e+00
3.785716305187271313e+00
5.131247709413898406e+00
3.858195434626690012e+00
3.584005575054655779e+00
5.504590219756611447e+00
4.807984415706261672e+00
2.761856355609629610e+00
4.391287693176892937e+00
6.090318744874301693e+00
5.106503784854122152e+00
5.413807141109565180e+00
6.288884669363161706e+00
4.994945850675058807e+00
3.501108378972506152e+00
4.187466936946023566e+00
4.940064176470329471e+00
5.027238633416125424e+00
5.167398239879976707e+00
4.986161065313035934e+00
5.701741846107206690e+00
5.308649714960445465e+00
4.078066828592725734e+00
5.220463812826380945e+00
3.936078503330932676e+00
4.688871929580865405e+00
4.880875804349003033e+00
2.561400421307008735e+00
6.931925875701486106e+00
7.732368808029908891e+00
5.862496291312003116e+00
2.224080787264664849e+00
5.207889665455421202e+00
6.047082552190156335e+00
7.087814300499342579e+00
5.704035360743375804e+00
3.155421334783480969e+00
5.521836183037521550e+00
3.004592714201180126e+00
2.820814999158544722e+00
5.547270478327516408e+00
4.881399049312921790e+00
4.451318888509512739e+00
5.228775962998964744e+00
4.895841818898675868e+00
3.228572161106296079e+00
4.860721269954227708e+00
7.593148094749601285e+00
2.766700208569038200e+00
8.411199396865937317e+00
4.128607354365938509e-01
5.194229603610076573e+00
3.895702377127934657e+00
4.907491878741730318e+00
5.719939098122127419e+00
4.256603363958089581e+00
5.300887335200497041e+00
5.465613371851204327e+00
5.697987077879985485e+00
5.878179177494030405e+00
5.193822403130183396e+00
4.557402930339327973e+00
4.997331613204827327e+00
4.913728408278082327e+00
5.776368932907383069e+00
6.393972830558961817e+00
4.926784474535280900e+00
4.904912954752605359e+00
5.109232705289866949e+00
3.588745777929145397e+00
3.550400112872817537e+00
4.689611153444678493e+00
7.748241954243963114e+00
1.261064607611976562e+01
2.953333401640754197e+00
6.942164745816294058e+00
4.878634141601110308e+00
4.059904467853725940e+00
5.446786086468319965e+00
6.050784660224378442e+00
7.184936804204568261e+00
7.885524231460379063e+00
4.575921765192276780e+00
6.723286718655569594e+00
4.117265426259844041e+00
6.075190498464374755e+00
7.466836664586922190e+00
1.295145731362938868e+00
1.558899381863574263e+01
2.631291288367705761e+00
5.127712937616992761e+00
5.931688190246543257e+00
6.035839856768722811e+00
7.660910584364014397e+00
6.563771913527062019e+00
6.619648627309340227e+00
7.701717805882427825e+00
7.801376355578311994e+00
6.654277733644248016e+00
8.252467500735612305e+00
7.246639772012279934e+00
6.603578577011677275e+00
6.304045477298990008e+00
5.093680485114178147e+00
6.974009656609750252e+00
5.076028805819817080e+00
9.664492490035561545e+00
3.894800767570770095e+00
5.751772592334396528e+00
6.424729974745421401e+00
6.741224489404396891e+00
3.554983795625061838e+00
5.966829181000741222e+00
6.231116720611711735e+00
7.310059488446518650e+00
4.932472310391123216e+00
8.881822173114937158e+00
3.166252730254301540e+00
3.961748889028717358e+00
5.518836269645453818e+00
6.493083449641408933e+00
7.250719040196758058e+00
5.813015377339207035e+00
4.448231083691716492e+00
4.739452199437517166e+00
4.328649522845110731e+00
4.936092984835539710e+00
5.558394104302390559e+00
7.107662756721591535e+00
5.315806674912508356e+00
5.183844891525501986e+00
4.184922493165142754e+00
6.184588055586741184e+00
4.863544123231261729e+00
5.321427460025266676e+00
4.995335116929467745e+00
5.351274906987674385e+00
5.062887256799522895e+00
2.582562119108295917e+00
9.253326436289984969e+00
3.487154807564689207e+00
5.720257256531199985e+00
4.897438090046496662e+00
9.983386150255526559e+00
5.123433085614904847e+00
6.368945164153001492e+00
4.644821039184602540e+00
5.829235381109922010e+00
4.454924023772554698e+00
8.425837377014545382e+00
4.937251415241415309e+00
5.210455829281693596e+00
6.389205557929958701e+00
4.945535159946532922e+00
6.033656601104354422e+00
5.692009289929918836e+00
4.266400290727171196e+00
3.768520216711382709e+00
8.044030147850170565e+00
7.623488665558579847e+00
3.413657196129644689e+00
6.496876662231582777e+00
6.006122493779998628e+00
4.385094957366997726e+00
5.521970182483059375e+00
4.241929871959549736e+00
7.534448497237561604e+00
9.564310690258501779e+00
1.927171701509031942e+00
5.341900817221340247e+00
5.172097894942103480e+00
5.425865167143458123e+00
4.841193858622581558e+00
4.430430521597314097e+00
5.186403418587717695e+00
6.776111426748681943e+00
3.718328984547867755e+00
4.787561953651481517e+00
5.183994107666880069e+00
6.143711308827853657e+00
4.132395906045934098e+00
3.402917548920550761e+00
6.641675435756711821e+00
1.024699148272144988e+01
2.720184719348316182e+00
5.802329949903196393e+00
6.075158519034262739e+00
5.761892242353320981e+00
4.896345395771626308e+00
5.881845532869429682e+00
7.162660148036116503e+00
5.048058232706145176e+00
4.221713824991433661e+00
3.470804782076462480e+00
8.548685710638107338e+00
2.627671207390782193e+00
6.380390329692927409e+00
6.718560236901596205e+00
5.481036691717529941e+00
1.926154978930783912e+00
4.262864541599750368e+00
5.592122339142899357e+00
1.187218350927303767e-01
4.571625247728643870e+00
3.969955732794339553e+00
5.512751367959446647e+00
6.638634185248530883e+00
6.446096388224092699e+00
3.848984777786187639e+00
6.277984813035478950e+00
4.769763552719375355e+00
5.898784620391331224e+00
4.701859857600638293e+00
4.172495023837297978e+00
5.863649459293689858e+00
7.568353609955623007e+00
5.503555936331359533e+00
5.788572787511946593e+00
4.570302663369703922e+00
6.462611029891196068e+00
8.163965542170140921e+00
3.569906867854111709e+00
7.317703651434796619e+00
4.728804108243398474e+00
5.862464494445774221e+00
4.294874474957490307e+00
5.384436992677294143e+00
5.869857024747179075e+00
3.708215615856929936e+00
5.900844509634413093e+00
4.449309123640734498e+00
4.610705960095473621e+00
4.511388878153708148e+00
4.661172312413238927e+00
5.178039906255060387e+00
4.939312896525015262e+00
5.704203124540784486e+00
7.763620920378012435e+00
4.737964673106872304e+00
6.857556054269499768e+00
5.652270409325874212e+00
7.514849382001797196e+00
7.539010106743709194e+00
7.744609345843561421e+00
4.013798354610285557e+00
7.073872335391371280e+00
7.054196553192739749e+00
6.417047626472532684e+00
9.757928715058451274e+00
7.307579553198337408e+00
7.705730189318829026e+00
8.366043200754726072e+00
8.639334642262509689e+00
8.139254160139529404e+00
8.576446800716832186e+00
7.755364676539569402e+00
9.966707853119002536e+00
1.006330627507256636e+01
8.068790123575425355e+00
8.043835775423914924e+00
9.757880123302394182e+00
9.482966491377245788e+00
9.424742802583972789e+00
1.147145905594141979e+01
1.014993485328758283e+01
1.235829503380565164e+01
1.268595412061066163e+01
1.352587396634463879e+01
1.194601522709334773e+01
1.057507215278055668e+01
1.066674811397220957e+01
1.106662481718099045e+01
1.219030620051771407e+01
1.137878902689454996e+01
1.354308362090870332e+01
1.544057361978377507e+01
1.804646658686210259e+01
1.709985405891119825e+01
1.802633423123918277e+01
1.589891535125194899e+01
1.595225477653235302e+01
1.129418861238255012e+01
1.201768468220149266e+01
1.218942747242149238e+01
1.096944744871364819e+01
1.251540618803771210e+01
1.508202851856903592e+01
1.417141060221259430e+01
1.842162821325813837e+01
1.956704135064971695e+01
1.615478816113247618e+01
1.829798318752275677e+01
2.037667265885318812e+01
1.740337593924572346e+01
1.350529863772065653e+01
1.037509405237688398e+01
1.029733407321785421e+01
1.070768002711294287e+01
1.129940524042119776e+01
1.084046069887951802e+01
1.154109865919245514e+01
1.222601321697950993e+01
1.017509499667072426e+01
1.044702957690537559e+01
9.424459867640374355e+00
8.657860204140844118e+00
9.305227722770942123e+00
1.047637296133919804e+01
7.281729626055430060e+00
8.616257409508591536e+00
9.690818184391162049e+00
1.147452540071146387e+01
1.073651168137111611e+01
1.051613184510631704e+01
9.105964888413865310e+00
9.154178604523899310e+00
1.064280107367721406e+01
8.439228604680737433e+00
7.148485277231070967e+00
7.432558943172951516e+00
7.829821230528453135e+00
7.521995833646940355e+00
7.928246213913294760e+00
1.032353875434704271e+01
9.406811352655443770e+00
6.677264392671812487e+00
8.811988153199328266e+00
7.527544017985220215e+00
6.356956767013002718e+00
7.342585450790830137e+00
7.943559639571738273e+00
5.120429528830248600e+00
7.110359477317949484e+00
6.784917748940658910e+00
6.915576515860950124e+00
7.497028568455411879e+00
1.047275559225190023e+01
7.098200455680073517e+00
7.518955815911112950e+00
6.585810462712050395e+00
1.095205754314048363e+01
2.844388076768674445e+00
5.012213184872884142e+00
8.902010411825143521e+00
7.624637704906789715e+00
8.444518341508535642e+00
1.047657870343883602e+01
2.663682069361952287e+00
4.956159563369003429e+00
7.304760990951391975e+00
6.915135513942433754e+00
7.381841925531586135e+00
1.024912776987559404e+01
4.795275477319507651e+00
7.060225385845211754e+00
7.675098230092164187e+00
5.767770609474837329e+00
4.644981512097522192e+00
6.317661828530464874e+00
7.585952962605241545e+00
5.635706455620213440e+00
7.480481046190899264e+00
4.831629317789836620e+00
8.361213869981142466e+00
4.411170663029734484e+00
7.813239271120402840e+00
5.048626104976703388e+00
7.439893144314158491e+00
1.157364897643390123e+00
1.237607013332911876e+01
3.772022135397593789e+00
3.643005727618996659e+00
4.362731899657661394e+00
6.952981198735720625e+00
1.202322507629463111e+01
3.874517282436133137e+00
9.982333899032125757e+00
6.530280524626499883e+00
1.013577345538545060e+01
5.208219077523752460e+00
1.032745712489996670e+01
5.016038725020768752e+00
4.617561042013658579e+00
7.560064631415440495e+00
7.733615236346020438e+00
7.108522616116184523e+00
8.136838650142454554e+00
6.409162850986914961e+00
9.120703577579998722e+00
1.287725811223624639e+01
7.175037672590769411e+00
6.116229131491107474e+00
4.561865977056304366e+00
4.967544367426435237e+00
3.912003689089787795e+00
4.745995957030476831e+00
2.133458389393182664e+00
6.666036560707098602e+00
1.015515146234657884e+01
1.970639624768822928e+00
5.293500640864049700e+00
5.513835859110377768e+00
6.534438015189216742e+00
4.709329674861876036e+00
2.691281948191937445e+00
1.029622586285886854e+01
3.940574329337421577e+00
4.468201397561794685e+00
3.314780873442864984e+00
5.504411998900022418e+00
4.938025410225886702e+00
1.546906898219713833e+00
8.150353335687519518e+00
5.791792325585497281e+00
1.362862150737273659e+01
-1.473418025841533474e+00
3.912868780110591693e+00
5.434247816814634646e+00
5.186103725724352742e+00
6.987969079875544942e+00
5.034900519381083406e+00
4.086481439281348216e+00
4.681401481093664607e+00
5.003762392827830752e+00
4.921962184290655351e+00
3.820991326734158200e+00
8.042863108027180630e+00
3.125128659155679056e+00
4.805646243164395592e+00
4.103622312007782824e+00
7.952938134821077476e+00
-3.715058287584451779e-01
1.535905936138391326e+01
-3.651791381932894875e+00
5.538582959658034710e+00
3.789013437271835372e+00
5.467154865854383594e+00
5.027153574172687378e+00
4.753484959661615328e+00
5.478223897084919969e+00
3.989454991814792351e+00
6.491216813251571516e+00
5.586587068800881184e+00
6.083668091887715512e+00
6.965335599024639279e+00
5.218308874025945343e+00
4.866829882487241576e+00
4.797559627095848711e+00
4.164151445913264027e+00
3.880026442224921546e+00
4.891641619708558153e+00
4.274505558091509450e+00
9.934233846384211475e+00
4.657438057851244650e+00
5.582358153099317377e+00
4.609348102732768737e+00
4.741998417565759461e+00
3.849506416390017005e+00
4.657699129942646898e+00
4.978967669360591763e+00
4.907555191656216564e+00
5.124703659296378611e+00
3.386015726803689230e+00
5.476088440858254636e+00
5.627983614511606447e+00
5.385837970922198181e+00
3.923698866137001140e+00
3.055180881110752811e+00
5.404138285144825637e+00
3.353185024548386295e+00
5.128316067003681589e+00
4.903368435934437386e+00
6.559370851553709691e+00
4.263737152253590956e+00
5.958945683923945857e+00
5.574328380528585924e+00
7.124288705934247901e+00
5.390232946490730370e+00
3.102021504961685494e+00
5.071329134286752804e+00
5.463935855043096090e+00
4.922921093517595104e+00
4.862025639015805645e+00
6.650288967181775313e+00
4.382989016738330079e+00
4.413804919316087094e+00
6.733529213583463680e+00
5.458992575963817373e+00
5.846133703512276902e+00
6.188139490466285864e+00
6.329755208674025191e+00
5.756121982962799422e+00
6.168535474006378472e+00
4.964049068287294197e+00
7.873402399005010821e+00
6.540598491209616228e+00
5.284534937965363888e+00
5.428995470695249459e+00
7.491238834713257688e+00
5.321311279718907272e+00
5.146769020426912533e+00
7.057386433358432853e+00
4.408104951212790112e+00
6.473570200817483133e+00
5.236605150861056046e+00
6.280260970040876245e+00
5.661794585602457630e+00
2.925793234840114554e+00
5.139719615236231220e+00
8.314895533873974287e+00
4.842571908079183807e+00
5.964044878798571148e+00
6.269995496144282754e+00
7.769411191617550116e+00
6.397310979737609316e+00
5.883209355514312122e+00
6.977704555669885345e+00
5.628306173290344994e+00
3.503388781049191714e+00
6.436280904761662036e+00
6.931514703234011421e+00
5.755806532225784089e+00
4.690315488890585804e+00
3.073592339435772036e+00
5.672403384222657330e+00
4.629021307423277776e+00
5.337523501393310887e+00
6.331127168099757618e+00
7.446918080575393617e+00
4.534439167418127248e+00
5.847668641888589924e+00
9.324623838590527569e+00
1.907085373863491640e+00
5.314796763542855018e+00
2.053396399261706140e+00
5.650575959112468460e+00
5.982763652533690468e+00
2.225450534398218050e+00
6.837008252669573238e+00
4.289167252495073690e+00
6.958531582390319770e+00
3.641460005080500384e+00
4.919609296356626693e+00
3.843351152795385417e+00
4.526511249036793139e+00
3.556015746609357819e+00
5.210757748644772924e+00
5.662081360430806676e+00
7.391692686805738433e+00
5.506235162874119737e+00
4.414227694102015320e+00
4.003695501844914517e+00
5.890538379514483225e+00
8.345920888496248580e+00
2.188764243333217507e+00
7.477999027386688979e+00
3.984194082415343008e+00
5.377302313332130268e+00
6.218045217544872827e+00
5.616736144812710663e+00
4.464936279931977836e+00
8.522836236772754148e+00
6.943119948041667655e+00
8.197432702127764870e+00
3.453996490345720538e+00
4.922472085519713936e+00
4.958185072683241934e+00
5.040128822737363734e+00
4.511452752749745443e+00
5.944386685666946946e+00
5.277923682467777766e+00
5.151841548179183938e+00
4.854642983668326472e+00
7.537490397917443019e+00
6.146422174155314444e+00
6.990932021638458060e+00
3.673497356021303784e+00
5.127293447967383955e+00
3.232793568075878810e+00
5.544515008728997607e+00
3.311437934013107931e+00
1.050172105817997270e+01
9.464866182476809442e+00
9.573478336714117631e+00
7.753449448642211195e+00
4.589903381498051438e+00
5.619543557305748394e+00
1.485707988468090601e+00
8.363821587530393842e+00
6.127677100628726059e+00
4.833659017283905790e+00
5.713088554406801300e+00
4.004655091413589219e+00
4.861300562820830784e+00
7.858090037068501843e+00
4.151168408216969752e+00
6.114890617089733027e+00
5.522591559280635387e+00
7.008977175031180451e+00
3.963410576755677539e+00
7.235786038947550125e+00
6.581407431254970852e+00
7.932971860808581965e+00
5.984714427728831332e+00
4.586776412390909385e+00
4.259471537657335105e+00
5.287620602456579277e+00
3.900678242626621550e+00
5.742129416443406242e+00
5.333447475538252824e+00
5.760399241534865489e+00
6.315505269218259166e+00
2.615494839546470551e+00
5.250388342662345664e+00
2.605203008177861790e+01
-2.564458068434567473e+00
1.008555831279272752e+01
3.505420695553297605e+00
1.443627241769807767e+01
2.029128542467257379e+00
7.554406273149380624e+00
5.439254344945275044e+00
6.318376143313581217e+00
4.240809396250521779e+00
2.979648386107613511e+00
8.033446093151408007e+00
1.843319750771022836e+00
8.372487034647708271e+00
5.756094807866577234e+00
4.875828796625733652e+00
6.016727386470765992e+00
6.335665272583888452e+00
6.288723365650327857e+00
7.546213703467803846e+00
1.321566711023767837e+01
2.705621612736027082e+00
5.475529709279643775e+00
5.137736734090514013e+00
4.991187356060832414e+00
3.773418821359711739e+00
7.630845034951367900e+00
3.467543651960066864e+00
1.278414181180313136e+01
1.455357555409072745e+00
7.200980862321376463e+00
4.210003395272952531e+00
9.326651716172360551e+00
5.344249565653263367e+00
5.188390351385947952e+00
6.938351260771783657e+00
5.090844506933368763e+00
9.052060272863174717e+00
2.089651990795566849e+00
7.994086806077731922e+00
2.812810318995375702e+00
3.915338562653002619e+00
1.805803401964517274e+00
6.945074187000580324e+00
-9.016263208366360971e+00
2.819327515679361085e+01
-4.367941707664736661e+00
6.525418810747861009e+00
4.275595174018230082e+00
5.557409228140372193e+00
3.880969714945883275e+00
4.518147516291728394e+00
4.137492109419578235e+00
3.062350920710303903e+00
3.290190561697493798e+00
5.191407613124094489e+00
5.732008100968398523e+00
7.037139629720437384e+00
5.337883160175764807e+00
3.499179708590287596e+00
4.752759230465102291e+00
5.795813875306926377e+00
7.674466380162581203e+00
1.289352715520974080e+00
1.093155884618288098e+01
-4.178200691425049129e-02
5.844265067868517072e+00
5.412285630305925466e+00
5.653731623955457586e+00
4.163564691415972518e+00
4.673911796929105300e+00
5.494587132511215444e+00
5.525805968159624548e+00
6.546790362375937811e+00
4.701607439956877244e+00
5.728789200208093568e+00
3.336598917583930568e+00
2.758954653756367836e+00
2.546419578506113002e+00
1.453488382630984344e+00
6.194551962424707625e+00
5.827064301600273666e+00
6.289690913874755651e+00
1.039574191114502222e+00
9.931726887025137174e+00
6.497825738731140000e+00
8.005948594957322584e+00
5.123673108398945963e+00
5.640123106199722791e+00
4.170768362907225857e+00
6.522070907216034996e+00
4.934299406653759767e+00
7.102494652091678518e+00
6.234557735890804864e+00
5.808702662365617719e+00
3.834715693587025243e+00
4.649214273730481572e+00
6.167554143239216913e+00
3.114120305081350182e+00
3.553482886174549105e+00
6.245671936657817724e+00
7.228283491926387860e+00
6.625273109642506597e+00
2.890543499955110729e+00
6.207196846871093854e+00
3.152706038181519066e+00
5.348731834089656800e+00
9.095447036397329654e+00
7.191307613651836128e+00
7.025752107674442470e+00
7.958573193124435896e+00
5.467079240401516493e+00
7.772150178540253584e+00
3.075674160158734072e+00
5.061051318911996333e+00
4.739529408987117165e+00
3.858428059746481065e+00
2.455167655414991490e+00
3.019578390342006813e+00
4.239112040477551524e+00
7.108593123229986155e+00
4.697029729940568998e+00
3.608364754582781941e+00
5.593082222263625169e+00
7.007109519243998719e+00
5.740136129348609728e+00
2.339200924783281010e+00
4.666254445490351621e+00
9.820697678809965581e+00
4.991382757061304076e+00
3.116482904224044059e+00
5.731905061296080461e+00
4.662359927741677623e+00
8.395498163108335632e+00
6.321784520886615244e-01
9.219559555251070293e+00
6.378769199649374499e+00
6.443710675379744401e+00
7.223551846646797614e+00
8.640367632542933052e+00
3.925829560152729769e+00
6.569994729339259543e+00
4.294304313251353200e+00
4.610798780957772180e+00
3.009384250985746245e+00
7.931069359962433118e+00
5.810672470730305683e+00
5.318040330790605452e+00
3.686961319857197772e+00
5.689332977516957435e+00
5.759734181543670672e+00
5.168726299762243848e+00
7.367572028385463767e+00
7.040914635989945936e+00
3.471999714288390493e+00
1.792493766291322288e+00
2.145508404515747980e+00
4.431878432024039860e+00
2.815296867494493593e+00
8.249322162680945425e+00
4.819732051678798257e+00
2.081413179534027158e+00
3.195609033493717721e+00
5.342390575708491518e+00
6.071308994923504621e+00
6.182952734137733053e+00
3.844543118362452105e+00
2.143605765652674133e+00
9.122430159428269292e+00
4.469321866378404451e+00
2.759443182111153803e+00
7.162375362890463393e+00
2.420326474476642176e+00
9.680249102917706239e+00
6.987496743482394024e+00
7.368996739530448536e+00
4.899588806791652651e+00
3.266306776210780249e+00
2.493337706415426958e+00
3.049104283913161240e+00
5.866437174771887086e+00
5.010415230024901412e+00
2.617150254019624533e+00
2.243171745334747946e+00
2.568334608938088071e+00
2.732580960191739461e-01
