-3.368922982275947220e+00
-2.421652016371867333e+00
-3.508907149700523309e+00
1.995423077197594708e+00
3.508705193394607402e+00
-2.028947413157242252e+00
2.707619680015513897e+00
6.237325069827862833e+00
2.939357266529804669e+00
-3.561423386529436463e-01
-1.762491557781455054e+00
3.344715523442316929e+00
1.830231178252813562e+00
1.692600102933097928e+00
1.366015472114814777e+00
-1.545415075458729470e+00
-1.095545679741456890e+00
2.368732096609733162e+00
-3.830567852980895083e+00
-3.945086925794219823e+00
3.717874864572137117e-01
6.707062380587072159e-01
-1.721382793572308723e+00
2.783656841067315035e+00
-3.608631286341254629e+00
-2.077707613426094557e+00
-8.764026013346015720e-01
3.198567138613189087e+00
1.316805009930002379e+00
4.562241781639055915e-01
-1.352814753308351214e-02
1.160435585174797612e+00
3.090545860073250051e+00
4.687566215397973579e-01
-2.008390475291013111e+00
-8.490567020096317918e-04
-3.685540016535699404e-01
-2.810254864275390840e+00
4.846664720261373294e-01
5.733725795207190501e+00
-2.789585237940950257e+00
3.154375464142856522e+00
-1.852819149915196917e-03
2.291745742272335740e+00
6.054632721506732373e+00
2.136361619441121018e+00
1.875222281695918536e-01
-6.647718026629592103e-01
-8.611629640548068565e-01
-2.315820867119297022e-01
-1.735440344489548536e+00
-7.630834178996809269e-01
-7.540585570183042652e-01
-2.672581773434667962e-02
8.494006987127961095e-01
-2.443146625218621804e-01
2.911830973120741017e+00
1.653599035673951834e+00
-1.194753032238971446e+00
2.624530537768754002e+00
9.237975053344802401e-01
-1.165590184003034491e+00
2.189972708808400892e-01
1.978081403670453042e-01
4.842441694932517748e+00
1.749396288589358139e+00
1.999912227543721777e+00
-1.342587752884107699e+00
-4.132292597825780511e+00
4.840054669216561578e+00
1.389718679917957500e+00
6.410038509897506565e-01
4.818982332735448626e-01
1.516432339300364251e+00
1.978757669493473204e+00
1.023738549939771536e+00
2.452939569166239231e+00
2.885288014226293996e+00
8.296900709766805715e-01
2.045393226515716201e+00
-1.487581466812111008e+00
3.369280587981495323e+00
4.655590648597106807e+00
1.599847666545654690e+00
-3.318406780361841779e+00
2.115571694972323336e+00
-1.199195394427612804e+00
-5.084884843916562258e-02
-4.688638411490845259e-01
3.650656712207674293e+00
1.047372917336161668e+00
-1.232100922262927778e+00
1.384069930386042868e+00
1.538463869409879781e+00
2.787778409682351466e+00
6.654796857580581593e-01
1.864494447352327056e+00
1.401306818425976486e+00
-3.190300890055132399e+00
-9.465103680365660743e-02
-3.228864016178252250e-01
1.408639109943046197e+00
4.870782812434995002e+00
2.163848122286467834e+00
2.351001158451299755e+00
1.937300088600856229e+00
-2.173350128673295634e-01
-2.690421033552761632e+00
4.776583339704128406e+00
-1.433121832480055424e+00
-3.060784808668657320e-01
-6.656295615330765081e-02
3.617272221339104643e+00
6.724008902701985591e+00
2.917611259681340385e+00
-2.650651426823058543e-02
-1.448345366454118377e+00
-2.048339640371460213e+00
1.609506620466434113e+00
3.905310046194067741e+00
3.936381061053552788e+00
3.232129458975619318e+00
4.571836745223309961e+00
3.231242455031819283e+00
3.122899201037431016e+00
4.358353799444742549e+00
1.659058338113580833e+00
2.098828823942382904e+00
1.421852836751114735e+00
5.238498261778770093e-01
-6.934651114961258855e-01
2.356218815074772710e+00
3.285460904650869374e+00
-3.113390386793525533e+00
4.702877134631748834e-01
1.196954765542632915e+00
-6.318264859924079824e-01
7.334788181260973872e-01
2.491845393155776911e+00
2.378211909201932983e-01
1.898352382829997298e+00
1.905628622691379448e+00
8.456723884831204296e-01
4.707804174062395486e-01
1.263303903851039633e+00
1.943152052240641359e+00
-8.646835831933040728e-01
-6.979624834059325877e-01
-2.364893448208556848e+00
1.172583935106751518e+00
4.896276302532482028e+00
9.047535528621832857e-01
3.713984164261352472e-02
2.853232422060467677e-01
-5.623091820565919718e-01
-1.238325125890082923e+00
3.080539876382761388e+00
-1.475464018954686374e+00
3.155020592100316712e+00
-4.312211174609226205e-02
1.026013945060502808e+00
3.821114751071924331e+00
2.124372318811821092e+00
3.005704060055362614e+00
2.024448874426836742e+00
-1.300036624780209760e-01
1.891738167767795242e-01
2.620724731219380210e+00
2.796191728289473932e+00
2.564290642702827583e+00
3.527127904630362298e+00
-4.359437496680726998e-01
2.001550025775565178e+00
7.393426216745910828e-01
1.877228471990674441e+00
2.951513592103551353e+00
1.877937944783493407e+00
1.126037090275868735e+00
2.969385888491044012e-02
1.982606847812383499e+00
1.657673403216245456e+00
-1.693340183368801100e-01
1.248468543320403024e+00
1.302147964080206943e+00
1.705469582914305837e+00
-4.482468044141307839e-01
6.830645744302771272e-01
1.908775383644542023e+00
-1.520068011534160934e+00
8.937260363458370271e-01
9.080834248227989125e-01
5.949612233237013825e-01
4.263317394610723454e+00
3.639552526566467439e+00
1.345893828596373965e+00
1.591361099851250405e+00
-1.032637468146382131e+00
4.543596988771795075e+00
2.715124002926616598e-04
9.210335721781148788e-01
-7.384946299026029504e-01
2.640713561946532728e+00
-3.912233146540282647e-01
5.350716410851474869e-01
-5.042909543138012207e-01
6.409571022902389448e-01
-1.304339667435621575e+00
4.711217610212683482e-01
2.476702375733528250e+00
-1.432923671576964653e+00
-2.546150301775849112e-01
3.990388592405855306e+00
1.889053497605879262e+00
1.892508526975536620e+00
-4.830814802804723751e-01
2.710860751573029859e+00
2.315775745665678897e+00
1.472567359837314793e+00
-9.923086078441401003e-01
4.106480281752030947e+00
2.023883168661833487e+00
1.423168184026484262e-01
3.148661166047836524e+00
-6.927828510441056409e-01
-2.020681716520766003e+00
2.208243564286829219e+00
-7.327269738508574992e-01
6.976107983683684788e-01
-2.740934530437856287e-01
9.462490015963082035e-01
-2.214595527511274309e+00
3.968813563709077674e-01
1.922958503508420236e+00
2.408276892698567373e+00
4.096433120279543871e+00
1.118926236722523004e+00
1.252332777193458924e+00
2.046636633241806891e+00
4.135488783171989979e-01
7.099271168534087018e-01
1.864097141866893459e+00
1.778435854674035088e+00
2.480850742590891223e+00
2.703039176401702992e+00
-6.876411557184103351e-01
3.860695005601234020e-01
3.458413237874154333e+00
1.701675955297195397e+00
-1.584666425918654475e+00
1.041786163536009002e-01
2.449901095999439171e+00
5.621368211150299388e-01
2.187015050418039230e+00
1.394338175785790668e+00
2.513145382320403520e+00
9.099704068103873222e-01
4.987500801687596574e-01
-1.209066162496123642e+00
3.204900873480025503e-01
9.312638503234861309e-01
1.290953025781305996e+00
4.721813320178976703e+00
2.672968481190117540e+00
-2.749518925207009801e+00
-7.687044539210208249e-01
3.742635246786489844e-01
3.979705358260013703e+00
1.048972917909282376e+00
2.701741628255975858e-01
1.716491904874567043e+00
4.172784121850773964e+00
1.759785564330909491e+00
1.883861961121433559e+00
2.080430534733106462e-01
2.910403936083016507e+00
1.480522114159700031e+00
1.118596751003201550e+00
5.005197073339715530e-01
2.677140407397303079e+00
-9.206212541514908754e-01
5.132825802581630903e-02
1.275261369538567502e+00
3.648781706740147346e-01
-5.648539707559423473e-01
-6.418803681005688100e-01
-1.237457037485306000e+00
1.204165680557192308e+00
1.812064992960741749e+00
-2.814681398685714875e+00
8.593504675410620353e-01
2.295027257144783839e-01
8.046038160531536754e-01
2.210101490169174454e+00
1.386199586727360877e+00
1.105617606443769940e+00
2.206672533315057749e-01
1.329257763998125341e+00
3.347515224803575329e+00
-7.596073562976514149e-01
2.952695865146096832e+00
-1.414113767802955834e-01
1.536521892921797861e+00
-7.181463225321116361e-02
1.935514340945385214e+00
-1.584472706910073914e-01
6.946933871031301111e-01
1.174122024877735537e+00
1.476370720011977111e+00
-2.916138858868213557e-01
-4.301389522718352953e-01
2.236290120516779556e+00
1.160093814321574435e+00
6.861645218696235116e-01
4.257629221360738625e-01
2.176868767324789289e+00
4.969831674109803643e-02
4.357611012762173663e-01
2.187320863773604351e+00
8.818842881148234447e-01
1.161676677789917234e+00
1.046701092994812399e+00
3.294220351797373936e-01
1.689168216412704648e+00
-2.378431668510156083e+00
7.015921203306763054e-02
-4.636836322129900267e-01
7.016862580674598782e-01
2.000708071360508544e+00
2.295555016416170879e+00
-8.393110909358809657e-01
3.319986882967487674e+00
-1.042407729330146804e+00
5.720824753247353289e-01
2.969117153722983904e+00
1.730773309614689115e+00
1.145854426464681275e+00
1.347009580739290113e+00
1.225428624109921483e+00
5.347953681224406619e-01
6.320280490951339925e-01
9.667089552379124484e-01
2.562168502622133026e+00
2.956514329088453685e+00
9.994843118738679921e-01
1.521397035395578134e+00
1.651226699799014597e+00
9.155130907523199024e-01
1.188745751298873499e+00
1.268630943525443922e+00
5.029928481741186008e-01
2.230084532434397637e-01
1.416064624120041970e-01
1.376217822838277982e+00
-1.195475782954478206e-01
4.998878219130947764e-01
1.519021058118890100e-01
1.191884360310579538e+00
7.136378604088992883e-02
-2.803637246053108933e-02
1.577419281073249024e+00
7.990134569306313050e-01
9.851844289502736940e-01
1.560769851245386031e+00
2.516345847866115815e+00
1.824531469065212574e+00
-8.547810587600289667e-01
1.496871192879610568e+00
1.102526253147569246e+00
1.374046973878144895e+00
1.191656405412224284e+00
1.265005897815147939e-01
7.338122825315289699e-01
-1.177417706870689695e+00
2.007312458606203887e+00
-5.786959435900717041e-01
8.103445680251495364e-01
-2.044432139030777362e-02
2.467207048038584816e+00
1.168018712225818545e+00
1.481999390138206696e+00
5.592636500901503327e-01
1.483433455849998639e+00
4.253619890212509969e-01
-1.277212168420536642e+00
1.802438343530122111e+00
1.239979434575386952e+00
-1.104744255447012158e-01
-5.251424634486334675e-01
8.747993594883886059e-01
2.492943176663600102e+00
2.198748895703869444e+00
-2.142091557678481584e-01
9.686289253284672274e-01
2.287898799340768896e+00
-1.550752435750563984e+00
-2.658475280728976320e-01
9.482686755426750214e-01
1.546579893428074337e+00
4.935296709096724799e-01
1.455044586922386918e+00
9.450209239545039885e-01
1.905205847405563091e+00
3.093573599417077657e-01
1.883323572400534829e-01
2.755156053756422807e+00
4.166866847215613401e-01
1.341257261600476092e+00
6.106544404091507339e-01
2.719930948696104522e+00
2.499036579991893881e+00
1.125061467316714747e+00
2.517073984606482906e+00
9.985270202830933695e-01
1.631866701875608339e+00
5.335670197874731180e-02
3.014860068693654860e+00
6.644124261016026711e-02
-5.514876502621164356e-01
1.146688454991726891e+00
1.425292199461201559e+00
1.176709219333480050e+00
-7.825519936890404926e-01
5.540321052866136187e-01
1.903703282438364397e+00
9.636524055734063676e-01
2.026243352545388010e+00
3.191739712205284185e+00
3.884883951328939045e+00
3.151486544755743857e+00
2.727527729946841450e+00
8.849259076841710092e-01
2.444386150173369021e+00
1.859294998560937717e+00
8.485869820089840809e-01
2.536223581745400413e+00
2.269636215805424406e+00
1.931179742336245342e+00
1.162130770405455316e+00
1.573672066324072194e-02
1.791289640423644691e+00
1.248115708321905881e+00
2.733600635553823821e+00
2.547370562944819561e-01
-3.602337242998872036e-01
1.572256415017776465e+00
5.992927828380565369e-01
1.423689382294730743e+00
7.433003757225038477e-01
8.551705063013820274e-01
1.567659066039474469e+00
4.825907016286526963e-01
5.006088465692157263e-03
1.681602757409143667e+00
2.127574802327581782e+00
-1.025848622751210470e+00
-6.473445339737382564e-01
3.775094909280408695e-01
2.053478639344098244e+00
6.168288135284563656e-02
1.592337046606374429e+00
4.789079223409869468e-01
9.579655271665208360e-01
2.032029087091406616e+00
1.196730911774571471e+00
2.357675225093203597e+00
1.440903880512575563e+00
9.790566252886192533e-01
1.866323488703129918e+00
7.262846988916793478e-02
2.706936802396437081e+00
-4.637220400014063770e-02
2.405229790923956390e+00
-8.229203619515782497e-01
2.214643798233646432e-01
2.302179646874815688e+00
9.004725681882156385e-01
1.777529216948513513e+00
2.456450091431980454e+00
2.094905802878519463e+00
7.217239399644088671e-01
-5.341136871236241701e-01
7.931574688291269659e-01
-6.391246683603442058e-01
1.562896181879014357e+00
1.187545417332767528e+00
1.208439474548280268e+00
2.473711196319047900e+00
3.426975398263232275e-01
5.566471416449613185e-01
6.731389345145490921e-01
6.759040184600451084e-01
2.646582530465237948e+00
2.539162884790250541e+00
9.091398792465542611e-01
1.082152182752489811e+00
-2.490228552595445399e-01
9.230191738497051102e-02
-2.703057673348049361e-01
2.171856370836922512e+00
8.140448361609321504e-01
1.569961989361318588e+00
4.163370460834261433e-01
1.356163406046678510e+00
2.860550785829506504e-01
6.457610066724317477e-02
-6.085938789590985554e-01
6.373632174782817295e-01
2.513172137464397160e+00
1.636556044265513599e+00
7.378090693958477830e-01
1.957556978407733350e+00
5.841934488410902571e-01
7.293247634299171445e-03
2.334453964489494382e+00
2.153823820792111210e-02
7.960027991834073280e-01
1.284609632992307127e+00
5.978018682629431257e-01
1.063600578083476966e+00
4.953234588110297931e-01
1.941147261954331071e+00
1.945352677482892645e+00
1.487759469324269279e+00
-6.520254614471959753e-01
1.642811007740331952e+00
2.064331078000323227e+00
6.738933980698099679e-01
1.421646099446780775e+00
8.057032535385744154e-01
1.184551977511282050e+00
3.681039008724123818e+00
2.061497960584630640e+00
2.909732875859372569e+00
2.501488946766333044e+00
1.679670809052974834e+00
-1.681156099452532082e-01
5.285676189336155906e-01
1.383597900566860606e+00
2.006771823332230920e+00
2.349638861441582183e+00
2.432032937793503269e+00
1.887423102548544396e+00
2.558905448564428031e-01
1.775212548795209511e+00
1.999841730983064503e+00
-8.178954460466620890e-01
3.004473765333437463e+00
7.451076725194442085e-01
1.551738893121487273e+00
4.940174641293236801e-01
5.836650430533391054e-01
1.632445398981325457e+00
9.096007527139823301e-01
9.873293444370898619e-01
9.603985656248740232e-01
1.342877128004805076e+00
4.716455384063601430e-01
3.779737633068481539e+00
9.926153798465364719e-01
8.765683200589153845e-01
-6.682812192111273752e-01
1.524760789261871530e+00
1.489967735691450690e+00
1.208676783365606466e-01
-1.654444655781693863e-01
1.478727264926152696e+00
-1.175537119165824373e+00
-4.321380581125482956e-01
2.258482198712224776e+00
1.228542544882171850e+00
7.852318137335495551e-01
2.628601312963155134e+00
1.870045725091975974e+00
2.380184825438497853e+00
1.439870849421444721e+00
1.870312947408287574e+00
1.996282282773495620e+00
-1.206614601137835807e+00
2.018114747584112134e+00
1.623350000797782577e+00
8.272216630743804977e-01
-2.938704833159659913e-01
2.778759399943111053e+00
5.724666843873786881e-01
1.593449816693783383e+00
2.235341941142445776e-01
-4.404897370978997362e-01
2.091804515912988993e+00
2.033376496992376214e+00
1.375345100050310077e+00
1.627071296613227469e+00
7.652874992381877295e-01
1.588963206771082382e+00
4.729816776387386623e-01
-2.780371502123433758e-01
-2.714630590178357394e-01
2.045646677571003824e+00
1.507379099990739491e+00
1.817041170730465671e+00
1.063719796558170172e+00
8.356286699936116280e-01
-7.336949712372716759e-01
1.509501199438957553e+00
3.002132367811552793e+00
9.990789419129738613e-01
2.307773081490780420e+00
1.480487176269546179e+00
1.540516891080258466e+00
7.349188853706531965e-01
7.838567980468490459e-01
1.889681416174257000e-01
1.578681397970368661e+00
-1.218028185935924324e-01
8.616405853829729455e-01
1.574637215548120528e+00
-4.536309307160051041e-02
1.076808478420495874e+00
9.248089953173486144e-01
1.768044832195143190e+00
1.135126898818538788e+00
4.024875995802902340e-01
4.745426923314671752e-01
6.824709924088692148e-01
5.764118902491466301e-02
9.616918586492982923e-01
1.056093999772310665e+00
2.600838068582360663e+00
2.951029544656921910e+00
8.845732924906832828e-01
1.281627062236741388e+00
5.435585437249861318e-01
8.593096504000001801e-01
5.923998796769590625e-01
2.888485166122286341e+00
-8.055069232894694620e-03
1.379773043878282923e+00
3.722311187526360365e-01
1.243024959848095801e-01
1.006357982475185153e+00
5.101341325584496378e-02
2.441467013604709191e+00
1.995649622040436721e+00
6.798070255601842415e-01
2.485226866059209172e-02
1.152781921983181856e+00
-2.161062375775875566e+00
4.952294367477716452e-02
1.863922184117529746e+00
1.143429504801706242e+00
5.975070495900518530e-01
1.281294252320601901e+00
1.758684146153479233e+00
8.641627637669764272e-01
8.344173601376901894e-01
2.318878848904966095e-01
1.748188277443983640e+00
3.348492476677764618e+00
1.475887808643649324e+00
1.852406098889245234e+00
2.459070918959409102e+00
1.079484545988934396e+00
8.253539479886515817e-01
-1.087392343640789072e+00
7.730992668446141636e-01
1.712850390098555220e+00
1.353960391871488422e+00
1.397118780060168985e+00
1.947252520254083352e+00
1.600335057816015372e+00
1.832496309096918630e+00
3.272191157797210259e+00
-5.898242311518531178e-01
2.150612762162413372e+00
-2.206943907938592186e-01
2.374688550711669954e+00
1.338486707568620204e+00
2.550447887121619406e+00
1.889442459359607085e+00
1.410354015980294973e+00
1.514946996433634840e+00
2.064167971907739485e+00
2.943022087125020114e+00
1.705540432209429635e+00
3.600358619657390680e+00
-3.863598304015650187e-02
-7.538268881117227149e-02
1.449053094490087901e+00
8.607235532649170073e-01
1.284777744648582187e+00
-8.153222472927685871e-01
1.440914068114628410e+00
4.213214184744113466e-01
5.604706933155300108e-01
1.439537247030166833e+00
9.352207724520278376e-01
1.593614842469414095e+00
-5.315779558262689886e-01
2.775569103867548959e-01
-4.222327482613037475e-01
2.085180671706357458e+00
2.554357867202855514e-01
1.498307078978438067e+00
1.242926235319425032e+00
1.500237279478549235e+00
2.979791002190905758e+00
1.977923669769876769e+00
1.508018265430871363e+00
1.190761643952328974e+00
1.986684684669073109e+00
2.625214435231434384e-01
-3.348290465163119567e-01
3.607621840560057969e-01
1.288900587382312501e+00
7.923232058668328026e-01
3.315765946575588430e-02
1.435034221253885356e+00
5.686875229837684564e-01
-4.309254823112924626e-01
6.077836358811747886e-01
1.267654470992147786e-01
9.892300069883918079e-01
1.011029803469908339e+00
1.201966184513185265e+00
9.739564361979264895e-01
1.474478362065433590e+00
1.245855210582163197e+00
6.440398644587433941e-01
6.251318517342276948e-01
1.228548785690310785e+00
8.384370954381328289e-01
1.733181337277548861e+00
3.322397543943471199e+00
1.212253544930033566e+00
6.486523266383765751e-01
5.829879326005066309e-01
1.074441465834644616e+00
6.775489525845261873e-01
4.642414795744069789e-01
-5.688079683413883592e-01
7.574245187442030236e-01
1.126963745067529832e+00
2.270254929679675016e+00
1.444993627733617725e+00
8.690665481320158925e-01
1.028304452282323034e+00
4.024111867789332830e-01
7.770062995020377006e-01
1.505689043416961415e+00
2.982091931989596212e+00
2.542185082101111604e+00
1.412975965261920042e+00
2.858181044384679570e+00
1.045666522527447073e+00
1.631968885290172144e+00
2.000750915817116837e+00
2.022857796225168148e+00
2.081825868264018276e+00
9.843516652554791524e-02
1.437459648270849044e+00
1.703274337798880378e+00
1.052490798746409384e+00
4.275033370495810447e-01
1.908451686275602466e+00
2.497258444945197109e+00
1.165891631359711189e+00
3.945025424605597131e-02
1.113154163688698794e+00
1.245144990973824140e+00
1.304032341229967917e+00
3.263943295065211636e+00
2.349388330807780090e+00
-1.375384028520872937e-01
2.430041606618034145e+00
1.512902818324585175e-01
5.497579696242574920e-01
2.419931029536591671e-01
1.806572034828234141e+00
8.665870048225035038e-01
3.578774936752677216e-01
8.326315102054744344e-01
9.360887962382637983e-01
1.183466083542867420e+00
2.211343012498706795e+00
2.025242227510615223e+00
1.902197112581077487e+00
1.677569068534637831e+00
1.107136843971493034e+00
1.379712012633503182e+00
1.280925606017399687e+00
1.597732335280689364e+00
1.034136697978824460e+00
1.072346080573359117e+00
2.160192865501848303e+00
1.304220141826272439e+00
1.102352124160632663e+00
7.177980451137020435e-01
1.708809164162630179e+00
1.296019800382568699e+00
2.922426427849413866e+00
1.415736037519744528e+00
9.793331272925475117e-01
2.452654725807150715e+00
-6.053164912244657359e-01
1.505839497489417589e+00
1.126630561008999720e+00
1.700263076194373779e+00
2.080947007061564769e+00
1.322200738489941241e+00
1.596210056718112558e-01
8.066589087356902388e-01
1.354926849396381972e+00
9.260482865510442085e-01
8.694186944129355110e-01
9.800009892120546962e-01
1.526476229220991909e+00
2.422968229089491832e+00
2.318195806212010712e+00
2.092542878221089531e+00
1.290414702111596590e+00
1.124816046665041203e+00
8.753755552057532752e-01
1.109856240823434925e+00
3.053055222671787750e-01
1.617292871039694102e+00
-4.466937069164377272e-01
1.393747886026310390e+00
1.250607505849536061e+00
1.457967902677558270e+00
1.307466675587449778e+00
2.918416387236113518e-01
7.951192544191014733e-01
3.504582195349376761e+00
2.522298747401774399e+00
1.639307758868806530e+00
1.765853032952203305e+00
1.111721829114731719e+00
3.728022949178618761e-01
1.386339846943407172e+00
3.825802564220227575e-01
1.148122547157136353e+00
2.422773008832411978e+00
4.362146885253009865e-01
1.498131599330973174e+00
1.689508400543529021e+00
1.847691676206592470e+00
1.525196443024284143e+00
1.550072409040214705e+00
5.073007082085452257e-01
4.906778821700321647e-01
1.623807861399689356e+00
1.450603521783076388e+00
1.754394774007698166e-01
5.986981150008957586e-01
1.805670551410675451e+00
8.176761053880541308e-01
1.463053392006808062e+00
2.099524954316105418e+00
1.879403185888450789e+00
1.640603624466618893e+00
9.422972857052724915e-02
1.204970317095496846e+00
1.839498320144788979e+00
1.437104030792914378e+00
4.987550119704130536e-01
6.098919553955018946e-01
-3.319860740679470013e-01
-2.748011046262988089e-04
1.000010020083012430e+00
-4.423431305171279249e-01
2.089197701706976940e+00
1.017924047664527043e+00
1.720771690435118018e+00
4.923410782465450497e-01
2.344963925793988935e+00
1.802079530555711795e+00
1.380833456363797174e+00
1.057716954651252594e+00
7.528814738601374845e-01
9.673940244714168690e-01
1.786129051651333288e+00
1.295754792779365783e+00
1.525189798625286475e+00
1.522079479342809627e+00
1.749648015258509437e+00
1.239077962885386075e+00
9.029965227798333327e-01
1.080612968232587345e+00
4.566298448276431277e-01
1.275044841322041655e+00
1.292461726127179134e+00
1.756551417380432856e+00
1.823201659937245811e-01
1.225426579437134400e+00
1.658015549822522638e+00
2.569449170600833776e-01
2.075024731735698236e+00
6.951799102084139648e-01
2.279495224160898115e+00
1.547851162865130803e+00
2.102575451333569934e+00
4.488180538701580957e+00
2.609290856867179098e+00
4.992509195367773600e+00
4.639968005010798535e+00
5.480261477263389303e+00
4.045962784948044622e+00
2.453242156303065080e+00
3.256666608899078330e+00
2.995589296408117885e+00
1.630010091467726463e+00
2.391103506312735605e-01
4.921134617908517472e-01
8.681468723220557848e-01
2.117757364955270560e+00
8.066881952498505814e-01
2.319475110280340591e+00
9.271350018998784082e-01
7.774643110232581922e-01
1.326258334719874865e+00
6.050207974717893844e-01
2.164944429415206262e+00
1.955496410712262545e+00
2.917527043686229948e-01
2.210148020494176802e+00
1.738221184163621258e+00
1.471170536523144223e+00
3.016797112647302548e-01
1.502708821585682752e+00
-5.564485005152441932e-02
1.519390596973340113e+00
8.894627501564613681e-01
2.296798092430066163e+00
-2.558619711708891575e-01
1.707662438893622792e+00
1.385682605402638101e+00
1.085193947928034808e-01
8.844468441168841233e-01
1.136951852977240440e+00
1.560479994635249446e+00
3.553834024494502697e-01
2.083634306117434498e+00
7.150070812821194277e-01
1.161956559325675542e+00
1.722967142800017948e+00
2.006171326843202873e+00
1.720998325875640056e+00
1.119012390669647639e+00
1.714235458233141385e+00
1.775220349404351250e+00
1.157676246332542735e+00
1.702352882784966326e+00
9.641248302626195255e-01
1.054068066199121301e+00
4.143401619298419103e-01
1.316001115175830849e+00
5.299599421770164742e-01
1.802849140706934472e+00
1.469958257549820901e+00
1.482069298240992872e+00
1.666186632113219268e+00
1.013686618379110227e+00
-4.147886716128934559e-02
1.461425597005980848e+00
3.854099032978818284e-01
1.588417712628514167e+00
7.997278646586172268e-01
1.514834238197191540e+00
1.639397982638951534e+00
1.250851775986124181e+00
1.000775555562594565e+00
8.891804654342683190e-01
1.981457644386117600e+00
1.001398260739706281e+00
1.211954109975004856e+00
1.416112068801428814e+00
1.637081026286100416e+00
2.453688573675459672e+00
1.296284475562066385e+00
2.295184443785740935e+00
3.779335310579199358e-01
4.772153044118986331e-01
4.402038862768774541e-01
1.597667120318335243e+00
1.515482632874659563e+00
2.304546407409127529e+00
7.901613473454912606e-01
1.035703200220477127e+00
2.397741651347730318e+00
1.288682291867718765e+00
1.158054669277792659e-01
4.214824534567430114e-01
1.149714011203899489e+00
1.800727121334910530e+00
1.638589622906219567e+00
1.117134236900016120e+00
1.092499071753369133e+00
2.187936363757659652e+00
2.574941740272629342e+00
1.209440667729766883e+00
1.119458536854739616e+00
1.452350315470011477e+00
2.671063327605335047e+00
1.374590340604410654e+00
1.207894557411092418e+00
2.338910847508568480e+00
1.221662100444528498e+00
2.426360757794743694e+00
1.810191781108238418e+00
3.816288653306569856e-01
5.122256295765788003e-01
7.599663770271329888e-01
2.409612771285577715e+00
8.045049128046237730e-01
2.554645905308919662e+00
1.339488022505055165e+00
1.952331166798754847e+00
1.292625856862469558e+00
2.643734611627390763e-01
4.666315373451095372e-01
1.403982645379376448e+00
1.398053674965254789e+00
1.394795880087605466e+00
7.950793619728075967e-01
4.993942577762010004e-01
1.469474465442276001e+00
1.957661600810835623e+00
1.748251600367546121e+00
2.063366589861830303e+00
6.453883608753810952e-01
3.091365785329613924e-01
2.706797555832000768e+00
1.819369412085401594e+00
1.144538043598821275e+00
3.424947375601876676e+00
6.830760606879600072e-01
1.941034204190364987e+00
2.790984998607681788e+00
1.267470905192706443e+00
1.179829672388709394e+00
2.235901326269281952e+00
1.880757706117830219e+00
1.461167579150612461e+00
-3.997283785938179346e-01
2.285674072947521118e-01
3.068712212685784646e+00
2.589484993966078452e+00
2.812578242749288471e+00
1.095585496086684874e+00
1.188808139181015688e+00
1.281344134144872138e+00
2.767094371216066495e+00
1.083318728701194500e+00
2.182547518818816368e+00
1.047246532752312387e+00
1.304066701250023552e+00
8.001545025171521441e-01
1.386827280476828683e+00
7.547446332442753203e-01
2.111255889320673429e-01
-9.289965523495442579e-01
1.801768431391762570e+00
1.862116568866973854e+00
2.937446619239979295e+00
1.652403503620817782e+00
2.094509536302277652e+00
2.381480739635229327e+00
2.250765647063004415e+00
1.391423429485620922e+00
2.383550673057009295e+00
9.580254478062190104e-01
1.829608387280774240e+00
7.578867112741439760e-01
2.437446347037274474e+00
2.046572109114282778e+00
1.469946971646924450e+00
2.300064507354799392e+00
2.393149776273237883e+00
1.748768000687672242e+00
8.202280416306328981e-01
1.328532292829465167e-02
5.752110163244008589e-01
2.030407993668456701e+00
1.633516564442605512e+00
1.211401219364189874e+00
1.446844451360100647e+00
2.312137107259241819e+00
-5.551054386387603845e-01
7.639374731259638285e-01
9.775495372599547483e-01
1.913903622525179538e+00
1.037515585107474880e+00
1.865647588241223787e+00
2.085653994458558813e+00
1.047360013950985991e+00
3.608808480500376170e-01
5.901670323340095781e-01
2.927088790008975927e-01
1.459363689647912299e+00
2.829155760183395429e+00
1.601948599548060681e+00
1.289078659168680030e+00
2.103185711811653036e+00
6.992004192540575147e-01
1.244703200501044993e+00
1.393806943731875858e+00
2.800865664822463241e+00
1.528601465205090548e+00
1.456762862925000013e+00
2.022919492683532106e+00
1.511290367490604414e+00
1.341611484410480282e+00
1.086787147921884689e+00
2.136605482838537018e+00
2.458982344366726025e+00
9.446332158735367690e-01
5.372675354789699931e-01
1.854138925821338102e+00
7.166660920000786916e-01
1.577713662846167431e+00
1.269289205256535658e+00
2.224152438461680426e+00
1.902217809443987218e+00
1.357456737972289051e+00
1.434159094404280133e+00
1.538145594084792123e+00
4.641227198621303840e-01
1.461878203367336315e+00
6.662993293957517604e-01
1.077886571857141096e+00
4.010827889751751307e-01
1.644547614414560543e+00
1.027704844194283540e+00
1.582212016721774361e+00
1.097139889478676356e+00
5.527793312066323628e-01
1.933840412574881595e+00
9.712703653814114269e-01
1.162110522330603857e+00
1.209818479409805025e+00
1.036213396636805673e+00
1.131971900449397772e-01
2.037875173860215661e+00
9.510134334234026099e-01
4.908684327556167570e-01
9.846821622365500293e-01
1.001348696502581515e+00
8.633072496102475180e-01
1.528648384905833435e+00
2.048559283892620098e+00
2.201572704432545713e+00
1.860415485343266173e+00
2.224917543244521401e+00
7.859581315774482047e-01
1.519786369184338071e+00
2.612151585332198600e+00
1.945845842153087535e+00
2.301426291540483504e+00
1.429412450249804678e+00
1.068797408666300575e+00
2.001075374667931950e+00
1.026459082613267348e+00
1.093612986025952249e+00
3.588893572543458976e+00
1.668487269498516889e+00
2.596016122428193906e+00
7.840175055697486961e-01
9.500297575891613056e-01
2.483499780024830628e+00
1.653464316580418370e+00
2.333940957788510406e+00
2.180193909008860231e+00
1.908800151101631926e+00
6.272865122597421905e-01
1.635003103938269309e+00
1.382170233512014956e+00
8.645407610405732024e-01
1.463158328236113803e+00
1.025290953214589740e+00
1.077212208856241471e+00
1.754945332335224872e+00
1.191822624160430610e+00
8.187242345730066928e-01
6.232127807100131811e-01
2.211354828756165958e+00
1.458375982997722087e+00
1.145091416541983653e+00
2.033580442832104929e+00
6.217761878783415463e-01
1.905110066560675719e+00
1.887620145226425850e+00
2.559761287473611091e+00
1.899090098405365801e+00
1.590986419522693485e+00
9.341935350529494420e-01
6.356129412797917322e-01
2.416999062913038898e+00
2.167719333036912222e+00
3.074302077938481759e+00
1.480591094742003788e+00
1.579864815665633637e+00
1.807120955587395938e+00
1.363551762423234504e+00
2.316353784041141228e+00
1.931603964724088796e+00
2.039866121109081387e+00
2.441782611788540613e+00
1.667924142830176315e+00
2.176576950368898977e+00
2.338748645263936332e+00
1.631738919958781509e+00
1.825784913169727242e+00
3.147729334781961263e+00
2.232810878792808928e+00
9.611453701911869540e-01
2.154853849353045359e+00
2.401376775888078186e+00
1.216077635627674347e+00
3.129870994927918648e+00
2.458313995842373867e+00
1.136431034489768788e+00
2.672351974300666733e+00
1.376389472965002136e+00
2.827476269530285968e+00
1.907071700726605812e+00
2.240739239825221496e+00
1.736549467243608147e+00
1.104519978440403394e+00
7.703873457749061959e-01
2.120181698718541785e+00
1.143819014470847550e+00
1.818987461567279418e+00
2.095906883177801383e+00
3.041791643206038120e+00
1.979348559466924673e+00
1.339796946660227750e+00
9.704826203578751365e-01
1.929241874892057229e+00
1.875054512099942450e+00
1.805092552506566195e+00
1.376617133016532435e+00
1.372907768193048605e+00
1.612960726784840704e+00
2.133482640962704568e+00
1.415016049369583584e+00
1.318504650952759594e+00
3.363861046303096458e+00
1.758517237116163257e+00
1.619786098073999092e+00
8.955038583517898054e-01
1.919781517503216239e+00
2.363315277711079077e+00
9.782435059475967920e-01
2.631556460504826500e+00
2.094414891893141117e+00
2.106671032712858604e+00
1.355936765884152573e-01
2.273560627996150885e+00
2.391859841588277913e+00
5.683614757486922242e-01
2.145777894063202851e+00
1.116270655985546201e+00
1.012061671972705135e+00
1.766501892372998483e+00
3.068146755445867235e+00
1.365118116900886580e+00
1.358587391536338673e+00
3.035253907179241484e+00
2.226590343253246118e+00
2.449120763952677748e+00
1.626050155492992255e+00
2.138365799073798090e+00
1.120315267492104638e+00
1.818422961652581993e+00
1.395158822988746161e+00
1.702632215774984692e+00
1.743870985880628943e+00
3.041763922534850284e+00
2.559266051539216935e+00
8.932201503468291115e-01
3.359861368739078813e+00
2.853518455460632097e+00
2.658809307393813270e+00
1.663127370935661986e+00
1.134293350737125561e+00
1.748135560129878918e+00
1.381952694035198270e+00
1.983645982176090783e+00
2.431388555312377964e+00
2.488933452385533762e+00
2.103338385383099585e+00
1.670752237636225379e+00
1.675082127327223835e+00
1.390312520747452263e+00
1.407686616345260378e+00
1.812848599316468912e+00
2.079236427354035133e+00
1.708226623194116556e+00
1.627841842720874066e+00
1.682899793600990179e+00
1.269741323077873574e+00
1.239032194173153245e+00
1.558671077666166527e+00
2.034173364018286634e+00
1.564654179722727134e+00
2.545893925281561110e+00
1.488464850248554683e+00
2.237515320198360413e+00
2.061135660103802003e+00
2.383008066341911757e+00
2.018172747231405939e+00
1.967709124014983768e+00
1.833211776297182904e+00
2.280132154542660050e+00
3.330575858723896943e+00
1.609350029668660476e+00
1.495110844065926869e+00
2.280894863030580755e+00
1.739497948117155079e+00
1.983904815905175312e+00
2.128787260016042016e+00
1.561837917557584055e+00
1.572687549518023697e+00
1.533655098808611061e+00
2.360972612143898086e+00
2.068874461442979928e+00
2.130771037341700591e+00
2.289242230490335928e+00
1.100145328810102630e+00
2.217799435962534371e+00
1.872976951445550764e+00
1.019166675294523206e+00
1.903060616618381218e+00
2.278299824396652795e+00
2.342537048956381263e+00
1.979102753402895543e+00
2.014087217292377829e+00
2.077426362037166463e+00
2.442690442293389719e+00
2.169422756009269371e+00
1.298649560012703930e+00
2.475940123825655981e+00
1.401989902649619424e+00
1.853349808507739116e+00
1.939806818322105553e+00
1.524578727171259196e+00
2.424201669232326495e+00
1.750498146226879603e+00
1.449816297197342507e+00
1.209344558626370469e+00
6.099227507861109121e-01
1.379607578012639557e+00
1.870730323852636490e+00
2.150918158494815824e+00
1.269719485357507338e+00
1.113826892274668579e+00
9.647784005572968002e-01
1.179733804754059534e+00
1.648233223341586839e+00
2.055084918588644172e+00
3.158707328734011277e+00
9.951101318454782518e-01
2.050302827761810054e+00
1.289202262348044581e+00
9.120313300927913591e-01
2.304054688947883900e+00
2.362772785095180961e+00
1.449304796442977272e+00
1.659941019301546028e+00
2.469926317077586919e+00
1.720846510595602119e+00
2.277997923328661134e+00
2.489339098943455397e+00
3.254793268591555044e+00
3.120258820555346979e+00
2.405993964708273314e+00
1.848956884501312681e+00
1.521088674347821579e+00
2.015068941917089074e+00
2.157833636905746477e+00
2.365920634046609905e+00
2.245312542408712364e+00
2.127494821122954072e+00
1.182081975988731326e+00
2.357003665381331992e+00
2.202543860634554651e+00
2.183789830137267352e+00
2.413559684757065504e+00
1.592759163198059547e+00
9.298345438506032679e-01
1.725162321966812851e+00
1.784503507227309216e+00
1.715680048674091740e+00
1.334769141802632619e+00
1.516623524642634724e+00
2.581651980179127559e+00
1.771644019297784922e+00
2.652197695720255322e+00
1.682029625608803647e+00
5.836802446103952491e-01
2.348524852970526045e+00
2.526552077667474361e+00
1.828910570626515408e+00
1.920416873222070553e+00
1.049334053856806337e+00
1.250262820672838782e+00
2.429194433789554797e+00
2.215823947281797324e+00
2.247982119962597558e+00
2.222355806472562367e+00
1.909943665722997785e+00
2.827370992217328016e+00
1.898288369803050601e+00
1.710649488224482706e+00
2.939680584690037346e+00
1.833239617229717178e+00
1.843159033384794254e+00
3.388186193250148026e+00
1.968314791756029303e+00
2.829094082870034388e+00
2.318698658674279045e+00
3.492903316041052975e+00
2.329495458413377129e+00
1.584716717846299971e+00
1.559637112578156071e+00
3.772035315158023816e-01
3.565181915757310804e+00
2.543145651553557318e+00
1.638607548021112859e+00
2.612435715543226955e+00
2.327835449937834866e+00
1.873183072170691910e+00
2.645468918575208495e+00
2.555055085276558557e+00
2.793182196866316858e+00
6.830392231094182254e-01
3.297312555827975000e+00
2.501948615191700309e+00
1.847285755749174863e+00
2.763168199513814649e+00
3.375656629364904404e+00
1.238993010652178262e+00
2.324663525137848019e+00
2.443620945552260615e+00
3.576763842063047871e+00
1.945581949048511561e+00
1.983742933075857362e+00
2.525305055273198818e+00
1.627514030361916664e+00
1.708958078508137968e+00
1.667896559780394972e+00
2.263015325252268006e+00
2.455559246428855147e+00
1.326482101233685151e+00
1.052450585726674159e+00
1.717201162688134275e+00
1.954474608020493109e+00
2.173496729080213186e+00
2.458287137619956653e+00
1.194065320939509123e+00
1.568406583804540677e+00
2.246655509162819087e+00
3.062858421911429652e+00
1.349490620944326702e+00
2.012387150659219248e+00
2.079637179390891433e+00
1.604985564507075857e+00
2.118979582829306096e+00
2.073612168177792814e+00
3.010780270988721252e+00
2.135204516405779795e+00
2.948460157794058345e-01
2.086753336680120086e+00
2.155966757508369636e+00
1.547901770862283310e+00
1.228226344557461047e+00
2.530845052173910759e+00
2.027126789252108541e+00
1.085378571703264239e+00
2.344121402840859680e+00
1.843560338717934899e+00
1.074271895685575240e+00
2.476762071215570682e+00
1.686142566067321713e+00
1.571214499675334775e+00
1.920290225279532859e+00
1.217030690962857209e+00
9.250723363093884544e-01
1.708371014005085176e+00
2.269688227804748326e+00
2.353036935226611615e+00
2.378489484137601195e+00
1.837457616160996787e+00
2.059408343649723694e+00
1.122463799843752996e+00
1.402401749259658548e+00
1.736941229776170159e+00
1.592270412817589964e+00
2.060920298468293055e+00
1.696658305668363287e+00
2.478743124009354482e+00
1.926764559782008446e+00
2.358154667676045424e+00
1.923410208103096153e+00
1.974289236039483475e+00
2.620519333612857604e+00
2.354280850904133082e+00
2.572514181460506588e+00
2.062395368941607465e+00
7.677319259704633581e-01
2.128192575291749655e+00
2.109830803609483940e+00
3.538728754270723087e+00
2.365410486880473506e+00
1.570382592324705451e+00
2.828051711380663136e+00
1.581943406519761730e+00
1.144079943447025016e+00
1.479904492748576494e+00
2.406471607303653393e+00
2.681509224244925438e+00
1.104268382330606313e+00
2.263200259956567262e+00
1.665334617149341279e+00
2.377300769715053441e+00
1.525985954035643299e+00
2.538072954723415542e+00
1.582432079847151396e+00
2.418302162201698913e+00
3.038603702915574356e+00
2.084944017410022887e+00
1.883739415679714702e+00
1.188294648641188056e+00
1.498129378894597741e+00
3.655361842134952965e+00
2.039593133543654346e+00
7.644013567619931671e-01
1.929241763841238688e+00
1.392221196763601121e+00
2.870099155741949737e+00
2.514495725079265220e+00
2.613400199616563224e+00
2.334283257592653538e+00
3.397550018459299714e+00
2.806483016382467000e+00
2.304339729457320907e+00
9.562022349597323334e-01
1.907043983659790554e+00
2.321916075220767262e+00
1.159411861402757316e+00
2.417759156873429127e+00
1.654889168800681043e+00
1.679923064806410293e+00
1.791654342841364267e+00
2.122611414383679396e+00
2.238970015182093043e+00
2.164063632470710097e+00
2.847306991244851204e+00
1.990521138577299620e+00
2.824137080756141227e+00
2.676629208539031524e+00
1.617290587694578008e+00
2.824820772439482042e+00
2.458180142522083056e+00
1.787303942405590318e+00
3.017690324214184372e+00
3.392247350360947600e+00
1.688020096748246601e+00
3.220431668561850369e+00
3.366197124786640238e+00
1.969556675652817113e+00
2.407825917895823675e+00
2.536954717578307594e+00
1.800393390845101083e+00
2.278735052669273564e+00
3.017604345311064584e+00
2.642083385442038246e+00
2.329244862876030719e+00
3.242377644058334507e+00
2.490985456916103846e+00
2.560855919487690091e+00
1.939162130803232076e+00
1.899613758186954549e+00
3.779551822173321973e+00
1.873634479173991396e+00
3.543269447028030594e+00
2.683592857154629918e+00
1.851281643644994812e+00
2.667262991326062149e+00
2.731057946078092158e+00
1.986236852969577305e+00
1.982188576546245695e+00
3.080689041087670610e+00
1.717316435081928994e+00
2.683495151970625159e+00
1.776404912961475180e+00
1.348723118812109156e+00
2.912252917044791278e+00
2.516061627708826798e+00
9.491973301905372029e-01
2.493321591326484121e+00
2.564134755517146758e+00
1.579069752136992300e+00
1.534627158320564622e+00
2.329290275891689355e+00
1.520393617575084733e+00
1.586072509366080574e+00
2.748999669386730904e+00
1.649930879471837253e+00
1.680105315007563327e+00
2.400560361815172072e+00
1.477478346750181970e+00
1.659772200773009132e+00
1.356366570871142097e+00
2.164995693051634973e+00
2.610711292992482502e+00
1.502771826545082234e+00
2.157180318507084138e+00
2.278408919686647494e+00
1.528295990614894517e+00
2.299960135486975865e+00
2.424969314760742733e+00
2.209105528711897914e+00
2.581465578054235266e+00
3.880522623347788969e+00
3.422988279753395702e+00
2.632653028280222962e+00
2.150690571648190108e+00
1.883083737856276585e+00
2.937184266061388271e+00
3.445146434033623972e+00
8.288151190094948939e-01
1.990930511363550925e+00
2.444137065969477440e+00
1.080984831000501689e+00
3.133238931252618542e+00
3.559529362502857008e+00
3.442443541202651947e+00
2.975371218049303046e+00
2.684171163513722203e+00
1.611107540793580206e+00
2.156978731144461037e+00
3.474523830047588913e+00
2.623684912878150310e+00
1.551183487583824405e+00
3.269513894988664404e+00
1.828558897443189224e+00
3.562340894854008955e+00
3.067718096170127140e+00
1.939586007659761302e+00
2.364463359100631656e+00
1.988370281858194089e+00
3.252568308310096690e+00
2.625479909757424402e+00
4.310390547259918215e+00
3.587356888105913022e+00
-1.718792030713353292e+00
1.659894580376350248e+01
1.577396412744139775e+00
1.957225324433641500e+00
2.672458906349516106e+00
2.802621121536850612e+00
1.518336343742130889e+00
2.829318221128596988e+00
2.768969818965611118e+00
2.520895687425358744e+00
2.450323624572634529e+00
4.494797544139049528e+00
1.702884203829248877e+00
3.162147397300111518e+00
2.431181153211940060e+00
3.703447531757154465e+00
1.684676556297251659e+00
2.270138562301493579e+00
2.384410747437236022e+00
1.305625305607365894e+00
2.328808591263924921e+00
2.931354730637463213e+00
2.680965674302123070e+00
1.792244706382515096e+00
1.290061038791844528e+00
1.496012775037031561e+00
2.667436213347657237e+00
2.942854374973483900e+00
3.083408277926523944e+00
2.647661529764659960e+00
2.316224090693393745e+00
2.313113249497037671e+00
1.389869395010560726e+00
4.388150635297907165e+00
4.024822089546038484e+00
2.525804222284396605e+00
2.393430042469692154e+00
2.041475629533046732e+00
2.363974560610723419e+00
2.524526097280486159e+00
3.119016792124226001e+00
2.953375637405412313e+00
2.859787006040802382e+00
2.693516394397184488e+00
3.480271555146692730e+00
1.612463690923206405e+00
3.196910761047205618e+00
2.774028087470734150e+00
3.650750796856602420e+00
1.881386546385214409e+00
2.321504730152191165e+00
1.582290053326120383e+00
2.869425058117703653e+00
2.585110046002409234e+00
1.927472347182479950e+00
4.132959748116849852e+00
1.679387100337295324e+00
2.530906893738820163e+00
2.890508869543730430e+00
2.042758478924532106e+00
3.356909112128088957e+00
1.076562999670175547e+00
2.254426508017225661e+00
2.465533691538439598e+00
2.711376284367144063e+00
1.728576917857270301e+00
3.385812649521199980e+00
3.924724616703306523e+00
2.931227064353788325e+00
2.155153887864141637e+00
2.389615737976303667e+00
2.701528045351198504e+00
1.803749137294878180e+00
3.754558460097195738e+00
2.306015283965090479e+00
2.402675924539106056e+00
1.751863230948317529e+00
3.692156025552259635e+00
2.634332614180884935e+00
2.412869492929800685e+00
2.200689135417568387e+00
2.299288815139119091e+00
2.577713074879336652e+00
2.342222180218099581e+00
3.569120896918133834e+00
1.576554789883834795e+00
2.308843352132219806e+00
1.310728770194115267e+00
3.859253989527771544e+00
2.099111507391312692e+00
2.637743552350009679e+00
2.715558553986367141e+00
1.699379107401622901e+00
3.295226996764322625e+00
3.087070352660584049e+00
8.199902869447068809e-01
2.844945592393646638e+00
2.970024348167557893e+00
2.756174085398560791e+00
1.036451072433862919e+00
1.752612997561239894e+00
2.051944667219623764e+00
3.063995399899191785e+00
3.510973245095045936e+00
2.050088172695237798e+00
1.753361793464672358e+00
1.919754165224747178e+00
2.870848269392634489e+00
1.034256638713297427e+00
2.402139748837739397e+00
2.743255275738245125e+00
1.944474292955450601e+00
1.910257680505943245e+00
3.025528889363445106e+00
3.077913399025244967e+00
3.769346653499041189e+00
2.561584843610939632e+00
3.322291002969241624e+00
2.678595097859484131e+00
2.938837324557474151e+00
2.139053084153144546e+00
2.321246290961267444e+00
2.642643739547644088e+00
2.188011984002648624e+00
2.355020594009911150e+00
2.152025336842785297e+00
1.445494393503487185e+00
4.249621120645713290e+00
2.781184308258344728e+00
3.839676389190415762e+00
4.470808689609230058e+00
2.666352739165861685e+00
2.270932322534286563e+00
2.067722151117923790e+00
2.933787699110196101e+00
2.917575054763463793e+00
2.200725584264595192e+00
3.182572817529623510e+00
2.284090460214745821e+00
3.435185155666881318e+00
2.628051426650300559e+00
2.955197551859508831e+00
2.775185685918093004e+00
2.903336449087631888e+00
2.869404885431259267e+00
1.891865863231489753e+00
2.457666580079982399e+00
3.003022872092966811e+00
1.047954791889631698e+00
4.400287998355390862e+00
3.511884361330572801e+00
2.368390195457632075e+00
1.507924116531207614e+00
3.345289373657976739e+00
2.493378392208422945e+00
2.100949842188157390e+00
4.184384086112805434e+00
3.440668292218950874e+00
3.090963703993407030e+00
2.652165811723461886e+00
2.667227045909172922e+00
3.976887411038370068e+00
3.021720647451584085e+00
2.547260402324833972e+00
4.633873621974112567e+00
2.259638215612389534e+00
2.904478166692345376e+00
1.776277015615489452e+00
4.013574892624893309e+00
1.940053531652376595e+00
3.935325643881195656e+00
3.652393585547734745e+00
3.243246073621750103e+00
3.203813137910624054e+00
3.385660791530836100e+00
3.410152162121101505e+00
2.068404758323431736e+00
3.806156708435651126e+00
2.684760188204946552e+00
3.453448224763138619e+00
3.102598181110664655e+00
2.868104914615905887e+00
3.977191974220589010e+00
2.939554563881116689e+00
4.104699329699529997e+00
4.666611296686041577e+00
3.222982077881384022e+00
2.160341437857949742e+00
3.069596802463354202e+00
3.419791639189470711e+00
1.300730435528968609e+00
4.145488969415756841e+00
5.401189930073773127e-01
5.008700255906941567e-01
1.809792859383264618e+00
3.440609307486874879e+00
1.297239737017852779e+00
1.932977664912677085e+00
2.885287279928834270e+00
2.596589643139589842e+00
2.021306245802258150e+00
2.593527062022117136e+00
1.535384518690222855e+00
3.170474290134277506e+00
4.003968434535418730e+00
2.104014028477424247e+00
2.823389168894040679e+00
4.006710102989537781e+00
2.638791736099566965e+00
2.554949961811091796e+00
1.413110020171931103e+00
2.419635304899412365e+00
2.582955944084666999e+00
3.283995375157685803e+00
2.350783837527544495e+00
3.811232432775728984e+00
2.636598434822695847e+00
1.942505387711077613e+00
2.613905687491616003e+00
5.012890467429780728e+00
4.359043838880075405e+00
3.388253216718108085e+00
1.876930633146964844e+00
1.473079265043662378e+00
2.792999985272704322e+00
2.418250549673738981e+00
3.873810105185989894e+00
4.449786540361073683e+00
2.995991777599306349e+00
2.898545073184326082e+00
1.768292289666332895e+00
1.600560495127601790e+00
3.152912451751737510e+00
2.876776516261880356e+00
2.843944154415630976e+00
6.734426690340834298e+00
3.429738405970137460e+00
1.799131970515623680e+00
2.710691437880943688e+00
3.800951522769841606e+00
5.297579109226890459e+00
1.048095065017161431e+00
2.130774367136718972e+00
4.535123201942526272e+00
2.682958335188897259e+00
2.523482974063868234e+00
3.002756110631285669e+00
2.671205451463361857e+00
3.006402155618502992e+00
1.875223624883271878e+00
2.557008972878613839e+00
3.150410264189188680e+00
3.021971924804659260e+00
2.148058845915250981e+00
4.025352629050829911e+00
2.363452680103517167e+00
2.530282028507146119e+00
2.064361510942394062e+00
2.042960978127959848e+00
2.968361178251643473e+00
2.545372739101257054e+00
3.731667786740890502e+00
1.981230951173167165e+00
1.763788262993058575e+00
2.283932553853311287e+00
4.032221101001221442e+00
3.985678404824270160e+00
5.206347878327114209e+00
3.410716510507237231e+00
2.545331095816679934e+00
3.162274978064687492e+00
2.078615845064049950e+00
3.340901302280882668e+00
4.059288123236940216e+00
3.231061895351277080e+00
2.013393813044106029e+00
1.964270833407342876e+00
2.831327328429805057e+00
3.603894069477830087e+00
3.397620671808835091e+00
2.852064818561451887e+00
2.871424369121771569e+00
2.772307364283959519e+00
1.763489335109559963e+00
1.570497682211400514e+00
2.910346260045744149e+00
4.054094671766411473e+00
2.541512918683412003e+00
2.671799158151973774e+00
3.556239334417280684e+00
3.446142914185383876e+00
2.434847040092172676e+00
4.596455027338448573e+00
4.260670831461211172e+00
2.401157880025833080e+00
2.653780328089215157e+00
3.053969478819333006e+00
3.152707939544151738e+00
3.178348545224729982e+00
3.274510754558239700e+00
2.744442531760454607e+00
1.874234281973560901e+00
2.749248653017386523e+00
2.177829207956980095e+00
2.993025296073979824e+00
3.471975867604617072e+00
2.906491269766251939e+00
2.440601252501625851e+00
5.254272172079145875e+00
2.911526304373138530e+00
3.109235479330686225e+00
3.197054684504122779e+00
3.855856002259252957e+00
3.049420312926403032e+00
2.746436251961147601e+00
2.633196362863380990e+00
2.237388152479631742e+00
2.191723078984836981e+00
3.975489192403607319e+00
3.299374752872419325e+00
2.564080403676349373e+00
2.855675481647715230e+00
2.602403604271564586e+00
3.664402590161361939e+00
1.666938787407664879e+00
3.434317435392058915e+00
3.397237859738219790e+00
2.781874888609740637e+00
2.664749370865229672e+00
2.922811119222086251e+00
1.794113137849549400e+00
3.359585242280966000e+00
3.177765121095379452e+00
2.289630964024356619e+00
1.660133043379798501e+00
1.663485155645288982e+00
2.101448645005902893e+00
2.585030544315665146e+00
3.144128610182027828e+00
2.577000168765801735e+00
3.121725094595952488e+00
3.307115148826917483e+00
1.828804865391693735e+00
2.957496287622960018e+00
3.255133247243371830e+00
3.422171704928865132e+00
3.500677457435127149e+00
2.440743147086122722e+00
2.504611969765933033e+00
3.378393082148362314e+00
3.121250730030860510e+00
3.073386827067650984e+00
2.515412130365972665e+00
2.623299740956917425e+00
3.355238307976713408e+00
3.095605469343589711e+00
1.439571584016364980e+00
1.230212558427680847e+00
2.717430773673207511e+00
2.082604379508874892e+00
2.589918316217590277e+00
4.468285433553428554e+00
3.571582065464728561e+00
2.416962282773324144e+00
4.876793066095124196e+00
3.624288953963647142e+00
3.277972488044571087e+00
1.742842304122741437e+00
3.024777308728779257e+00
2.929635373946651633e+00
2.574715060980405035e+00
2.923207971540890071e+00
3.605682309428532406e+00
2.791583156973704405e+00
2.810369698801819194e+00
3.782703513682275087e+00
3.489105431098571408e+00
2.784768511451985784e+00
2.954662184734945907e+00
2.713458350242351713e+00
2.997786014658907039e+00
3.010698956130922532e+00
3.578746110005875281e+00
2.909226837444914615e+00
3.701539907966486354e+00
3.715667985731398559e+00
2.859436797845383182e+00
3.644031492879144629e+00
3.414184909678905200e+00
4.025199493114012483e+00
2.342669706283980968e+00
2.866724196936128788e+00
2.902298605662605890e+00
3.150531007765796421e+00
4.156269594238372278e+00
3.102069024171619116e+00
2.581495038167870959e+00
4.428377881368473545e+00
3.861151739960095419e+00
3.391428912354391922e+00
2.504350546235742492e+00
4.044870095423445555e+00
3.274713153477380345e+00
2.716280012632517060e+00
2.491350952275465769e+00
3.076450091964718414e+00
3.287465706909062924e+00
2.537453154898501761e+00
3.133045544346914291e+00
2.973413022727189770e+00
2.185851090772109817e+00
2.284037835474513223e+00
2.743093087131697416e+00
1.354703368861876367e+00
1.998899243731662390e+00
2.715158837578655504e+00
2.242806688796847414e+00
4.937324254898951104e+00
2.333949094278492620e+00
2.781920255744319448e+00
2.258629067540133928e+00
3.562988782983758096e+00
4.002583916443608558e+00
3.068054210106581081e+00
3.034676571632292319e+00
2.335689599009494799e+00
2.438072563942430993e+00
2.087960739558636813e+00
3.532040900182408016e+00
2.717940104408699042e+00
2.702588694086112131e+00
2.207487905926213578e+00
2.757682494275578211e+00
2.964673612135638070e+00
2.823002366704602917e+00
3.057519903380560233e+00
3.089011516740080232e+00
2.680767563252142605e+00
3.612483673240790782e+00
2.717641465160182790e+00
2.573686062511554518e+00
2.575566739575739561e+00
4.738655598254537971e+00
2.996094708978858101e+00
3.006407730671430301e+00
3.242105719435999234e+00
3.099661743128254265e+00
3.048126863541418263e+00
2.685920225106132264e+00
2.500799965017101556e+00
3.651141032688683286e+00
2.995837034851341230e+00
2.030005130892878373e+00
2.957195200193870388e+00
3.358198301842729272e+00
1.272169373515424695e+00
2.141429687143244109e+00
2.453596777327529566e+00
3.252367110164281705e+00
2.758174506553254801e+00
3.254011114023088069e+00
3.246090786927626759e+00
2.423167668840167988e+00
3.476147156450988707e+00
2.624801321833767354e+00
2.307974667835765992e+00
3.566732652091868960e+00
3.516895157427010865e+00
2.971962626243492611e+00
3.245343378877733720e+00
2.833102287401504604e+00
3.424953604432917853e+00
1.962874764712216669e+00
3.552364415283649990e+00
3.663621321718768531e+00
2.495705310880180772e+00
2.829751848931854052e+00
3.262339640603995949e+00
3.429521297322943418e+00
2.999071396097008346e+00
3.540721793878970569e+00
3.142639300558069504e+00
3.089773203930419765e+00
4.189941864094021362e+00
3.511530195191972403e+00
3.275946803568177579e+00
4.485911051058964816e+00
2.953675976472844411e+00
3.737202254728904105e+00
4.336389160626991313e+00
4.132701581142876002e+00
4.822511777143917655e+00
2.803809565844551877e+00
2.403248802841716270e+00
2.282515030647585874e+00
2.003412859592759609e+00
2.720102944468049788e+00
3.060951178637879799e+00
3.336829400250794553e+00
3.045551699684044156e+00
2.847746969089886449e+00
2.581065751947274389e+00
3.518616632115175502e+00
2.910299287604483531e+00
2.635710150984540423e+00
2.430709608522968246e+00
3.085956576607137514e+00
3.499828394317337388e+00
3.109692586211523668e+00
2.347125135819609465e+00
2.744488925106244981e+00
2.603347854173703180e+00
3.312712277593276244e+00
3.396915193206388128e+00
2.486318004389923342e+00
1.884151134958663487e+00
2.366979593924908087e+00
3.854128895985835079e+00
2.569591997533299477e+00
3.040892604294773705e+00
2.738372286978047576e+00
2.737417394616095567e+00
4.067981572211140318e+00
3.640768843648834352e+00
3.941511071014407452e+00
5.001069393894720605e+00
5.573409739234159943e+00
5.873469766140546611e+00
6.524583629088765768e+00
3.849746525988509305e+00
6.125614013189714768e+00
5.992675608130862308e+00
5.490673402588100771e+00
3.995218729467096885e+00
4.733655906190407769e+00
4.063674731521316197e+00
3.636156683847078241e+00
3.257801133693691842e+00
2.181368805831763069e+00
3.427452968811183887e+00
2.644251896676697022e+00
2.178126346013441239e+00
2.868129962823509072e+00
4.052166817854385705e+00
2.689559961125449039e+00
3.209781331101135837e+00
2.892939058158711774e+00
2.833391546710055664e+00
2.456723116567500753e+00
2.691499395225919411e+00
2.011275557842877593e+00
2.663453008141675848e+00
1.912978625919596443e+00
2.513209818540766527e+00
2.246799346455528923e+00
2.047572081679730260e+00
3.481147012908694993e+00
1.982632235445385582e+00
2.957982359061126054e+00
1.882923757823214084e+00
3.074463780998923923e+00
3.086686471372302787e+00
2.751289265472054879e+00
3.075449376260940504e+00
3.433036418127519696e+00
2.560743931013934382e+00
2.845787795134879339e+00
4.505615950906286749e+00
3.359516571553661901e+00
3.356683302499212207e+00
3.171206045283801345e+00
3.163814012264337450e+00
2.969856093958096022e+00
2.802170094572567827e+00
3.569372126194609418e+00
3.200268902487789724e+00
3.326462764357729807e+00
3.506705135028035603e+00
3.503751571011980648e+00
2.894213592722163941e+00
2.731163897224776704e+00
3.061895238213200976e+00
2.875737039123132277e+00
2.890674437768509186e+00
2.868099447130635582e+00
2.927180562252302831e+00
2.458464328342680361e+00
3.682566833430412245e+00
2.095499203340114303e+00
2.589148903712318539e+00
2.425945859916269765e+00
2.380644820000057393e+00
3.136237319275069879e+00
2.786373896477552847e+00
2.746729108651053686e+00
2.168092372577654636e+00
1.794232236293966665e+00
2.597590639894261422e+00
2.582080670874420836e+00
2.578298261632799182e+00
3.830017515878807455e+00
3.550533319019162803e+00
2.096198144693830034e+00
3.349466929067725030e+00
3.326476856064619625e+00
3.125365974927752699e+00
2.414683001106536331e+00
3.042002460810844244e+00
2.814886357297639030e+00
2.450924391001910507e+00
2.503946919334699928e+00
2.627484039831626816e+00
2.813876112780669292e+00
2.775181098287640147e+00
2.718904239248852939e+00
3.034050461805057441e+00
2.560634213785492275e+00
1.819536783053092410e+00
2.810311968196946175e+00
1.852026180683588041e+00
2.701477913527376540e+00
2.132743359815548523e+00
1.752619775912513722e+00
2.863255049140136066e+00
3.624716814503283313e+00
2.701882286741244421e+00
2.254663950456980981e+00
3.290489047497216824e+00
3.524662362012676464e+00
2.160734128623636785e+00
2.432821420705386650e+00
2.476195947779284534e+00
2.302713908912233709e+00
2.481633256773556173e+00
2.613655232848847376e+00
2.396537516162863923e+00
2.381218746891688109e+00
1.822177242661797925e+00
2.262734850106303597e+00
3.319180492010276762e+00
3.324435520552083023e+00
4.087921472324248739e+00
3.599582067216109404e+00
2.220479866174630779e+00
2.956322435181716557e+00
2.354921446908377458e+00
2.515653349094611357e+00
2.474046939080398300e+00
2.599657581036148635e+00
2.280406532216282756e+00
2.950134868969565893e+00
2.454549045739450097e+00
2.775999204034473866e+00
2.616467570631418660e+00
3.536624057991048620e+00
2.518674084746873820e+00
1.863858378964257101e+00
2.610500118931327052e+00
2.586330339814450596e+00
2.247024634552412081e+00
2.328312689798312185e+00
2.619965039709321264e+00
3.466430165646103845e+00
3.098118334073371560e+00
2.906129644348359076e+00
2.840558981854731435e+00
2.839977483112955170e+00
2.264349031947256563e+00
1.701750778504159012e+00
1.491808173489494127e+00
2.256990167279641746e+00
2.240281968235519283e+00
1.742441357224828291e+00
1.925077522440238997e+00
2.095934375044931297e+00
2.627133850136797122e+00
2.471867718816599613e+00
2.862636936569099788e+00
2.645138536528978346e+00
2.586143854700186928e+00
2.110190069869904317e+00
2.302502287511418722e+00
2.705309000629731564e+00
2.458414621326395100e+00
2.510444121890000435e+00
3.118954182489119376e+00
2.390502522720940881e+00
2.406192109311585448e+00
2.465639598121792897e+00
2.070092961871500936e+00
1.886062522509413197e+00
3.083358379790357873e+00
2.466095394712699118e+00
2.911396633704169457e+00
2.550074648553001033e+00
3.568857776512892599e+00
2.055775730263303736e+00
1.857645450101151008e+00
2.019528886523598743e+00
2.714482840903351679e+00
2.307319636145806818e+00
2.594260020393474253e+00
2.988424869771363124e+00
2.914114977696652176e+00
2.326136107058950575e+00
1.092065733530466654e+00
-3.768369051818181159e-01
-4.289438342205335042e-01
1.595073107314086469e+00
2.689820416910138956e+00
1.669817103685033555e+00
2.041926449534460897e+00
3.230274228238892320e+00
2.449032796633976883e+00
3.520390826929132189e+00
3.180653787168304270e+00
2.119220468072385621e+00
1.976309803958969269e+00
1.918355763930726487e+00
1.692811404949624787e+00
2.102418397330434896e+00
2.087504038766514913e+00
2.833816514125508501e+00
2.786862439727399998e+00
2.401441707156883876e+00
2.448239648237482413e+00
2.513670568473945988e+00
2.520907563240881721e+00
3.493833246412524574e+00
3.018197859627238078e+00
2.584048399073499258e+00
3.001760344035980577e+00
2.643934058377276131e+00
2.107158626957959857e+00
3.449578865193756450e+00
1.954034070821553337e+00
2.952013382660776841e+00
2.446317059900512625e+00
2.388268865249882023e+00
2.746790660071213086e+00
2.393397708059560980e+00
3.064714053697106699e+00
3.231051892324097619e+00
3.089267142131456367e+00
1.910717074389943315e+00
2.503627590749089027e+00
2.617438125007307992e+00
2.765795167578783520e+00
3.109445123821976686e+00
2.166779981426252721e+00
1.804621478324276218e+00
2.942389699591152041e+00
3.327328656704212406e+00
2.803515798206881904e+00
3.059148642013223451e+00
3.174254525672873140e+00
2.947877500958083985e+00
2.257333100153032124e+00
3.885734360182527602e+00
3.661802893398077074e+00
2.225136390060333369e+00
2.910851033282137568e+00
2.159542576831035454e+00
2.713124727274766279e+00
2.996772766132064891e+00
3.125656393092550722e+00
2.946526270470595676e+00
3.800085424043710081e+00
2.422990959734757421e+00
3.045864543918436862e+00
3.223778140122259384e+00
3.515166555299882312e+00
2.848485710679305782e+00
2.614251401502798000e+00
2.037880287868678142e+00
2.323649283697518442e+00
3.295116243360676656e+00
2.674811528141151307e+00
3.108189847079871893e+00
2.699207072239698135e+00
3.589956146573654472e+00
3.482584063420418818e+00
3.168808656945784730e+00
3.465241140739944825e+00
3.381595872624044041e+00
2.755744965915500444e+00
2.772658850124366303e+00
3.102588517622157038e+00
2.716203126063132522e+00
3.259310690816091149e+00
2.546360132543016075e+00
3.510977818030395436e+00
3.079759774983363396e+00
3.126639128056108330e+00
3.019127956725940365e+00
2.680752721178438769e+00
2.441396505810728090e+00
2.575071572443779822e+00
2.864473063760195171e+00
2.495231164750816077e+00
2.785035059274051150e+00
3.348262222546900091e+00
2.493070165727471643e+00
2.512133830918834132e+00
2.709822758776907925e+00
2.467226220647634971e+00
2.398507112949650910e+00
2.669080418633983154e+00
2.168662279487399314e+00
3.212687014368698968e+00
2.773442807216131456e+00
2.629114691526932113e+00
2.915328260421582662e+00
2.976674703786934995e+00
2.793090331015920746e+00
2.493374494406781050e+00
3.089105498411472972e+00
1.988330251796876169e+00
2.774127821674022609e+00
3.678949855570281535e+00
3.293922609779489363e+00
3.073143307007245362e+00
3.067670822452368995e+00
3.036577894385942500e+00
2.890891926285641844e+00
2.888136389281378058e+00
2.712511155257243622e+00
3.135416142745361512e+00
3.199199517065622000e+00
3.300155340073530841e+00
3.030353890587817567e+00
2.629451841240837862e+00
2.732644069744019966e+00
2.493560857170538103e+00
2.300407381644522076e+00
2.819848693283470098e+00
2.433809277158634821e+00
2.226989442881269099e+00
2.467415564779838366e+00
2.981801841256059848e+00
2.861509236890505292e+00
2.910715191248915534e+00
2.564156924743478339e+00
3.383411625296060432e+00
3.756604647359582660e+00
2.807110204383338470e+00
2.776368034737247914e+00
3.426384368920542212e+00
3.103537569107826855e+00
3.436449366670670802e+00
2.538803041781708458e+00
2.902215663025815573e+00
2.587246666060195377e+00
2.925208766549449724e+00
2.653392621049504907e+00
2.567136527534155555e+00
2.767408345367902367e+00
2.554990939243037662e+00
2.790973751236989653e+00
3.122950933782103977e+00
2.608081620964151526e+00
2.495132118553243572e+00
2.756092468173101828e+00
4.000731792030226330e+00
2.965108726146140850e+00
2.098031040527459812e+00
2.478561629314427694e+00
2.874109136447515755e+00
2.780143411908121642e+00
2.937291372082144747e+00
2.793687607496441405e+00
2.967331236378210058e+00
2.736954535353492091e+00
3.136388755625397984e+00
2.446025216502865973e+00
2.909451829221383345e+00
3.393619040849719326e+00
2.986503356751995408e+00
2.596288366473785914e+00
3.978318439546121521e+00
3.280158011823809616e+00
2.541299186602037352e+00
2.419355477496957896e+00
2.113913097284144005e+00
2.803950832701231910e+00
3.019931790196348054e+00
2.107726354871884311e+00
3.132019638006052542e+00
3.868382759298392592e+00
2.929174476889902401e+00
2.886971653060782295e+00
2.968183706367855557e+00
2.539871196619316596e+00
3.216641785309165780e+00
2.880484492651309569e+00
2.587324987795927456e+00
2.770761831549727550e+00
3.151505867339666089e+00
3.582168322288627582e+00
3.282023127989072364e+00
2.970831360218684658e+00
2.943557628234233281e+00
3.144343377365828918e+00
3.771233358441968164e+00
3.035222340576133160e+00
2.589551840742026378e+00
2.860270883152419508e+00
3.252210059338690229e+00
2.968630489150555274e+00
2.742689856235807966e+00
3.160128007798855609e+00
2.414098184175350603e+00
2.927232475787880261e+00
2.605572433777334940e+00
4.059336249604014846e+00
2.785888694556139633e+00
3.086817871615493480e+00
2.501713324876651434e+00
3.034142596888700805e+00
2.637245424198161103e+00
2.782189055339812089e+00
2.649472569209043726e+00
3.133940521105549326e+00
3.319637501418946979e+00
3.362327461369365889e+00
3.335677296314221607e+00
3.239052626221282871e+00
2.407105692436258160e+00
2.741650930677314246e+00
3.093457661375182521e+00
2.820655641569850935e+00
3.267218692290327020e+00
3.150344553913396517e+00
3.380796505475367475e+00
3.238628381894897768e+00
2.745059045184444990e+00
2.923373656155741962e+00
3.435525264307917936e+00
2.149408527404683689e+00
2.282911518390293715e+00
3.145729104480886829e+00
2.402583823425234133e+00
2.777818062370899899e+00
2.783822300558569385e+00
3.212445916488348541e+00
3.355199183181394318e+00
3.115280426360985455e+00
2.839474176433444352e+00
3.770934193410638180e+00
2.564651597272736172e+00
3.211831567924349873e+00
3.324262266069212046e+00
2.721467280482555928e+00
2.985019123482170134e+00
2.145703412715045388e+00
2.268719273006329029e+00
2.870576548627918001e+00
2.698392071633417988e+00
2.802692849473459535e+00
3.516370519257242311e+00
3.704758501265644099e+00
2.863945184507109332e+00
3.253134293012758249e+00
2.404147326731903789e+00
3.222180617123878488e+00
3.187914497531433522e+00
2.895146329371783178e+00
2.990610335526406871e+00
3.732012463651879219e+00
3.117471403119313145e+00
3.128181701836585837e+00
2.902081569926778126e+00
3.461920414552879688e+00
3.317651770781006260e+00
2.689761637214018286e+00
2.913440022692175280e+00
2.807829870810128359e+00
3.209249572213400459e+00
3.034570431265072976e+00
3.294767361128995820e+00
2.668066500048491108e+00
2.480291511088817291e+00
2.724540175508003426e+00
3.154482982872743868e+00
3.333211526773754318e+00
2.628277651073462451e+00
2.814400203164382663e+00
2.428676957271254544e+00
3.427973990104138391e+00
3.095414344693996789e+00
3.369946569099794953e+00
3.196428023231125959e+00
2.949784004376225344e+00
2.988020599907865282e+00
3.169302628837324942e+00
2.870146520122036193e+00
2.159156527136172787e+00
3.111645350508597030e+00
2.636098715643134138e+00
2.286001437977685402e+00
3.057830570230448242e+00
2.627254476638944958e+00
2.928635362439125700e+00
2.941059075418696267e+00
3.345103997570970211e+00
3.075202808191975112e+00
2.893231039456038989e+00
3.815037641185140327e+00
2.558527172606797961e+00
2.672935093919932115e+00
2.926916619780584039e+00
2.888750210075100799e+00
2.311671586113324128e+00
3.164214453781776015e+00
3.245074965482282803e+00
2.913958844732754461e+00
3.301329170416319680e+00
2.625846872186519576e+00
3.330584496699763086e+00
2.591418281309117777e+00
2.515975200881490181e+00
2.467249126250578239e+00
2.919280389890779315e+00
2.939201513231663121e+00
2.743684839294580957e+00
2.772684249551066404e+00
3.222813888406065530e+00
3.173801022473185629e+00
3.234729614796583608e+00
2.446939011747576220e+00
2.861092758239171197e+00
2.825989358905711679e+00
3.155476192890970921e+00
2.868740861125532504e+00
2.287126346316488146e+00
2.856302979504827366e+00
3.092179125551381969e+00
3.124983518915518399e+00
3.155653237091038843e+00
2.483871017339794207e+00
3.257152245320275696e+00
3.318010908274480197e+00
3.710983864550720046e+00
3.474901708055461391e+00
3.128020672122674206e+00
3.078239688154931208e+00
2.906628779118720640e+00
3.119283578670976720e+00
2.952791006280236275e+00
2.977324879032591909e+00
2.813961956494184680e+00
2.946189995632351177e+00
3.660178436959166337e+00
2.750197866252264589e+00
3.243391098823525276e+00
2.890164095619716988e+00
2.385252384148445426e+00
2.774055238902905618e+00
3.419842283305485786e+00
2.770950558867087743e+00
3.748481279163978552e+00
3.435133360503650035e+00
2.914784746584417441e+00
3.210569945853778417e+00
2.843301001633977698e+00
3.135160855642097122e+00
2.981544130744226972e+00
2.747446229299994602e+00
3.339476614563964496e+00
2.568941999016679745e+00
2.872216739136811636e+00
3.105968080543342946e+00
2.785805134911618186e+00
2.827466501904253526e+00
3.614828587853107678e+00
3.277001949997801589e+00
3.173556424080798521e+00
3.131690504573408695e+00
2.859798261553861298e+00
1.739986030761672797e+00
3.484210793293430974e+00
3.519048035467296387e+00
2.752756600926228980e+00
3.662932019777629389e+00
2.954154563607831019e+00
2.510905755090646618e+00
3.851053124110947135e+00
2.838957086447207789e+00
2.384959281242979845e+00
2.664650081757995448e+00
2.857270339332041331e+00
2.786996933178625291e+00
3.753753285292243280e+00
3.308547165603255014e+00
2.936519443741967716e+00
2.707482843359956259e+00
2.807686574403509994e+00
2.971583935928179265e+00
3.127608432271526517e+00
2.913575648946101992e+00
2.527251550367812793e+00
2.680675981484406112e+00
2.351459594701297284e+00
2.369266128677093075e+00
3.382498962619674643e+00
3.128221062263415231e+00
3.173724316830125236e+00
2.847323164555732866e+00
3.718064316942710335e+00
3.666152939371716712e+00
2.368756900375544205e+00
3.179446775425194716e+00
3.164759362665434672e+00
3.437254356889260176e+00
2.887054811920530373e+00
3.789983244744613344e+00
3.056982891711244044e+00
2.988026809264797468e+00
2.929986316101769184e+00
3.022504126602448160e+00
3.355914682390017223e+00
3.598362642582117576e+00
3.581453351823634002e+00
2.465259522539723580e+00
2.416793369217693943e+00
3.592428496182133113e+00
2.553530616691766841e+00
3.207478961670452211e+00
3.142193653587481261e+00
3.594646892253940518e+00
2.795445259742575850e+00
5.340196975971113424e+00
3.419847013417808057e+00
3.478771262499062988e+00
2.616540105113883019e+00
3.904827176488023355e+00
3.426210256479417016e+00
2.959312283517489650e+00
2.730287925299173857e+00
4.200966664368918302e+00
2.820262173204013845e+00
2.384059878594417370e+00
2.451175165799197142e+00
3.529229171652076058e+00
2.808366675463287443e+00
2.922403418723543478e+00
3.909146969588509268e+00
3.092335174002352804e+00
3.323943732852357336e+00
3.444651193694516333e+00
3.274303733705372199e+00
2.832596770056348134e+00
4.008747311695326943e+00
3.605201569611821366e+00
4.123836668904495184e+00
3.550461913673305769e+00
2.950594919999298682e+00
4.295498180230318042e+00
2.814751148773429801e+00
2.825820435806384534e+00
2.659606546661417603e+00
4.066940172751569271e+00
3.105721197822944646e+00
3.661688711260975282e+00
3.452494171307483040e+00
4.000671683965057568e+00
4.033237226132377451e+00
3.265658418757876991e+00
3.899336689395938471e+00
3.290727085008770647e+00
3.537727834729528009e+00
3.835800536118906479e+00
3.123144314309047598e+00
3.585347123001142222e+00
3.003738329888356873e+00
2.471392872183795664e+00
3.615129393014471226e+00
3.719984994485734386e+00
1.622828445611085524e+00
5.412061631760012759e+00
5.005960078909260424e+00
4.184534998220214241e+00
3.453871410756234717e+00
3.086317150823592037e+00
2.775841499649585487e+00
3.113340684659052560e+00
3.442948470819024553e+00
3.552259634972291913e+00
2.555490428728310448e+00
3.212591530704631992e+00
3.084138846141620149e+00
3.580749813016450567e+00
5.392333368575970454e+00
4.721444595949668255e+00
4.778250914344502220e+00
4.058036895441972547e+00
2.805209549544723124e+00
3.661240550543771732e+00
4.278943648240967512e+00
2.573818988234091165e+00
2.875232550970823642e+00
2.468814898502047050e+00
2.927977352400084499e+00
4.124474429601676206e+00
4.016804493692530897e+00
3.387084731756417444e+00
3.418585413800208084e+00
3.455981483155519562e+00
4.156558121336061618e+00
3.409903793184320353e+00
3.574667136052204874e+00
4.661355913143212071e+00
3.229604550790864614e+00
4.119491366955613465e+00
2.923340317494106166e+00
2.972537454537730106e+00
2.496835029059705668e+00
2.829308831456611273e+00
3.654922846308525042e+00
3.538101037459259413e+00
3.818139884172446763e+00
3.992844194158246651e+00
3.259635680176209416e+00
3.065692874999543793e+00
2.345604698921573750e+00
3.340546647711977624e+00
2.956324529338581364e+00
3.699600733383850759e+00
3.256375321708020021e+00
2.053658374263209296e+00
4.436659832617960042e+00
3.464164765946434521e+00
2.857390174890153123e+00
2.300947546117131814e+00
3.285548909864878020e+00
3.664824948479150635e+00
3.039573546680798266e+00
2.430711559181530035e+00
2.201895749110675204e+00
2.157740287656218836e+00
2.973513352302289192e+00
2.324198967999631105e+00
2.355260749686475918e+00
2.704539177050810039e+00
3.299068911235271351e+00
3.185146007890359954e+00
3.052033509999146688e+00
2.660206027269921947e+00
3.087434179124225686e+00
3.090738833301126753e+00
2.434847459695979488e+00
2.940686753867218783e+00
2.725939674792190459e+00
3.145944390614416886e+00
3.253345928510266383e+00
4.180275697385688716e+00
3.377676283970534321e+00
2.792479446327242876e+00
3.134302888020887412e+00
3.063445690155434331e+00
2.936039167259544946e+00
3.330713593639814007e+00
3.119297875467626824e+00
3.352965103476893471e+00
3.541339537547346872e+00
2.962937258331224566e+00
3.634392194492666484e+00
3.164517233712521804e+00
2.538330959442959056e+00
2.750169308680507019e+00
3.455246396599812364e+00
2.566883652164213103e+00
2.970639431162675592e+00
3.563638455085682999e+00
2.208112309506023330e+00
2.846251597534837252e+00
3.593898834634265960e+00
4.564251270138179883e+00
3.179831759435128191e+00
3.276625273126745785e+00
3.085593769461918878e+00
3.075854397437927990e+00
2.686795480211824128e+00
3.730542660995237014e+00
2.500737479374181227e+00
3.200295653583239641e+00
2.958740274442314355e+00
2.708551481000632144e+00
3.188444586390735580e+00
3.568175916536865167e+00
2.911566272248071297e+00
3.213187887191109926e+00
2.906304751567178712e+00
3.168052189743801428e+00
2.885158272501498367e+00
3.217865652824572820e+00
3.114034092252153219e+00
3.356690203459589572e+00
3.208818700501914201e+00
3.284024570886899141e+00
4.434666611934238389e+00
3.227723466398174867e+00
3.567412249758502352e+00
2.781395502060845182e+00
3.516816009400800969e+00
2.451733427390359932e+00
3.347428770393984898e+00
3.080225818450200048e+00
2.962239720854226377e+00
2.556159965801026335e+00
2.495173478176588411e+00
3.335627715709100105e+00
3.299911679503296114e+00
4.071923560433087452e+00
3.158952759008529121e+00
3.255285154335041398e+00
2.930137087045133537e+00
3.675376880869529295e+00
3.493029341723070225e+00
2.476369245127683527e+00
3.016445896306780838e+00
3.682416856572903630e+00
2.626354345151456826e+00
3.169883240298693394e+00
3.717655342737598012e+00
2.731248861808056372e+00
2.715122111770599922e+00
3.561120031267192676e+00
2.346493429723119029e+00
2.928768553535214370e+00
3.512990129946026663e+00
2.830155731740101377e+00
3.307251536471042641e+00
3.761438807854215582e+00
3.671399365840487317e+00
4.443145923830712718e+00
4.390672733066082856e+00
3.371218480869970779e+00
3.363248692599130507e+00
3.663565122405547214e+00
2.317338737574655472e+00
2.920394166162849192e+00
1.104298214690018431e+00
4.138625805947212299e+00
6.345276711785448498e+00
5.905078049810550844e+00
2.714923217942541100e+00
2.381725758932558890e+00
3.873749240439520403e+00
3.531702472456429653e+00
3.165383537467737707e+00
4.853322599205844412e+00
2.945400985575080899e+00
4.264370830768607235e+00
3.650338032067593552e+00
3.203510129889962421e+00
3.126887385854504764e+00
2.621992429625753296e+00
3.079591561492800444e+00
3.243229567798909585e+00
3.879275983738351030e+00
2.964189882690152267e+00
3.723631249792676456e+00
3.952949818705728369e+00
3.124535578166391048e+00
2.235316830745948113e+00
3.092919886644430072e+00
3.485691616610609778e+00
3.543617143467234776e+00
2.947084675650353258e+00
2.934249593237805431e+00
2.621164986579445078e+00
3.156320984689085396e+00
2.975045020788643857e+00
3.219134924122078800e+00
3.799807671353725436e+00
3.400228065228205754e+00
3.481561430150487801e+00
3.071857664609570993e+00
2.413133006130116609e+00
3.754683814351029270e+00
3.255412663727733413e+00
3.031855795327383252e+00
3.622560913710838992e+00
3.918834888252366699e+00
3.453263021169997504e+00
2.362481976546034534e+00
2.801538025769230611e+00
3.520682078218444477e+00
3.204944863236372843e+00
4.242358935903294714e+00
3.771470129670198013e+00
3.699006999207705704e+00
3.311186135287530696e+00
2.952702196673282486e+00
3.373253497724909344e+00
2.805494119435394840e+00
3.422689372906274841e+00
4.960479795376081746e+00
3.984805126756127525e+00
2.938070715678086753e+00
3.436833592162428008e+00
3.884785168601147198e+00
2.845268796110446807e+00
3.080911669528782593e+00
3.595630875481753197e+00
6.303742662970432953e+00
1.808850491957926687e+00
2.615782568732851754e+00
5.470804409529813839e+00
4.908172999699716321e+00
3.396494269948440170e+00
3.495537143332350105e+00
3.715233615266169576e+00
3.403880255117146092e+00
2.515034149128350549e+00
3.159557034037049572e+00
3.335561137388310726e+00
2.517523532919764495e+00
3.198549595123872269e+00
2.320402472150626672e+00
2.806206869035948515e+00
2.951243698338495314e+00
3.146195076877628338e+00
3.373521827381720239e+00
2.987887751370386091e+00
2.492616473605385075e+00
5.621099080015491189e+00
2.356136190872349712e+00
5.056034274466515654e+00
2.841100240017880640e+00
3.768404525571159347e+00
2.770782089215507504e+00
4.947733455515188616e+00
1.415364305463422845e+00
3.822569028241852518e+00
2.701785373720729577e+00
4.390862098979731343e+00
3.181986465424945010e+00
2.718084609121272255e+00
2.538518996914836734e+00
3.442296122537959135e+00
2.629522368530302856e+00
3.114991977258581013e+00
3.181525285782530688e+00
1.561574701549373279e+00
1.089465290895121008e+00
3.216269137347458784e+00
3.603528287425278087e+00
3.208095800537969833e+00
3.374075310351877466e+00
3.855305526810316241e+00
3.099951969642082528e+00
3.839561793613209595e+00
1.820465400088929098e+00
3.189200765173779928e+00
4.087321351703203653e+00
2.327698867015980166e+00
3.104537391761756471e+00
3.397387786220972039e+00
4.020868832059321107e+00
3.037486913284989765e+00
3.516676686842443722e+00
3.859888012098076082e+00
3.006080154620622391e+00
3.718127843739479133e+00
3.953903643478793750e+00
4.324731802894509869e+00
1.570728115408474013e+00
2.494317306821833391e+00
3.203633416525168531e+00
3.772524532584889734e+00
3.619772280025196132e+00
2.843426556032554675e+00
2.608268778775614027e+00
3.587872811915439275e+00
2.358966736158507160e+00
2.916587347177311162e+00
4.762747268940880296e+00
2.385758917639757115e+00
2.551634144503370116e+00
3.648169315704344218e+00
3.427227405397308413e+00
3.808750146061562702e+00
4.118682018440420478e+00
4.299040479306505347e+00
-1.034855533776731784e+00
4.203540035398551034e+00
3.955283493629134117e+00
2.840765550116089333e+00
2.955408659718707476e+00
2.155192799037165319e+00
3.387580182132241102e+00
3.047065420564476490e+00
4.084207684099943947e+00
2.995179370070191638e+00
2.850544833942698641e+00
5.143680049398722254e+00
2.733641669565512355e+00
3.939749079433836343e+00
2.236777344542464796e+00
1.018181803584583101e+00
3.521485315671321725e+00
2.656015746253207688e+00
3.239805286978743926e+00
4.505046271451480955e+00
2.444126576664237049e+00
4.112477406851877682e+00
3.566810108729216999e+00
2.653938233100766375e+00
3.091960715257842551e+00
3.330624758174183686e+00
2.963596714359069573e+00
3.686787395021563274e+00
3.336588732023531900e+00
2.871279244712722001e+00
3.011531672914143254e+00
4.511681982491723808e+00
4.456230309972720072e+00
-9.601828051982896906e-03
2.216206378612878503e+00
2.784136983627131468e+00
2.981359186816431972e+00
3.046363351875320369e+00
2.501399897390744531e+00
3.149201933471225789e+00
4.308154130747595900e+00
4.802283316807375968e+00
3.682296186524032233e+00
1.688415538188671627e+00
4.382698642804158773e+00
3.359041798398922474e+00
4.358807295292166373e+00
3.271474278965320615e+00
3.248865671423862622e+00
3.472037016675633581e+00
3.468501190578447968e+00
4.132192464520414887e+00
2.283476238469068331e+00
3.513228275875968531e+00
3.742376528237050692e+00
3.489613269428367470e+00
2.765201836959310100e+00
2.647814779480472946e+00
2.734892827032167073e+00
3.009766406427894392e+00
4.453926248433178081e+00
3.480847985092578423e+00
2.787982622986536541e+00
3.873464456470812056e+00
3.101186617762112352e+00
3.107345781876417856e+00
3.829957678878548322e+00
3.787201879095709600e+00
3.240010077493932883e+00
3.853117997178213905e+00
3.453723562319307661e+00
3.519147243361812283e+00
2.803436813071051859e+00
2.962194273993313143e+00
3.485629587391528617e+00
4.107246816901696462e+00
3.815819833117057414e+00
1.076667730380645116e+00
2.667804031756621175e+00
3.765047136542071904e+00
2.617815243559958649e+00
4.168919741501790455e+00
3.935639137930761144e+00
2.575495096723883215e+00
2.846495539047495082e+00
3.932880446670234065e+00
2.488617263413479108e+00
3.030963686016075798e+00
3.103603928788039479e+00
3.674924514972358836e+00
3.384882212902048604e+00
2.849472041196731809e+00
3.236455760028656758e+00
5.013158847401364859e+00
1.504870648231498631e+00
1.315774430050692168e+00
3.766963126027105258e+00
2.531331544945405909e+00
3.622385167168912901e+00
3.000390160460822742e+00
1.873412968938835466e+00
3.654353221093231241e+00
2.972877116339020631e+00
2.850900780669559431e+00
3.116862686177042097e+00
3.601531014584410606e+00
3.491451236889216325e+00
3.289111312744406046e+00
3.959321227419287492e+00
3.248908249566209605e+00
2.925321022341179855e+00
3.372393344658878522e+00
2.686258262459785051e+00
3.455423460834193605e+00
1.431808999602012245e+00
3.162938229499207221e+00
2.803768633103929098e+00
3.740966175694094176e+00
2.488329830183477309e+00
3.606093603074070231e+00
3.084061315765726619e+00
3.202456590219433963e+00
3.289296254136737652e+00
3.621577301522940662e+00
2.666552596559269350e+00
2.919483591467872508e+00
4.746339067529666167e+00
2.395133054890382418e+00
3.888444553707655960e+00
2.310839566291953862e+00
3.019835512334617444e+00
2.996926170570707981e+00
2.906668895810366582e+00
3.097014412433374719e+00
4.318982698003506648e+00
4.545200276633097225e+00
2.294098602752666416e+00
4.270575779120403759e+00
4.126427528655890242e+00
3.885571284251519764e+00
4.023985233901811398e+00
4.159190121655303329e+00
2.885887999541629334e+00
2.963292050420868406e+00
3.547243032477798153e+00
2.819678483799958002e+00
2.869542391386494806e+00
3.542830742319661663e+00
3.371215459602319164e+00
3.492536903502893253e+00
4.208367085727969581e+00
3.533609050064006052e+00
3.787255287304539308e+00
4.157170022003058740e+00
2.788857175150823764e+00
3.072760146837723916e+00
3.347700432922951386e+00
3.842856275662574816e+00
3.269730452628065720e+00
4.270415485966835512e+00
4.023020101074808785e+00
5.823667584329581537e+00
3.181348085445347529e+00
4.229951667992892794e+00
3.634751086337644654e+00
4.230932129785040630e+00
4.150845364814564675e+00
3.543050697022284812e+00
3.835708993375033682e+00
5.246262051520592884e+00
5.785866825254225354e+00
4.734063207976952015e+00
5.039872198378360757e+00
4.103858767061209001e+00
4.367630001280384811e+00
4.586827348723862663e+00
4.185371259859558712e+00
4.349089931902900830e+00
2.615320720553135470e+00
3.996951415138072949e+00
5.052097206282094355e+00
4.217173495586967746e+00
5.255343147325720388e+00
4.303233582985749095e+00
5.814009183442947482e+00
4.887677823594354543e+00
5.408140252942559734e+00
5.860301019525887334e+00
5.064912571513211503e+00
4.106968540979595517e+00
4.391140829533020096e+00
4.472368256097761119e+00
4.956990225522913462e+00
5.516952702342616810e+00
3.531950251319616818e+00
4.909206629899857788e+00
4.818689339139331729e+00
4.878678943076441676e+00
4.813842772432342265e+00
5.226051859369676755e+00
4.115016990569252187e+00
4.989164010711147235e+00
4.868124149189273275e+00
4.961724953767787660e+00
4.564940080447752457e+00
5.340552130841882850e+00
5.847326845873996426e+00
6.079944378277640560e+00
6.118685147377832756e+00
6.008717373139609741e+00
6.468201406327060532e+00
5.067212773971855988e+00
6.500094943302545225e+00
6.121278667001848639e+00
5.433199503792010887e+00
5.689551457187992156e+00
6.255456950157215701e+00
6.463292318031519379e+00
6.855497249080193534e+00
8.469229464754215897e+00
7.351415014090158628e+00
7.785080629713021949e+00
6.378050468342354229e+00
5.207934279220804541e+00
5.658817860078991124e+00
5.147618567557417535e+00
6.268447140887357882e+00
6.765221905331504360e+00
7.567397513060639014e+00
7.473699976236669151e+00
7.835945950734822141e+00
4.679683023658213870e+00
8.007490930115453764e+00
8.198797715321688884e+00
3.006230308771978166e+00
6.734732900376815934e+00
7.700569813219134474e+00
5.731238545889967284e+00
5.671851543905113147e+00
3.303470628699597622e+00
2.480088425797617013e+00
4.525423095385221472e+00
3.824615299229355170e+00
4.860502167886060043e+00
4.788604023909869056e+00
3.793882443166787688e+00
1.393303258971753333e+00
4.474662642292556392e+00
4.989122674843083693e+00
4.107699055670493316e+00
3.844477586524130519e+00
4.216797645189433119e+00
3.886193311450051979e+00
4.842491807756921673e+00
4.364377346021111492e+00
3.291006239447656689e+00
4.746586737872690698e+00
3.894389906187041284e+00
4.191459887182295674e+00
4.940056501184635351e+00
4.786258913871959564e+00
4.350549228022654091e+00
8.272815599572696854e+00
2.183776616875473309e+00
1.281941084889275162e+00
4.559395721791176470e+00
4.388894577627120874e+00
4.835794813253206925e+00
1.594400780683769892e+00
6.437828205580121477e+00
4.056986694416822026e+00
3.253975100427678679e+00
3.449449183660351359e+00
4.029275900452665482e+00
3.519219605325391242e+00
4.247942889140192690e+00
2.793874776647302216e+00
4.384022559044003842e+00
3.914370225178359863e+00
4.186628185423301396e+00
4.866331111110764773e+00
4.699378228273155322e+00
4.096881603100547942e+00
1.843441388434891248e+00
2.456361063834741731e+00
4.671980313847335253e+00
3.359091554256066203e+00
3.791542379080150127e+00
3.095195620577896545e+00
4.196923114228491514e+00
4.557173257633413854e+00
3.438331117126996350e+00
-2.016399042654404283e+00
2.662871684543961948e+00
5.048715229147150652e+00
3.102208053536971821e+00
4.162033184860103319e+00
3.589427577959337423e+00
3.772769783825451917e+00
5.192613068451709779e+00
2.596972449202404221e+00
3.529308070719688217e+00
4.320816498199492983e+00
4.091746176395695933e+00
3.486387430016911093e+00
4.361408737871145469e+00
5.581077936857187893e+00
8.425885998336539728e+00
-1.276771417045153179e+00
6.336222874154302076e+00
3.231223984995950982e+00
3.280911370266803573e+00
3.748715677696639492e+00
2.773192380430681947e+00
3.299511114302010828e+00
4.777251368953775668e+00
3.405739261427895848e+00
4.462461989717518840e+00
4.917900375934157964e+00
2.847560293500533746e+00
5.214583222283655672e+00
3.374059255986070038e+00
4.064156685401377089e+00
3.528064651692278897e+00
6.799293141521403960e+00
8.513711180044618132e+00
-7.928243326818470438e-01
5.462850023593502691e+00
4.131925567319428616e+00
4.592768631279488645e+00
4.135681881879496480e+00
4.796760136943679420e+00
4.101423548703476918e+00
4.150068546862277330e+00
3.592525522376642133e+00
4.102011411233552174e+00
3.570814705856435012e+00
3.055126245113236383e+00
3.427767320406523766e+00
2.729883995967537391e+00
3.426677850996062702e+00
1.994743407209292219e+00
3.608249644082913932e+00
2.512852818419876400e+00
4.073292377977725032e+00
5.138138623119274939e+00
3.149086394385518961e+00
2.833106968165082673e+00
3.196371472644250034e+00
3.990684874672119520e+00
2.324755517284476269e+00
3.191945301134157642e+00
3.336020245870352063e+00
3.222965951876780810e+00
3.908709831759644260e+00
3.013548352582939849e+00
3.291303622393141559e+00
3.074603421489777944e+00
3.268643083804854133e+00
3.381573331136016769e+00
3.101661409483883691e+00
3.591455966414369261e+00
3.979626264961171334e+00
2.176789665186788625e+00
3.887235894506575917e+00
3.303198561215330731e+00
2.726486253823211747e+00
4.525425125161585349e+00
3.566793318280733427e+00
2.408641179450225156e+00
2.962653169067777092e+00
2.473761442475796990e+00
3.490764693755298076e+00
2.472951320129059383e+00
2.336957633661573830e+00
2.832678983852498611e+00
3.534168893862355887e+00
3.584484065672732367e+00
3.174410205896415427e+00
2.912502368746146875e+00
3.099160595433083198e+00
3.970407475700758138e+00
3.338620380356463802e+00
3.534646995654974422e+00
3.838679367579687529e+00
2.431076717963233325e+00
2.944211035804340071e+00
3.628179212808614551e+00
3.198563919366877339e+00
3.998918231604493112e+00
2.949164839459665899e+00
2.371681820776600169e+00
2.752283372882655677e+00
4.211803102885410155e+00
4.013763313736569138e+00
4.369659248195843837e+00
3.183408521652085099e+00
2.302946628736533441e+00
3.093741814733153017e+00
3.003711675450101648e+00
4.161318416702043166e+00
2.833201003613638136e+00
4.374120527431315075e+00
4.778286803285785034e+00
2.915461793344666042e+00
3.233499112917054052e+00
3.239306084327973956e+00
3.796112407439612646e+00
3.894600818617854454e+00
2.145500210925447071e+00
1.928360309777965131e+00
4.418510179281647687e+00
2.063221455736875765e+00
5.501772536165399075e+00
3.543417371965925433e+00
3.297621934303396340e+00
3.265853568134508667e+00
3.553038615591997740e+00
4.431098752688612308e+00
3.822426105517797268e+00
1.964441046394779899e+00
4.301692566399028195e+00
3.145600832284650039e+00
4.752826685030907328e+00
3.381876957779291093e+00
3.044001159891576158e-01
2.856377125414731655e+00
2.042319896700595994e+00
3.516891849579825813e+00
4.013257381285878722e+00
1.498138993024636045e+00
3.535419590049869054e+00
2.660978710298347760e+00
3.489562661423871504e+00
1.870660715483330794e+00
5.009032332304975021e+00
2.541761821757396067e+00
2.134741248744490782e+00
2.679459175067228749e+00
4.305774905157481847e+00
3.302166602993569011e+00
4.224196487930869104e+00
4.690386506901028874e+00
2.128148424585486698e+00
3.145847574736098107e+00
3.134283097047467326e+00
3.390965086198887590e+00
3.442966184227499227e+00
2.392168412305212932e+00
2.948041747448041594e+00
2.874421305562679940e+00
2.874650245403297610e+00
3.659857287096345502e+00
4.258031585392298979e+00
3.020992113038191818e+00
3.238827982668150085e+00
3.565651522072661006e+00
3.422116904638030643e+00
3.076605193195074861e+00
2.855939740621065148e+00
3.208763097044978085e+00
3.265805569165209477e+00
2.662363717843802657e+00
2.945657201891618726e+00
3.596518152569711191e+00
3.662068867358028168e+00
3.432814186807777723e+00
3.072804009677087222e+00
4.039252470230207948e+00
2.795725117402384718e+00
4.532933463575314903e+00
3.599855203399536130e+00
3.370075893189806937e+00
5.465494217068659566e+00
9.789334218847326241e+00
3.329902717579695248e-01
4.599635497979980059e+00
7.865143260192683172e+00
1.561054684624485489e+00
3.875621336147837326e+00
2.158260724116258800e+00
4.762158236011739376e+00
4.700284383445349157e+00
1.822076690908724483e+00
-3.595246306690668803e+00
6.116704397198265752e+00
3.116903638632809947e+00
3.842539943757049770e+00
2.257438935390420731e+00
6.131894174794068064e+00
2.044271719314580071e+00
4.204866108749484965e+00
3.222275218242226291e+00
2.552975554821889315e+00
3.004691535445451755e+00
3.956191053773061572e+00
2.418633621522679356e+00
4.224814349765104282e+00
2.321904814694539354e+00
4.480146813839143149e+00
3.950933417109268042e+00
3.922040299640495054e+00
4.753391322489227910e+00
3.791322939337972819e+00
3.971762670302002807e+00
3.801819328167664214e+00
9.699016232101385526e+00
5.349262423188410054e-01
3.155830419735370818e+00
3.641145335849810039e+00
4.829058181794854576e+00
3.306620163010643765e+00
-4.987566667001324117e-01
2.382262784253026844e+00
2.211828778213918323e+00
2.694563941127545270e+00
3.915909215123059006e+00
4.504734592798183890e+00
4.871949656289616293e+00
3.225454865130528148e+00
2.984863009992246408e+00
3.348486730569166347e+00
4.674663789550869808e+00
3.914881505799548300e+00
5.024133015414189884e+00
6.100687077184819174e+00
5.381387015762156167e+00
7.316263851611495284e+00
-6.295475325983193038e-01
3.352978681688354445e+00
3.125686198182303865e+00
3.281243476609966070e+00
3.280921501147023633e+00
3.122271012819095137e+00
4.019366713522704693e+00
1.268068133689262567e+01
1.761042669882482592e+00
1.528483640926643350e+00
4.905766577018910723e+00
1.892317248208775560e+00
3.346392283996606043e+00
2.492307198483401542e+00
2.473591881714743312e+00
4.631128301973323147e+00
9.777973322751069674e+00
1.590709102425861055e+00
1.604632142757625779e+00
2.387101800692848830e+00
4.236328067280193288e+00
2.381451537731744228e+00
3.531379072305667499e+00
3.130088346686283884e+00
1.286396864551383956e+01
-1.235544888366253247e+01
7.561474777250898338e-01
3.431525338509882950e+00
3.491885038121985474e+00
1.937782306500417162e+00
2.629625918752037883e+00
2.081203162431589426e+00
2.883421925402597008e+00
3.135320189733960206e+00
3.444928378924250190e+00
5.473845961228618329e+00
5.321202863550462681e-01
2.006770803668844749e-02
3.123804297937290197e+00
3.022354393889184365e+00
3.304442080495767708e+00
4.230822917828463758e+00
8.745962915746986255e+00
1.160866797001551376e+01
-2.403775600813133462e+00
1.487084526948274643e+00
2.735340275587433645e+00
3.791416316960436017e+00
2.419655456072492328e+00
9.497540169527340925e-01
3.153809628451386349e+00
4.112897784536376555e+00
3.229047037959832167e+00
2.782018128490711284e+00
2.330704627217342839e+00
3.703095440334777777e+00
2.430126016890380658e+00
6.515739700395158707e+00
4.356889451044946959e+00
1.738067968621422210e+00
3.876226051080352786e+00
3.196639549865918362e+00
5.046784840031682151e+00
6.520421360002887745e+00
1.229046291256141821e+01
-2.909361725312198388e-01
3.534799240469534976e-01
3.318489416796241098e+00
2.520463205342203139e+00
3.776510704936852481e+00
1.779791517432384174e+00
2.557518028512531849e+00
3.190461538176334599e+00
3.205712806720336872e+00
2.766024621208440504e+00
2.808261995097571795e+00
2.895451867564739601e+00
3.908603193183016522e+00
2.966879546869724216e+00
4.645400363823224410e+00
2.910315123350307509e+00
5.805511754809247194e+00
3.107198615922301066e+00
3.469296778577091622e+00
3.044222275758317053e+00
2.436238212773387257e+00
1.613616357956873859e+00
3.757250410608720337e+00
1.800230315927439761e+00
1.455143764992085087e+00
2.194256258248416636e+00
1.180129995685500477e+00
3.533146782107222439e+00
2.610835521686770910e+00
3.495498827994982793e+00
2.671191843784078479e+00
3.276034535925006708e+00
5.039426886739041045e+00
4.068476616564984383e+00
3.671933458642013814e+00
3.471077318911651055e+00
2.994956757977550232e+00
2.419490115288355447e+00
3.489721726343308905e+00
3.914470447951269083e+00
2.690189357917449620e+00
8.643425662111232644e-01
1.664989496461825036e+00
1.971828671814729983e+00
3.480034490401360259e+00
2.016295779179402281e+00
4.313003533605251683e+00
3.435669550314218501e+00
3.352758375023073167e+00
3.184782989202239456e+00
3.583924179714829794e+00
4.511153164229076751e+00
3.563793166633359988e+00
2.020241490146949204e+00
3.240022181868345008e+00
3.329515238062687121e+00
2.932772811193594897e+00
3.595727494665402091e+00
3.154890748643958354e+00
4.483212898882829478e+00
2.332959522681130160e+00
2.976468481535096799e+00
2.395522445879649354e+00
3.063789914791589908e+00
5.238434374464770116e+00
3.859721234520884003e+00
3.494446883337842813e+00
3.062817450195247204e+00
2.514993615710835684e+00
4.641443114445794826e+00
3.741879995421732108e+00
2.754229434555721667e+00
3.519406515399393864e+00
3.260166367992152203e+00
2.133799423054801192e+00
1.753459337669625029e+00
1.074244981253501319e+00
5.000452895841208445e+00
3.630066386913607168e+00
3.400725569253333358e+00
1.083349595026120493e+00
2.853462438974099236e+00
3.025670498916215756e+00
2.355304057386755634e+00
6.904276689338527673e-01
1.452524207842457615e+00
4.323958300541034028e+00
4.779692660987164388e+00
3.483729844894614125e+00
1.793164755277618649e+00
2.627546576064730743e+00
1.920621455715654458e+00
3.531710006026028914e+00
2.411583784677018727e+00
3.374455288442189449e+00
2.339690609640630026e+00
3.272093894360740052e+00
2.459398616775781754e+00
4.107768576516478198e+00
1.611654282481687739e+00
1.935736034774655279e+00
-inf
3.740753438389451624e+00
