1.475137558211128841e+01
5.807457541671336543e+00
9.347072357023094469e+00
1.058367382929869471e+01
6.780763793555886210e+00
7.041651726721057436e+00
8.185875560799978246e+00
4.258575457420985089e+00
9.678444116062678404e+00
1.315298723978661499e+01
8.412729363275374794e+00
8.673057585355881116e-01
-2.409765250766849221e+00
1.275124985159419921e+01
-1.927321851368942518e+00
2.488872978529880431e+00
2.286450467602156866e+00
-1.368726836447045292e+00
-1.375661176986382905e+00
7.482025888355369858e+00
6.604373760373198010e+00
2.666601846135061571e+00
3.263595102508414669e+00
-1.136256945916032102e+00
5.355362504213579733e+00
3.491133280742464873e+00
1.996937925268218450e+00
1.094487660569905962e+01
1.047192205268817666e+01
3.188014901824449243e+00
8.820786235446693269e+00
6.784938309545751167e+00
4.055550662968428810e+00
1.062862754938985965e+00
5.037800025368047940e+00
1.872728799228266183e+00
-2.208217157402318220e-01
2.957619105914584878e+00
5.930949783640963702e+00
2.746469614035447204e+00
2.930816016604776308e+00
8.388497557768783253e+00
6.269826978709792442e+00
3.214245253853730944e+00
4.773073976880877645e+00
4.779201497623563277e+00
2.663648753989896978e+00
1.116670492133509551e+00
1.085231549983986632e+01
-5.201382472083075914e-01
-1.939630855388606800e+00
-1.175422605510979546e+00
2.264175263174915020e+00
1.054349358178759033e+01
5.606230467954012475e+00
1.485196255779227315e+00
1.392697930266798778e+00
8.856383534292966431e+00
7.930450219724436423e+00
2.148874441635078902e+00
8.670800488887678625e+00
6.210824166490195530e+00
6.201220482338483109e+00
7.420875922328229457e+00
9.469562506120702494e+00
6.299224149765977998e+00
-2.329532398951750238e-02
1.997272147519632446e+00
1.099545674390697414e+01
7.516529430280129986e+00
-2.593750472699785092e-02
8.343491895211405662e+00
1.108566067755736739e+01
5.001619762086513710e+00
1.058160687117735144e+00
4.781494606191279750e+00
-3.657993526989177901e+00
2.351273975155433682e+00
8.275348161438564887e+00
8.605130461977193335e+00
1.103235675630854473e+01
8.536607034514712922e+00
9.949361014650902391e+00
4.860658546513910494e+00
9.201201105883049181e+00
5.147762139906673973e+00
-1.530189588175462578e+00
4.190783741433823373e+00
3.494779215236225145e+00
1.044205954704487205e+01
9.868741679994249338e+00
1.226130937281944000e-01
1.038711440120313245e+00
3.517707664025699010e+00
5.290124226501589533e+00
3.831850692069606712e+00
3.789164708959625205e+00
3.616779340983550028e+00
-1.163398431392058008e+00
8.419934367401504360e+00
3.110029222726735654e+00
6.909779661349121582e+00
5.047604623797780299e+00
5.450589417052367658e+00
9.058392495833157199e+00
1.145772780064132634e-01
2.752910754272314797e+00
5.516936734355191163e+00
6.805247361688296692e+00
5.648242714678637810e+00
2.058534870747239065e+00
5.693196535685941306e+00
8.717848005287178736e+00
6.299142269388329218e+00
-1.623116365776508196e+00
9.284888962800032175e+00
1.684172220800282282e+00
3.405015234054971529e+00
1.125812860053618536e+01
3.926403424454603996e+00
-9.478640816139178860e-01
-1.981837770603966931e+00
5.184843202063769141e-01
8.551671913122554258e+00
5.537019302223288975e+00
-4.134933079171473125e+00
-4.440029975777668447e-01
1.470115558772792985e+00
1.100909910605526010e+00
2.883503961380187608e+00
5.923933681679564245e+00
8.992802306233434351e+00
5.162379941311787235e+00
4.994936107045463425e-01
8.227877740231960280e-01
-2.171235185008777435e-01
5.941732117676437497e+00
9.632943342032461942e+00
1.421036191384335234e+00
4.145949697902048925e+00
1.551540732011138068e+00
1.919832659783523798e+00
3.210487039900724593e+00
-1.019516556941522545e+00
3.961231890329257155e+00
5.242994536470233058e+00
3.698410498462196827e+00
2.782181326192661786e+00
3.200326141223146958e+00
-2.260206661092801106e+00
5.505655995037103345e+00
8.172768710443845563e+00
2.610803473059339908e-01
1.302368916132291554e+00
1.055753691530876281e+01
2.799098638234143621e+00
5.479317739586819336e+00
1.154598859742437700e+00
2.174929447184286602e+00
8.495868747874570914e+00
3.619065507647816204e+00
7.318909131845179772e+00
6.905061940062983794e+00
5.289315401996190324e+00
7.728851177102343151e+00
4.946128898835711496e+00
4.388577655772811781e+00
3.486651530772504337e+00
7.319778857044155096e+00
2.981748992130732745e+00
5.743783347482090740e+00
5.013380757144643596e+00
9.496894565828663204e+00
4.974000622492011026e+00
6.779846336018062303e+00
6.340396493855791071e+00
9.426259645057943004e+00
4.144769903340374206e+00
5.779473329778611834e+00
4.370481150486501321e+00
5.456451297289410363e+00
6.970553796286833581e+00
4.046125704779115928e+00
1.415193975129586557e+00
4.219202044190108580e+00
6.345830365422854946e+00
-7.119365134624504599e-01
1.546709075499490549e+00
7.386994883347149710e+00
5.655659290518597615e+00
6.532233054121888927e+00
8.213919717880077798e+00
6.093665187155616891e+00
1.949995618488592264e+00
2.152137802291592017e+00
9.138061268276603144e+00
7.515248227570077155e+00
8.472520015820417250e-01
7.960208963334864052e+00
4.139437981644834785e+00
2.955391774531730853e+00
8.673539804689047727e-01
4.976274639705488667e+00
3.729196586462080631e+00
8.068189828619988901e+00
6.881341668661312028e+00
4.272196436742433434e+00
-4.099893002380388118e-01
6.921242062179754129e+00
4.258597535358280339e+00
9.988112302531314768e+00
4.407486370626662264e+00
7.816665610012295318e+00
5.733842748295578495e+00
3.581607459512473390e+00
2.847673455616872573e+00
3.771134114983946795e+00
5.167580662226499477e+00
1.858568135466325710e+00
6.504216547414664262e+00
4.082621296085288343e+00
3.807235531093259961e+00
3.635336864227465270e+00
2.588632610656797617e+00
5.647156299786260547e+00
6.614858966712924726e+00
7.003109342136394133e+00
9.027486667717464996e+00
7.338011280738471420e+00
1.318301621152994318e+00
5.569381326512265140e+00
5.109188183440121378e+00
6.005796036970339813e+00
5.271591418794747241e+00
9.472900955247649080e+00
6.713206285782927552e+00
5.996256455528039986e+00
7.327363022558919248e+00
6.605792116999156249e+00
7.663067935307894096e+00
6.853491390006698936e+00
6.165389846970837695e+00
4.196644416829309776e+00
7.344256259413185717e+00
8.890709541410823036e+00
6.852130465598496478e+00
1.923009425254871285e+00
4.789288151387191661e+00
8.549487027795152017e+00
2.877735518672975168e+00
1.269343049067671814e+00
5.711466001446090957e+00
4.427902937534268446e+00
1.019706779966060850e+01
6.238201033959922093e+00
8.251736325691869212e+00
6.555873929445036552e+00
2.834826660150797650e+00
5.272208858898546069e+00
5.515527621046689255e+00
7.402646681883223501e+00
8.251521242063079242e+00
7.664929880145412433e+00
1.251137696070112826e+00
2.221802124033485537e+00
5.283373706240766410e+00
4.548203991975491967e+00
7.828624355572711302e+00
5.436404429829767793e+00
3.416778455280491400e+00
5.188669818052970228e+00
3.425905890804238574e+00
2.972733000850976026e+00
1.054788126443698815e+01
6.351709350180979818e+00
5.100388605996100111e+00
3.535990224350426647e+00
6.195530316191199205e+00
4.362405878889488164e+00
8.684788593872159623e+00
4.078658080221863713e+00
6.944491532424511782e+00
1.628710117852296690e-01
4.182742940842225643e+00
5.784062918731864400e+00
5.461627317352928834e+00
3.259352888535973491e+00
5.302465290419391408e+00
3.423558203008254974e+00
3.212877547309430426e+00
4.694126217687864866e+00
1.359573269552612551e+01
-2.104143505054429930e-01
6.361134916502161119e+00
4.287416392994527037e+00
2.706379655614203017e+00
6.975849705140896972e+00
9.381935259328001209e+00
7.358293346778326693e+00
8.204333335427776319e+00
1.027662530291307696e+01
5.938646242117369134e+00
5.713991679347174113e+00
6.497666461562000784e+00
5.635942913718307246e+00
7.175784652107258133e+00
8.810794370660142150e+00
1.281088382302948681e+01
1.449645614464980881e+01
1.534642311026125938e+01
2.376144278475506511e+01
2.284536393551633182e+01
2.465594220155958993e+01
2.623121317451413503e+01
3.097807037458120405e+01
2.887604855651713009e+01
1.545888043570458947e+01
1.707872860320707531e+01
1.173598686773733668e+01
8.313714825435672751e+00
3.594040017518534746e+00
3.739224197134984884e+00
5.463364288379279898e+00
1.157887088870533532e+01
2.375424736167977890e+00
5.397506969929967369e+00
4.986413536866487028e+00
6.004258592822024454e+00
1.045367519275498225e+01
7.065771448740599148e+00
6.189134521295298619e+00
7.675736660888592411e+00
7.038312269246135955e+00
5.239354959072444196e+00
7.809092565656628793e+00
2.293512971323247385e+00
4.550950173528489628e+00
3.947068388233022418e+00
2.150952265612101844e+00
1.923595840972795346e+00
5.655789083348855328e+00
3.905463371101224102e+00
5.325649563004279052e+00
4.594599140394366010e+00
6.025982883816896063e+00
5.885825940469080919e+00
5.411687839732691074e+00
9.001726644632407570e+00
4.356890583683823870e+00
4.148471151232071996e+00
5.249767617297340649e+00
9.338017508356085017e+00
4.339885919846471651e+00
5.610530229784560952e+00
8.074382242128109510e+00
7.769477041573336074e+00
2.925036764286537583e+00
2.543572146687959723e+00
5.876178992237497845e+00
2.045046291908300340e+00
3.487495652234325227e+00
1.941003063267906059e+00
4.441017841824688617e+00
2.482207056298458170e+00
2.056594289148096166e+00
2.795823945142670297e+00
7.960999341586465938e+00
3.126259716577007630e+00
3.057874148033559170e+00
6.388875025436409061e+00
6.788251183538333677e+00
5.428799573106765308e+00
6.674310028493401603e+00
4.747184581931204406e+00
4.920290394352241137e+00
6.571157873223875789e+00
5.101873090255685028e+00
7.686337226637411035e+00
6.021868707898164530e+00
5.644127507560151358e+00
7.097532681485411388e+00
5.859421766620659611e+00
8.235908001125221034e+00
1.023536158392845330e+01
5.909000780383337315e+00
3.442703848400611832e+00
7.459064341657414943e+00
6.324862744102771828e+00
5.584142243607539413e+00
5.521822846576250221e+00
4.145453567119288252e-01
4.231214007593593784e+00
4.122873348736023402e+00
3.219050955692769556e+00
6.196355806458717197e+00
1.006316543982244660e+01
3.238704806330441777e+00
4.335680617956904292e+00
3.556924974094432201e+00
8.615081849933989844e+00
5.913214303288521378e+00
9.422563797683805475e+00
6.228579225743039238e+00
4.617058613130581968e+00
5.348912583630099249e+00
8.031883002920107373e+00
6.558018081080168926e+00
5.911483462532137523e+00
6.041396223560365542e+00
3.767218066886599548e+00
6.741076429592373742e+00
6.993063388670802460e+00
6.258214204202053210e+00
8.997789038859862032e+00
7.476424574208472507e+00
4.832555384438028234e+00
9.394346983259090678e+00
3.531404013320114998e+00
4.996688963821783958e+00
5.688433327544573537e+00
4.147038905789745655e+00
4.262933988069324442e+00
3.378251096056380742e+00
2.622378684628795753e+00
4.474638104765856106e+00
4.579071086654235678e+00
1.129823712632541222e+00
4.397692933433447138e+00
3.442380606142572574e+00
5.834898033987384380e+00
1.733894787704052476e+00
3.973242471213642268e+00
6.296869648129085562e+00
2.331970687257850283e+00
3.481400631229591536e+00
7.387799484839698394e+00
3.475754657164100703e+00
3.508923531768326498e+00
3.099239507355846968e+00
2.562977617885137782e+00
2.543232477122197466e+00
6.457660369931598865e+00
2.821522785694833502e+00
2.911727064136914400e+00
4.667214263420214060e+00
7.903902561569732477e+00
4.783908977332276713e+00
8.172245571829495958e+00
6.764768268667219253e+00
6.033043437195349412e+00
4.053509685195976431e+00
8.138184543687344785e+00
6.785174404966355155e+00
7.754740553332068131e+00
5.573604374955449359e+00
8.862103490107999804e+00
5.779395677752210858e+00
3.260684272655740568e+00
6.622512784014200626e+00
4.236650900197324709e+00
1.808006056574029463e+00
4.297446336623488961e+00
3.876504040731906908e+00
8.720097974523875806e+00
6.490855555483525663e+00
8.129665925338279919e+00
5.616025501129739972e+00
6.559135679223786042e+00
8.075266218007822516e+00
9.035767171870405789e+00
5.453948824060809386e+00
7.394435289428739289e+00
1.118027393434718242e+01
1.228650871993557914e+01
9.882376640175831284e+00
1.109629673792275284e+01
7.829861328574827084e+00
7.472875568666640156e+00
7.909890660328612100e+00
7.538380442492297995e+00
3.798403509900817543e+00
5.589281338032157542e+00
5.212883661519544631e+00
3.559107074418944805e+00
3.925222959948646118e+00
4.048802577812431025e+00
4.075670846617310161e+00
7.719991057830074332e+00
4.996914474835633335e+00
7.163147043583479867e-01
5.770489543943952526e+00
8.340020004320953362e+00
6.429428833767052431e+00
6.976802140873452629e+00
6.237625882876407069e+00
8.238598116342332744e+00
4.654775913349353367e+00
1.045060885852711863e+01
5.207196135506308998e+00
5.409344399923461388e+00
5.525062698544881634e+00
8.484240204115833350e+00
4.095555069632139222e+00
4.265446620478259732e+00
3.346829592667828202e+00
9.593473219424243581e+00
7.850235518639079757e+00
3.337354507525871927e+00
5.836757571153932567e+00
5.347003762578797392e+00
3.162387471211644652e+00
8.613619172002600521e+00
1.033235652301513952e+01
6.769223164545274507e+00
9.273687629801424137e+00
1.215085861757633978e+01
5.740675620687193614e+00
8.833859737229834863e+00
6.803971714590619335e+00
6.465699341422290303e+00
7.396799777795180830e+00
9.909933041392971376e+00
1.084034461622716705e+01
4.803565963679382378e+00
1.163108743822248314e+01
8.965709846805179239e+00
7.078149718617993358e+00
6.388147196029178687e+00
8.411888360023088040e+00
6.479407791446386788e+00
7.577019573894797411e+00
6.008994067535822658e+00
2.113405251819443720e+00
8.244617978241368661e+00
6.126652314605545158e+00
6.149359743721505289e+00
5.200959303153766200e+00
7.521499319033276620e+00
5.682241709093808879e+00
4.960021440949034854e+00
2.558197725183159577e+00
1.767542656224381226e+00
3.449033315283491330e+00
4.309957851416088559e+00
1.572833768650137687e+00
2.848019963869146132e+00
6.989187661756073311e+00
1.528981776679180893e+00
2.565104942227951934e+00
3.059514211481956458e+00
3.301468721248633997e+00
1.809638610723663055e+00
1.991498131753717482e+00
6.563851867047230115e+00
4.918843279569352411e+00
6.208603183792677171e+00
5.014127598760986793e+00
4.124450747865254563e+00
2.887847497327576285e+00
7.238990770034090971e+00
1.115615519909078479e+01
3.180898023727311674e+00
4.662779574300179419e+00
5.641222341425301323e+00
6.661998566123627619e+00
7.554334039272446510e+00
9.369390042528749518e+00
5.319099850638703053e+00
5.947220059716310736e+00
8.282571022902976310e+00
7.505913245228264863e+00
7.224984529684156165e+00
7.086132929549319392e+00
4.430346834079616158e+00
6.409613447025408028e+00
7.804151758739797273e+00
7.721118616095780318e+00
7.866491981298231906e+00
5.788464487796058933e+00
8.014867573286093005e+00
5.746352944129287543e+00
8.290340522286520297e+00
4.771644352535473033e+00
3.142397151354793472e+00
5.444981024623331223e+00
5.351235297327137097e+00
5.449893472634606439e+00
3.550836109291709786e+00
1.006783571618452555e+00
4.722287616222613060e+00
1.793691319865607703e+00
3.810024422487621631e+00
6.280463870056918196e+00
4.566774012871079869e+00
9.463379582836715542e+00
7.458652138172704227e+00
4.689503212002215093e+00
3.403970945526904934e+00
8.640803510992821401e+00
8.106932746646277721e+00
1.028247628526089841e+01
8.028797419534585700e+00
8.524528505604976658e+00
8.266840519524770059e+00
9.327344711066531957e+00
9.595550435453453986e+00
1.040679943118419537e+01
7.422756113851191273e+00
7.450269839282148254e+00
1.092039426802791269e+01
8.462335315195952390e+00
5.087638538279875888e+00
9.436096348604097628e+00
1.215752509014779292e+01
7.015769536706752518e+00
6.963785746342513683e+00
6.357049131564650679e+00
1.016155507766181998e+01
1.112458004852537030e+01
9.425517461974115108e+00
1.048235822017319840e+01
9.376902234193051910e+00
9.059109230412635938e+00
8.123670876051379608e+00
6.264506917843599254e+00
6.831392448300317000e+00
8.237527924853740302e+00
8.513701364738166077e+00
9.924959772739718744e+00
1.286345587466885831e+01
1.208612524891441709e+01
9.285480362737652982e+00
9.121328951791527473e+00
1.031826878000699210e+01
9.060994849855635636e+00
1.160774977272340003e+01
1.100945237072052763e+01
1.206694163762418448e+01
1.311964829306742431e+01
7.465075429635309234e+00
7.985839412133667992e+00
1.065111889563478442e+01
7.939619879301325511e+00
7.729906263704898528e+00
1.152877833376523320e+01
9.357998869589126301e+00
9.755603441545138921e+00
9.593118861390681928e+00
9.437478732169685358e+00
9.232318691731087767e+00
8.996401270547080387e+00
6.937791568100156958e+00
5.489730402444424229e+00
5.804148719304824233e+00
9.418375176583255737e+00
1.057509809894550123e+01
1.196625143643655598e+01
1.055035844565286851e+01
5.488425708586856189e+00
9.777708012300928786e+00
8.692533039467431166e+00
9.929738558838277385e+00
1.113309964645735661e+01
8.675436189521361641e+00
9.940638242785599488e+00
1.263480108167813398e+01
1.145200127429335879e+01
8.524912605887438488e+00
8.283694892218743888e+00
5.657918281421093099e+00
7.084813543342455944e+00
9.389922327933406976e+00
1.067917197237494342e+01
1.212888787984880956e+01
1.123183884465045601e+01
8.160066561913394523e+00
8.484434013187861723e+00
9.968044650524788608e+00
9.987060858883674896e+00
9.750391434376750155e+00
7.123489673195098959e+00
9.963562319285809821e+00
1.001078487854880272e+01
8.099520372600695239e+00
8.076576388940393869e+00
9.809981887416322266e+00
8.643596285065914486e+00
1.085494604016994025e+01
1.023719324366003036e+01
9.401155119192738496e+00
7.483878756100198260e+00
9.049391234401880979e+00
9.598425608403756470e+00
8.997023950957993677e+00
9.046829505963440710e+00
8.146100667743684909e+00
8.900278054083779367e+00
1.072326622596872525e+01
9.089623787275501243e+00
1.266825271138068487e+01
9.876835035726662326e+00
8.089913012133264303e+00
9.634604900929550908e+00
9.758343013060423843e+00
7.250428793853608944e+00
8.259541898863817622e+00
9.760536774984503339e+00
1.215564734357023013e+01
1.137725785084251307e+01
7.807041526414698396e+00
1.100707838546307826e+01
7.917759305350547727e+00
1.056231013505577643e+01
1.097438972906970633e+01
1.106141587722164665e+01
1.045293167468022233e+01
1.058860444207520324e+01
1.014406125875136055e+01
7.303852939069589212e+00
8.902513242944579019e+00
1.145182658984593260e+01
1.037814920873436897e+01
8.941997446779760494e+00
8.895601566835036778e+00
8.670077854811454543e+00
1.091707664121869392e+01
9.307362291333244997e+00
8.879098818295833695e+00
9.421774260490009212e+00
8.984319430636190873e+00
9.380109628222367490e+00
1.136513815295286633e+01
1.097959423052900796e+01
1.015414363787985863e+01
1.034219465979376373e+01
1.050405931486954181e+01
9.813438179600614930e+00
8.930661114842793680e+00
9.271568350969818795e+00
1.100562882315518820e+01
9.921550674418089244e+00
8.540775753677218418e+00
9.057712550208638191e+00
9.501382120353159877e+00
7.813056623236610321e+00
8.994762592427530734e+00
1.317232590179485108e+01
8.052978300171012904e+00
1.164565049169385524e+01
8.654284524118752486e+00
9.609106502573560249e+00
7.769865682678874563e+00
1.000124285749416764e+01
1.051074848663922268e+01
1.086866183669503094e+01
9.700243443350997197e+00
1.070158908490720151e+01
1.057741627545929575e+01
8.786001125548292379e+00
8.526201025837979230e+00
8.380184445464010423e+00
6.034678595343359930e+00
1.027203675090677848e+01
7.857621930811784949e+00
8.920799651956048848e+00
1.490600857205116014e+01
1.322206499466308571e+01
1.186583981549787126e+01
1.208630852140132461e+01
1.042315347923371505e+01
8.741663904997793111e+00
9.257801149563002596e+00
8.039944735453675051e+00
9.190289006641840786e+00
5.811383512545821084e+00
1.158913027272102880e+01
1.364331267262940806e+01
1.080242175451518172e+01
1.124105191280974125e+01
7.575377232928747873e+00
9.961248165515298680e+00
1.112453404836989534e+01
1.105407210576438004e+01
8.352365771253278837e+00
9.140008445284420802e+00
8.593899522184699435e+00
1.151239647283065715e+01
9.997036521949052457e+00
1.022474074436902214e+01
9.829642808214124727e+00
9.205691303357820487e+00
1.046043075073579054e+01
1.004953008916692170e+01
7.188886110655239747e+00
7.636383493665682032e+00
1.032204915416820512e+01
7.512428419350039022e+00
7.991868783653434782e+00
9.776875104781675319e+00
8.746570912028110101e+00
7.952330770475598776e+00
9.308800559412034659e+00
1.168591342711088288e+01
1.003788611976663603e+01
9.376416370366008834e+00
9.785606650579051546e+00
5.369820605734334507e+00
9.207700820625692728e+00
1.092535467638141711e+01
8.853367239661020349e+00
7.246269845536985166e+00
9.798930802934558315e+00
1.276960667357730372e+01
1.371813560489995432e+01
7.774689681657950935e+00
7.269004129624798693e+00
1.190758680853021900e+01
8.462118919790009741e+00
9.634097199203294437e+00
8.317871082296987240e+00
7.284335514470129169e+00
1.055136626919805209e+01
1.230031850131347326e+01
1.101862184794586952e+01
7.916295370400669107e+00
1.133632673897661114e+01
9.587797841362501572e+00
6.491116834800748414e+00
1.052819873067072010e+01
1.058617509199860329e+01
9.006218026620548045e+00
1.060249351419339092e+01
7.905713262266027108e+00
9.487056709759240647e+00
1.003643809966358447e+01
1.224095636457874647e+01
9.993084601366632569e+00
7.268423088522284026e+00
8.565088466740053974e+00
1.231008239288315131e+01
8.307447895107156199e+00
9.464284079598469290e+00
8.952795318244810119e+00
1.065827007189911413e+01
9.183411043587300426e+00
5.988622458558543471e+00
1.685054226695857693e+01
9.228195093059332166e+00
9.908457775091038755e+00
1.463702318080808062e+01
1.171903103572811666e+01
1.328364835883592754e+01
1.395016489233626444e+01
1.083504922957395777e+01
1.268274951739409673e+01
1.024027777786626814e+01
1.054466910412626035e+01
9.090167707200691893e+00
9.631012504011392750e+00
7.513366191156624296e+00
6.793563706372872879e+00
9.663647978840442576e+00
8.878651626380175799e+00
9.135877332746094481e+00
7.496002202602794817e+00
1.174109964679660401e+01
1.275079599800597130e+01
1.041561417176091275e+01
1.332934206511142605e+01
1.115744684958822042e+01
1.135846792365014402e+01
8.629774866834996061e+00
1.114556700515275800e+01
1.107689426471232075e+01
9.486464423920946132e+00
9.199149257317692729e+00
1.184060585126107945e+01
1.404871055616872155e+01
7.553183087392762118e+00
1.017813033236386921e+01
1.254429894493991249e+01
9.325581447905449295e+00
9.066586538026394138e+00
1.142765452455082986e+01
9.554957163867888070e+00
1.320749352266752652e+01
8.433526958989599365e+00
9.202445144967805746e+00
9.643575138559047133e+00
9.571669412888077488e+00
1.140281451410493041e+01
1.062610528033823698e+01
8.866830440889858167e+00
1.347500194606714174e+01
8.409619381307818387e+00
1.111334970859125804e+01
1.051802668485247416e+01
9.863373211375703775e+00
9.116569300815333676e+00
1.154276036456646892e+01
1.039620935734208551e+01
1.157867793928295796e+01
9.765028975546941936e+00
1.099507829907649992e+01
1.113471754194006103e+01
9.887130120361202756e+00
6.912555454691610812e+00
8.286463496082797420e+00
9.716840192736983184e+00
7.545175884329707650e+00
9.541017607235326992e+00
1.233286311461418450e+01
1.268810172576053219e+01
1.088611016208031934e+01
1.012606064098760328e+01
1.014579393331383095e+01
8.270136578220462553e+00
7.271064600348361218e+00
1.265620053098129461e+01
1.128088190380360167e+01
1.181005422170536079e+01
9.184304179051050454e+00
8.130417923440534267e+00
7.980515418511169301e+00
9.175224506133449864e+00
1.250994605179227825e+01
7.805896074977377808e+00
1.032708055363363542e+01
1.204005539134173119e+01
8.176546539816763826e+00
9.963167637347039474e+00
1.005267971578219033e+01
7.287230058462393245e+00
8.799528491787551587e+00
8.623027231867306241e+00
8.043691622290058518e+00
8.120406027545959304e+00
7.232309025579843897e+00
7.646772405059900635e+00
4.614917502560186513e+00
9.068979082041018103e+00
8.287005521426708654e+00
9.363688521495701522e+00
7.951320292074672835e+00
6.896811981696698624e+00
9.345815447083184679e+00
1.207170657393025870e+01
1.289788934807848086e+01
9.409109327599415096e+00
1.167162106574634528e+01
1.348244749176173940e+01
1.251723136475640885e+01
1.351659748417241680e+01
1.303536836835654356e+01
1.061807474325104295e+01
1.336019236007638966e+01
1.168431390590204444e+01
1.043465460674343070e+01
9.864424286542643472e+00
1.010665435871249862e+01
9.000259659703459647e+00
1.113609742258098656e+01
1.074503791287878585e+01
9.327921046684258144e+00
1.184229535859027038e+01
1.050350686700936720e+01
1.299992942484442082e+01
1.086694696191950626e+01
1.372588180074987640e+01
1.168932665828792494e+01
1.297313203400888248e+01
1.106502112389871151e+01
1.175172581325324295e+01
1.061351487694879658e+01
1.336740682203686248e+01
1.306139986084573046e+01
9.786511602766303497e+00
1.225598858983877371e+01
1.350183622377256576e+01
1.268390871357106597e+01
1.051685723281552676e+01
1.311910980736491794e+01
1.422897683587989448e+01
1.106757283487368682e+01
1.193396670512958835e+01
9.501726714191885748e+00
7.952062411541009901e+00
1.205862630380488376e+01
1.308060760397519751e+01
9.986283874110073455e+00
1.319930548064815667e+01
1.151510517892528718e+01
1.309392939458968286e+01
8.286740615120830711e+00
1.414579633988611285e+01
1.556960836407571946e+01
1.275506919197532696e+01
1.432507784958604802e+01
1.327843631985255257e+01
1.106834605450595177e+01
1.127224429858172883e+01
1.051954425363350154e+01
9.460816049702794217e+00
1.211736310497682290e+01
9.304327525374787911e+00
1.258320112313949757e+01
1.192934353239946788e+01
6.942508940441417309e+00
1.034954922365671948e+01
1.197607912985867351e+01
1.320797930807250253e+01
1.109557922458910717e+01
1.157680912917505722e+01
1.173756549821140993e+01
1.129336716933657314e+01
9.795493024974049945e+00
9.947742962995514304e+00
9.432568897569282740e+00
1.153705785339480450e+01
6.885136051283607728e+00
1.099987558939142396e+01
1.171378378530515185e+01
1.044837970535899530e+01
1.113784611158270010e+01
1.058082790960731856e+01
1.088728194066755073e+01
1.131566960800139654e+01
1.217777003123835655e+01
1.008951251661471460e+01
8.763016018977387134e+00
1.054618141295116374e+01
1.312683208411298352e+01
1.232413935364132485e+01
1.124874579971654853e+01
1.524456317129883942e+01
1.187333119345012911e+01
1.201464068474843394e+01
1.043147488969357184e+01
1.151854447269406734e+01
1.032529154467396459e+01
9.836234655236891555e+00
1.136607885552251673e+01
1.334759640407094139e+01
1.178599483544174475e+01
1.274629739414270269e+01
1.351946140545920194e+01
1.085054887843191196e+01
1.040560950721709510e+01
1.122003668859612091e+01
1.223066658831943521e+01
1.261564062502134576e+01
1.269514788012744333e+01
1.222700134938699534e+01
1.039891227788931971e+01
1.322482269921936471e+01
1.088684197245994945e+01
1.286147403186024896e+01
1.442605436553131248e+01
1.323164506142078700e+01
9.819779427282876227e+00
1.480980632042455092e+01
1.342893989273787625e+01
1.071448622237487136e+01
1.122226590412789093e+01
1.252977744037166552e+01
1.076276126901066910e+01
1.268012921579672003e+01
1.165845351928367180e+01
1.422812915936076017e+01
1.336991131780333397e+01
1.131555134451213185e+01
1.533681629102919786e+01
1.510265766643352414e+01
1.137850138788022925e+01
1.251235758537361598e+01
1.481870575288624359e+01
1.146471243503830273e+01
1.567619911116362275e+01
1.248563686831235309e+01
1.340288388566878552e+01
1.662492600211833960e+01
1.241141627579339968e+01
1.316554197043539176e+01
1.381248750150588656e+01
1.071561014074325158e+01
1.188322170530788213e+01
1.340096913323258043e+01
1.027918088179813694e+01
1.262382298539705872e+01
1.197453915590753049e+01
1.066670595276100997e+01
1.096247179541695616e+01
1.495661132578733543e+01
8.607470054353303368e+00
1.040815624233207970e+01
1.227152965435584164e+01
1.361330648220378414e+01
1.233644010022091564e+01
1.256113532266929944e+01
1.186191802376749216e+01
1.266943186014567324e+01
1.361777494430402768e+01
1.429340476477218402e+01
1.641831358509583083e+01
1.384233290272512740e+01
1.381022909259539944e+01
1.456805538467958527e+01
1.415277536512516754e+01
1.538796950703350319e+01
1.110639269908384463e+01
1.293481438071784417e+01
1.502632320105243480e+01
1.214802807702294452e+01
1.217675026170923758e+01
1.487542571914574374e+01
1.477632091039951767e+01
1.095572056615337786e+01
1.406605875184900256e+01
1.837353027044774123e+01
1.448224553934531222e+01
1.694045044460965599e+01
1.479332519509560306e+01
1.531322398803711415e+01
1.423860491813636209e+01
1.504132451837374340e+01
1.504599670609786699e+01
1.194501527280515418e+01
1.440369814098310997e+01
1.097689039446150616e+01
1.348976914681625239e+01
1.512027055915655538e+01
1.204258094639443577e+01
1.526988506573948889e+01
1.596157581528410674e+01
1.452493389138289359e+01
1.516355679500171760e+01
1.355383471982325361e+01
1.678578752499825910e+01
1.553881228392006797e+01
1.453361534117064480e+01
1.656166802774854219e+01
1.462577833141373773e+01
1.525038992607131760e+01
1.436855421371086194e+01
1.192521289320938926e+01
1.404268408756012931e+01
1.402941801385696863e+01
1.715297394772682438e+01
1.625787250194345646e+01
1.552588306580952171e+01
1.252431090290376403e+01
1.537462825146666567e+01
1.465091554011211805e+01
1.680618469991210873e+01
1.491776363419255347e+01
1.336703756230461515e+01
1.492669299862882681e+01
1.418969619125536497e+01
1.149901166771825345e+01
1.190491740360823414e+01
1.514561408890848426e+01
1.287439567081869995e+01
1.011144855011920818e+01
1.069298533341305735e+01
1.330701818026412653e+01
1.194359672560494623e+01
1.346395805063928464e+01
1.364312933291952490e+01
1.354986212658042888e+01
1.315259941595316739e+01
1.436568310218281752e+01
1.436859007165452340e+01
1.482216534757288784e+01
1.633097775649602923e+01
1.287028115619643032e+01
1.534367083967029188e+01
1.341288383075220381e+01
1.318941427316278769e+01
1.152503283393864386e+01
1.515322566936091953e+01
1.468639388713833327e+01
1.714765524707676647e+01
1.462938315664427158e+01
1.394443725567614756e+01
1.486103978043111162e+01
1.406489191899551905e+01
1.461647473303056799e+01
1.635613641096965765e+01
1.570514001870680154e+01
1.317609080818299105e+01
1.602057471074054362e+01
1.503943652163184908e+01
1.518214800936645581e+01
1.367124713963558236e+01
1.225826660402915280e+01
1.684084247337812101e+01
1.666860237125325739e+01
1.513398954104913408e+01
1.675804274041871977e+01
1.346098938401040002e+01
1.543768391828591469e+01
1.604924768913282662e+01
1.481655419569215226e+01
1.507510452803217582e+01
1.536372416206405234e+01
1.432817948814355624e+01
1.465036727594601551e+01
1.151219185133773060e+01
1.393206974726451008e+01
1.232963771118002150e+01
1.800753292058806210e+01
1.447522926210297101e+01
1.250645552829505824e+01
1.364395642263816200e+01
1.509330277985476698e+01
1.225346843900043936e+01
1.568307735266214387e+01
1.553181321199072507e+01
1.337713751588650091e+01
1.342690384696302708e+01
9.347090108303026668e+00
1.506702535799619547e+01
1.612920467224467203e+01
9.837293419960301932e+00
1.277800222684276221e+01
1.557292834728899678e+01
1.315112873806421412e+01
1.389692218457348538e+01
1.374905535614279195e+01
1.684216531513292381e+01
1.267713458037853869e+01
1.373000647320624701e+01
1.423607473763698827e+01
1.316292205010825711e+01
1.408320264260842691e+01
1.454036702879159115e+01
1.605749584016590603e+01
1.726312381003159402e+01
1.332475146635562879e+01
1.540213828324128542e+01
1.208801394590510014e+01
1.279735743434798145e+01
1.460723284963565405e+01
1.624165544609037326e+01
1.348472792855141478e+01
1.864533049749633520e+01
1.508502689571144550e+01
1.574662304018305647e+01
1.443668010224913978e+01
1.617993649169160619e+01
1.509684943745200236e+01
1.432107744768096147e+01
1.513558034508828420e+01
1.638400382596119798e+01
1.493001379915290094e+01
1.450861456976446107e+01
1.597803558590319639e+01
1.570810884697220189e+01
1.468026595829367764e+01
1.300837043989241870e+01
1.467757473087685760e+01
1.653546194076460552e+01
1.584846599568309422e+01
1.521241811225955054e+01
1.257119214618193936e+01
1.793790518713885263e+01
1.569609251117084980e+01
1.373278483292382646e+01
1.773256801370205693e+01
1.539623493686950439e+01
1.126536043259944719e+01
1.469810494760251274e+01
1.505681140831589460e+01
1.335208638497511124e+01
1.620637930578207531e+01
1.534384396891896074e+01
1.542952348443315636e+01
1.717014942856842552e+01
1.591185936727249661e+01
1.472164628272764908e+01
1.416992492231545242e+01
1.560365955629325896e+01
1.501492498912681484e+01
1.388802919385591039e+01
1.349970557729541554e+01
1.510911760278180438e+01
1.462720014963611526e+01
1.260822071601161731e+01
1.287285400937803104e+01
1.068652093253906266e+01
1.191159714769301026e+01
1.494788248097306393e+01
1.374119503467920644e+01
1.538729249281758626e+01
1.509421828713421831e+01
1.523766447329904850e+01
1.475623014102637853e+01
1.404148718297965992e+01
1.473659783806859380e+01
1.534124790527676119e+01
1.540218154646692561e+01
1.110660379899380956e+01
1.563558524735896604e+01
1.636390142041554085e+01
1.507540919434653937e+01
1.155997809000195353e+01
1.772889789061377286e+01
1.301499030310520233e+01
1.549872384258219959e+01
1.214239824043470328e+01
1.427595311668689249e+01
1.724075898778673022e+01
1.456834070623642496e+01
1.620110947323848194e+01
1.229620675529640295e+01
1.238726210978674480e+01
1.303763239594774959e+01
1.294730389859743447e+01
1.435318184465661417e+01
1.395486864949056383e+01
1.670578002767116388e+01
1.347116218138769028e+01
1.582177945805898922e+01
1.543508980394618746e+01
1.335815405411301171e+01
1.414260954588547392e+01
1.434763808946339658e+01
1.673822878004242654e+01
1.393253700872980261e+01
1.652060091252981522e+01
1.452935969003501349e+01
1.357684798476476651e+01
1.437442232699757660e+01
1.606834156430981153e+01
1.862333930639883306e+01
1.784599458261238070e+01
1.751772678033215769e+01
1.580422455802644777e+01
1.484481006851916973e+01
1.490735388734358580e+01
1.770433363827347506e+01
1.478436872472027908e+01
1.588020801495872192e+01
1.710214091962350480e+01
1.474423922762978734e+01
1.649018070134042091e+01
1.621894947959391331e+01
1.247293275398495460e+01
1.334665465196045453e+01
1.424563452223937787e+01
1.360561335069683508e+01
1.444954045918252916e+01
1.647125937213570523e+01
1.639104059822882320e+01
1.443934092214502662e+01
1.454058166761442195e+01
1.592207609064497831e+01
1.569234580134782142e+01
1.445407289623452840e+01
1.530655924991015837e+01
1.650155517937206540e+01
1.895747922492180493e+01
1.769474445655042771e+01
1.954254976674238264e+01
2.014484077436811660e+01
1.520763771605933634e+01
1.409693684121445578e+01
1.504959161447657934e+01
1.393367559324697602e+01
1.515691883046390132e+01
1.613336153110601856e+01
1.615009500166074474e+01
1.593987559381937658e+01
1.522570135750124720e+01
1.551783443481890856e+01
1.425223888139030137e+01
1.545996011556344918e+01
1.279099373802530870e+01
1.646313226144422615e+01
1.563878881632663109e+01
1.559906990938949889e+01
1.342219477388151283e+01
1.424089753168627759e+01
1.540965628446414648e+01
1.584290761524315450e+01
1.619387058433110127e+01
1.629944752924512841e+01
1.676773968572433660e+01
1.726512663293334526e+01
1.432345833439910265e+01
1.485189742493891174e+01
1.338536133082243218e+01
1.582173365893313211e+01
1.574981975455981242e+01
1.560702063527223871e+01
1.272565956461372849e+01
1.526303753714075562e+01
1.568207635781827314e+01
1.363868733845165337e+01
1.472030885736732486e+01
1.627160513532742314e+01
1.661927630107201637e+01
1.574207309036817470e+01
1.526045632304768951e+01
1.721657873597840549e+01
1.487731750323117019e+01
1.673982711397915324e+01
1.563179526566820599e+01
1.683461836825993885e+01
1.426920523297336807e+01
1.657035404884417673e+01
1.750570779594219317e+01
1.571346235967257954e+01
1.639078897729110551e+01
1.963847415956594489e+01
1.613079133359072159e+01
1.467668360562595176e+01
1.464221526810529106e+01
1.443842332239485415e+01
1.533890280264330030e+01
1.611796178910745070e+01
1.585685505401910333e+01
1.667351921996601050e+01
1.720990010076592824e+01
1.300619474801732522e+01
1.537565865799518150e+01
1.612702197323023867e+01
1.671955746237789242e+01
1.963578519936816136e+01
1.593548842887603278e+01
1.763394479257791758e+01
1.462140747750626346e+01
1.780349676880387122e+01
1.353458060317534084e+01
1.419381368795165699e+01
1.756199269261717077e+01
1.551204892351342401e+01
1.371229065398030045e+01
1.742508754476461874e+01
1.420023215837940533e+01
1.677958934369115696e+01
1.561779979060541734e+01
1.343297624879020447e+01
1.610311047240526605e+01
1.491199941450289579e+01
1.684643971723495781e+01
1.531349227946857994e+01
1.667189178789777060e+01
1.502526652576765542e+01
1.673556221813485223e+01
1.426668283406885784e+01
1.376018852486411781e+01
1.556903899413927306e+01
1.481706059502818462e+01
1.641990911101660799e+01
1.541481540765096092e+01
1.622611904555964557e+01
1.308438444378674603e+01
1.830914757033902518e+01
1.619496377790746777e+01
1.642987017873764444e+01
1.614712028348825967e+01
1.299471920496685229e+01
1.461277843335031790e+01
1.723564021415522873e+01
1.781414824772405581e+01
1.733838290803702620e+01
1.761124449994118635e+01
1.626476576314730949e+01
1.679367603887265048e+01
1.466229589705199210e+01
1.715902387858735167e+01
1.509745585422118985e+01
1.356238080845385952e+01
1.655413726540932373e+01
1.703363509074993587e+01
1.525401308850098836e+01
1.481724096471364760e+01
1.246201731937847690e+01
1.509362819724093185e+01
1.659392236993220138e+01
1.764925116077042233e+01
1.790056075638365840e+01
1.721693907241162691e+01
1.735042271847421702e+01
1.405051691444732143e+01
1.580248644441275907e+01
1.327960761180794158e+01
1.653401291932454953e+01
1.571856719447856321e+01
1.149879982581190241e+01
1.336813372783630527e+01
1.567846441584710426e+01
1.420728794805365780e+01
1.700486066575040667e+01
1.701328492400365633e+01
1.568007926355650739e+01
1.412781569701841633e+01
1.570223325000907622e+01
1.682321550659117548e+01
1.577589629449828301e+01
1.488940006704510388e+01
1.361974367254218343e+01
1.665626446482090728e+01
1.532668792166319349e+01
1.620303920825982402e+01
1.570607542655426059e+01
1.373795282946484164e+01
1.461498795300760456e+01
1.644332189664617161e+01
1.611214968167223915e+01
1.423077663231039836e+01
1.611749040616092188e+01
1.613344445737114086e+01
1.744219740560878407e+01
1.211407735621874515e+01
1.619109224794169322e+01
1.363920722592073531e+01
1.519774367983088048e+01
1.475703830675800354e+01
1.539528902742256733e+01
1.434648943085922745e+01
1.562328572052688536e+01
1.635000450819303097e+01
1.643579886498041631e+01
1.557890307052981527e+01
1.777806840286549317e+01
1.629881817083035855e+01
1.353640056653613044e+01
1.473068998879073277e+01
1.883864986534152663e+01
1.585981185418476613e+01
1.469300623444297571e+01
1.502812706070456628e+01
1.619258160187150963e+01
1.997617234624396687e+01
1.558163563003219387e+01
1.533825385836846955e+01
1.612299026115560707e+01
1.890407014444177136e+01
1.758719446436817790e+01
1.603052783813001980e+01
1.455901631357074777e+01
1.689136352549226316e+01
1.909641305653746102e+01
1.668564352450318111e+01
1.555047734594700337e+01
2.057033240328998502e+01
1.993996913665466053e+01
1.917983570621929346e+01
2.075194790363640607e+01
2.458908321657940377e+01
2.684900604136262814e+01
3.234635144376314742e+01
2.863305924067216779e+01
2.339418152739646217e+01
2.272351949544520266e+01
1.718452065997921352e+01
1.896418786075989971e+01
1.630248633275494186e+01
1.564885522495908177e+01
1.804881106041977290e+01
1.225305176316155631e+01
1.713663800420070160e+01
1.553340741410312553e+01
1.650767433238264559e+01
1.560602491003045422e+01
1.869130801812691800e+01
1.739619494814939316e+01
1.945911161073021134e+01
1.404355754119634270e+01
1.544128322393519603e+01
1.443791746972550172e+01
1.698517101548401698e+01
1.259799365646006208e+01
1.736241206905690149e+01
1.351479474083485322e+01
1.641864446168745673e+01
1.558080760012265920e+01
1.579422611067681359e+01
1.669359204089876769e+01
1.495733014979019160e+01
1.448556768879829093e+01
1.842204680977647158e+01
1.361654906756279537e+01
1.828820673905886807e+01
1.642623384285718657e+01
1.712737017091619407e+01
1.646428855907392830e+01
1.988860604018508127e+01
2.467000584665944984e+01
2.746969696090714308e+01
3.989872482591301406e+01
4.810232417773608660e+01
5.840529855600434672e+01
6.215913977196515106e+01
5.924032844755578253e+01
4.404367474205486133e+01
3.454951402556542916e+01
2.517982081889554991e+01
1.593008684286338728e+01
1.609156796102768894e+01
1.663033406460590058e+01
1.569019693351306088e+01
1.287394246802973363e+01
1.592255654849429014e+01
1.485724452629221304e+01
1.507785230221867856e+01
1.452772235125545208e+01
1.605365994581343259e+01
1.478310616335303784e+01
1.604318328224219314e+01
1.645956104899723371e+01
1.410142020784350159e+01
1.390607521967076288e+01
1.314058280836299453e+01
1.547501007851425747e+01
1.717339979052995247e+01
1.468902050621523081e+01
1.430105031520813519e+01
1.584530123056805095e+01
1.425754128369496598e+01
1.702829165317103133e+01
1.319580195465034045e+01
1.310106721403229280e+01
1.608032252162607989e+01
1.676119135428004014e+01
1.584176813334875966e+01
1.657740647216502694e+01
1.431616775312263101e+01
1.402325760829682366e+01
1.981635589064017111e+01
1.526157295579018758e+01
1.596800834515466150e+01
1.853141622542916522e+01
1.438071562885993160e+01
1.675413638057970545e+01
1.599424276783714483e+01
1.763729066059703854e+01
1.559528354281041196e+01
1.740003275859752563e+01
1.834672401731169344e+01
1.849643887547743049e+01
1.774343958811784461e+01
1.764001809408188848e+01
1.817482724824029461e+01
1.679069674468793139e+01
1.723690437902530093e+01
1.663701377541170245e+01
1.666107821024506563e+01
1.654849411633243150e+01
1.606616178351528035e+01
1.773795000922455145e+01
1.543808185657925947e+01
2.340067343750419937e+01
2.581385765049142833e+01
-1.240930787862918905e+01
3.178389341646984434e+01
1.209855527521884611e+01
1.424166869713907246e+01
1.356044499950165516e+01
1.756410532406772873e+01
1.524207735447623691e+01
1.745181110388145740e+01
1.727723346622785527e+01
1.391509704331152797e+01
1.804773553059588309e+01
1.659843530643304277e+01
1.521158954743546055e+01
1.993042595344190104e+01
1.736861038518495803e+01
1.490703615464554233e+01
1.522806217452415645e+01
1.668784578746307901e+01
1.574144374109600975e+01
1.500456274114100452e+01
1.607283970658949102e+01
1.614266438756568789e+01
1.705291841299938227e+01
1.430265332120649013e+01
1.477096452864401144e+01
1.551022811800510226e+01
1.715730035339911197e+01
1.850824039873251081e+01
1.614489183814682960e+01
1.463583166989172746e+01
1.694178482636394989e+01
1.844001301879799115e+01
1.648678536088996083e+01
1.296945531240267435e+01
1.238341228315138487e+01
1.710615775691715612e+01
1.385133975442397691e+01
1.558018929437015743e+01
1.480729489455884362e+01
1.603941477744798760e+01
1.276201879030196551e+01
1.490511833755138760e+01
1.472937179662525331e+01
1.423078261727452443e+01
1.647799195136642325e+01
1.543280602452420247e+01
1.515519661592275114e+01
1.546170362931155218e+01
1.535426039384324781e+01
1.770570413048712766e+01
1.488013132255711213e+01
1.650698437148028574e+01
1.596851056470732644e+01
1.489034348109538008e+01
1.309285964524597823e+01
1.765312919561175775e+01
1.780635154843303170e+01
1.553114772262548371e+01
1.567163422873466594e+01
1.547686335773706112e+01
1.441163111411165509e+01
1.452180627247427402e+01
1.492480500891971218e+01
1.822474104902570957e+01
1.741906369810602229e+01
1.554047889679974759e+01
1.542917141227163569e+01
1.676168418032857232e+01
1.395095305058677582e+01
1.596185829530055145e+01
1.637336962538163121e+01
1.502071128395999011e+01
1.322161555301330083e+01
1.162637334596677618e+01
1.230915958417640077e+01
1.317965123605609001e+01
1.249813570562566056e+01
1.373690749907675190e+01
1.339714332777225003e+01
1.144901876543150721e+01
1.289007289722672134e+01
1.324352027969073475e+01
1.473145047804344010e+01
1.267757909159032614e+01
1.300107189617213521e+01
1.340913252748957341e+01
1.426184277542918544e+01
1.165077525606369058e+01
1.360411532959206049e+01
1.293484788511154626e+01
1.477692681038577049e+01
1.288917906962388038e+01
1.439900983704322890e+01
1.471906156946795363e+01
1.626963547625849316e+01
1.689592731425750571e+01
1.437982363056259949e+01
1.810942161761524005e+01
1.482054679011927867e+01
1.622880902084753174e+01
1.637804515215587031e+01
1.588627035233758988e+01
1.888121590366070635e+01
1.728220557790460532e+01
1.870617639054665915e+01
1.882613730489885384e+01
1.428781505630129622e+01
1.481145031228743569e+01
1.231004905136710192e+01
1.189460421925994282e+01
1.347859000542640828e+01
1.354652842908193655e+01
1.514264360387729447e+01
1.499565460134857808e+01
1.365767864276901200e+01
1.862101579777252525e+01
1.568164872066466309e+01
1.474071202342137532e+01
1.864885195887529079e+01
1.775814958711034208e+01
1.564207968448355857e+01
1.985461427533996925e+01
1.514099337950243829e+01
1.707684394027051766e+01
1.436690872275375952e+01
1.595232070111652689e+01
1.687741258897341368e+01
1.338776105725430021e+01
1.567208408980672374e+01
1.796048146806658607e+01
1.499688029601185235e+01
1.891674561353076456e+01
1.598218829493638182e+01
1.730557394463733445e+01
1.584660919631491183e+01
1.932907492697214380e+01
1.812491906085673676e+01
1.569312407047839208e+01
1.792981657383548111e+01
1.941401839031225052e+01
1.821915509000771394e+01
1.780526373552310559e+01
1.752502963224812049e+01
1.578875810674250779e+01
1.732827734036605705e+01
1.706669365379418934e+01
1.490003697308626052e+01
1.697598203838678543e+01
1.858605308902806996e+01
1.722592883023894217e+01
1.848140097612494515e+01
2.004835103791423023e+01
1.563194646040259883e+01
1.341157935136705603e+01
1.525926507267640275e+01
1.730016696809324728e+01
1.566179153896189824e+01
1.152161741051650523e+01
1.445244665951949159e+01
1.391029154503642395e+01
1.473863308064579591e+01
1.446120357125406386e+01
1.727573157797308667e+01
1.541799862558302081e+01
1.785991243356157199e+01
1.771933569047680024e+01
1.759952365491346171e+01
1.484360411339161878e+01
1.740384069718137994e+01
1.651609437001178904e+01
2.212700191964944096e+01
1.569251468499078861e+01
1.973731853629005428e+01
2.003860397044335429e+01
2.312091451413229848e+01
2.005993877967698680e+01
2.155126833017921584e+01
1.657811016933706227e+01
2.392887697853729634e+01
1.919411287490700957e+01
1.779261542742563407e+01
1.762538097733392561e+01
1.554980966815072563e+01
1.697040791249698088e+01
1.550530965161792807e+01
1.752377248414092392e+01
1.849676107512273049e+01
1.918244945173603000e+01
1.882262913545608285e+01
1.804875109110765763e+01
2.117178469908380478e+01
1.729630856782267401e+01
1.522406480047272481e+01
2.203081591791629634e+01
1.755711472089878811e+01
1.988861430109904660e+01
1.912238827056928869e+01
1.807665521611104609e+01
2.092930597170722251e+01
2.121998184222619344e+01
2.060920631609783982e+01
1.656299781104829449e+01
2.102834244652568430e+01
2.038762459903714230e+01
1.906576583679818881e+01
1.392943434741230213e+01
1.668184926047151606e+01
1.592778476199693394e+01
1.492316433231048478e+01
1.635287671470469562e+01
1.508577566640986589e+01
1.527707320670459445e+01
1.857955618134327480e+01
1.924512563651387254e+01
2.213204664486371698e+01
2.035532560336678642e+01
1.663603847999826613e+01
1.971574477921682345e+01
1.663562155509903562e+01
1.550532521371765426e+01
1.792198176836469514e+01
1.869851905942032033e+01
1.785568681620601339e+01
1.775615988609262175e+01
1.989954208381602641e+01
1.801080967748075778e+01
1.876690937794274916e+01
1.709941025745321497e+01
1.778764546992447393e+01
1.843847839847584069e+01
1.797975992392406752e+01
1.857922025454784531e+01
1.924893325640767827e+01
1.939819102312950960e+01
2.015720301675505155e+01
1.731459766178483761e+01
1.696946217140393642e+01
2.562420911892903064e+01
2.121656636279617558e+01
2.023093571775018162e+01
1.678108173078067722e+01
1.454233004383370798e+01
2.121478084917736950e+01
1.940000473971048223e+01
1.776745029662076547e+01
2.002639444328609031e+01
2.237923228291404953e+01
2.034159213013113643e+01
1.842992800668309172e+01
2.047913730985517589e+01
2.012271584231370980e+01
2.412863007176822094e+01
2.286625512525208848e+01
1.679281097970648062e+01
2.220159404931719749e+01
1.931598494561894341e+01
1.671553099076109561e+01
1.979512510896174504e+01
1.817276698849101635e+01
1.667817562138763421e+01
1.691992837580702158e+01
1.642983625959212901e+01
1.822199914988709324e+01
1.909628495191466158e+01
1.497762374555973430e+01
1.537193205656706674e+01
1.686972198861750627e+01
1.597173454260608061e+01
1.779455195875147666e+01
1.816926636161825925e+01
1.468081416411250828e+01
1.723727923497544978e+01
1.661177203189440732e+01
1.757912125912771728e+01
1.626633568318036538e+01
2.025484288035773872e+01
1.926833474839499161e+01
1.614912234840554106e+01
1.782278073769436233e+01
1.904008204317394259e+01
1.584107241580040260e+01
1.746708963394600644e+01
2.038426065197231551e+01
2.311912579877219187e+01
1.811381422920042183e+01
1.850835730689074055e+01
2.000642032366890888e+01
1.729393955285583218e+01
1.698453779267715902e+01
1.703840639209716201e+01
1.839176239965025061e+01
1.623339657583109030e+01
1.674710703670879752e+01
1.820653004257466279e+01
1.889101685444847689e+01
1.719269452880592652e+01
1.650537777570419706e+01
2.123589730922935814e+01
1.936215847490997177e+01
1.929200128523916291e+01
1.964677414856384274e+01
1.938634440678176674e+01
1.751490036325171573e+01
2.055551847791730324e+01
1.581202402863873324e+01
1.892569637265678750e+01
1.742954443496517314e+01
1.969670169508131963e+01
1.721301687194550567e+01
1.768173415257748715e+01
1.707451232734945279e+01
1.512784285961437192e+01
1.846150252839965233e+01
1.967764002920309707e+01
1.797858531706235397e+01
1.872413465214767925e+01
1.871759384410170313e+01
1.801278453213755526e+01
1.834220093582376876e+01
1.739388502459940966e+01
1.702059978215861591e+01
1.973790090445142553e+01
1.762434342835929613e+01
1.894328736522803069e+01
1.891304020231773464e+01
1.745627819909183742e+01
1.637228649468059061e+01
1.881758010333669873e+01
1.703297460332625946e+01
1.825483827206931764e+01
1.870421627131657871e+01
1.800484119222808488e+01
1.622388031053712965e+01
1.881192080676554212e+01
1.675381825426070392e+01
2.004304301032181002e+01
1.808083648628437956e+01
2.044677000113973619e+01
1.939368632555060401e+01
1.660895863798786110e+01
2.070782615142947591e+01
2.022810027729445537e+01
2.067790380598173883e+01
2.141528638232716375e+01
1.981767996373955043e+01
1.757671002481829703e+01
1.799412089608193099e+01
1.816640847811041226e+01
1.865781669309645707e+01
2.049129048715738577e+01
1.754220741658049931e+01
1.739799046732944987e+01
1.911776796559493619e+01
1.869378986134011100e+01
1.733333075404830126e+01
1.852810999536696102e+01
1.729604681984887904e+01
1.741029016836085574e+01
1.709307843260969406e+01
2.055669282670484321e+01
1.831437421912033514e+01
1.796129400996257530e+01
1.847809710945594830e+01
1.949037624671463576e+01
1.986500943119355611e+01
1.809470282131966101e+01
1.942431322713848019e+01
1.856923824975548243e+01
1.559409924421360572e+01
1.858574755084362096e+01
1.663301696942883012e+01
1.664852289969929799e+01
2.156449006550252534e+01
2.151146038368640490e+01
1.896900840595592186e+01
1.928025271066045931e+01
1.540728684015660477e+01
2.026446554200072825e+01
1.779944724572550641e+01
1.952338630121724350e+01
1.846230543168952209e+01
2.032712854148600812e+01
1.721799239928054348e+01
1.820534258783555259e+01
1.802368700763874898e+01
1.862638241415618268e+01
2.048834365355321907e+01
1.739939308621175940e+01
1.795572794129543936e+01
1.772317782064724767e+01
1.721233701905862645e+01
1.943082407659874633e+01
1.975019944205361000e+01
2.101793596411155818e+01
1.736194587170049175e+01
1.959143932876526506e+01
1.870780124713277459e+01
2.007378946171019507e+01
1.829028678711050659e+01
2.026416897208678591e+01
2.020172630416748660e+01
1.907401227553474854e+01
1.872013770932503363e+01
1.970152122994414157e+01
1.889596372981170092e+01
1.875706706298081272e+01
2.020022778335432889e+01
1.826595664497095584e+01
1.922347695839259174e+01
1.943066920731333269e+01
1.852771407233221268e+01
1.934484890554103487e+01
1.822677311893095720e+01
1.796901033737055897e+01
1.882529898578343008e+01
1.845332715924149269e+01
1.754052258244817963e+01
1.468224525831761262e+01
1.733293499598930509e+01
1.667397350289579094e+01
1.886139984170191397e+01
2.033064557147257290e+01
1.985544649934963246e+01
1.931429247206085620e+01
1.749321972082069010e+01
1.877642600634926850e+01
1.848663613876405520e+01
2.036997573823072472e+01
1.849493905970319574e+01
1.938785302614640926e+01
2.067633786173641397e+01
2.203274439648623328e+01
2.029397334859390511e+01
2.027920140664699034e+01
1.806917375754379762e+01
1.931268394938666688e+01
2.014614517959106621e+01
2.092308774293532991e+01
1.664136344365101650e+01
1.649127578775514280e+01
1.824809314649700909e+01
1.932361567488474208e+01
2.001606312188466319e+01
2.082456199641858774e+01
2.051314320728501173e+01
1.843898975318721156e+01
1.943880970347236570e+01
1.986096230610871771e+01
2.149330130418630702e+01
1.725278868846165636e+01
2.040540672778291409e+01
1.894121966521741030e+01
1.969780005396080114e+01
1.815021072026628346e+01
1.894549881567715488e+01
1.817185284897092501e+01
1.905405650289734609e+01
1.671227342165160579e+01
1.789192554679308600e+01
1.922816933335239398e+01
1.986002130956747180e+01
2.009497188029257941e+01
2.160892416597101473e+01
1.924262158523552912e+01
2.086339902125075341e+01
2.076344588497012822e+01
1.948587025195203637e+01
1.956950846281247891e+01
1.713798629595085998e+01
1.832871856971978985e+01
1.754285280625833821e+01
1.655076509512447203e+01
1.876887097679579597e+01
1.682567911259863180e+01
2.007162908480463059e+01
2.076206287504668069e+01
1.960341710552308925e+01
2.065116129439300963e+01
1.979978554791521361e+01
1.999635444368345460e+01
1.998303065423440472e+01
2.000352881512897341e+01
2.007325531436649868e+01
2.171902304986823751e+01
1.925609334412242646e+01
1.978601269828427789e+01
2.090340415186787837e+01
1.844685062811182874e+01
1.926348095443892916e+01
1.885648943980789483e+01
1.931512901248228431e+01
1.960292507082455060e+01
1.855443636271055041e+01
1.854819928769227744e+01
1.967368740880214872e+01
1.998083475537151799e+01
1.825312281272276138e+01
1.868835799786867469e+01
2.040733070911360514e+01
1.967326042551004051e+01
1.770733745156061545e+01
1.742881414988305266e+01
1.839660105696018277e+01
1.940675732392236341e+01
2.217805216259868573e+01
1.980777331423452736e+01
1.820990318079243409e+01
1.864908783434368900e+01
1.633101034960424869e+01
1.785792816146227935e+01
1.767971932041406191e+01
1.715845219074970274e+01
1.719389026974647550e+01
1.882874557786601244e+01
2.015944379814606791e+01
2.150533710102805074e+01
2.187442270121634991e+01
2.046129948849120694e+01
1.959877299811457974e+01
2.003374728496166313e+01
1.714380160328241232e+01
1.858828051732858100e+01
2.050739291433848521e+01
2.124018340260570525e+01
2.021047601509616953e+01
2.130161210947139239e+01
2.083542422660960369e+01
3.013751210161783334e+01
2.565141581668573778e+01
-3.468255307988106217e+00
2.269217995880087457e+01
2.667687091015544709e+01
2.111885998917023599e+01
1.915630227894214599e+01
2.229215459633806162e+01
2.306427040942689999e+01
1.954474502154261728e+01
1.799567441814600244e+01
1.981905289986455188e+01
1.930304774485924568e+01
1.901327279423049887e+01
1.924880359981638378e+01
2.006763695073592046e+01
1.998142967074983645e+01
1.970175837035496968e+01
1.917117068012084502e+01
1.818578401193331473e+01
2.067468102098244032e+01
2.341938381334951558e+01
2.074439996222821136e+01
2.268810842431092922e+01
2.138843224043604607e+01
2.006989377160635257e+01
2.146970653936187645e+01
2.286315727620480232e+01
1.947261272874031235e+01
2.163903348796962334e+01
2.096135790886607353e+01
2.026147360135781383e+01
1.909892002798096655e+01
1.935045895951130746e+01
1.912963028483092387e+01
2.022687428115675345e+01
1.734873748589081899e+01
1.823756842244012688e+01
2.057252868075478602e+01
1.814982285318124511e+01
2.044756224372899212e+01
2.191552725403022706e+01
1.970344232258583617e+01
1.836509965233607033e+01
1.976796504762933893e+01
1.707159938672403854e+01
1.577507400763209056e+01
2.315391551785732105e+01
2.179380581476614864e+01
2.058153721026130256e+01
1.981175469625478058e+01
2.018277105570196284e+01
2.012667800540355856e+01
2.011926290839929621e+01
2.001670406300675964e+01
2.143350096617004041e+01
2.143364854119194263e+01
2.118223167568348586e+01
1.828201904893253982e+01
1.857937896427331737e+01
1.894318715294007660e+01
1.925624601006577663e+01
1.944469892757600249e+01
1.876112372346934265e+01
2.063563045970571252e+01
2.073682532426703418e+01
2.192687735780802072e+01
2.290339266474114766e+01
2.069472227361946182e+01
1.930958669477881529e+01
2.174303599825100264e+01
2.042438468307921440e+01
2.112993797901646076e+01
2.068948748646507596e+01
1.977012373734448047e+01
2.026271352155182015e+01
2.362270909333848934e+01
2.181139424201382937e+01
2.150217914896602878e+01
2.057367101585217739e+01
2.060791168597534551e+01
2.178402402493441414e+01
2.033007385424066626e+01
2.043105071148482210e+01
1.922468396703797922e+01
1.954460283527737730e+01
1.781276194028674098e+01
2.167131810679181214e+01
1.984954083860766971e+01
1.831941278350720737e+01
1.970603100414717801e+01
1.823357591303432912e+01
1.884004056187908915e+01
1.959964513522201202e+01
1.779238864563134470e+01
2.073519881438651780e+01
2.138036829121189797e+01
2.045013773217912600e+01
2.142764566117109837e+01
2.082597314965618551e+01
1.946138104906479072e+01
1.949395997431035354e+01
2.016163039834803428e+01
1.896696845153633859e+01
2.058318522156953989e+01
2.122852073680035545e+01
2.102454826743609928e+01
2.120640887597845392e+01
2.205043833056526026e+01
2.123444326884511568e+01
1.926308475576121992e+01
2.005216281605343909e+01
1.992180590348163705e+01
1.997277115719989382e+01
1.984297564636885625e+01
1.446291891711969591e+01
1.253822000721964791e+01
1.482413611864139114e+01
1.542291089860296438e+01
1.279367468840415079e+01
1.352081041304118791e+01
1.476262782540757357e+01
1.501277684875538121e+01
1.546384349019094628e+01
1.704691281284981841e+01
1.977613288617184395e+01
2.078136869321377844e+01
1.949145842063090583e+01
1.964243786637890210e+01
1.933674394356279080e+01
1.901007536471067993e+01
1.860609749219072739e+01
2.016726977073275151e+01
1.881305092343840357e+01
1.887764767820603140e+01
2.149550414189404535e+01
1.716380259236862926e+01
1.901734768407841614e+01
2.135490032138955030e+01
2.073433186311197218e+01
1.982711498467059386e+01
1.862724303948431270e+01
2.022643034781696159e+01
1.926098297054462094e+01
2.085694072069988891e+01
1.776543742030956352e+01
2.078618222382591085e+01
2.059797333396462093e+01
1.978616586041306391e+01
2.014165091236056782e+01
2.076831293759855157e+01
2.062566357970943898e+01
2.114782001909670583e+01
1.847065729601943218e+01
1.980385253317631467e+01
2.118944868962298500e+01
2.045664271697651770e+01
1.952624666623088245e+01
2.206113168824506943e+01
1.954591319165156804e+01
1.829296020325969963e+01
2.094599392024237261e+01
1.903784870670501661e+01
2.018319999345354532e+01
2.046430037510069155e+01
2.231332494074457173e+01
2.121221983585584070e+01
2.176414763689504639e+01
1.986786254403235930e+01
2.101300676995474603e+01
2.102676890903040530e+01
2.013409833536245586e+01
2.139350431785689821e+01
1.726311180853785032e+01
2.141431599450571355e+01
1.945463744667912565e+01
2.174812189954709041e+01
2.089927232999285422e+01
2.134102380422381984e+01
2.137974587466565168e+01
1.903735391712163505e+01
1.859040533997155720e+01
1.919908110648760413e+01
1.993628426982041901e+01
1.954809408007368177e+01
2.108549071660869956e+01
2.051824875530882153e+01
1.951831726803827394e+01
2.107755610470654872e+01
1.750477002577890318e+01
2.119399358652067988e+01
2.171621592454672012e+01
2.023661708928037939e+01
1.775134014075180033e+01
1.949869191320951245e+01
1.753604845388869293e+01
2.064229218812250366e+01
2.034666833295146304e+01
2.074670043522440821e+01
2.072221582645520499e+01
2.028856474782463337e+01
2.037587178452804437e+01
1.970314545262656125e+01
2.117087686367960231e+01
1.923131325783826640e+01
1.863972157611344471e+01
2.103544137445067719e+01
1.927914152610916076e+01
2.083261476502791609e+01
2.073330871191231140e+01
1.835218601127387927e+01
1.959325296250011661e+01
1.968750316347633955e+01
2.073931037889494533e+01
1.967958069178176927e+01
1.964804816509868957e+01
2.081774762922221456e+01
2.158187222058269938e+01
2.039628537496184890e+01
2.165037861282095477e+01
2.222789289338944485e+01
2.178817419640951414e+01
2.124420631583431174e+01
2.223486095586371647e+01
2.029198426710059522e+01
2.080359752961264874e+01
2.127463129730007196e+01
1.931820167752006867e+01
2.091972410459856491e+01
2.083926399924031259e+01
2.177486245904391637e+01
2.002504711947543825e+01
2.043929205209485289e+01
2.199794779927767152e+01
2.233275700550306198e+01
2.277952995241534850e+01
2.116417005312361255e+01
2.383114855105046814e+01
2.208169769958418271e+01
2.108620603718975417e+01
2.037672505743979912e+01
2.172677223608858910e+01
2.190201218156146012e+01
2.027662377807613581e+01
1.896057231084855843e+01
1.999146784872478122e+01
1.960493269259538707e+01
2.136410621625588391e+01
2.106530683288210071e+01
1.981005189637360431e+01
2.291181243950305557e+01
2.044089023186210241e+01
2.220286219228691493e+01
2.114640125257851366e+01
2.184478148007466558e+01
1.912637601069209836e+01
1.933263991002829840e+01
2.162295236063856052e+01
2.163916496693277836e+01
2.019884877491548281e+01
2.055912368343931007e+01
1.983382555255668578e+01
2.096906687026125482e+01
1.955495541260499692e+01
2.139132574849839941e+01
1.849015786129351824e+01
2.183565145805701491e+01
2.185588206668061773e+01
2.249202151479893175e+01
2.100507674523744583e+01
2.098509519243625832e+01
2.042878531462948288e+01
2.212401022162934794e+01
2.068248291574961328e+01
2.168388494939041777e+01
2.197145480940405093e+01
2.271147003267009978e+01
2.033417117771101701e+01
1.923917153868594454e+01
2.012914401353886618e+01
2.139334465934103591e+01
2.081101679337246324e+01
2.057516397914742967e+01
2.111663024387509680e+01
2.093734143893354016e+01
2.137288231429391772e+01
2.038819332417882180e+01
2.043005162515985873e+01
2.098527548495066242e+01
2.098662361678505661e+01
2.148160237161251374e+01
2.196339581025486254e+01
2.022099368493197957e+01
2.149586643288439802e+01
2.059530152326784602e+01
1.985164152880444277e+01
1.954661799294613189e+01
1.982153075313436119e+01
2.081199829308458149e+01
2.133299425868743526e+01
2.218259268214472613e+01
2.163370436313386591e+01
2.044038256464716596e+01
1.883514379780800851e+01
2.097283352454061145e+01
2.028064242956802588e+01
1.959378623627135241e+01
2.175119312739945698e+01
2.045165286738754773e+01
1.856872054238397851e+01
1.919139096306886572e+01
1.942552348921589100e+01
1.946371887234383991e+01
2.105788555148975760e+01
1.849660991607176186e+01
1.920426959215995666e+01
1.857163130427449005e+01
1.768685681839351886e+01
1.785257808715240202e+01
1.890426258552475502e+01
1.879773821398546829e+01
1.996128879656303923e+01
2.142146225138847981e+01
2.023685372068117516e+01
2.111684845110898578e+01
1.937458705771826573e+01
2.028383667583207739e+01
2.072987566877465326e+01
1.936531174033837033e+01
1.972460847077464408e+01
2.071308918490078455e+01
1.830163117222181413e+01
1.813155733992435259e+01
1.907538112092387195e+01
1.935900212809422527e+01
2.015237940398748506e+01
1.958684646702586463e+01
2.047974187659549017e+01
2.022429276867013570e+01
1.872389871974593234e+01
1.890127051600198982e+01
2.076350731647962178e+01
2.072669562339123317e+01
2.170134481595381715e+01
2.085646192534420251e+01
1.966606578054987864e+01
2.084795485226949197e+01
1.904770450957551731e+01
1.966280839120439339e+01
1.967713771339732887e+01
2.080078990435155362e+01
2.248167871095067127e+01
2.143502189573852590e+01
1.813512342797816501e+01
1.780223092304706967e+01
1.765248416833112444e+01
1.909091072793942345e+01
1.938633144914019724e+01
2.004727677906467775e+01
1.934723937321412635e+01
2.053937918558116493e+01
1.994538137943393963e+01
2.048220261158931521e+01
1.956184256104394947e+01
2.153524939151987638e+01
1.925893468557493549e+01
1.886029523687166432e+01
2.010449156250160740e+01
1.965660115157432131e+01
1.862235419897292488e+01
1.804726189912386403e+01
1.977413676330759529e+01
1.963137366720831878e+01
1.977161104817791326e+01
2.019876016590381340e+01
2.005122267364830435e+01
1.956978570645858539e+01
1.878976608336123988e+01
1.716222457365381970e+01
1.850622281711166650e+01
1.904891125218361836e+01
1.882489148703804460e+01
1.793007412507436982e+01
2.070139794522787469e+01
1.902465216515377477e+01
1.909619542187163788e+01
1.930560218848413712e+01
2.010271861616751821e+01
1.993878547255471290e+01
2.061512796539952319e+01
1.981167961932372279e+01
2.099275790888006199e+01
1.939043555486381365e+01
1.883538866952599378e+01
1.970679336290849548e+01
2.090067469736311168e+01
1.937330385775582187e+01
1.823503263921714179e+01
1.920779790031301104e+01
1.899047395167266927e+01
2.052838618919173186e+01
2.193640902360231948e+01
2.239468899523451029e+01
2.190494537211773363e+01
2.097137577300838629e+01
2.164770574858311392e+01
2.006705169129425315e+01
2.302001567335409504e+01
2.513983958364050864e+01
2.614821000209828483e+01
2.624376510821570463e+01
2.211695838737181674e+01
2.343443640211991763e+01
2.497820352949193889e+01
2.058404308145609463e+01
2.072262117383382218e+01
2.072212891828316828e+01
2.100180349517216172e+01
2.171963950298411206e+01
2.072792772381077242e+01
2.064633613704438986e+01
1.933023974660721933e+01
1.933744815694373287e+01
2.171781180946293688e+01
1.943844711992918306e+01
2.157614076803194791e+01
2.105298208955468198e+01
2.087639564646410761e+01
2.002414939674139660e+01
2.234275168581559612e+01
2.053416285519695350e+01
2.011418366626706344e+01
2.085273526591430837e+01
2.024981001538394310e+01
1.928646867124615838e+01
1.950034697225437696e+01
2.123194241156240025e+01
2.190753903245885681e+01
2.217462368869277611e+01
2.188692212283603311e+01
2.109511716656572133e+01
2.189357503363672208e+01
2.268015775995053218e+01
2.058746289047287092e+01
2.136725008996198838e+01
2.178463719518249064e+01
2.047211051740739407e+01
1.906713326457265367e+01
2.222012551620623100e+01
2.198781661428291656e+01
1.882754295614411788e+01
1.992474550584023518e+01
2.150437956544143603e+01
2.333256069394531806e+01
1.999148392384509165e+01
2.078370115096191384e+01
2.389155314972733990e+01
2.273260160066965341e+01
2.146918397336429507e+01
2.079209954855189579e+01
2.213251955291850237e+01
2.293203944126065963e+01
2.285170146157134496e+01
2.387907622269220198e+01
2.266231304946314040e+01
2.065565752585783343e+01
2.155171925678482125e+01
2.054731245888988767e+01
1.933664952100303225e+01
2.045515244676473188e+01
1.919956876146774505e+01
2.125027962616157140e+01
2.184236928514203058e+01
2.116334330140078990e+01
1.997189350954833387e+01
2.153683444287861093e+01
2.000998572167903333e+01
2.030477884042221959e+01
2.123966807817402014e+01
2.380307303046357248e+01
2.024319301505826374e+01
2.056853427545088664e+01
2.330670392695207482e+01
2.239508980267457616e+01
2.195501083763119610e+01
2.063567019630945865e+01
1.905818871038412965e+01
2.211162530282133432e+01
2.219737395958073733e+01
2.059381506971039144e+01
2.066179511101493205e+01
2.166548982904253862e+01
2.047642495447472655e+01
2.197764717572571769e+01
2.027956382040758854e+01
1.960556643966280888e+01
2.137874660316976261e+01
2.129001418881088625e+01
2.221121459015184385e+01
2.137269482069694249e+01
2.121054891315679569e+01
2.163709021324890358e+01
2.112855887789052645e+01
2.178387901057686449e+01
2.194974391774077915e+01
2.134660991440367184e+01
2.221423944212920532e+01
2.196442523730575402e+01
2.090837146511494637e+01
2.083208115608134037e+01
2.013931560020018097e+01
2.205290722005135251e+01
1.968476301179541821e+01
1.923944184328991369e+01
2.179535854320398869e+01
2.168991562340260870e+01
2.054869158422406983e+01
2.310939973503933942e+01
2.173141135533746393e+01
1.983224756910854936e+01
2.134844533350339191e+01
2.097888557316399982e+01
2.098274492354199339e+01
2.102227827052627163e+01
2.346707718927947894e+01
2.142371817819406843e+01
2.189533792285768143e+01
2.226150337946235069e+01
2.334924815325359759e+01
2.112941611719753610e+01
2.224038067274699060e+01
2.112695833450229443e+01
2.205273632379212145e+01
2.247125028830394555e+01
2.267282649083961843e+01
2.112834027820705174e+01
2.262918842220388527e+01
2.103439551550139441e+01
2.107939237040352509e+01
2.193568526706966537e+01
2.122936811789419309e+01
2.200286050451179065e+01
2.028595501308776150e+01
2.055651968213938474e+01
2.127689492075002420e+01
2.214365339351455120e+01
2.188687157279947826e+01
2.153762912231097459e+01
2.123038788253586162e+01
2.334613744982163297e+01
2.464832829622117316e+01
2.346003143954617443e+01
2.344231834718666363e+01
2.319212535809876741e+01
2.284816603890178044e+01
2.463142715807552818e+01
2.237744849813752523e+01
2.387637515742130034e+01
2.421716101362237339e+01
2.407115795870526753e+01
2.339578970508015487e+01
2.477290089128900874e+01
2.245062082495859457e+01
2.281456000632286418e+01
2.362547923269697137e+01
2.414263446477354336e+01
2.415400095094848965e+01
2.029274734672458180e+01
2.513251818660246428e+01
2.300262087838981628e+01
2.339039770743646329e+01
2.330717975458382085e+01
2.729384554851726108e+01
2.794616362911459362e+01
2.855099778328911242e+01
3.020528204949993523e+01
3.464256489013418161e+01
3.290475543033801387e+01
3.569423924233070977e+01
3.214400217602280918e+01
3.034811419621680884e+01
2.974243373460389606e+01
3.024615545276874684e+01
2.879961352788184215e+01
3.349717755635759886e+01
3.957635542025016662e+01
4.531517450662401814e+01
4.556493672930110250e+01
4.070710737196264262e+01
3.551653153352324210e+01
3.234830923035217154e+01
2.921858588147228630e+01
2.727930178353554425e+01
2.701986357870450917e+01
2.853972970780445095e+01
2.929993435994249040e+01
3.348844250191741168e+01
3.775587467888213666e+01
4.370727250382051210e+01
5.123105094076377242e+01
5.990213071784489074e+01
6.244026596809590046e+01
5.271773106710231360e+01
4.547156666828954030e+01
3.805325870955791601e+01
2.996187767750009101e+01
2.170864751239319190e+01
3.019899423313698605e+01
3.018240240914341044e+01
2.056498375575840853e+01
2.130649564130908757e+01
2.281203125422728917e+01
2.544503027477100332e+01
2.306421335834541253e+01
2.084910424032899456e+01
2.100746849974879282e+01
2.149219804106833109e+01
2.338695606095270207e+01
2.398597030693030163e+01
2.222950568303868835e+01
2.386572102936014161e+01
2.388293409584391114e+01
2.393331727374735962e+01
2.444574625585294214e+01
2.468213780752250841e+01
2.230159217025882157e+01
2.509155989008575816e+01
1.855246213003263023e+01
1.876477226529765474e+01
2.407401717154877829e+01
2.098974960876467577e+01
2.460286383118431175e+01
2.394685922185480109e+01
2.239141340989301554e+01
2.401584547437762751e+01
1.969971991031400194e+01
2.350266466911365626e+01
2.262455976354391751e+01
2.157382490781163753e+01
2.344850661529146407e+01
2.191743094699582173e+01
2.414189303563054878e+01
2.265814272191863310e+01
2.169354546219110702e+01
2.026816214689970508e+01
2.269881637487966586e+01
2.077124959390641479e+01
2.197591734418532639e+01
2.183765430583051881e+01
1.973937474446828233e+01
2.237060433417871863e+01
1.582082086028555423e+01
2.037641968473922560e+01
2.007095346472151931e+01
2.009348905355620474e+01
2.255115133942145533e+01
2.171297388668615369e+01
2.329556427765994187e+01
2.246009849826051763e+01
2.166271463681706422e+01
2.243962708744632906e+01
2.239225851931033517e+01
2.146968512743899993e+01
1.968182365796835853e+01
2.525586393136902430e+01
2.188349379684149554e+01
1.404712933571311595e+01
1.924147446813399753e+01
2.251701803386699297e+01
2.219950645513497989e+01
2.350302151739194656e+01
2.144112341532609989e+01
2.426609771456908504e+01
2.448504924664395332e+01
2.113135432144768089e+01
2.513156506393680800e+01
2.170037769974608111e+01
1.744147534588190496e+01
2.201262219957391508e+01
2.190263224553192600e+01
2.230776451767914992e+01
2.298297428550042909e+01
2.856979713166161972e+01
2.139089033765233694e+01
3.085102840531730806e+01
3.030576800253800229e+01
3.177357137913622154e+01
3.598202887862905897e+01
3.345540646585207867e+01
3.410587971304039456e+01
2.869053870641702630e+01
2.622455505265284259e+01
2.477853802697407914e+01
2.949503806445376597e+01
2.730153800853259227e+01
2.857983160668101874e+01
3.144973955974183966e+01
3.286477867067034708e+01
3.241751485882132044e+01
3.285195561006985088e+01
2.552177517039091725e+01
2.476138838925526642e+01
2.027982346010172421e+01
2.337479461257660063e+01
2.227237243939614686e+01
2.211555189810411903e+01
2.004553793628801373e+01
2.103091305582541537e+01
1.974625371491580950e+01
2.042805548638214574e+01
1.981871530533074477e+01
2.191668200228911445e+01
2.071560709033371950e+01
1.899141269100946516e+01
2.169752514365113782e+01
1.949248200663582864e+01
2.074568009885635789e+01
2.099729495737681262e+01
2.160393252566712974e+01
2.084849182634595621e+01
1.997732007960799905e+01
2.134083292152438815e+01
2.215155211821738845e+01
2.031144558264157496e+01
2.321764492875881203e+01
2.288573189082950066e+01
2.229875959758213355e+01
2.165488717846110944e+01
2.132907171303110161e+01
1.850759382267567332e+01
1.819185683060703695e+01
2.294945394330064303e+01
2.255383566899212511e+01
2.217685100206284332e+01
2.096399028387477514e+01
2.237847102833421076e+01
2.162093820168569636e+01
2.074556445916084968e+01
2.282303668505550220e+01
2.144401323365540435e+01
2.078882201729819101e+01
1.972549122106844166e+01
2.068898880804276885e+01
2.018469431730206765e+01
2.076900387382891822e+01
2.248881949094536736e+01
2.219285606281951573e+01
2.088035584270251022e+01
2.264288647353815520e+01
2.126991874630463997e+01
1.959759766979170692e+01
1.896160203319957915e+01
2.218610759626937323e+01
2.119985931810104773e+01
2.206572046223163852e+01
2.208901669702699877e+01
2.057011193253751102e+01
1.963996949759468080e+01
2.234570733962611300e+01
2.057266921891728373e+01
2.108949672000291997e+01
2.073484697480351358e+01
2.195950734515685809e+01
2.162855513964687759e+01
2.118858123535700955e+01
1.914125325219013263e+01
2.099498404522399042e+01
2.188707814160138909e+01
1.850501171984578619e+01
2.202168843219221728e+01
2.184170975904279643e+01
2.226219387343141776e+01
2.235210686982337691e+01
1.770652485424646017e+01
2.101005082068860830e+01
2.233216129955635765e+01
2.179437402703021931e+01
2.000520793691690713e+01
2.251262664815701697e+01
2.110532218740476296e+01
2.023240579979728437e+01
2.013980938623322103e+01
1.973359812789413681e+01
2.209631951233991387e+01
2.142551148283815721e+01
2.103149575869545274e+01
1.966516733130040251e+01
2.087981719604911035e+01
2.042058075895321778e+01
2.133469502445662513e+01
2.052742010640631776e+01
2.287422467540916671e+01
2.331683208118604256e+01
2.159791662438209414e+01
2.287646930640497800e+01
2.057203035919904366e+01
2.302550049906074747e+01
2.300786728395463143e+01
2.296656843288539562e+01
2.584129230132819544e+01
2.359427335421163008e+01
2.027548582362531349e+01
2.373053968423245408e+01
1.882309429257715649e+01
2.091226405589434378e+01
2.291176160869572342e+01
2.014010344346765180e+01
2.315992274901255854e+01
2.126822039763410288e+01
2.132079523207830363e+01
2.306474775692016976e+01
2.052786652129670841e+01
2.225468566844129725e+01
1.988076789619189455e+01
2.519584781192468270e+01
1.995861999154316635e+01
2.076448622480120676e+01
2.512072927942143252e+01
1.852070158523362409e+01
1.659668813125805897e+01
2.003135135563034552e+01
2.068790576178968976e+01
2.351167829131046005e+01
2.114369669731783574e+01
1.972455982371513272e+01
2.265966629456475090e+01
2.040309206731338776e+01
1.979580734646837215e+01
2.356304761884377541e+01
2.146700963028044029e+01
2.418899783750999788e+01
1.925620270059173578e+01
2.317051495147889284e+01
1.934662386016932700e+01
2.276391760502543349e+01
2.049436124364674683e+01
2.111850341187807345e+01
2.128280911525058272e+01
2.241343879168537256e+01
2.083269870494696008e+01
2.098836862877879028e+01
2.264242247427884891e+01
2.304777313905190539e+01
2.253215430832939248e+01
2.357672313642965989e+01
2.214449516943239260e+01
2.286971248032194026e+01
2.452595178233766759e+01
2.178049705182496965e+01
2.230959475400885594e+01
2.245344055229322677e+01
2.071092620100204940e+01
2.031126908073502690e+01
2.137334451978763639e+01
2.065266095731755769e+01
2.035249038138348254e+01
2.279530195964390415e+01
2.268316377139741391e+01
2.083869443381951214e+01
1.881606734056837738e+01
2.328998309517357512e+01
2.026238472405932356e+01
2.384224710297704419e+01
2.093919647142210039e+01
2.149486798252892683e+01
2.160672115736735677e+01
2.231572245889370265e+01
2.363277997139795517e+01
2.223567969504024688e+01
2.330517195283808007e+01
1.903962505285009499e+01
2.073354694065101711e+01
2.022612531609453868e+01
2.089351385431939079e+01
2.354776571618139158e+01
2.050023093526906948e+01
2.258277876940969264e+01
2.181471652171956066e+01
2.171866800142400677e+01
2.570201148035470240e+01
2.611596834094925157e+01
2.432138937961718739e+01
2.354659977705078333e+01
1.925343561367897038e+01
2.237768289927185350e+01
2.192890268285633226e+01
2.118836654430917577e+01
2.042368861918411937e+01
2.431220943024784376e+01
2.471773785901287823e+01
2.420138797119412644e+01
2.297961056914659750e+01
2.480004598448494590e+01
2.341696121118595286e+01
2.166707304649760246e+01
2.335825295556668380e+01
2.274888854436435182e+01
2.218692595738104956e+01
2.138484085465512052e+01
2.327846463683081524e+01
2.776750842429508026e+01
2.040835086605828863e+01
1.884829131176027772e+01
2.162054416504139454e+01
2.056737561456573005e+01
2.214477944151841271e+01
2.231759310515259642e+01
1.767398808443511626e+01
2.210870729742696028e+01
2.208663140442633122e+01
1.965309633965735259e+01
2.117399103817926687e+01
1.901214495550808437e+01
2.132154537108715076e+01
2.073985035840820856e+01
2.268743587655219329e+01
2.212120797279378692e+01
2.307742080643634353e+01
1.937290926048446948e+01
2.035362679150070520e+01
2.092417801068389949e+01
1.942478492228080356e+01
2.210149390884707188e+01
1.930852426192845428e+01
1.705427176978821890e+01
2.458904157944898117e+01
1.825290727349891640e+01
2.468138435274386566e+01
2.021900778445320412e+01
2.056996669702620295e+01
2.013249087341685595e+01
2.104899327264283571e+01
2.025433899655737946e+01
2.215265531172807911e+01
1.875701743483140405e+01
1.845964985323259810e+01
2.183654523697493133e+01
2.184729909310977547e+01
2.187282398423501562e+01
2.193229326399269752e+01
2.748471307382924778e+01
2.245971430034630956e+01
1.941468065148335853e+01
1.950159174693295228e+01
2.012563854597038571e+01
1.977387024225042467e+01
2.004676192511852406e+01
2.042828851334457596e+01
2.138536389095870760e+01
2.378202628784361394e+01
2.016108950723111448e+01
2.302691770727111020e+01
1.957264270325074662e+01
2.035857954806463965e+01
1.900748854545548383e+01
1.848248078880793344e+01
2.193092912242636672e+01
2.114130452130222437e+01
2.337728046367378454e+01
1.384830951034847146e+01
2.243891914657127273e+01
1.981983580304787296e+01
2.366649637016635666e+01
2.126072933031844059e+01
1.907115016536647545e+01
2.000961721812180372e+01
1.823493896746098386e+01
2.038726618061715357e+01
2.003523303851923743e+01
2.395783268592069959e+01
2.244355139398588150e+01
2.005714335551783023e+01
2.185264855955397678e+01
2.043312502509443718e+01
2.125825845137901027e+01
1.605746924964932987e+01
2.061177728148204125e+01
2.282541364519591198e+01
2.520468655176468786e+01
2.093162705504638410e+01
1.561987809834598018e+01
1.953748559694439280e+01
1.967367955125576628e+01
1.913511811591011025e+01
2.099712316815273638e+01
1.825742989941262806e+01
1.953709367511320139e+01
2.287495787601676156e+01
2.094255389250597332e+01
1.775227076057739239e+01
2.013025416846697979e+01
1.918862605709965052e+01
1.694984279324129872e+01
1.494592880399572010e+01
1.820486421072108740e+01
1.897510988279044497e+01
1.827473875223229527e+01
1.909539375143060980e+01
2.265191229489684588e+01
2.241073730600126268e+01
1.868144636158910288e+01
2.201863065004172526e+01
1.959085712442112026e+01
2.085062899449399865e+01
2.124397683223858024e+01
2.396683677584666583e+01
2.137693316582967640e+01
1.999565387703010444e+01
1.871107086247921814e+01
1.980155703792783939e+01
2.179886550522179434e+01
2.375984543330434562e+01
2.014920993746904898e+01
2.068231332192426919e+01
2.107056945897564404e+01
2.035893689142613994e+01
2.232978198800956449e+01
2.110808562478817407e+01
2.130833249993890632e+01
2.602853245160751428e+01
1.738799004204151899e+01
2.475385591036788924e+01
2.208464588512120486e+01
2.364696372420226922e+01
2.311747252307661427e+01
2.071284944860518706e+01
2.588623715226713884e+01
2.228619046981210161e+01
1.912766822535116873e+01
2.017254770136557340e+01
2.174506730977057600e+01
2.156694312349178588e+01
2.115549624873891688e+01
1.986896064954276397e+01
2.345551862448683167e+01
1.646999573395626015e+01
1.962208351505773152e+01
2.277012776803239902e+01
2.003137122378882395e+01
2.068510906304769392e+01
2.036458131435648511e+01
2.058026339078838873e+01
1.959085778678616308e+01
2.169827870946423687e+01
2.373881752692756564e+01
2.138407021806852981e+01
2.083292860592826301e+01
2.391094195185218041e+01
2.273249051239307406e+01
2.199668350968338260e+01
2.300445597752187865e+01
1.966533911047703143e+01
2.533435045434445598e+01
1.689600819888014627e+01
2.491743083511675749e+01
2.262814760911208367e+01
2.022995371064288150e+01
2.322554394388232168e+01
2.322068972520550290e+01
2.262529104460762142e+01
2.210834175799841361e+01
2.033749144316580626e+01
2.226517440457723040e+01
2.444996222303489830e+01
1.851859674879570150e+01
2.226121909359897444e+01
2.082517366898531108e+01
2.316093035477693718e+01
2.193746088027664243e+01
2.296564714603009350e+01
2.182048802308129609e+01
2.515652107530175741e+01
2.512285776355689393e+01
2.296859522043026303e+01
2.350610304630247427e+01
2.401883138720728184e+01
2.158148005665580982e+01
2.226020836413783144e+01
2.123259310227016883e+01
2.349252851704503087e+01
2.434098786438493178e+01
2.230278127832746193e+01
2.140238587240425616e+01
1.967939907906548669e+01
2.292484829241385924e+01
2.263833973898169916e+01
2.180474715605276970e+01
2.075754068554234522e+01
2.116750771456769797e+01
2.279236956679061166e+01
2.040771763545330941e+01
2.355682559828396450e+01
2.150174684482683318e+01
2.381818063021088250e+01
2.194953514072609835e+01
2.331345324533251073e+01
1.991444710510596039e+01
2.314685240773215824e+01
2.159019164548327652e+01
2.295975649319433387e+01
2.122582074153465115e+01
2.132269039847946246e+01
2.298290530917061147e+01
2.192482308216467501e+01
2.301089470966356743e+01
2.118290650284208709e+01
2.217585499461026188e+01
2.228682454492347986e+01
2.369794655889395685e+01
2.243915992447473684e+01
2.454276673160178746e+01
2.131973531425691704e+01
2.265474257064846242e+01
2.258811137705598782e+01
2.138499766450003037e+01
2.086602959849965444e+01
2.418751796037921409e+01
2.184565040743943953e+01
2.478363193121899499e+01
2.242547861513027030e+01
2.108054469943751741e+01
2.106493251883022566e+01
2.269343744175171551e+01
2.367337056258960715e+01
2.401721285523766625e+01
2.309587208462010821e+01
2.482107175348026828e+01
2.328566508050124995e+01
2.034783538868054009e+01
2.326102607535158029e+01
2.219645410683112985e+01
2.346701978547817546e+01
2.215368837731723417e+01
2.030301911538911597e+01
2.243841085401734148e+01
2.260285036906019585e+01
2.399565023325396851e+01
2.297239475261066843e+01
2.317652700063380777e+01
2.606103900102409554e+01
2.452266997649435609e+01
2.546469061156501823e+01
2.543624464351844239e+01
2.202429262145713551e+01
2.279655190277444277e+01
2.323421136656876129e+01
2.613260252212358736e+01
2.467183102751278412e+01
2.472461876889680710e+01
2.223548546958464200e+01
2.362538685151241324e+01
2.263226180813899546e+01
2.284066573652906840e+01
2.320515376831610510e+01
2.105867888748443306e+01
2.518960942343275633e+01
2.220460524302166405e+01
2.357511236613972372e+01
2.388081406549975583e+01
2.313024909070701440e+01
2.360950769348605505e+01
2.460236558425316034e+01
2.500240262114241574e+01
2.134262525846020253e+01
2.126128213295838165e+01
2.630483748397061561e+01
2.155324716805650098e+01
2.387972978337031904e+01
2.510756692932285716e+01
2.125030663399643416e+01
2.428778728911594342e+01
2.395687955987503415e+01
2.278988092158594725e+01
2.217198026711388437e+01
2.294709234386342089e+01
2.481036424060835444e+01
2.098582640210776518e+01
2.425858558524702602e+01
2.472795099080460446e+01
2.335418282334684292e+01
2.484014390201139832e+01
2.516275084815118745e+01
2.355776690993728906e+01
2.548279818924306284e+01
2.452855211741607633e+01
2.177119801915269903e+01
2.397275696554656221e+01
2.378813862962246617e+01
2.984152050393252864e+01
2.389698209953433050e+01
2.769888765604455472e+01
2.675924671275279110e+01
2.640396863982502751e+01
1.471808103948368540e+01
3.192367312952369218e+01
2.958811547851202306e+01
2.240289056593710271e+01
2.214049571672274297e+01
2.829765144181784464e+01
2.326963358544544747e+01
2.566646655375609498e+01
2.434805440234531204e+01
2.581033660088285941e+01
2.591297843041132154e+01
2.505923583852889891e+01
2.283017057363635161e+01
2.604573352310978507e+01
2.581647405126724237e+01
2.371227975351386874e+01
2.319289522968021799e+01
2.507461966951277432e+01
2.689673641688798611e+01
2.288835005782828347e+01
2.649096034039217429e+01
2.699929458767251944e+01
2.332037199444123488e+01
2.412604064616211375e+01
2.484399995341165024e+01
2.304239119114816248e+01
2.175838312155474341e+01
1.970713039734817684e+01
3.006407120815387657e+01
2.206195955503623907e+01
2.982804458220251220e+01
2.914550218002846194e+01
2.254720243848842642e+01
2.303990607503929411e+01
2.129648190727858648e+01
2.714961663472882947e+01
2.580365700950366303e+01
1.991656342618068720e+01
2.329620418082630096e+01
2.372829516190136090e+01
2.173697521370107921e+01
2.192746772888189000e+01
2.464714634351846456e+01
2.150412691484248384e+01
2.553981991646680427e+01
2.186776464195953906e+01
2.034838263617446685e+01
2.587219036476621525e+01
2.195672858383628423e+01
2.346602198484499269e+01
2.031871822195161315e+01
2.394089493702615457e+01
2.315772636768573278e+01
2.314020819548075991e+01
2.000975375837530379e+01
2.404046311907253752e+01
2.038902002621099641e+01
1.728254770752050717e+01
2.992905262313994896e+01
2.805843694091184659e+01
2.177285037527199307e+01
2.299288269675966490e+01
2.175311938885554852e+01
2.340597013148743244e+01
1.957519633919350710e+01
2.723180674747384344e+01
1.687151112182440116e+01
2.302108631149410201e+01
1.923805298222203319e+01
2.319657653718893187e+01
1.833761881478979561e+01
2.273756031569325131e+01
2.283110865537472733e+01
3.684977749587699236e+01
1.344163995361061836e+01
3.266724393149517880e+01
2.011326407770484082e+01
2.269265091948771129e+01
2.263271393334211012e+01
2.332169388688918943e+01
1.916046018618139968e+01
2.437153643129014213e+01
2.304908022544161383e+01
2.016494356150002432e+01
2.339411163304702512e+01
2.577668523920408816e+01
2.357944061935459956e+01
1.861760701796728767e+01
2.322868480074354736e+01
2.284030327152580142e+01
2.229470571446627858e+01
2.364024151427609866e+01
2.303605007804650739e+01
3.040967251915256853e+01
2.055786734878272881e+01
2.379844174711277560e+01
2.346995316241544316e+01
1.963731386376450061e+01
2.085631827924668258e+01
2.096175530094511785e+01
2.173826784867942408e+01
2.261367658122551560e+01
2.252091203562472543e+01
2.108265252398526357e+01
2.494892565684193286e+01
2.711442629576837149e+01
2.277145504697896783e+01
2.413453672626101820e+01
2.327286588390777311e+01
2.347719433613469064e+01
2.291049166949746052e+01
2.319684424678411716e+01
2.175887305692269180e+01
2.271988491101646801e+01
2.176949936094234417e+01
2.240941760824574658e+01
2.126863974646860456e+01
2.283269508446347373e+01
2.386375030553056220e+01
2.250769782296123012e+01
2.094780426155012520e+01
2.388064247395865181e+01
1.782620390069536498e+01
2.317434868957248284e+01
2.244934866724356226e+01
2.167332484484229482e+01
2.157159808285750202e+01
2.346803314052888823e+01
2.240282782397292749e+01
2.220201364219647644e+01
2.386277591778809892e+01
2.267352430559108356e+01
2.091875045513821263e+01
2.640976906472154795e+01
2.546106697780650308e+01
2.493475618454386478e+01
2.273103006008324556e+01
2.205118391077813200e+01
2.261907298222511997e+01
2.163567677656600452e+01
2.355149191690626154e+01
2.081239309177657049e+01
2.123596768419388070e+01
2.117688196888036600e+01
2.305043491928412891e+01
2.120983560561936798e+01
2.302413193018018234e+01
2.113051876541962315e+01
2.106173951450762516e+01
2.121858219287934944e+01
2.308608276009201532e+01
2.291565425965134395e+01
2.249828780883705903e+01
2.248881410808046510e+01
1.838479863412723248e+01
1.935613410735562212e+01
2.178172539631345828e+01
2.386457693760702981e+01
2.261765211670950393e+01
2.208352596496917286e+01
2.065037143702760858e+01
2.356843374854939910e+01
1.815831576966155581e+01
2.383896538864281922e+01
2.366731353139891425e+01
2.254104106393599949e+01
2.085926384680790235e+01
2.368178925505303667e+01
1.985604154916150321e+01
2.582762257638236392e+01
2.890562169605214038e+01
1.870715101915922318e+01
2.345838693048566270e+01
2.078454554909212959e+01
2.078595643863478415e+01
2.551949642380272110e+01
2.401353476469762072e+01
2.508358480101417243e+01
1.814193836032167795e+01
2.095332087221131090e+01
2.436105159432901957e+01
2.397983438183101867e+01
2.225736261252499659e+01
2.067119053574005605e+01
2.545803434034641555e+01
2.485864922689113499e+01
2.545004953593721098e+01
2.601128457579021358e+01
2.187775959850374008e+01
2.574991002386729022e+01
2.864715394451399533e+01
2.198463676929798538e+01
2.031849086342285915e+01
2.170493762851993935e+01
1.971632993493727781e+01
2.393094861049200262e+01
1.798349091928653820e+01
2.206739881013518811e+01
2.429429220328451677e+01
2.082398336989495036e+01
2.391883045250556350e+01
2.178213662665902106e+01
2.152528754669602762e+01
2.171026732675277415e+01
2.235470894324524593e+01
2.065592063691529390e+01
2.088381251778222492e+01
2.181175926552828770e+01
2.455912620659374213e+01
2.313288727315466531e+01
2.174345083364436704e+01
2.185003484127403084e+01
1.976087784248858981e+01
2.325070603192412477e+01
1.957221729320351500e+01
2.270554667272294580e+01
2.353091341008557791e+01
2.454530088413226707e+01
2.181266735535540491e+01
2.288818122631076335e+01
2.118789139599513760e+01
2.092552475371033438e+01
2.183003750855755953e+01
2.026748901414564585e+01
2.239522957653876034e+01
1.996059819407093983e+01
2.224474737767372190e+01
2.181041328031793469e+01
2.062531010513203000e+01
2.297971064832288945e+01
2.277397855722100672e+01
2.216123153170342164e+01
2.243081966925285542e+01
2.359024682618476376e+01
1.983228520366592562e+01
2.430007498419925227e+01
1.858226151292052108e+01
2.254901450735298951e+01
1.734828191277108544e+01
2.573062462952119844e+01
2.319094103873257495e+01
1.891729209486668495e+01
2.132699302266484054e+01
3.602225116763175095e+01
2.596875051547914381e+01
2.592369752474769484e+01
2.225924521070054141e+01
2.147961358464726089e+01
2.966487273886227882e+01
2.215595181823508852e+01
1.857145611646583916e+01
2.368540770283768637e+01
1.815320719058864185e+01
2.203716937669716458e+01
2.160131689199112515e+01
2.353187811833555187e+01
2.404277958059478593e+01
2.089862209197387344e+01
2.132857953697327247e+01
2.599785273871426483e+01
2.315390458545520147e+01
2.033165314450202743e+01
2.342843301252561616e+01
1.806334431891852432e+01
2.200153806313383598e+01
2.343260470028565834e+01
1.978210241647411038e+01
2.005575436201186790e+01
1.967073170307382668e+01
1.749018604116263376e+01
2.007032617020099252e+01
2.144943993710400676e+01
3.660977601369608436e+01
2.149678717579559617e+01
2.151393679363647848e+01
2.902126700647716362e+01
1.792153813460726397e+01
1.837192825639594673e+01
2.139784811278551047e+01
2.412760855616303601e+01
2.188586613184989105e+01
2.018236035059787170e+01
2.013797765937077955e+01
2.362549273401234728e+01
2.807672003161617269e+01
2.066111449526779609e+01
2.611188693825582519e+01
2.898259267002935147e+01
2.304350942840730809e+01
2.170939692083410932e+01
2.289371148094268449e+01
1.999647577723000680e+01
2.928167697205634212e+01
2.396438131802432281e+01
2.530000921314704954e+01
2.538378742312040970e+01
2.371882811563238391e+01
2.483752638736253360e+01
2.134513289570104533e+01
2.677867249105942804e+01
2.190373225827066150e+01
2.324135202684690782e+01
2.762797514638219809e+01
1.985810854487804988e+01
2.119134322350311450e+01
2.081940786288726741e+01
1.986469186027241918e+01
1.854087906866125834e+01
2.285504923500714014e+01
1.782386286936847242e+01
2.280380688177736204e+01
2.640101072239235691e+01
3.243129800501320403e+01
2.320314673549331630e+01
2.186191744917926627e+01
2.340979091305329618e+01
2.180704510272694208e+01
2.052215225255688935e+01
3.326910693651923623e+01
2.680167326958846274e+01
2.445408915131029914e+01
2.278636263371499027e+01
2.741603961321646921e+01
1.832623719803133611e+01
2.241621564497443586e+01
2.351198771684302713e+01
2.483380861244233628e+01
2.443712581342169443e+01
2.042695972620356315e+01
1.857383765216113858e+01
2.463778072449274248e+01
2.296387371594762428e+01
2.652459571426505391e+01
2.132363773168997767e+01
1.958303163759103427e+01
1.683617440168467283e+01
1.977658591621277395e+01
2.620837939965814911e+01
2.938443178312590476e+01
2.927025821794210714e+01
2.293785961434772602e+01
2.444308268424648745e+01
2.068915141588130879e+01
2.737908105672850212e+01
2.306136356887113337e+01
2.438609254716528696e+01
2.404974448755530148e+01
2.196207465349730015e+01
2.701678794843652298e+01
2.094279009293515159e+01
2.315794307138697050e+01
3.046044594724314791e+01
2.017633362617102932e+01
2.017181401756926462e+01
2.032449821294230219e+01
2.445753561979873325e+01
1.860845555241100158e+01
3.550122952492473871e+01
2.281955735154260978e+01
2.638829949027156374e+01
2.202735499647754835e+01
2.308925713847337136e+01
2.276784485048346340e+01
1.977348997330268787e+01
1.845732169933043210e+01
2.382111407834307215e+01
2.036382635058281920e+01
2.017249534127013533e+01
2.369581089656848150e+01
1.969740989193128655e+01
2.440641451097215864e+01
2.152563411829435935e+01
2.243883418914466432e+01
2.006720414231525496e+01
2.097921756855826203e+01
2.751352078185589889e+01
2.429121904932249976e+01
2.392884082730629558e+01
2.713423497320297528e+01
2.048535434384928777e+01
2.090584524567418256e+01
1.866051473731672417e+01
2.914671307637389219e+01
2.324682477203306519e+01
2.173332139693749099e+01
2.474220843480985366e+01
2.428648715959439386e+01
2.223050862125070282e+01
2.078293327683263314e+01
2.444740577560448003e+01
2.223141264162770625e+01
2.846262246503826532e+01
2.398385547836034348e+01
1.846117238472235300e+01
1.994378632492608361e+01
2.392109545578761143e+01
2.295396985135846890e+01
2.484673315060219423e+01
2.266588091933035898e+01
1.944643803051146946e+01
2.150129181433203485e+01
2.314343708699123070e+01
2.381185837539509009e+01
2.538099038005825037e+01
2.076416874989080341e+01
2.640342168229017261e+01
2.583153861560621678e+01
2.256231626841120530e+01
1.954067431415495548e+01
2.383566596849214747e+01
2.066352111648401646e+01
2.434970220534771101e+01
2.482140018523385550e+01
2.414561804872857564e+01
2.453672322027262709e+01
2.492086373489028972e+01
2.309769826711942287e+01
2.279569950480233587e+01
2.301606943921682458e+01
2.691097746917590072e+01
2.410684247484457643e+01
2.081419185552832118e+01
2.512887281084416813e+01
2.399333555534342111e+01
2.622812676478874039e+01
1.911606814797431042e+01
2.041128230726365089e+01
1.956649521397750036e+01
2.229080164374803985e+01
2.162338529886945437e+01
2.145094763968977958e+01
2.168187378548081057e+01
2.847842799892264765e+01
2.420940890959018077e+01
2.276424327688197380e+01
2.998364100287453482e+01
1.870419997902940779e+01
1.916135931516765822e+01
2.143001100204458709e+01
2.584224899515077567e+01
2.081973911211130002e+01
2.348394752908450300e+01
2.281709048888534141e+01
2.186595307981767533e+01
1.828742255655135551e+01
2.172794070286240853e+01
2.342877583221315874e+01
2.130334573416138255e+01
2.122457053601220878e+01
2.476462620112150148e+01
2.461368372251431680e+01
2.294463710371675802e+01
2.594795352804808886e+01
2.244066139862800924e+01
2.259117827369504283e+01
2.562672678805197890e+01
1.905559452233008244e+01
1.915776373953659828e+01
2.763484375915712832e+01
2.009989375052689198e+01
